  -1.0000000000000000e+02  -7.3621567556635796e+01
  -9.9000000000000000e+01  -7.3593293248075398e+01
  -9.8000000000000000e+01  -7.3905522854782603e+01
  -9.7000000000000000e+01  -7.3314225298643905e+01
  -9.6000000000000000e+01  -7.3203067609132006e+01
  -9.5000000000000000e+01  -7.2994089774589995e+01
  -9.4000000000000000e+01  -7.2940026455361703e+01
  -9.3000000000000000e+01  -7.2953037201542600e+01
  -9.2000000000000000e+01  -7.2843455351611894e+01
  -9.1000000000000000e+01  -7.2993338492036202e+01
  -9.0000000000000000e+01  -7.2843854743064796e+01
  -8.9000000000000000e+01  -7.3100303620101897e+01
  -8.8000000000000000e+01  -7.3018283409420604e+01
  -8.7000000000000000e+01  -7.2899207248951498e+01
  -8.6000000000000000e+01  -7.3054672664316101e+01
  -8.5000000000000000e+01  -7.2663583848842293e+01
  -8.4000000000000000e+01  -7.1919343216159604e+01
  -8.3000000000000000e+01  -7.2370839092471499e+01
  -8.2000000000000000e+01  -7.2539963514997098e+01
  -8.1000000000000000e+01  -7.2610140416747200e+01
  -8.0000000000000000e+01  -7.2427997076497604e+01
  -7.9000000000000000e+01  -7.2716033333463002e+01
  -7.8000000000000000e+01  -7.3152212395569805e+01
  -7.7000000000000000e+01  -7.3165246040866506e+01
  -7.6000000000000000e+01  -7.3094424018200996e+01
  -7.5000000000000000e+01  -7.2674227119921397e+01
  -7.4000000000000000e+01  -7.2737193416713296e+01
  -7.3000000000000000e+01  -7.2765767192704104e+01
  -7.2000000000000000e+01  -7.2806477521924606e+01
  -7.1000000000000000e+01  -7.2629681843512401e+01
  -7.0000000000000000e+01  -7.2869043112016897e+01
  -6.9000000000000000e+01  -7.2686346645305804e+01
  -6.8000000000000000e+01  -7.2114906751449794e+01
  -6.7000000000000000e+01  -7.2297316637197497e+01
  -6.6000000000000000e+01  -7.2288240065019494e+01
  -6.5000000000000000e+01  -7.2077436374249004e+01
  -6.4000000000000000e+01  -7.2272580202369198e+01
  -6.3000000000000000e+01  -7.2100265011035006e+01
  -6.2000000000000000e+01  -7.2154968786729199e+01
  -6.1000000000000000e+01  -7.1761275770480196e+01
  -6.0000000000000000e+01  -7.1614048832498895e+01
  -5.9000000000000000e+01  -7.0981703511616800e+01
  -5.8000000000000000e+01  -7.0883236684286700e+01
  -5.7000000000000000e+01  -7.0800665321496993e+01
  -5.6000000000000000e+01  -7.0770065182920803e+01
  -5.5000000000000000e+01  -7.0816530863426905e+01
  -5.4000000000000000e+01  -7.0953715792180006e+01
  -5.3000000000000000e+01  -7.0993064423257195e+01
  -5.2000000000000000e+01  -7.0740351212571497e+01
  -5.1000000000000000e+01  -7.0995486072371904e+01
  -5.0000000000000000e+01  -7.1594737099288196e+01
  -4.9000000000000000e+01  -7.1392732152135196e+01
  -4.8000000000000000e+01  -7.1075679845006206e+01
  -4.7000000000000000e+01  -7.0856549877792304e+01
  -4.6000000000000000e+01  -7.0658218594438793e+01
  -4.5000000000000000e+01  -7.0783085811948794e+01
  -4.4000000000000000e+01  -7.0705957101684106e+01
  -4.3000000000000000e+01  -7.0172213866170793e+01
  -4.2000000000000000e+01  -6.9795845049265694e+01
  -4.1000000000000000e+01  -6.9847804209998202e+01
  -4.0000000000000000e+01  -6.9582138102644606e+01
  -3.9000000000000000e+01  -6.9513142634456798e+01
  -3.8000000000000000e+01  -6.9275196871958400e+01
  -3.7000000000000000e+01  -6.9358278529351196e+01
  -3.6000000000000000e+01  -6.8670827465253197e+01
  -3.5000000000000000e+01  -6.8357292212833002e+01
  -3.4000000000000000e+01  -6.8142789572313305e+01
  -3.3000000000000000e+01  -6.7983331154113699e+01
  -3.2000000000000000e+01  -6.8042137927076297e+01
  -3.1000000000000000e+01  -6.7765970419413506e+01
  -3.0000000000000000e+01  -6.7634248988750201e+01
  -2.9000000000000000e+01  -6.7688141665605499e+01
  -2.8000000000000000e+01  -6.7506843480211003e+01
  -2.7000000000000000e+01  -6.7831542936573598e+01
  -2.6000000000000000e+01  -6.7505396544549200e+01
  -2.5000000000000000e+01  -6.7168575981914600e+01
  -2.4000000000000000e+01  -6.7094188344659599e+01
  -2.3000000000000000e+01  -6.6915073539624800e+01
  -2.2000000000000000e+01  -6.6826668851007398e+01
  -2.1000000000000000e+01  -6.6505779372126298e+01
  -2.0000000000000000e+01  -6.6178298794378705e+01
  -1.9000000000000000e+01  -6.5508151637065495e+01
  -1.8000000000000000e+01  -6.5627095231836194e+01
  -1.7000000000000000e+01  -6.6241279120629599e+01
  -1.6000000000000000e+01  -6.6111129921742005e+01
  -1.5000000000000000e+01  -6.5844400764694996e+01
  -1.4000000000000000e+01  -6.5487110377493707e+01
  -1.3000000000000000e+01  -6.5352025709943604e+01
  -1.2000000000000000e+01  -6.4280317304780993e+01
  -1.1000000000000000e+01  -6.3992035349750701e+01
  -1.0000000000000000e+01  -6.3538768013863297e+01
  -9.0000000000000000e+00  -6.3179586482799401e+01
  -8.0000000000000000e+00  -6.2974869089181198e+01
  -7.0000000000000000e+00  -6.2277467356781401e+01
  -6.0000000000000000e+00  -6.1328326315699201e+01
  -5.0000000000000000e+00  -6.0041057189777298e+01
  -4.0000000000000000e+00  -5.8559850762761698e+01
  -3.0000000000000000e+00  -5.6216908961496102e+01
  -2.0000000000000000e+00  -5.2281265325931003e+01
  -1.0000000000000000e+00  -4.0405622459665700e+01
   0.0000000000000000e+00  -1.4508350432102000e+01
   1.0000000000000000e+00   3.6791560332812998e+00
   2.0000000000000000e+00   1.4960857453995500e+01
   3.0000000000000000e+00   2.0607617284118501e+01
   4.0000000000000000e+00   2.3803188951083300e+01
   5.0000000000000000e+00   2.5318691483952801e+01
   6.0000000000000000e+00   2.6318719051428801e+01
   7.0000000000000000e+00   2.6631738287298301e+01
   8.0000000000000000e+00   2.6963576773099000e+01
   9.0000000000000000e+00   2.7912584204111301e+01
   1.0000000000000000e+01   2.7871771117642101e+01
   1.1000000000000000e+01   2.7966500022811001e+01
   1.2000000000000000e+01   2.8393504305262699e+01
   1.3000000000000000e+01   2.9127867403613202e+01
   1.4000000000000000e+01   2.9011249694362402e+01
   1.5000000000000000e+01   2.9456224960505999e+01
   1.6000000000000000e+01   2.9593720254193599e+01
   1.7000000000000000e+01   2.9797834768721600e+01
   1.8000000000000000e+01   3.0016805425583499e+01
   1.9000000000000000e+01   3.0126791871230200e+01
   2.0000000000000000e+01   2.9813682896515200e+01
   2.1000000000000000e+01   3.0115932280263898e+01
   2.2000000000000000e+01   3.0250121851155200e+01
   2.3000000000000000e+01   2.9980868989355301e+01
   2.4000000000000000e+01   3.0203064874607801e+01
   2.5000000000000000e+01   3.0534933723827901e+01
   2.6000000000000000e+01   3.0602016471905198e+01
   2.7000000000000000e+01   3.0186091679834401e+01
   2.8000000000000000e+01   3.0607713431181100e+01
   2.9000000000000000e+01   3.0189000540896298e+01
   3.0000000000000000e+01   2.9877242290612301e+01
   3.1000000000000000e+01   2.9892590610619099e+01
   3.2000000000000000e+01   3.0144026064790999e+01
   3.3000000000000000e+01   3.0152124768286800e+01
   3.4000000000000000e+01   2.9722004508019602e+01
   3.5000000000000000e+01   2.9660476502135200e+01
   3.6000000000000000e+01   3.0103309452646499e+01
   3.7000000000000000e+01   3.0347490069262701e+01
   3.8000000000000000e+01   3.0262089122607499e+01
   3.9000000000000000e+01   3.0335491728543300e+01
   4.0000000000000000e+01   3.0959208314925299e+01
   4.1000000000000000e+01   3.0898732871548201e+01
   4.2000000000000000e+01   3.1379193689808702e+01
   4.3000000000000000e+01   3.1286982924930399e+01
   4.4000000000000000e+01   3.1594029684247399e+01
   4.5000000000000000e+01   3.1767669622204100e+01
   4.6000000000000000e+01   3.1554626292940000e+01
   4.7000000000000000e+01   3.1994197445762300e+01
   4.8000000000000000e+01   3.2187670615493801e+01
   4.9000000000000000e+01   3.2521213596696001e+01
   5.0000000000000000e+01   3.2603461539110697e+01
   5.1000000000000000e+01   3.2466330969860998e+01
   5.2000000000000000e+01   3.2630691595276197e+01
   5.3000000000000000e+01   3.2902919138499598e+01
   5.4000000000000000e+01   3.3060348131215797e+01
   5.5000000000000000e+01   3.2838975658459297e+01
   5.6000000000000000e+01   3.2852146971092502e+01
   5.7000000000000000e+01   3.3043439398269498e+01
   5.8000000000000000e+01   3.3266253439071797e+01
   5.9000000000000000e+01   3.3360634976662702e+01
   6.0000000000000000e+01   3.2896639614098099e+01
   6.1000000000000000e+01   3.3240833457462401e+01
   6.2000000000000000e+01   3.3283064032276400e+01
   6.3000000000000000e+01   3.3451707132021703e+01
   6.4000000000000000e+01   3.3857238436773699e+01
   6.5000000000000000e+01   3.3832483361913397e+01
   6.6000000000000000e+01   3.4283569163947497e+01
   6.7000000000000000e+01   3.4395712783589197e+01
   6.8000000000000000e+01   3.4430023658065998e+01
   6.9000000000000000e+01   3.4295287992394499e+01
   7.0000000000000000e+01   3.4408467563790701e+01
   7.1000000000000000e+01   3.4362912841094200e+01
   7.2000000000000000e+01   3.4159135402445898e+01
   7.3000000000000000e+01   3.4110867483926199e+01
   7.4000000000000000e+01   3.4352483263746500e+01
   7.5000000000000000e+01   3.4672161734777603e+01
   7.6000000000000000e+01   3.4418154928626699e+01
   7.7000000000000000e+01   3.4009101811391702e+01
   7.8000000000000000e+01   3.4083929280502197e+01
   7.9000000000000000e+01   3.4046752712151097e+01
   8.0000000000000000e+01   3.4444387816897603e+01
   8.1000000000000000e+01   3.4720791795969397e+01
   8.2000000000000000e+01   3.4565395547196900e+01
   8.3000000000000000e+01   3.4524328405902800e+01
   8.4000000000000000e+01   3.4666591253160803e+01
   8.5000000000000000e+01   3.4643570909906501e+01
   8.6000000000000000e+01   3.4323804631982298e+01
   8.7000000000000000e+01   3.4075411995104801e+01
   8.8000000000000000e+01   3.3974240064497302e+01
   8.9000000000000000e+01   3.4319714164855398e+01
   9.0000000000000000e+01   3.3243360780217799e+01
   9.1000000000000000e+01   3.3229726026858103e+01
   9.2000000000000000e+01   3.3605376198212099e+01
   9.3000000000000000e+01   3.3322705125598503e+01
   9.4000000000000000e+01   3.3667425428802602e+01
   9.5000000000000000e+01   3.3570823885316599e+01
   9.6000000000000000e+01   3.3717392337050001e+01
   9.7000000000000000e+01   3.4131844485063297e+01
   9.8000000000000000e+01   3.3835759570502503e+01
   9.9000000000000000e+01   3.3595072548550398e+01
   1.0000000000000000e+02   3.3897948657714700e+01
   1.0100000000000000e+02   3.3697099893274803e+01
   1.0200000000000000e+02   3.3630180266196199e+01
   1.0300000000000000e+02   3.3547664499569201e+01
   1.0400000000000000e+02   3.2964727353983797e+01
   1.0500000000000000e+02   3.2833276585010800e+01
   1.0600000000000000e+02   3.2420123371359502e+01
   1.0700000000000000e+02   3.2247451464764602e+01
   1.0800000000000000e+02   3.2006974161843800e+01
   1.0900000000000000e+02   3.2324894586902197e+01
   1.1000000000000000e+02   3.1965460830767700e+01
   1.1100000000000000e+02   3.1831996556865800e+01
   1.1200000000000000e+02   3.2029670897237501e+01
   1.1300000000000000e+02   3.2054975128722901e+01
   1.1400000000000000e+02   3.2313283818116403e+01
   1.1500000000000000e+02   3.2628405289633498e+01
   1.1600000000000000e+02   3.2868811631319701e+01
   1.1700000000000000e+02   3.2592797583719999e+01
   1.1800000000000000e+02   3.2142609250053603e+01
   1.1900000000000000e+02   3.2025654511265500e+01
   1.2000000000000000e+02   3.1665075332653402e+01
   1.2100000000000000e+02   3.1825017434522302e+01
   1.2200000000000000e+02   3.1541520512850699e+01
   1.2300000000000000e+02   3.0891024530247499e+01
   1.2400000000000000e+02   3.0856230254182101e+01
   1.2500000000000000e+02   3.0580424378122501e+01
   1.2600000000000000e+02   3.0863455928700699e+01
   1.2700000000000000e+02   3.0469217433414599e+01
   1.2800000000000000e+02   3.0593499742372099e+01
   1.2900000000000000e+02   3.0352938795740400e+01
   1.3000000000000000e+02   2.9862568280980799e+01
   1.3100000000000000e+02   2.9503776461254400e+01
   1.3200000000000000e+02   2.9320919437925099e+01
   1.3300000000000000e+02   2.9608419059043602e+01
   1.3400000000000000e+02   2.9892912383379599e+01
   1.3500000000000000e+02   2.9871502470898701e+01
   1.3600000000000000e+02   2.9912571338407201e+01
   1.3700000000000000e+02   3.0053749373424999e+01
   1.3800000000000000e+02   2.9593176547180700e+01
   1.3900000000000000e+02   2.9169156858016500e+01
   1.4000000000000000e+02   2.9250930580867699e+01
   1.4100000000000000e+02   2.9336242832018598e+01
   1.4200000000000000e+02   2.9001277812211299e+01
   1.4300000000000000e+02   2.9048448007566702e+01
   1.4400000000000000e+02   2.8874962936936502e+01
   1.4500000000000000e+02   2.8927316039850101e+01
   1.4600000000000000e+02   2.8709110533517801e+01
   1.4700000000000000e+02   2.8866832517999299e+01
   1.4800000000000000e+02   2.8656336259873999e+01
   1.4900000000000000e+02   2.8785188255991802e+01
   1.5000000000000000e+02   2.8306834287014201e+01
   1.5100000000000000e+02   2.8060128042565001e+01
   1.5200000000000000e+02   2.8209924633872500e+01
   1.5300000000000000e+02   2.7840388623857699e+01
   1.5400000000000000e+02   2.7206346169560099e+01
   1.5500000000000000e+02   2.6972589325758801e+01
   1.5600000000000000e+02   2.7037609746023101e+01
   1.5700000000000000e+02   2.7070541127895201e+01
   1.5800000000000000e+02   2.7447262748565201e+01
   1.5900000000000000e+02   2.7354281330865899e+01
   1.6000000000000000e+02   2.7369073463544400e+01
   1.6100000000000000e+02   2.7623395214904502e+01
   1.6200000000000000e+02   2.7875942305897599e+01
   1.6300000000000000e+02   2.7571634952655700e+01
   1.6400000000000000e+02   2.7503762184538498e+01
   1.6500000000000000e+02   2.7494456956579501e+01
   1.6600000000000000e+02   2.7779566681672598e+01
   1.6700000000000000e+02   2.7933699297757801e+01
   1.6800000000000000e+02   2.7805404034638599e+01
   1.6900000000000000e+02   2.8072644172735899e+01
   1.7000000000000000e+02   2.8467508525406199e+01
   1.7100000000000000e+02   2.8461634843267198e+01
   1.7200000000000000e+02   2.8022048323314600e+01
   1.7300000000000000e+02   2.7661384712843098e+01
   1.7400000000000000e+02   2.7238460231399898e+01
   1.7500000000000000e+02   2.7355926925495801e+01
   1.7600000000000000e+02   2.7713057672272399e+01
   1.7700000000000000e+02   2.7062879588819499e+01
   1.7800000000000000e+02   2.6429450672296099e+01
   1.7900000000000000e+02   2.6383705513739599e+01
   1.8000000000000000e+02   2.5852799411625600e+01
   1.8100000000000000e+02   2.5824809153376599e+01
   1.8200000000000000e+02   2.5818241338942300e+01
   1.8300000000000000e+02   2.5162193141864801e+01
   1.8400000000000000e+02   2.5199279896465601e+01
   1.8500000000000000e+02   2.5025304860293499e+01
   1.8600000000000000e+02   2.4971052008294599e+01
   1.8700000000000000e+02   2.4633232369993301e+01
   1.8800000000000000e+02   2.4100390162213401e+01
   1.8900000000000000e+02   2.3871724171926800e+01
   1.9000000000000000e+02   2.3539984863909400e+01
   1.9100000000000000e+02   2.3250642583533299e+01
   1.9200000000000000e+02   2.2961575809593501e+01
   1.9300000000000000e+02   2.2940631902382901e+01
   1.9400000000000000e+02   2.2929945009178400e+01
   1.9500000000000000e+02   2.2575357427635300e+01
   1.9600000000000000e+02   2.1998826044563899e+01
   1.9700000000000000e+02   2.1637222954909902e+01
   1.9800000000000000e+02   2.0581527334746600e+01
   1.9900000000000000e+02   2.1169585325285102e+01
   2.0000000000000000e+02   2.0991558827412302e+01
   2.0100000000000000e+02   2.0770351372288900e+01
   2.0200000000000000e+02   2.0751642686595300e+01
   2.0300000000000000e+02   2.0401852319819699e+01
   2.0400000000000000e+02   2.0049497775489701e+01
   2.0500000000000000e+02   2.0014236885915501e+01
   2.0600000000000000e+02   1.9636649350313601e+01
   2.0700000000000000e+02   2.0190336290630398e+01
   2.0800000000000000e+02   1.9916147382845701e+01
   2.0900000000000000e+02   1.9687675759051000e+01
   2.1000000000000000e+02   1.9405890903747199e+01
   2.1100000000000000e+02   1.9579233236427701e+01
   2.1200000000000000e+02   1.9615182952284400e+01
   2.1300000000000000e+02   1.9138481640917700e+01
   2.1400000000000000e+02   1.8727589654366700e+01
   2.1500000000000000e+02   1.8383754048750401e+01
   2.1600000000000000e+02   1.8660259681249400e+01
   2.1700000000000000e+02   1.8937547603055400e+01
   2.1800000000000000e+02   1.8755003233319702e+01
   2.1900000000000000e+02   1.8815366354274900e+01
   2.2000000000000000e+02   1.8678920792957900e+01
   2.2100000000000000e+02   1.8307452227097301e+01
   2.2200000000000000e+02   1.7879730823520500e+01
   2.2300000000000000e+02   1.7283549788744502e+01
   2.2400000000000000e+02   1.6686251694129101e+01
   2.2500000000000000e+02   1.6565729172051999e+01
   2.2600000000000000e+02   1.6973057716112599e+01
   2.2700000000000000e+02   1.7046643148112899e+01
   2.2800000000000000e+02   1.6757108346124799e+01
   2.2900000000000000e+02   1.6532599475810201e+01
   2.3000000000000000e+02   1.6408700634858601e+01
   2.3100000000000000e+02   1.6474637163225900e+01
   2.3200000000000000e+02   1.6262184342473699e+01
   2.3300000000000000e+02   1.5857408993895101e+01
   2.3400000000000000e+02   1.5719296571446799e+01
   2.3500000000000000e+02   1.5411160269442099e+01
   2.3600000000000000e+02   1.5305706346318701e+01
   2.3700000000000000e+02   1.5268086136105399e+01
   2.3800000000000000e+02   1.4596467051499699e+01
   2.3900000000000000e+02   1.4182035097005199e+01
   2.4000000000000000e+02   1.4136020487323400e+01
   2.4100000000000000e+02   1.4367943264137400e+01
   2.4200000000000000e+02   1.4082549792908200e+01
   2.4300000000000000e+02   1.3896916178364799e+01
   2.4400000000000000e+02   1.3544172849414700e+01
   2.4500000000000000e+02   1.3529714747796699e+01
   2.4600000000000000e+02   1.3414371549800499e+01
   2.4700000000000000e+02   1.3034634981687899e+01
   2.4800000000000000e+02   1.2467145848105201e+01
   2.4900000000000000e+02   1.2587130220616199e+01
   2.5000000000000000e+02   1.2270050800488800e+01
   2.5100000000000000e+02   1.1465402255118700e+01
   2.5200000000000000e+02   1.0541027184971000e+01
   2.5300000000000000e+02   1.0145050240056900e+01
   2.5400000000000000e+02   9.5203976707694000e+00
   2.5500000000000000e+02   8.9315287289878391e+00
   2.5600000000000000e+02   8.4111597671758993e+00
   2.5700000000000000e+02   7.9089406066134904e+00
   2.5800000000000000e+02   7.7912404292075497e+00
   2.5900000000000000e+02   7.5618655599988402e+00
   2.6000000000000000e+02   7.4653276442819498e+00
   2.6100000000000000e+02   7.4540374733811303e+00
   2.6200000000000000e+02   6.6367230512467499e+00
   2.6300000000000000e+02   6.7887293707046004e+00
   2.6400000000000000e+02   6.5903782197632204e+00
   2.6500000000000000e+02   6.4730014970093102e+00
   2.6600000000000000e+02   6.1508582312658602e+00
   2.6700000000000000e+02   5.8677672097523699e+00
   2.6800000000000000e+02   5.5660935529789599e+00
   2.6900000000000000e+02   5.9585960300568601e+00
   2.7000000000000000e+02   5.4765776777990398e+00
   2.7100000000000000e+02   5.2970600828029397e+00
   2.7200000000000000e+02   5.0428928269253896e+00
   2.7300000000000000e+02   4.8351842055604104e+00
   2.7400000000000000e+02   4.8218050847600598e+00
   2.7500000000000000e+02   4.8933420392863498e+00
   2.7600000000000000e+02   4.6538731933617496e+00
   2.7700000000000000e+02   4.7768023248445299e+00
   2.7800000000000000e+02   4.7213232383402604e+00
   2.7900000000000000e+02   4.5521058001811303e+00
   2.8000000000000000e+02   4.4105273452502001e+00
   2.8100000000000000e+02   4.3442091085987498e+00
   2.8200000000000000e+02   4.3382206740312501e+00
   2.8300000000000000e+02   4.0820621049577603e+00
   2.8400000000000000e+02   4.2525432005781401e+00
   2.8500000000000000e+02   4.4863562323031596e+00
   2.8600000000000000e+02   4.1125532379266803e+00
   2.8700000000000000e+02   4.3666585000465599e+00
   2.8800000000000000e+02   3.5658663722439199e+00
   2.8900000000000000e+02   3.5386869991438701e+00
   2.9000000000000000e+02   3.7906145760750198e+00
   2.9100000000000000e+02   3.3339418480871998e+00
   2.9200000000000000e+02   2.8609561782168900e+00
   2.9300000000000000e+02   2.1391965187520001e+00
   2.9400000000000000e+02   1.6872624219039900e+00
   2.9500000000000000e+02   1.6577167211527399e+00
   2.9600000000000000e+02   1.6480762445235000e+00
   2.9700000000000000e+02   1.0777251645027901e+00
   2.9800000000000000e+02   7.5914734646378002e-01
   2.9900000000000000e+02   8.2308809725113496e-01
   3.0000000000000000e+02   5.2131354480904002e-01
   3.0100000000000000e+02   2.0107413613189401e-01
   3.0200000000000000e+02  -3.3925917505930803e-01
   3.0300000000000000e+02  -8.4749019587392005e-01
   3.0400000000000000e+02  -5.2862300616374003e-01
   3.0500000000000000e+02  -7.2684266972193101e-01
   3.0600000000000000e+02  -6.3259351314982604e-01
   3.0700000000000000e+02  -1.4122979026477100e+00
   3.0800000000000000e+02  -1.7543039660493200e+00
   3.0900000000000000e+02  -1.9516045977443399e+00
   3.1000000000000000e+02  -2.2081190752520201e+00
   3.1100000000000000e+02  -2.7013168281820299e+00
   3.1200000000000000e+02  -2.8439580868654200e+00
   3.1300000000000000e+02  -3.4001726902396001e+00
   3.1400000000000000e+02  -3.5564116408319899e+00
   3.1500000000000000e+02  -3.3188300305907101e+00
   3.1600000000000000e+02  -3.6990367021000199e+00
   3.1700000000000000e+02  -4.3027408242197600e+00
   3.1800000000000000e+02  -4.4251616083321403e+00
   3.1900000000000000e+02  -5.1157605024543997e+00
   3.2000000000000000e+02  -5.3034826931162602e+00
   3.2100000000000000e+02  -5.3211195015503696e+00
   3.2200000000000000e+02  -6.1677084892182004e+00
   3.2300000000000000e+02  -7.2110543060353702e+00
   3.2400000000000000e+02  -7.6119734312237801e+00
   3.2500000000000000e+02  -8.0839725360726806e+00
   3.2600000000000000e+02  -8.1147109388729692e+00
   3.2700000000000000e+02  -8.4788649407096095e+00
   3.2800000000000000e+02  -9.1238264340866007e+00
   3.2900000000000000e+02  -9.4324153638121508e+00
   3.3000000000000000e+02  -1.0181321014069299e+01
   3.3100000000000000e+02  -1.0574718128202900e+01
   3.3200000000000000e+02  -1.1031802608429800e+01
   3.3300000000000000e+02  -1.1811207155086301e+01
   3.3400000000000000e+02  -1.2148395601408900e+01
   3.3500000000000000e+02  -1.1963413053811101e+01
   3.3600000000000000e+02  -1.2905713455428900e+01
   3.3700000000000000e+02  -1.3287359257584701e+01
   3.3800000000000000e+02  -1.4003267057828101e+01
   3.3900000000000000e+02  -1.4754459741207601e+01
   3.4000000000000000e+02  -1.4668961968932299e+01
   3.4100000000000000e+02  -1.5272752800215899e+01
   3.4200000000000000e+02  -1.5831035466773701e+01
   3.4300000000000000e+02  -1.6169390105721199e+01
   3.4400000000000000e+02  -1.6663858190959498e+01
   3.4500000000000000e+02  -1.7129168920805402e+01
   3.4600000000000000e+02  -1.7399799249970499e+01
   3.4700000000000000e+02  -1.7478273452850701e+01
   3.4800000000000000e+02  -1.8099127624686801e+01
   3.4900000000000000e+02  -1.8621464909516401e+01
   3.5000000000000000e+02  -1.9411557907213801e+01
   3.5100000000000000e+02  -1.9615646725161501e+01
   3.5200000000000000e+02  -2.0059907607740101e+01
   3.5300000000000000e+02  -2.0893558455108899e+01
   3.5400000000000000e+02  -2.1806006221776300e+01
   3.5500000000000000e+02  -2.2139376746525400e+01
   3.5600000000000000e+02  -2.3013473229507898e+01
   3.5700000000000000e+02  -2.3686112210145101e+01
   3.5800000000000000e+02  -2.4187973949677001e+01
   3.5900000000000000e+02  -2.4824650394899901e+01
   3.6000000000000000e+02  -2.5577590466483301e+01
   3.6100000000000000e+02  -2.6007524444252901e+01
   3.6200000000000000e+02  -2.7137786586744198e+01
   3.6300000000000000e+02  -2.7410610834530299e+01
   3.6400000000000000e+02  -2.8243926269033199e+01
   3.6500000000000000e+02  -2.9152058105918801e+01
   3.6600000000000000e+02  -3.0145477620960101e+01
   3.6700000000000000e+02  -3.1039548588214100e+01
   3.6800000000000000e+02  -3.1413829586635000e+01
   3.6900000000000000e+02  -3.2308874671176000e+01
   3.7000000000000000e+02  -3.3301269995585500e+01
   3.7100000000000000e+02  -3.4388524783913901e+01
   3.7200000000000000e+02  -3.5362392604571298e+01
   3.7300000000000000e+02  -3.6364765299249498e+01
   3.7400000000000000e+02  -3.6945546390988000e+01
   3.7500000000000000e+02  -3.7733340529796003e+01
   3.7600000000000000e+02  -3.9128869925020503e+01
   3.7700000000000000e+02  -4.0026429522459303e+01
   3.7800000000000000e+02  -4.0750164389274097e+01
   3.7900000000000000e+02  -4.1039753378568797e+01
   3.8000000000000000e+02  -4.1787039835898199e+01
   3.8100000000000000e+02  -4.2748354958821601e+01
   3.8200000000000000e+02  -4.3581609292605400e+01
   3.8300000000000000e+02  -4.4246276571733397e+01
   3.8400000000000000e+02  -4.5000692025036500e+01
   3.8500000000000000e+02  -4.5794572000306303e+01
   3.8600000000000000e+02  -4.6563238163461101e+01
   3.8700000000000000e+02  -4.7362895134496100e+01
   3.8800000000000000e+02  -4.8126325843048498e+01
   3.8900000000000000e+02  -4.8727309267903898e+01
   3.9000000000000000e+02  -4.9307036333218200e+01
   3.9100000000000000e+02  -5.0018671245744500e+01
   3.9200000000000000e+02  -5.0400268275458103e+01
   3.9300000000000000e+02  -5.1442876706672003e+01
   3.9400000000000000e+02  -5.1982574765617201e+01
   3.9500000000000000e+02  -5.3549861119308197e+01
   3.9600000000000000e+02  -5.4663107946472202e+01
   3.9700000000000000e+02  -5.5466983880508202e+01
   3.9800000000000000e+02  -5.6474305122302603e+01
   3.9900000000000000e+02  -5.6841304896528698e+01
   4.0000000000000000e+02  -5.8211168282747401e+01
   4.0100000000000000e+02  -5.9103545441824700e+01
   4.0200000000000000e+02  -6.0093502175699598e+01
   4.0300000000000000e+02  -6.0784624294996000e+01
   4.0400000000000000e+02  -6.1707931273454903e+01
   4.0500000000000000e+02  -6.2698005495936101e+01
   4.0600000000000000e+02  -6.3390156228187699e+01
   4.0700000000000000e+02  -6.4209771817789004e+01
   4.0800000000000000e+02  -6.5772323988117606e+01
   4.0900000000000000e+02  -6.5983215836842902e+01
   4.1000000000000000e+02  -6.6406923984243207e+01
   4.1100000000000000e+02  -6.6700803470168296e+01
   4.1200000000000000e+02  -6.7160952335821506e+01
   4.1300000000000000e+02  -6.7406099068404302e+01
   4.1400000000000000e+02  -6.7468878612974606e+01
   4.1500000000000000e+02  -6.7940089546881595e+01
   4.1600000000000000e+02  -6.8488567471428993e+01
   4.1700000000000000e+02  -6.8531768822878405e+01
   4.1800000000000000e+02  -6.8612180769973193e+01
   4.1900000000000000e+02  -6.9321076295646407e+01
   4.2000000000000000e+02  -6.9716790962159294e+01
   4.2100000000000000e+02  -7.0298255409239403e+01
   4.2200000000000000e+02  -7.0254460050703699e+01
   4.2300000000000000e+02  -7.0528150992153996e+01
   4.2400000000000000e+02  -7.0667670624780996e+01
   4.2500000000000000e+02  -7.0934951952444806e+01
   4.2600000000000000e+02  -7.1579816439629695e+01
   4.2700000000000000e+02  -7.1811897750752493e+01
   4.2800000000000000e+02  -7.2033706926456105e+01
   4.2900000000000000e+02  -7.2016590765553701e+01
   4.3000000000000000e+02  -7.2414219517955402e+01
   4.3100000000000000e+02  -7.2706926040049396e+01
   4.3200000000000000e+02  -7.3225435719522395e+01
   4.3300000000000000e+02  -7.3581991677885895e+01
   4.3400000000000000e+02  -7.3801182815771099e+01
   4.3500000000000000e+02  -7.4122292050883502e+01
   4.3600000000000000e+02  -7.4094985611492007e+01
   4.3700000000000000e+02  -7.4101045433017404e+01
   4.3800000000000000e+02  -7.4186255889121995e+01
   4.3900000000000000e+02  -7.3997725328704604e+01
   4.4000000000000000e+02  -7.3629453096670900e+01
   4.4100000000000000e+02  -7.4047720796933405e+01
   4.4200000000000000e+02  -7.4006393811060406e+01
   4.4300000000000000e+02  -7.4192015729898401e+01
   4.4400000000000000e+02  -7.4236386601902296e+01
   4.4500000000000000e+02  -7.4376859868661995e+01
   4.4600000000000000e+02  -7.4672418521426593e+01
   4.4700000000000000e+02  -7.4479414411070593e+01
   4.4800000000000000e+02  -7.4298281949750205e+01
   4.4900000000000000e+02  -7.4076240757450194e+01
   4.5000000000000000e+02  -7.4056096330695595e+01
   4.5100000000000000e+02  -7.4232050396685807e+01
   4.5200000000000000e+02  -7.4432811326549697e+01
   4.5300000000000000e+02  -7.4428884970395103e+01
   4.5400000000000000e+02  -7.4636416577506196e+01
   4.5500000000000000e+02  -7.4913179590926504e+01
   4.5600000000000000e+02  -7.5655811628121100e+01
   4.5700000000000000e+02  -7.5958297021945100e+01
   4.5800000000000000e+02  -7.5975196252955001e+01
   4.5900000000000000e+02  -7.6144086256391105e+01
   4.6000000000000000e+02  -7.5862289391943605e+01
   4.6100000000000000e+02  -7.5503138670454902e+01
   4.6200000000000000e+02  -7.5787306193764095e+01
   4.6300000000000000e+02  -7.5727481937847102e+01
   4.6400000000000000e+02  -7.5678140363703804e+01
   4.6500000000000000e+02  -7.6369830031979603e+01
   4.6600000000000000e+02  -7.6594489028003593e+01
   4.6700000000000000e+02  -7.6533222809017602e+01
   4.6800000000000000e+02  -7.6550670742063602e+01
   4.6900000000000000e+02  -7.6530784674432098e+01
   4.7000000000000000e+02  -7.6214893025231504e+01
   4.7100000000000000e+02  -7.6138775984971602e+01
   4.7200000000000000e+02  -7.6302335932359597e+01
   4.7300000000000000e+02  -7.6377210027243706e+01
   4.7400000000000000e+02  -7.6197394825914401e+01
   4.7500000000000000e+02  -7.6002397610165104e+01
   4.7600000000000000e+02  -7.5809130267891703e+01
   4.7700000000000000e+02  -7.6014274356403305e+01
   4.7800000000000000e+02  -7.5771933121104198e+01
   4.7900000000000000e+02  -7.5325478104494906e+01
   4.8000000000000000e+02  -7.5559014849019405e+01
   4.8100000000000000e+02  -7.5346010680222093e+01
   4.8200000000000000e+02  -7.5069599029891293e+01
   4.8300000000000000e+02  -7.5200804260382199e+01
   4.8400000000000000e+02  -7.5156461228895694e+01
   4.8500000000000000e+02  -7.4834686100843399e+01
   4.8600000000000000e+02  -7.4523100670369502e+01
   4.8700000000000000e+02  -7.4717449138008604e+01
   4.8800000000000000e+02  -7.5010896017781405e+01
   4.8900000000000000e+02  -7.5268894405640793e+01
   4.9000000000000000e+02  -7.4886875288502495e+01
   4.9100000000000000e+02  -7.5297477950632199e+01
   4.9200000000000000e+02  -7.5280462239360205e+01
   4.9300000000000000e+02  -7.5268256282698900e+01
   4.9400000000000000e+02  -7.4908108095305195e+01
   4.9500000000000000e+02  -7.4504065658895797e+01
   4.9600000000000000e+02  -7.4425255661705805e+01
   4.9700000000000000e+02  -7.4714290003043601e+01
   4.9800000000000000e+02  -7.4887543137737495e+01
   4.9900000000000000e+02  -7.4742478866650700e+01
   5.0000000000000000e+02  -7.4835310078927193e+01
   5.0100000000000000e+02  -7.5168280916305704e+01
   5.0200000000000000e+02  -7.5034599781795706e+01
   5.0300000000000000e+02  -7.5198608609136301e+01
   5.0400000000000000e+02  -7.4985105555361997e+01
   5.0500000000000000e+02  -7.5124773354311500e+01
   5.0600000000000000e+02  -7.5418390092372604e+01
   5.0700000000000000e+02  -7.5352297705108299e+01
   5.0800000000000000e+02  -7.4831756458849100e+01
   5.0900000000000000e+02  -7.5228925308017693e+01
   5.1000000000000000e+02  -7.5355683313981103e+01
   5.1100000000000000e+02  -7.4998306391037204e+01
   5.1200000000000000e+02  -7.5309223352032902e+01
   5.1300000000000000e+02  -7.5636742874701298e+01
   5.1400000000000000e+02  -7.5438995061348194e+01
   5.1500000000000000e+02  -7.5289403899763201e+01
   5.1600000000000000e+02  -7.5396683724486707e+01
   5.1700000000000000e+02  -7.4971669425604802e+01
   5.1800000000000000e+02  -7.4829858617654907e+01
   5.1900000000000000e+02  -7.4815353864502598e+01
   5.2000000000000000e+02  -7.4796746510382206e+01
   5.2100000000000000e+02  -7.4862786616751094e+01
   5.2200000000000000e+02  -7.4485733559789693e+01
   5.2300000000000000e+02  -7.4273038324767398e+01
   5.2400000000000000e+02  -7.4117566217452307e+01
   5.2500000000000000e+02  -7.4177064428116495e+01
   5.2600000000000000e+02  -7.3529736940286995e+01
   5.2700000000000000e+02  -7.3778344818825701e+01
   5.2800000000000000e+02  -7.3928607586558002e+01
   5.2900000000000000e+02  -7.3774910815681295e+01
   5.3000000000000000e+02  -7.4412686913503507e+01
   5.3100000000000000e+02  -7.4330182014826306e+01
   5.3200000000000000e+02  -7.3842038895406006e+01
   5.3300000000000000e+02  -7.3889711816766294e+01
   5.3400000000000000e+02  -7.4074196303012499e+01
   5.3500000000000000e+02  -7.4287262765072597e+01
   5.3600000000000000e+02  -7.4811110063600097e+01
   5.3700000000000000e+02  -7.4422678711182598e+01
   5.3800000000000000e+02  -7.4573812620265699e+01
   5.3900000000000000e+02  -7.3867630104998000e+01
   5.4000000000000000e+02  -7.3862261365489999e+01
   5.4100000000000000e+02  -7.4062475766849005e+01
   5.4200000000000000e+02  -7.4298664356666606e+01
   5.4300000000000000e+02  -7.3942059718011905e+01
   5.4400000000000000e+02  -7.4418256329518101e+01
   5.4500000000000000e+02  -7.4614944418769596e+01
   5.4600000000000000e+02  -7.4439593640490997e+01
   5.4700000000000000e+02  -7.4845785320377104e+01
   5.4800000000000000e+02  -7.5695439354089700e+01
   5.4900000000000000e+02  -7.5436959472980902e+01
   5.5000000000000000e+02  -7.5550340075964797e+01
   5.5100000000000000e+02  -7.4929956458672095e+01
   5.5200000000000000e+02  -7.5021181065687799e+01
   5.5300000000000000e+02  -7.5068149626461903e+01
   5.5400000000000000e+02  -7.4616107511669497e+01
   5.5500000000000000e+02  -7.4486451395922302e+01
   5.5600000000000000e+02  -7.4616285799232401e+01
   5.5700000000000000e+02  -7.4341292249372600e+01
   5.5800000000000000e+02  -7.4366923536016699e+01
   5.5900000000000000e+02  -7.4318910276284598e+01
   5.6000000000000000e+02  -7.4070151901498605e+01
   5.6100000000000000e+02  -7.3980230783259799e+01
   5.6200000000000000e+02  -7.3497390251230698e+01
   5.6300000000000000e+02  -7.3607060339769006e+01
   5.6400000000000000e+02  -7.4050401184927793e+01
   5.6500000000000000e+02  -7.4213398320888302e+01
   5.6600000000000000e+02  -7.4773746771727303e+01
   5.6700000000000000e+02  -7.4581973155820407e+01
   5.6800000000000000e+02  -7.4404252944553903e+01
   5.6900000000000000e+02  -7.4178901473298097e+01
   5.7000000000000000e+02  -7.3696148474026799e+01
   5.7100000000000000e+02  -7.3661029776161797e+01
   5.7200000000000000e+02  -7.3535817730469404e+01
   5.7300000000000000e+02  -7.2947275571290206e+01
   5.7400000000000000e+02  -7.2558781692979295e+01
   5.7500000000000000e+02  -7.2695809133208499e+01
   5.7600000000000000e+02  -7.2517490808191496e+01
   5.7700000000000000e+02  -7.2394523967753599e+01
   5.7800000000000000e+02  -7.2392592857189499e+01
   5.7900000000000000e+02  -7.2472697628892007e+01
   5.8000000000000000e+02  -7.2393882852908902e+01
   5.8100000000000000e+02  -7.2391331449733300e+01
   5.8200000000000000e+02  -7.2453812576702006e+01
   5.8300000000000000e+02  -7.2568278880392100e+01
   5.8400000000000000e+02  -7.1837917754166298e+01
   5.8500000000000000e+02  -7.2163124117037498e+01
   5.8600000000000000e+02  -7.1936986935938407e+01
   5.8700000000000000e+02  -7.2366757093347701e+01
   5.8800000000000000e+02  -7.2040181893313402e+01
   5.8900000000000000e+02  -7.1984684838130804e+01
   5.9000000000000000e+02  -7.2160330316488597e+01
   5.9100000000000000e+02  -7.1869695545506204e+01
   5.9200000000000000e+02  -7.1615843378981893e+01
   5.9300000000000000e+02  -7.1793355002998894e+01
   5.9400000000000000e+02  -7.2013863668634997e+01
   5.9500000000000000e+02  -7.1898239295683098e+01
   5.9600000000000000e+02  -7.1811534873496996e+01
   5.9700000000000000e+02  -7.1453170044951904e+01
   5.9800000000000000e+02  -7.1913445865764999e+01
   5.9900000000000000e+02  -7.1317788266138294e+01
   6.0000000000000000e+02  -7.1565755779757893e+01
   6.0100000000000000e+02  -7.2202025511124901e+01
   6.0200000000000000e+02  -7.2149434769068307e+01
   6.0300000000000000e+02  -7.2141327319107504e+01
   6.0400000000000000e+02  -7.2660328059133107e+01
   6.0500000000000000e+02  -7.2926992217169598e+01
   6.0600000000000000e+02  -7.2504082021454806e+01
   6.0700000000000000e+02  -7.2275022282155405e+01
   6.0800000000000000e+02  -7.2116748629996195e+01
   6.0900000000000000e+02  -7.1903201970469098e+01
   6.1000000000000000e+02  -7.1786823232859405e+01
   6.1100000000000000e+02  -7.1768946756367797e+01
   6.1200000000000000e+02  -7.1999755832506594e+01
   6.1300000000000000e+02  -7.2549372756131206e+01
   6.1400000000000000e+02  -7.2544023215383902e+01
   6.1500000000000000e+02  -7.2672561920676301e+01
   6.1600000000000000e+02  -7.2264540768423004e+01
   6.1700000000000000e+02  -7.2157515542110005e+01
   6.1800000000000000e+02  -7.1539787372979504e+01
   6.1900000000000000e+02  -7.2427764192399906e+01
   6.2000000000000000e+02  -7.2626408301815005e+01
   6.2100000000000000e+02  -7.1822192169659800e+01
   6.2200000000000000e+02  -7.1749235420053196e+01
   6.2300000000000000e+02  -7.1640512985613100e+01
   6.2400000000000000e+02  -7.1548403196485907e+01
   6.2500000000000000e+02  -7.2014423092666107e+01
   6.2600000000000000e+02  -7.1690418210026493e+01
   6.2700000000000000e+02  -7.1771477257308007e+01
   6.2800000000000000e+02  -7.1347224884939394e+01
   6.2900000000000000e+02  -7.1107686163387498e+01
   6.3000000000000000e+02  -7.1175654440590193e+01
   6.3100000000000000e+02  -7.1481417039942102e+01
   6.3200000000000000e+02  -7.1902895409251101e+01
   6.3300000000000000e+02  -7.1969142927658694e+01
   6.3400000000000000e+02  -7.1605257097697006e+01
   6.3500000000000000e+02  -7.1463278521490494e+01
   6.3600000000000000e+02  -7.1008492525135594e+01
   6.3700000000000000e+02  -7.1654463184519599e+01
   6.3800000000000000e+02  -7.1820618240472697e+01
   6.3900000000000000e+02  -7.1873740955692497e+01
   6.4000000000000000e+02  -7.1689724081941606e+01
   6.4100000000000000e+02  -7.1580272074666695e+01
   6.4200000000000000e+02  -7.1463389101216293e+01
   6.4300000000000000e+02  -7.1002792528356295e+01
   6.4400000000000000e+02  -7.0771205817672694e+01
   6.4500000000000000e+02  -7.0660794544399707e+01
   6.4600000000000000e+02  -7.0805085706878401e+01
   6.4700000000000000e+02  -7.0647772454971999e+01
   6.4800000000000000e+02  -7.1315124284206405e+01
   6.4900000000000000e+02  -7.1335034014821005e+01
   6.5000000000000000e+02  -7.1515040715961206e+01
   6.5100000000000000e+02  -7.1891744150037894e+01
   6.5200000000000000e+02  -7.2069960744788204e+01
   6.5300000000000000e+02  -7.1823787464146093e+01
   6.5400000000000000e+02  -7.2199716168911294e+01
   6.5500000000000000e+02  -7.2258086297709994e+01
   6.5600000000000000e+02  -7.2990640495804598e+01
   6.5700000000000000e+02  -7.2949454763364002e+01
   6.5800000000000000e+02  -7.2890125642919102e+01
   6.5900000000000000e+02  -7.2938124073768293e+01
   6.6000000000000000e+02  -7.2508506542696907e+01
   6.6100000000000000e+02  -7.2644450105325404e+01
   6.6200000000000000e+02  -7.3066440455315799e+01
   6.6300000000000000e+02  -7.3444693855200896e+01
   6.6400000000000000e+02  -7.3124587440612402e+01
   6.6500000000000000e+02  -7.3117248303582500e+01
   6.6600000000000000e+02  -7.3337563183020194e+01
   6.6700000000000000e+02  -7.3608853841745002e+01
   6.6800000000000000e+02  -7.3751732700731495e+01
   6.6900000000000000e+02  -7.3900625971777799e+01
   6.7000000000000000e+02  -7.4037923715046205e+01
   6.7100000000000000e+02  -7.4025834926192701e+01
   6.7200000000000000e+02  -7.3988883003000097e+01
   6.7300000000000000e+02  -7.3957394765544194e+01
   6.7400000000000000e+02  -7.3613782217304802e+01
   6.7500000000000000e+02  -7.3386789228332702e+01
   6.7600000000000000e+02  -7.3700976181840602e+01
   6.7700000000000000e+02  -7.3654670672430896e+01
   6.7800000000000000e+02  -7.3621326365047196e+01
   6.7900000000000000e+02  -7.3453807484018199e+01
   6.8000000000000000e+02  -7.3621911036035598e+01
   6.8100000000000000e+02  -7.3102074690493893e+01
   6.8200000000000000e+02  -7.3046003425170198e+01
   6.8300000000000000e+02  -7.3186387941915697e+01
   6.8400000000000000e+02  -7.3400490647546306e+01
   6.8500000000000000e+02  -7.3601346737343803e+01
   6.8600000000000000e+02  -7.3152771101084994e+01
   6.8700000000000000e+02  -7.2927645861529001e+01
   6.8800000000000000e+02  -7.3085791943236501e+01
   6.8900000000000000e+02  -7.3486796380135402e+01
   6.9000000000000000e+02  -7.3316097213413599e+01
   6.9100000000000000e+02  -7.2868191592577801e+01
   6.9200000000000000e+02  -7.2999633417783699e+01
   6.9300000000000000e+02  -7.3411238015750001e+01
   6.9400000000000000e+02  -7.3726096688152296e+01
   6.9500000000000000e+02  -7.4074054730833396e+01
   6.9600000000000000e+02  -7.4411670749397402e+01
   6.9700000000000000e+02  -7.4413129196965599e+01
   6.9800000000000000e+02  -7.4834255745243198e+01
   6.9900000000000000e+02  -7.4479148593632502e+01
   7.0000000000000000e+02  -7.4663545526673602e+01
   7.0100000000000000e+02  -7.4930475490622200e+01
   7.0200000000000000e+02  -7.4601568257612598e+01
   7.0300000000000000e+02  -7.4746751328403903e+01
   7.0400000000000000e+02  -7.4673834019974905e+01
   7.0500000000000000e+02  -7.4520979676222495e+01
   7.0600000000000000e+02  -7.4678043355518099e+01
   7.0700000000000000e+02  -7.4807938203340200e+01
   7.0800000000000000e+02  -7.4467908910277302e+01
   7.0900000000000000e+02  -7.4333506707411701e+01
   7.1000000000000000e+02  -7.4348255253480801e+01
   7.1100000000000000e+02  -7.4051514791520205e+01
   7.1200000000000000e+02  -7.4144944319129095e+01
   7.1300000000000000e+02  -7.4618954463233493e+01
   7.1400000000000000e+02  -7.4440146015977206e+01
   7.1500000000000000e+02  -7.4143139912574199e+01
   7.1600000000000000e+02  -7.4372717819499996e+01
   7.1700000000000000e+02  -7.4869035630712006e+01
   7.1800000000000000e+02  -7.5104481991409699e+01
   7.1900000000000000e+02  -7.5298214680805998e+01
   7.2000000000000000e+02  -7.5227315668417305e+01
   7.2100000000000000e+02  -7.5158563654490806e+01
   7.2200000000000000e+02  -7.5456662471204197e+01
   7.2300000000000000e+02  -7.5904001112522806e+01
   7.2400000000000000e+02  -7.5847518459719396e+01
   7.2500000000000000e+02  -7.5439294119328807e+01
   7.2600000000000000e+02  -7.4938114450384901e+01
   7.2700000000000000e+02  -7.4840967826497803e+01
   7.2800000000000000e+02  -7.4773612162598297e+01
   7.2900000000000000e+02  -7.4527089782007707e+01
   7.3000000000000000e+02  -7.4651572849146106e+01
   7.3100000000000000e+02  -7.4880054606069706e+01
   7.3200000000000000e+02  -7.5298347150630704e+01
   7.3300000000000000e+02  -7.5564233136854895e+01
   7.3400000000000000e+02  -7.6103476327364504e+01
   7.3500000000000000e+02  -7.6201187116207507e+01
   7.3600000000000000e+02  -7.5739669944029998e+01
   7.3700000000000000e+02  -7.5707038965966504e+01
   7.3800000000000000e+02  -7.5478131540504194e+01
   7.3900000000000000e+02  -7.5516797266460301e+01
   7.4000000000000000e+02  -7.5659494859135705e+01
   7.4100000000000000e+02  -7.5160927776949293e+01
   7.4200000000000000e+02  -7.5219896225357502e+01
   7.4300000000000000e+02  -7.5406054572928397e+01
   7.4400000000000000e+02  -7.5670262233233998e+01
   7.4500000000000000e+02  -7.5359630157515497e+01
   7.4600000000000000e+02  -7.5008923822303004e+01
   7.4700000000000000e+02  -7.5316219711731307e+01
   7.4800000000000000e+02  -7.5936006875700997e+01
   7.4900000000000000e+02  -7.5842652683133096e+01
   7.5000000000000000e+02  -7.5969928098714902e+01
   7.5100000000000000e+02  -7.5986105013672997e+01
   7.5200000000000000e+02  -7.6197429064233404e+01
   7.5300000000000000e+02  -7.5693050680646706e+01
   7.5400000000000000e+02  -7.5547449881206404e+01
   7.5500000000000000e+02  -7.5273999409140103e+01
   7.5600000000000000e+02  -7.4956203816457602e+01
   7.5700000000000000e+02  -7.4969397605761699e+01
   7.5800000000000000e+02  -7.5211245996036993e+01
   7.5900000000000000e+02  -7.5354282076872906e+01
   7.6000000000000000e+02  -7.5879333970195106e+01
   7.6100000000000000e+02  -7.6001699112095196e+01
   7.6200000000000000e+02  -7.6122391025609005e+01
   7.6300000000000000e+02  -7.6084017014319599e+01
   7.6400000000000000e+02  -7.6266211915082593e+01
   7.6500000000000000e+02  -7.6269908910813001e+01
   7.6600000000000000e+02  -7.6264758978832404e+01
   7.6700000000000000e+02  -7.6368158870411307e+01
   7.6800000000000000e+02  -7.6213155222978600e+01
   7.6900000000000000e+02  -7.6333732060969297e+01
   7.7000000000000000e+02  -7.5921706867947194e+01
   7.7100000000000000e+02  -7.5905674903440001e+01
   7.7200000000000000e+02  -7.5833714355856102e+01
   7.7300000000000000e+02  -7.6141250909039002e+01
   7.7400000000000000e+02  -7.6207396820593104e+01
   7.7500000000000000e+02  -7.6323778293649994e+01
   7.7600000000000000e+02  -7.6302017554270606e+01
   7.7700000000000000e+02  -7.6297998399032295e+01
   7.7800000000000000e+02  -7.6344025484786300e+01
   7.7900000000000000e+02  -7.6966494075718003e+01
   7.8000000000000000e+02  -7.6789184766444905e+01
   7.8100000000000000e+02  -7.7138455144972099e+01
   7.8200000000000000e+02  -7.7061368177143606e+01
   7.8300000000000000e+02  -7.6768330620791502e+01
   7.8400000000000000e+02  -7.7350644170265994e+01
   7.8500000000000000e+02  -7.7258710692131999e+01
   7.8600000000000000e+02  -7.6956304182999503e+01
   7.8700000000000000e+02  -7.6585250267142200e+01
   7.8800000000000000e+02  -7.6356798364969094e+01
   7.8900000000000000e+02  -7.6307115338677704e+01
   7.9000000000000000e+02  -7.6225971493318895e+01
   7.9100000000000000e+02  -7.5543513736499506e+01
   7.9200000000000000e+02  -7.5317533625876095e+01
   7.9300000000000000e+02  -7.4784049032709802e+01
   7.9400000000000000e+02  -7.4982548285235595e+01
   7.9500000000000000e+02  -7.4678019300499002e+01
   7.9600000000000000e+02  -7.4737359271329794e+01
   7.9700000000000000e+02  -7.4726752458980897e+01
   7.9800000000000000e+02  -7.3833684406609606e+01
   7.9900000000000000e+02  -7.4112818571398194e+01
   8.0000000000000000e+02  -7.4211890574964301e+01
   8.0100000000000000e+02  -7.4365958446514995e+01
   8.0200000000000000e+02  -7.4254509368064404e+01
   8.0300000000000000e+02  -7.4314579834376900e+01
   8.0400000000000000e+02  -7.4073843624850895e+01
   8.0500000000000000e+02  -7.3745177604705802e+01
   8.0600000000000000e+02  -7.3672847678646306e+01
   8.0700000000000000e+02  -7.3449218927894805e+01
   8.0800000000000000e+02  -7.3236306370775097e+01
   8.0900000000000000e+02  -7.2649592425922293e+01
   8.1000000000000000e+02  -7.2444589247242206e+01
   8.1100000000000000e+02  -7.2954850726295703e+01
   8.1200000000000000e+02  -7.2727706299413299e+01
   8.1300000000000000e+02  -7.2895787761024096e+01
   8.1400000000000000e+02  -7.2905683331768699e+01
   8.1500000000000000e+02  -7.3123586532354196e+01
   8.1600000000000000e+02  -7.3552774264405997e+01
   8.1700000000000000e+02  -7.4039878027655107e+01
   8.1800000000000000e+02  -7.3913898141801099e+01
   8.1900000000000000e+02  -7.3930995339683903e+01
   8.2000000000000000e+02  -7.3733266654922403e+01
   8.2100000000000000e+02  -7.3771934015389505e+01
   8.2200000000000000e+02  -7.4239900444915307e+01
   8.2300000000000000e+02  -7.4822095096287597e+01
   8.2400000000000000e+02  -7.4840410807201096e+01
   8.2500000000000000e+02  -7.4493497264446901e+01
   8.2600000000000000e+02  -7.4305541117456002e+01
   8.2700000000000000e+02  -7.4270486332218397e+01
   8.2800000000000000e+02  -7.4338452248695404e+01
   8.2900000000000000e+02  -7.4370533793333607e+01
   8.3000000000000000e+02  -7.4123153836016797e+01
   8.3100000000000000e+02  -7.4153510584873004e+01
   8.3200000000000000e+02  -7.4111704341630499e+01
   8.3300000000000000e+02  -7.4402858263410394e+01
   8.3400000000000000e+02  -7.4760038334864802e+01
   8.3500000000000000e+02  -7.5546701422906693e+01
   8.3600000000000000e+02  -7.5981332716810400e+01
   8.3700000000000000e+02  -7.6083960046183194e+01
   8.3800000000000000e+02  -7.6027774634024297e+01
   8.3900000000000000e+02  -7.5813058609432602e+01
   8.4000000000000000e+02  -7.5655222630997002e+01
   8.4100000000000000e+02  -7.5482609677588002e+01
   8.4200000000000000e+02  -7.5680593274645105e+01
   8.4300000000000000e+02  -7.6460066467780294e+01
   8.4400000000000000e+02  -7.7128802647465804e+01
   8.4500000000000000e+02  -7.6692576701392198e+01
   8.4600000000000000e+02  -7.6641390949222000e+01
   8.4700000000000000e+02  -7.6710345446531704e+01
   8.4800000000000000e+02  -7.6821025912932100e+01
   8.4900000000000000e+02  -7.6714828269381997e+01
   8.5000000000000000e+02  -7.6853713999865604e+01
   8.5100000000000000e+02  -7.6906196109993203e+01
   8.5200000000000000e+02  -7.6775521164763802e+01
   8.5300000000000000e+02  -7.6774830486089598e+01
   8.5400000000000000e+02  -7.7162601848357795e+01
   8.5500000000000000e+02  -7.7463099293643793e+01
   8.5600000000000000e+02  -7.7189055901115793e+01
   8.5700000000000000e+02  -7.7267148556887804e+01
   8.5800000000000000e+02  -7.7498344365417097e+01
   8.5900000000000000e+02  -7.7924327856923796e+01
   8.6000000000000000e+02  -7.7854820960594196e+01
   8.6100000000000000e+02  -7.7503812976509707e+01
   8.6200000000000000e+02  -7.7883001708636201e+01
   8.6300000000000000e+02  -7.8126337874172506e+01
   8.6400000000000000e+02  -7.7623631569665406e+01
   8.6500000000000000e+02  -7.7309089249143497e+01
   8.6600000000000000e+02  -7.7495130956807799e+01
   8.6700000000000000e+02  -7.7532114793788395e+01
   8.6800000000000000e+02  -7.7355589358986606e+01
   8.6900000000000000e+02  -7.8044581817470402e+01
   8.7000000000000000e+02  -7.7730321522064102e+01
   8.7100000000000000e+02  -7.7680732651529098e+01
   8.7200000000000000e+02  -7.7464674938366500e+01
   8.7300000000000000e+02  -7.7745264582540500e+01
   8.7400000000000000e+02  -7.7309444030491804e+01
   8.7500000000000000e+02  -7.7050068466585799e+01
   8.7600000000000000e+02  -7.6957036977479703e+01
   8.7700000000000000e+02  -7.6946879736813798e+01
   8.7800000000000000e+02  -7.6616248984056099e+01
   8.7900000000000000e+02  -7.6631312200974094e+01
   8.8000000000000000e+02  -7.7054494555486201e+01
   8.8100000000000000e+02  -7.6891066365699899e+01
   8.8200000000000000e+02  -7.6415900551347704e+01
   8.8300000000000000e+02  -7.6970271894752500e+01
   8.8400000000000000e+02  -7.6820089450863506e+01
   8.8500000000000000e+02  -7.6437675346983994e+01
   8.8600000000000000e+02  -7.6546303438248799e+01
   8.8700000000000000e+02  -7.6366139870320495e+01
   8.8800000000000000e+02  -7.6752085872254000e+01
   8.8900000000000000e+02  -7.6875748787676500e+01
   8.9000000000000000e+02  -7.6408269387282701e+01
   8.9100000000000000e+02  -7.6348012250221998e+01
   8.9200000000000000e+02  -7.6564313176347298e+01
   8.9300000000000000e+02  -7.6858046248076604e+01
   8.9400000000000000e+02  -7.7340981806420601e+01
   8.9500000000000000e+02  -7.7221394231342799e+01
   8.9600000000000000e+02  -7.7333919737870801e+01
   8.9700000000000000e+02  -7.7138737633446198e+01
   8.9800000000000000e+02  -7.6475822691441905e+01
   8.9900000000000000e+02  -7.6341010402213797e+01
   9.0000000000000000e+02  -7.6321815180436303e+01
   9.0100000000000000e+02  -7.6286283771461100e+01
   9.0200000000000000e+02  -7.5977677460823102e+01
   9.0300000000000000e+02  -7.6101687719723003e+01
   9.0400000000000000e+02  -7.5898428953512706e+01
   9.0500000000000000e+02  -7.6064954839297698e+01
   9.0600000000000000e+02  -7.5574086021544701e+01
   9.0700000000000000e+02  -7.5405425508093501e+01
   9.0800000000000000e+02  -7.5795814131865001e+01
   9.0900000000000000e+02  -7.5122362520177006e+01
   9.1000000000000000e+02  -7.4687488167714307e+01
   9.1100000000000000e+02  -7.4953070266182607e+01
   9.1200000000000000e+02  -7.4783137954160594e+01
   9.1300000000000000e+02  -7.4950905330723003e+01
   9.1400000000000000e+02  -7.4864174586221495e+01
   9.1500000000000000e+02  -7.5508440528296504e+01
   9.1600000000000000e+02  -7.5422723063093699e+01
   9.1700000000000000e+02  -7.4703831619173300e+01
   9.1800000000000000e+02  -7.4637015496387903e+01
   9.1900000000000000e+02  -7.4271229232669398e+01
   9.2000000000000000e+02  -7.4260968689437703e+01
   9.2100000000000000e+02  -7.4172635400146604e+01
   9.2200000000000000e+02  -7.4235268511440495e+01
   9.2300000000000000e+02  -7.4141307046321103e+01
   9.2400000000000000e+02  -7.3807520763560106e+01
   9.2500000000000000e+02  -7.3987230857893195e+01
   9.2600000000000000e+02  -7.3424048279751105e+01
   9.2700000000000000e+02  -7.3802865527295197e+01
   9.2800000000000000e+02  -7.3223369782848394e+01
   9.2900000000000000e+02  -7.3657501172140996e+01
   9.3000000000000000e+02  -7.3470787201009003e+01
   9.3100000000000000e+02  -7.3516025453992796e+01
   9.3200000000000000e+02  -7.3656261063640997e+01
   9.3300000000000000e+02  -7.3722952055370797e+01
   9.3400000000000000e+02  -7.3983717016266795e+01
   9.3500000000000000e+02  -7.4265532222329597e+01
   9.3600000000000000e+02  -7.4604138214429398e+01
   9.3700000000000000e+02  -7.4769940955850501e+01
   9.3800000000000000e+02  -7.4374270689932402e+01
   9.3900000000000000e+02  -7.4616220386456305e+01
   9.4000000000000000e+02  -7.5112448503823501e+01
   9.4100000000000000e+02  -7.5537634363867397e+01
   9.4200000000000000e+02  -7.5576411546347401e+01
   9.4300000000000000e+02  -7.5377027507271507e+01
   9.4400000000000000e+02  -7.6146291726632398e+01
   9.4500000000000000e+02  -7.6382968827767399e+01
   9.4600000000000000e+02  -7.6302744052839202e+01
   9.4700000000000000e+02  -7.6279148959492005e+01
   9.4800000000000000e+02  -7.6274878268760602e+01
   9.4900000000000000e+02  -7.5808592478747997e+01
   9.5000000000000000e+02  -7.5700484429236695e+01
   9.5100000000000000e+02  -7.5536638097839898e+01
   9.5200000000000000e+02  -7.4885426328085003e+01
   9.5300000000000000e+02  -7.4690428763884796e+01
   9.5400000000000000e+02  -7.4846178423944295e+01
   9.5500000000000000e+02  -7.4741923470644807e+01
   9.5600000000000000e+02  -7.5145922038215005e+01
   9.5700000000000000e+02  -7.5667763434538600e+01
   9.5800000000000000e+02  -7.5033968478938505e+01
   9.5900000000000000e+02  -7.5386966963657798e+01
   9.6000000000000000e+02  -7.5868261771789705e+01
   9.6100000000000000e+02  -7.5958191524724498e+01
   9.6200000000000000e+02  -7.5428638843307297e+01
   9.6300000000000000e+02  -7.5095618622772307e+01
   9.6400000000000000e+02  -7.4868084145557006e+01
   9.6500000000000000e+02  -7.4823461111309797e+01
   9.6600000000000000e+02  -7.4957184463827900e+01
   9.6700000000000000e+02  -7.4963476608114604e+01
   9.6800000000000000e+02  -7.4690221496875907e+01
   9.6900000000000000e+02  -7.4821090809943300e+01
   9.7000000000000000e+02  -7.4758785232969203e+01
   9.7100000000000000e+02  -7.4526885846319303e+01
   9.7200000000000000e+02  -7.4577904448657705e+01
   9.7300000000000000e+02  -7.3999922734195806e+01
   9.7400000000000000e+02  -7.4194246223090602e+01
   9.7500000000000000e+02  -7.4101283772710900e+01
   9.7600000000000000e+02  -7.4012962166831699e+01
   9.7700000000000000e+02  -7.4178007348188402e+01
   9.7800000000000000e+02  -7.3483300823949804e+01
   9.7900000000000000e+02  -7.3606328921033494e+01
   9.8000000000000000e+02  -7.3420422987271905e+01
   9.8100000000000000e+02  -7.3114089586947898e+01
   9.8200000000000000e+02  -7.3226694644601295e+01
   9.8300000000000000e+02  -7.2740358620606202e+01
   9.8400000000000000e+02  -7.2782070038631403e+01
   9.8500000000000000e+02  -7.2809497061697698e+01
   9.8600000000000000e+02  -7.2854744750180203e+01
   9.8700000000000000e+02  -7.2466722683444303e+01
   9.8800000000000000e+02  -7.2592106194521094e+01
   9.8900000000000000e+02  -7.2956643428178197e+01
   9.9000000000000000e+02  -7.3176458947611096e+01
   9.9100000000000000e+02  -7.3435495118136402e+01
   9.9200000000000000e+02  -7.3725909503115901e+01
   9.9300000000000000e+02  -7.3990835325302996e+01
   9.9400000000000000e+02  -7.3742999747013101e+01
   9.9500000000000000e+02  -7.3523194223688094e+01
   9.9600000000000000e+02  -7.3367439281745206e+01
   9.9700000000000000e+02  -7.3736877169582002e+01
   9.9800000000000000e+02  -7.3628736169469207e+01
   9.9900000000000000e+02  -7.3578209253949495e+01
   1.0000000000000000e+03  -7.3729273363355006e+01
   1.0010000000000000e+03  -7.3368404995776004e+01
   1.0020000000000000e+03  -7.3878962027252499e+01
   1.0030000000000000e+03  -7.3527213250939099e+01
   1.0040000000000000e+03  -7.3086267756202901e+01
   1.0050000000000000e+03  -7.3008275767116004e+01
   1.0060000000000000e+03  -7.2588840237087197e+01
   1.0070000000000000e+03  -7.2249252665404200e+01
   1.0080000000000000e+03  -7.2254282345918000e+01
   1.0090000000000000e+03  -7.2316042935073099e+01
   1.0100000000000000e+03  -7.3116390643193995e+01
   1.0110000000000000e+03  -7.2601716831234697e+01
   1.0120000000000000e+03  -7.2584829693439005e+01
   1.0130000000000000e+03  -7.3217499705531907e+01
   1.0140000000000000e+03  -7.2861312841217000e+01
   1.0150000000000000e+03  -7.2541108036018997e+01
   1.0160000000000000e+03  -7.2882584125820898e+01
   1.0170000000000000e+03  -7.2799004996383204e+01
   1.0180000000000000e+03  -7.2894312351798405e+01
   1.0190000000000000e+03  -7.3369708814617496e+01
   1.0200000000000000e+03  -7.3701714787312397e+01
   1.0210000000000000e+03  -7.3745636790019503e+01
   1.0220000000000000e+03  -7.4339744768185000e+01
   1.0230000000000000e+03  -7.4511441696607406e+01
   1.0240000000000000e+03  -7.4329175860015894e+01
   1.0250000000000000e+03  -7.4583189874024498e+01
   1.0260000000000000e+03  -7.4720804943251096e+01
   1.0270000000000000e+03  -7.4497159998058294e+01
   1.0280000000000000e+03  -7.4553327555747600e+01
   1.0290000000000000e+03  -7.4469629908814198e+01
   1.0300000000000000e+03  -7.4325005482573005e+01
   1.0310000000000000e+03  -7.4591526113372396e+01
   1.0320000000000000e+03  -7.4862445692970994e+01
   1.0330000000000000e+03  -7.4803434494987698e+01
   1.0340000000000000e+03  -7.4581369867217205e+01
   1.0350000000000000e+03  -7.4408882001725701e+01
   1.0360000000000000e+03  -7.4081474419260900e+01
   1.0370000000000000e+03  -7.4405255789757504e+01
   1.0380000000000000e+03  -7.4398987239816705e+01
   1.0390000000000000e+03  -7.4219167297581905e+01
   1.0400000000000000e+03  -7.4312288614402206e+01
   1.0410000000000000e+03  -7.4655175352690605e+01
   1.0420000000000000e+03  -7.4595215361732997e+01
   1.0430000000000000e+03  -7.4803628547839907e+01
   1.0440000000000000e+03  -7.4872727665230698e+01
   1.0450000000000000e+03  -7.4769463890189698e+01
   1.0460000000000000e+03  -7.4834135642389299e+01
   1.0470000000000000e+03  -7.4921663606691098e+01
   1.0480000000000000e+03  -7.5213395572891699e+01
   1.0490000000000000e+03  -7.5102309044176195e+01
   1.0500000000000000e+03  -7.5235111684613997e+01
   1.0510000000000000e+03  -7.5163801210306005e+01
   1.0520000000000000e+03  -7.5145779504558703e+01
   1.0530000000000000e+03  -7.5410540371722007e+01
   1.0540000000000000e+03  -7.5035922610372495e+01
   1.0550000000000000e+03  -7.4484591784845094e+01
   1.0560000000000000e+03  -7.4271618919435596e+01
   1.0570000000000000e+03  -7.4143549698578497e+01
   1.0580000000000000e+03  -7.3935555348670306e+01
   1.0590000000000000e+03  -7.3775314485793899e+01
   1.0600000000000000e+03  -7.3522747409253697e+01
   1.0610000000000000e+03  -7.3362439364272504e+01
   1.0620000000000000e+03  -7.3571426396883496e+01
   1.0630000000000000e+03  -7.4000208347831403e+01
   1.0640000000000000e+03  -7.4403656771281206e+01
   1.0650000000000000e+03  -7.4033529002853001e+01
   1.0660000000000000e+03  -7.3945533255685902e+01
   1.0670000000000000e+03  -7.3962132095543893e+01
   1.0680000000000000e+03  -7.4350320407422203e+01
   1.0690000000000000e+03  -7.4341960409278499e+01
   1.0700000000000000e+03  -7.4408847339576596e+01
   1.0710000000000000e+03  -7.4197877432894501e+01
   1.0720000000000000e+03  -7.4243633253113501e+01
   1.0730000000000000e+03  -7.4666048385672298e+01
   1.0740000000000000e+03  -7.4618905813996406e+01
   1.0750000000000000e+03  -7.4290062971958605e+01
   1.0760000000000000e+03  -7.3994664896673299e+01
   1.0770000000000000e+03  -7.3812052422146905e+01
   1.0780000000000000e+03  -7.3492865690787298e+01
   1.0790000000000000e+03  -7.3253995247981607e+01
   1.0800000000000000e+03  -7.3675543258461104e+01
   1.0810000000000000e+03  -7.3697494647699997e+01
   1.0820000000000000e+03  -7.3900009952104298e+01
   1.0830000000000000e+03  -7.3478646443779496e+01
   1.0840000000000000e+03  -7.3891138593517297e+01
   1.0850000000000000e+03  -7.4261437304580497e+01
   1.0860000000000000e+03  -7.3997034925785101e+01
   1.0870000000000000e+03  -7.4031633255301699e+01
   1.0880000000000000e+03  -7.3817378207856805e+01
   1.0890000000000000e+03  -7.3754700065690997e+01
   1.0900000000000000e+03  -7.3895885231075297e+01
   1.0910000000000000e+03  -7.4214504086057602e+01
   1.0920000000000000e+03  -7.3806659603954699e+01
   1.0930000000000000e+03  -7.3330991651950498e+01
   1.0940000000000000e+03  -7.3060441326837505e+01
   1.0950000000000000e+03  -7.2921895617092602e+01
   1.0960000000000000e+03  -7.2868851366861193e+01
   1.0970000000000000e+03  -7.2300072995752998e+01
   1.0980000000000000e+03  -7.1942613658759598e+01
   1.0990000000000000e+03  -7.2328197182326306e+01
   1.1000000000000000e+03  -7.2402301386577307e+01
   1.1010000000000000e+03  -7.2480165258979994e+01
   1.1020000000000000e+03  -7.2804870138619194e+01
   1.1030000000000000e+03  -7.2670121562164596e+01
   1.1040000000000000e+03  -7.2569363024502906e+01
   1.1050000000000000e+03  -7.2230687048904500e+01
   1.1060000000000000e+03  -7.1807147948112302e+01
   1.1070000000000000e+03  -7.1645338522157203e+01
   1.1080000000000000e+03  -7.1217144365422598e+01
   1.1090000000000000e+03  -7.1286671613047304e+01
   1.1100000000000000e+03  -7.1415737129958302e+01
   1.1110000000000000e+03  -7.1544358258088906e+01
   1.1120000000000000e+03  -7.1186895677493695e+01
   1.1130000000000000e+03  -7.1128279311128395e+01
   1.1140000000000000e+03  -7.1408118947126496e+01
   1.1150000000000000e+03  -7.1859264827600001e+01
   1.1160000000000000e+03  -7.1907778186279700e+01
   1.1170000000000000e+03  -7.2199555664681000e+01
   1.1180000000000000e+03  -7.2337698959918697e+01
   1.1190000000000000e+03  -7.2361265291508403e+01
   1.1200000000000000e+03  -7.2691116384880900e+01
   1.1210000000000000e+03  -7.2552813689017896e+01
   1.1220000000000000e+03  -7.2735369094368195e+01
   1.1230000000000000e+03  -7.2533238213475499e+01
   1.1240000000000000e+03  -7.2509324058406705e+01
   1.1250000000000000e+03  -7.2524070672413600e+01
   1.1260000000000000e+03  -7.1875137277877101e+01
   1.1270000000000000e+03  -7.2466440690723900e+01
   1.1280000000000000e+03  -7.2452388239596502e+01
   1.1290000000000000e+03  -7.2492892047530106e+01
   1.1300000000000000e+03  -7.1903723715439597e+01
   1.1310000000000000e+03  -7.1672599827920294e+01
   1.1320000000000000e+03  -7.1105808448081703e+01
   1.1330000000000000e+03  -7.0961978783991299e+01
   1.1340000000000000e+03  -7.0655467692680304e+01
   1.1350000000000000e+03  -7.0425312248157695e+01
   1.1360000000000000e+03  -7.0033149303407200e+01
   1.1370000000000000e+03  -7.0097668936274104e+01
   1.1380000000000000e+03  -7.0368174634055407e+01
   1.1390000000000000e+03  -7.0437963400272395e+01
   1.1400000000000000e+03  -7.0630999344456697e+01
   1.1410000000000000e+03  -7.0683104608760900e+01
   1.1420000000000000e+03  -7.0380689446184604e+01
   1.1430000000000000e+03  -7.0198982242210803e+01
   1.1440000000000000e+03  -6.9594664510446194e+01
   1.1450000000000000e+03  -6.9656003045354794e+01
   1.1460000000000000e+03  -7.0079855009257699e+01
   1.1470000000000000e+03  -7.0343689426367703e+01
   1.1480000000000000e+03  -7.0319432861031800e+01
   1.1490000000000000e+03  -7.0562346226222004e+01
   1.1500000000000000e+03  -6.9979169898529605e+01
   1.1510000000000000e+03  -7.0287949934641901e+01
   1.1520000000000000e+03  -7.0039673064621098e+01
   1.1530000000000000e+03  -7.0336449214504299e+01
   1.1540000000000000e+03  -7.0439125895861594e+01
   1.1550000000000000e+03  -6.9846937053648304e+01
   1.1560000000000000e+03  -6.9733405671211997e+01
   1.1570000000000000e+03  -6.9813028427939798e+01
   1.1580000000000000e+03  -6.9632489129947004e+01
   1.1590000000000000e+03  -6.9367456229104306e+01
   1.1600000000000000e+03  -6.8929902157090197e+01
   1.1610000000000000e+03  -6.8777527526310095e+01
   1.1620000000000000e+03  -6.8564706645112196e+01
   1.1630000000000000e+03  -6.8196460387190399e+01
   1.1640000000000000e+03  -6.7776117989600294e+01
   1.1650000000000000e+03  -6.7241907102846895e+01
   1.1660000000000000e+03  -6.6724086055352402e+01
   1.1670000000000000e+03  -6.6223314362453394e+01
   1.1680000000000000e+03  -6.5574921726205702e+01
   1.1690000000000000e+03  -6.4935937934413005e+01
   1.1700000000000000e+03  -6.4354484087778602e+01
   1.1710000000000000e+03  -6.4165302847793896e+01
   1.1720000000000000e+03  -6.3380255574815600e+01
   1.1730000000000000e+03  -6.2484728769234998e+01
   1.1740000000000000e+03  -6.1569543747504603e+01
   1.1750000000000000e+03  -6.0143447991028502e+01
   1.1760000000000000e+03  -5.8128509116696399e+01
   1.1770000000000000e+03  -5.4828768371315498e+01
   1.1780000000000000e+03  -4.6762422723191698e+01
   1.1790000000000000e+03  -1.3922236615577599e+01
