  -1.0000000000000000e+02  -7.1960413330888997e+01
  -9.9000000000000000e+01  -7.2457333500918196e+01
  -9.8000000000000000e+01  -7.2596846401456702e+01
  -9.7000000000000000e+01  -7.2233898002992305e+01
  -9.6000000000000000e+01  -7.1882669619483707e+01
  -9.5000000000000000e+01  -7.1606214441330295e+01
  -9.4000000000000000e+01  -7.1458285293293301e+01
  -9.3000000000000000e+01  -7.1590791851202496e+01
  -9.2000000000000000e+01  -7.1565037957125298e+01
  -9.1000000000000000e+01  -7.1525919424347705e+01
  -9.0000000000000000e+01  -7.1239720571957207e+01
  -8.9000000000000000e+01  -7.0876101151909296e+01
  -8.8000000000000000e+01  -7.0380443765415507e+01
  -8.7000000000000000e+01  -7.0198775587289802e+01
  -8.6000000000000000e+01  -7.0179411315249396e+01
  -8.5000000000000000e+01  -6.9855351953890207e+01
  -8.4000000000000000e+01  -6.9718910796202195e+01
  -8.3000000000000000e+01  -6.9795225097916202e+01
  -8.2000000000000000e+01  -7.0256834751733393e+01
  -8.1000000000000000e+01  -7.0773977720543300e+01
  -8.0000000000000000e+01  -7.0971094026213805e+01
  -7.9000000000000000e+01  -7.1000179106123497e+01
  -7.8000000000000000e+01  -7.1578234954325595e+01
  -7.7000000000000000e+01  -7.2097663729481596e+01
  -7.6000000000000000e+01  -7.2150678442042505e+01
  -7.5000000000000000e+01  -7.1717378842271998e+01
  -7.4000000000000000e+01  -7.2217670014982104e+01
  -7.3000000000000000e+01  -7.2515087647484293e+01
  -7.2000000000000000e+01  -7.2092036322075302e+01
  -7.1000000000000000e+01  -7.2363678079527602e+01
  -7.0000000000000000e+01  -7.2193444699671900e+01
  -6.9000000000000000e+01  -7.2109864854158701e+01
  -6.8000000000000000e+01  -7.2162290585025403e+01
  -6.7000000000000000e+01  -7.1916605793137094e+01
  -6.6000000000000000e+01  -7.1809735967932198e+01
  -6.5000000000000000e+01  -7.1839050180114299e+01
  -6.4000000000000000e+01  -7.1224383971895605e+01
  -6.3000000000000000e+01  -7.1499567939278805e+01
  -6.2000000000000000e+01  -7.2243998472094106e+01
  -6.1000000000000000e+01  -7.1626309387692103e+01
  -6.0000000000000000e+01  -7.1804822052809300e+01
  -5.9000000000000000e+01  -7.1674752904614294e+01
  -5.8000000000000000e+01  -7.1339242760979701e+01
  -5.7000000000000000e+01  -7.1315715354422096e+01
  -5.6000000000000000e+01  -7.1468217629204005e+01
  -5.5000000000000000e+01  -7.1098627488949504e+01
  -5.4000000000000000e+01  -7.0700137429664906e+01
  -5.3000000000000000e+01  -7.0531866808660098e+01
  -5.2000000000000000e+01  -7.0486229248714906e+01
  -5.1000000000000000e+01  -7.0162811184402500e+01
  -5.0000000000000000e+01  -7.0190236208963896e+01
  -4.9000000000000000e+01  -7.0066274976229593e+01
  -4.8000000000000000e+01  -7.0304132087707998e+01
  -4.7000000000000000e+01  -6.9529604469554997e+01
  -4.6000000000000000e+01  -6.9551491130898398e+01
  -4.5000000000000000e+01  -7.0045012928625695e+01
  -4.4000000000000000e+01  -7.0142268779402201e+01
  -4.3000000000000000e+01  -7.0356087154045099e+01
  -4.2000000000000000e+01  -7.0463876847972102e+01
  -4.1000000000000000e+01  -6.9984015512680699e+01
  -4.0000000000000000e+01  -7.0566410011537101e+01
  -3.9000000000000000e+01  -7.0602275629590096e+01
  -3.8000000000000000e+01  -7.0322860299293296e+01
  -3.7000000000000000e+01  -7.0293597950038205e+01
  -3.6000000000000000e+01  -6.9920888149572704e+01
  -3.5000000000000000e+01  -6.9872607187957200e+01
  -3.4000000000000000e+01  -6.9783123665681600e+01
  -3.3000000000000000e+01  -6.9527443921000000e+01
  -3.2000000000000000e+01  -6.9336847921884100e+01
  -3.1000000000000000e+01  -6.8980133206167494e+01
  -3.0000000000000000e+01  -6.8705388672225098e+01
  -2.9000000000000000e+01  -6.8334897206367700e+01
  -2.8000000000000000e+01  -6.8072932705507100e+01
  -2.7000000000000000e+01  -6.8004333433185096e+01
  -2.6000000000000000e+01  -6.7956077388664696e+01
  -2.5000000000000000e+01  -6.7537170470182303e+01
  -2.4000000000000000e+01  -6.7472021655823596e+01
  -2.3000000000000000e+01  -6.7509549651089301e+01
  -2.2000000000000000e+01  -6.7040370419586907e+01
  -2.1000000000000000e+01  -6.7066809748039503e+01
  -2.0000000000000000e+01  -6.7250845144762806e+01
  -1.9000000000000000e+01  -6.6755922186573002e+01
  -1.8000000000000000e+01  -6.6572792059845199e+01
  -1.7000000000000000e+01  -6.6630665417749597e+01
  -1.6000000000000000e+01  -6.6063890711087495e+01
  -1.5000000000000000e+01  -6.5905156970202995e+01
  -1.4000000000000000e+01  -6.6032560521924495e+01
  -1.3000000000000000e+01  -6.6140706357947806e+01
  -1.2000000000000000e+01  -6.5338624941895205e+01
  -1.1000000000000000e+01  -6.4985594789215199e+01
  -1.0000000000000000e+01  -6.4766664388203196e+01
  -9.0000000000000000e+00  -6.4397489263741605e+01
  -8.0000000000000000e+00  -6.4018593467583500e+01
  -7.0000000000000000e+00  -6.3010341462241300e+01
  -6.0000000000000000e+00  -6.1744357802992099e+01
  -5.0000000000000000e+00  -6.0705240542511198e+01
  -4.0000000000000000e+00  -5.9521293733711900e+01
  -3.0000000000000000e+00  -5.7820829476129497e+01
  -2.0000000000000000e+00  -5.4372529214121499e+01
  -1.0000000000000000e+00  -4.6066242326548398e+01
   0.0000000000000000e+00  -1.8181998552304702e+01
   1.0000000000000000e+00   1.4294362470802200e+00
   2.0000000000000000e+00   1.4158020164383000e+01
   3.0000000000000000e+00   2.0523279715689000e+01
   4.0000000000000000e+00   2.4105416889620500e+01
   5.0000000000000000e+00   2.6704668926360998e+01
   6.0000000000000000e+00   2.7852755728123299e+01
   7.0000000000000000e+00   2.7569688565053202e+01
   8.0000000000000000e+00   2.7318080656656100e+01
   9.0000000000000000e+00   2.7818169590524001e+01
   1.0000000000000000e+01   2.8472629299598498e+01
   1.1000000000000000e+01   2.9272218165535900e+01
   1.2000000000000000e+01   2.9262130604397200e+01
   1.3000000000000000e+01   2.9740967377146699e+01
   1.4000000000000000e+01   2.9974494474238199e+01
   1.5000000000000000e+01   3.0657711120169999e+01
   1.6000000000000000e+01   3.0552931345158800e+01
   1.7000000000000000e+01   3.0776315560488900e+01
   1.8000000000000000e+01   3.0909901987701399e+01
   1.9000000000000000e+01   3.0681253137051101e+01
   2.0000000000000000e+01   3.1185639786645702e+01
   2.1000000000000000e+01   3.1216477794831299e+01
   2.2000000000000000e+01   3.1273188461074302e+01
   2.3000000000000000e+01   3.1511667310638799e+01
   2.4000000000000000e+01   3.1432516110629599e+01
   2.5000000000000000e+01   3.1214950157669900e+01
   2.6000000000000000e+01   3.1214604771388501e+01
   2.7000000000000000e+01   3.1018479285820000e+01
   2.8000000000000000e+01   3.0901712166490601e+01
   2.9000000000000000e+01   3.0544519661698100e+01
   3.0000000000000000e+01   3.0578147537726100e+01
   3.1000000000000000e+01   3.0718451693570099e+01
   3.2000000000000000e+01   3.1266260329970901e+01
   3.3000000000000000e+01   3.1260709063159201e+01
   3.4000000000000000e+01   3.1607624674630301e+01
   3.5000000000000000e+01   3.1441685924613601e+01
   3.6000000000000000e+01   3.0930512939846601e+01
   3.7000000000000000e+01   3.1295243905114798e+01
   3.8000000000000000e+01   3.1533505802966200e+01
   3.9000000000000000e+01   3.1077878733038901e+01
   4.0000000000000000e+01   3.1541552194553201e+01
   4.1000000000000000e+01   3.1315353539415501e+01
   4.2000000000000000e+01   3.1276925701284700e+01
   4.3000000000000000e+01   3.1901756278170900e+01
   4.4000000000000000e+01   3.2059671714233801e+01
   4.5000000000000000e+01   3.2778256637547599e+01
   4.6000000000000000e+01   3.2816250694323401e+01
   4.7000000000000000e+01   3.2926078145449701e+01
   4.8000000000000000e+01   3.2977153002920602e+01
   4.9000000000000000e+01   3.3104008821927799e+01
   5.0000000000000000e+01   3.3435328541747602e+01
   5.1000000000000000e+01   3.3867875486936398e+01
   5.2000000000000000e+01   3.3955455394647998e+01
   5.3000000000000000e+01   3.4109039882757102e+01
   5.4000000000000000e+01   3.4168343284642603e+01
   5.5000000000000000e+01   3.4414445436501801e+01
   5.6000000000000000e+01   3.4139257025254501e+01
   5.7000000000000000e+01   3.3955060039272801e+01
   5.8000000000000000e+01   3.4204953153449900e+01
   5.9000000000000000e+01   3.4813462591657000e+01
   6.0000000000000000e+01   3.5075196517718702e+01
   6.1000000000000000e+01   3.4967252983936000e+01
   6.2000000000000000e+01   3.4939461223700697e+01
   6.3000000000000000e+01   3.5324114547145200e+01
   6.4000000000000000e+01   3.5530669026731800e+01
   6.5000000000000000e+01   3.5712285171421300e+01
   6.6000000000000000e+01   3.5424275380322499e+01
   6.7000000000000000e+01   3.5598861684464197e+01
   6.8000000000000000e+01   3.5570709054443000e+01
   6.9000000000000000e+01   3.5967048200686399e+01
   7.0000000000000000e+01   3.5866399547511897e+01
   7.1000000000000000e+01   3.5686145908977103e+01
   7.2000000000000000e+01   3.5370318801625899e+01
   7.3000000000000000e+01   3.5457197132110402e+01
   7.4000000000000000e+01   3.5755826230083898e+01
   7.5000000000000000e+01   3.6048559947890503e+01
   7.6000000000000000e+01   3.6571686304075300e+01
   7.7000000000000000e+01   3.6363538004120301e+01
   7.8000000000000000e+01   3.6359565232348203e+01
   7.9000000000000000e+01   3.6327967617758397e+01
   8.0000000000000000e+01   3.6708620845738402e+01
   8.1000000000000000e+01   3.6714416374183600e+01
   8.2000000000000000e+01   3.6454858380031901e+01
   8.3000000000000000e+01   3.6349786241497497e+01
   8.4000000000000000e+01   3.6087733658970798e+01
   8.5000000000000000e+01   3.5651050747038397e+01
   8.6000000000000000e+01   3.5337243322827398e+01
   8.7000000000000000e+01   3.5568612938573601e+01
   8.8000000000000000e+01   3.5611180068168103e+01
   8.9000000000000000e+01   3.5302345832665402e+01
   9.0000000000000000e+01   3.5577059370636803e+01
   9.1000000000000000e+01   3.5874545671034397e+01
   9.2000000000000000e+01   3.5734203803523101e+01
   9.3000000000000000e+01   3.6232795831112398e+01
   9.4000000000000000e+01   3.6004939983699202e+01
   9.5000000000000000e+01   3.5902678032463697e+01
   9.6000000000000000e+01   3.5874376707057799e+01
   9.7000000000000000e+01   3.6294060414991101e+01
   9.8000000000000000e+01   3.6505384933469202e+01
   9.9000000000000000e+01   3.6741449013718103e+01
   1.0000000000000000e+02   3.5923877011960599e+01
   1.0100000000000000e+02   3.5940219329691601e+01
   1.0200000000000000e+02   3.5934242113616698e+01
   1.0300000000000000e+02   3.5804629553845103e+01
   1.0400000000000000e+02   3.6150171508268997e+01
   1.0500000000000000e+02   3.6094135253812702e+01
   1.0600000000000000e+02   3.5929349408944702e+01
   1.0700000000000000e+02   3.6035045735317098e+01
   1.0800000000000000e+02   3.5646015763046002e+01
   1.0900000000000000e+02   3.5409159655357300e+01
   1.1000000000000000e+02   3.5725929007320303e+01
   1.1100000000000000e+02   3.5559559659149400e+01
   1.1200000000000000e+02   3.5608801975771598e+01
   1.1300000000000000e+02   3.5509447634346699e+01
   1.1400000000000000e+02   3.5058171799352301e+01
   1.1500000000000000e+02   3.5141559920283100e+01
   1.1600000000000000e+02   3.4519494689512499e+01
   1.1700000000000000e+02   3.4618703497785702e+01
   1.1800000000000000e+02   3.4201809504491898e+01
   1.1900000000000000e+02   3.3848846069484701e+01
   1.2000000000000000e+02   3.3483153461801102e+01
   1.2100000000000000e+02   3.3261755925266598e+01
   1.2200000000000000e+02   3.3076005637727199e+01
   1.2300000000000000e+02   3.2730527864585198e+01
   1.2400000000000000e+02   3.2940008852073397e+01
   1.2500000000000000e+02   3.3352797023359003e+01
   1.2600000000000000e+02   3.3563491530691600e+01
   1.2700000000000000e+02   3.3592935194477903e+01
   1.2800000000000000e+02   3.3419923279194201e+01
   1.2900000000000000e+02   3.3294904615086097e+01
   1.3000000000000000e+02   3.3575987300774500e+01
   1.3100000000000000e+02   3.3449946782419502e+01
   1.3200000000000000e+02   3.2900010699927797e+01
   1.3300000000000000e+02   3.2770629587675998e+01
   1.3400000000000000e+02   3.2371081436614197e+01
   1.3500000000000000e+02   3.2042439369800498e+01
   1.3600000000000000e+02   3.1882706809982000e+01
   1.3700000000000000e+02   3.2206930206466701e+01
   1.3800000000000000e+02   3.1984550099272500e+01
   1.3900000000000000e+02   3.2113905196840697e+01
   1.4000000000000000e+02   3.2225108247402801e+01
   1.4100000000000000e+02   3.2628388469313201e+01
   1.4200000000000000e+02   3.2846682815883298e+01
   1.4300000000000000e+02   3.2643792761431001e+01
   1.4400000000000000e+02   3.2786145214813097e+01
   1.4500000000000000e+02   3.2911546612399597e+01
   1.4600000000000000e+02   3.3236827900531502e+01
   1.4700000000000000e+02   3.3515324597143703e+01
   1.4800000000000000e+02   3.2824528701086898e+01
   1.4900000000000000e+02   3.2287309063608099e+01
   1.5000000000000000e+02   3.2168494377997199e+01
   1.5100000000000000e+02   3.2520619920989297e+01
   1.5200000000000000e+02   3.2456305913191500e+01
   1.5300000000000000e+02   3.2061165536218702e+01
   1.5400000000000000e+02   3.2497226536898999e+01
   1.5500000000000000e+02   3.2396503705488897e+01
   1.5600000000000000e+02   3.1733021742180402e+01
   1.5700000000000000e+02   3.1667074854909000e+01
   1.5800000000000000e+02   3.1561886044843799e+01
   1.5900000000000000e+02   3.1305870603857500e+01
   1.6000000000000000e+02   3.1171632067192899e+01
   1.6100000000000000e+02   3.1251680802692000e+01
   1.6200000000000000e+02   3.1208753357043602e+01
   1.6300000000000000e+02   3.1341754823938700e+01
   1.6400000000000000e+02   3.1056705435031301e+01
   1.6500000000000000e+02   3.0877407938024302e+01
   1.6600000000000000e+02   3.0887496667779800e+01
   1.6700000000000000e+02   3.0167871758567500e+01
   1.6800000000000000e+02   2.9730602944391201e+01
   1.6900000000000000e+02   3.0226308114192602e+01
   1.7000000000000000e+02   2.9594014056647801e+01
   1.7100000000000000e+02   2.9784230607484300e+01
   1.7200000000000000e+02   2.9436720537880198e+01
   1.7300000000000000e+02   2.9385817735495401e+01
   1.7400000000000000e+02   2.9678250061078302e+01
   1.7500000000000000e+02   2.9492396999195599e+01
   1.7600000000000000e+02   2.8894943351989902e+01
   1.7700000000000000e+02   2.9152803538377999e+01
   1.7800000000000000e+02   2.8610987984500500e+01
   1.7900000000000000e+02   2.8297565340943699e+01
   1.8000000000000000e+02   2.8053000710752801e+01
   1.8100000000000000e+02   2.7923043237237401e+01
   1.8200000000000000e+02   2.7000451328730101e+01
   1.8300000000000000e+02   2.7598222308808101e+01
   1.8400000000000000e+02   2.7461000474975499e+01
   1.8500000000000000e+02   2.7741372941191301e+01
   1.8600000000000000e+02   2.7844303094286300e+01
   1.8700000000000000e+02   2.8237567732348101e+01
   1.8800000000000000e+02   2.8040341350435099e+01
   1.8900000000000000e+02   2.7563320661685498e+01
   1.9000000000000000e+02   2.7543290094844700e+01
   1.9100000000000000e+02   2.6967820170892900e+01
   1.9200000000000000e+02   2.6802430336589101e+01
   1.9300000000000000e+02   2.6517284726479399e+01
   1.9400000000000000e+02   2.6161993590274399e+01
   1.9500000000000000e+02   2.6156388241299201e+01
   1.9600000000000000e+02   2.5521689489754600e+01
   1.9700000000000000e+02   2.5439646240865901e+01
   1.9800000000000000e+02   2.5459604461306501e+01
   1.9900000000000000e+02   2.5087909034306001e+01
   2.0000000000000000e+02   2.5396363215616301e+01
   2.0100000000000000e+02   2.5327227988193801e+01
   2.0200000000000000e+02   2.4927432993803301e+01
   2.0300000000000000e+02   2.4352699928777099e+01
   2.0400000000000000e+02   2.4226632956868201e+01
   2.0500000000000000e+02   2.3624837580640900e+01
   2.0600000000000000e+02   2.3527505903562499e+01
   2.0700000000000000e+02   2.3778794757074301e+01
   2.0800000000000000e+02   2.3679087402630302e+01
   2.0900000000000000e+02   2.3250897886390000e+01
   2.1000000000000000e+02   2.2654520405677399e+01
   2.1100000000000000e+02   2.2166342717510499e+01
   2.1200000000000000e+02   2.1507286451346999e+01
   2.1300000000000000e+02   2.1375680242815701e+01
   2.1400000000000000e+02   2.0960387030678000e+01
   2.1500000000000000e+02   2.0791141693237101e+01
   2.1600000000000000e+02   2.0868055362356898e+01
   2.1700000000000000e+02   2.1564191358087701e+01
   2.1800000000000000e+02   2.1703518662986799e+01
   2.1900000000000000e+02   2.1713716179996400e+01
   2.2000000000000000e+02   2.1441702309925098e+01
   2.2100000000000000e+02   2.1114459823619999e+01
   2.2200000000000000e+02   2.1143081132061599e+01
   2.2300000000000000e+02   2.0888429599458899e+01
   2.2400000000000000e+02   2.0753513995590399e+01
   2.2500000000000000e+02   2.1018648638067098e+01
   2.2600000000000000e+02   2.0674384943336999e+01
   2.2700000000000000e+02   2.0790668806589299e+01
   2.2800000000000000e+02   2.0482026982573998e+01
   2.2900000000000000e+02   1.9558311114306999e+01
   2.3000000000000000e+02   1.9420532717087099e+01
   2.3100000000000000e+02   1.9698282339684400e+01
   2.3200000000000000e+02   1.9602630649732902e+01
   2.3300000000000000e+02   1.8889842023705199e+01
   2.3400000000000000e+02   1.9178808279891701e+01
   2.3500000000000000e+02   1.9365243098373700e+01
   2.3600000000000000e+02   1.9477225872740700e+01
   2.3700000000000000e+02   1.9250870962566498e+01
   2.3800000000000000e+02   1.9172389184635900e+01
   2.3900000000000000e+02   1.9479806842179499e+01
   2.4000000000000000e+02   1.9322334687866800e+01
   2.4100000000000000e+02   1.9415709455459901e+01
   2.4200000000000000e+02   1.8901004607044801e+01
   2.4300000000000000e+02   1.8573290891728501e+01
   2.4400000000000000e+02   1.8390951314182601e+01
   2.4500000000000000e+02   1.8717665722047599e+01
   2.4600000000000000e+02   1.9207126924282100e+01
   2.4700000000000000e+02   1.8694813776533799e+01
   2.4800000000000000e+02   1.7917979538743499e+01
   2.4900000000000000e+02   1.7833872256816999e+01
   2.5000000000000000e+02   1.7692681443973299e+01
   2.5100000000000000e+02   1.7966052277538200e+01
   2.5200000000000000e+02   1.7451971863855601e+01
   2.5300000000000000e+02   1.7470251617626001e+01
   2.5400000000000000e+02   1.7521115950222999e+01
   2.5500000000000000e+02   1.7472989422354001e+01
   2.5600000000000000e+02   1.7443970938961900e+01
   2.5700000000000000e+02   1.7070537337151102e+01
   2.5800000000000000e+02   1.6720598290280499e+01
   2.5900000000000000e+02   1.6244653644322899e+01
   2.6000000000000000e+02   1.6037574040779699e+01
   2.6100000000000000e+02   1.5798130371346700e+01
   2.6200000000000000e+02   1.5838306280489400e+01
   2.6300000000000000e+02   1.6235770245173299e+01
   2.6400000000000000e+02   1.6002552587624500e+01
   2.6500000000000000e+02   1.5876156801222100e+01
   2.6600000000000000e+02   1.5842287034431701e+01
   2.6700000000000000e+02   1.5578850067217800e+01
   2.6800000000000000e+02   1.5411680375711400e+01
   2.6900000000000000e+02   1.4984491560632700e+01
   2.7000000000000000e+02   1.4967964905155100e+01
   2.7100000000000000e+02   1.4430023964783601e+01
   2.7200000000000000e+02   1.3445572815621100e+01
   2.7300000000000000e+02   1.3746692838839600e+01
   2.7400000000000000e+02   1.3049788992925199e+01
   2.7500000000000000e+02   1.2895823037273500e+01
   2.7600000000000000e+02   1.2616439147571500e+01
   2.7700000000000000e+02   1.2470669514401100e+01
   2.7800000000000000e+02   1.2250559875755600e+01
   2.7900000000000000e+02   1.1950853926225500e+01
   2.8000000000000000e+02   1.1726319808043000e+01
   2.8100000000000000e+02   1.1196385490141800e+01
   2.8200000000000000e+02   1.1203540424809100e+01
   2.8300000000000000e+02   1.0617137075632201e+01
   2.8400000000000000e+02   1.0320962384305000e+01
   2.8500000000000000e+02   1.0255055819564200e+01
   2.8600000000000000e+02   9.6502506895580797e+00
   2.8700000000000000e+02   9.4512264536733994e+00
   2.8800000000000000e+02   9.1758649870938491e+00
   2.8900000000000000e+02   8.7054481018583107e+00
   2.9000000000000000e+02   8.4573278581137892e+00
   2.9100000000000000e+02   8.3930200736846903e+00
   2.9200000000000000e+02   7.8470576822478701e+00
   2.9300000000000000e+02   7.4641095015706798e+00
   2.9400000000000000e+02   7.1976322004618396e+00
   2.9500000000000000e+02   7.0398647662613998e+00
   2.9600000000000000e+02   6.9890778862976299e+00
   2.9700000000000000e+02   6.8643601505415397e+00
   2.9800000000000000e+02   6.0432289066791798e+00
   2.9900000000000000e+02   6.1463019991722003e+00
   3.0000000000000000e+02   5.9030687132593798e+00
   3.0100000000000000e+02   5.6874136215792701e+00
   3.0200000000000000e+02   5.3728513589304399e+00
   3.0300000000000000e+02   5.0124350809192402e+00
   3.0400000000000000e+02   4.9101776442820899e+00
   3.0500000000000000e+02   4.8285016629650599e+00
   3.0600000000000000e+02   4.5657636505062804e+00
   3.0700000000000000e+02   4.4401039236813400e+00
   3.0800000000000000e+02   3.9935704247969199e+00
   3.0900000000000000e+02   4.0466620675148102e+00
   3.1000000000000000e+02   3.5401398426850799e+00
   3.1100000000000000e+02   2.9900175903306700e+00
   3.1200000000000000e+02   2.7787836175617402e+00
   3.1300000000000000e+02   2.7422556114275101e+00
   3.1400000000000000e+02   2.8846384846992499e+00
   3.1500000000000000e+02   2.5809282899732500e+00
   3.1600000000000000e+02   2.8363733101118700e+00
   3.1700000000000000e+02   2.7361508244480901e+00
   3.1800000000000000e+02   2.1884774579025801e+00
   3.1900000000000000e+02   1.8712556179535300e+00
   3.2000000000000000e+02   2.0353388362457800e+00
   3.2100000000000000e+02   1.8002886625182299e+00
   3.2200000000000000e+02   1.4886884091252099e+00
   3.2300000000000000e+02   1.1621035299227100e+00
   3.2400000000000000e+02   7.4064834217468600e-01
   3.2500000000000000e+02  -2.1265896671100199e-02
   3.2600000000000000e+02  -6.6273719148494803e-01
   3.2700000000000000e+02  -7.3144161888205705e-01
   3.2800000000000000e+02  -9.1618550884048100e-01
   3.2900000000000000e+02  -1.0094388628870401e+00
   3.3000000000000000e+02  -1.4010695916317000e+00
   3.3100000000000000e+02  -2.3289699085095199e+00
   3.3200000000000000e+02  -2.5723736935587800e+00
   3.3300000000000000e+02  -3.0540681768128102e+00
   3.3400000000000000e+02  -3.4165199436828102e+00
   3.3500000000000000e+02  -3.7981880473937002e+00
   3.3600000000000000e+02  -4.0781526653606601e+00
   3.3700000000000000e+02  -4.1756648447470903e+00
   3.3800000000000000e+02  -4.8315937396571504e+00
   3.3900000000000000e+02  -5.0446933298199799e+00
   3.4000000000000000e+02  -5.2967991560877703e+00
   3.4100000000000000e+02  -4.9588809723457503e+00
   3.4200000000000000e+02  -5.2923204700464002e+00
   3.4300000000000000e+02  -5.7957356153101998e+00
   3.4400000000000000e+02  -6.3803834413673899e+00
   3.4500000000000000e+02  -6.7758873472693502e+00
   3.4600000000000000e+02  -7.3108476899415296e+00
   3.4700000000000000e+02  -7.5320567007607799e+00
   3.4800000000000000e+02  -8.2549121710753202e+00
   3.4900000000000000e+02  -8.1449307918554599e+00
   3.5000000000000000e+02  -8.3847605448910691e+00
   3.5100000000000000e+02  -8.6211361652309595e+00
   3.5200000000000000e+02  -9.1582431985123698e+00
   3.5300000000000000e+02  -9.6623559522420805e+00
   3.5400000000000000e+02  -1.0397287252615801e+01
   3.5500000000000000e+02  -1.0745801742023000e+01
   3.5600000000000000e+02  -1.0907860885695500e+01
   3.5700000000000000e+02  -1.0893465888257300e+01
   3.5800000000000000e+02  -1.1412388108011100e+01
   3.5900000000000000e+02  -1.1395153183668601e+01
   3.6000000000000000e+02  -1.1939445742516300e+01
   3.6100000000000000e+02  -1.2770217791852801e+01
   3.6200000000000000e+02  -1.3275508701456200e+01
   3.6300000000000000e+02  -1.3235892367699400e+01
   3.6400000000000000e+02  -1.4250500337559799e+01
   3.6500000000000000e+02  -1.5208472660582700e+01
   3.6600000000000000e+02  -1.5361236368031999e+01
   3.6700000000000000e+02  -1.5953692447116600e+01
   3.6800000000000000e+02  -1.6122726965080599e+01
   3.6900000000000000e+02  -1.6782470437863200e+01
   3.7000000000000000e+02  -1.7615885444181799e+01
   3.7100000000000000e+02  -1.8116612702018401e+01
   3.7200000000000000e+02  -1.8889683503403202e+01
   3.7300000000000000e+02  -1.9737632435748299e+01
   3.7400000000000000e+02  -2.0310561163354699e+01
   3.7500000000000000e+02  -2.0607661649234199e+01
   3.7600000000000000e+02  -2.0915403973999499e+01
   3.7700000000000000e+02  -2.1497611097395200e+01
   3.7800000000000000e+02  -2.1946571489733401e+01
   3.7900000000000000e+02  -2.2480545757086201e+01
   3.8000000000000000e+02  -2.3280591342582699e+01
   3.8100000000000000e+02  -2.3684601121435499e+01
   3.8200000000000000e+02  -2.4170009988314700e+01
   3.8300000000000000e+02  -2.4670700156178000e+01
   3.8400000000000000e+02  -2.5275401667531298e+01
   3.8500000000000000e+02  -2.5627762954500799e+01
   3.8600000000000000e+02  -2.6349963059564701e+01
   3.8700000000000000e+02  -2.7124995193776702e+01
   3.8800000000000000e+02  -2.7691663454266099e+01
   3.8900000000000000e+02  -2.8474570966904501e+01
   3.9000000000000000e+02  -2.9377007523633299e+01
   3.9100000000000000e+02  -2.9931697195196399e+01
   3.9200000000000000e+02  -3.0492327756173999e+01
   3.9300000000000000e+02  -3.1285655814443700e+01
   3.9400000000000000e+02  -3.1560467056219299e+01
   3.9500000000000000e+02  -3.1951725974684098e+01
   3.9600000000000000e+02  -3.3462175114422401e+01
   3.9700000000000000e+02  -3.4056870547119999e+01
   3.9800000000000000e+02  -3.4827443119491399e+01
   3.9900000000000000e+02  -3.5057230669036301e+01
   4.0000000000000000e+02  -3.6421960237907797e+01
   4.0100000000000000e+02  -3.7074663965545803e+01
   4.0200000000000000e+02  -3.7768741987721498e+01
   4.0300000000000000e+02  -3.8221123396644103e+01
   4.0400000000000000e+02  -3.8812274243302902e+01
   4.0500000000000000e+02  -3.9326946931616497e+01
   4.0600000000000000e+02  -4.0043959990513997e+01
   4.0700000000000000e+02  -4.0624849547134197e+01
   4.0800000000000000e+02  -4.1564914509681103e+01
   4.0900000000000000e+02  -4.2359486647194402e+01
   4.1000000000000000e+02  -4.3103727134072301e+01
   4.1100000000000000e+02  -4.3525398783031903e+01
   4.1200000000000000e+02  -4.4165667743846299e+01
   4.1300000000000000e+02  -4.4960311749197800e+01
   4.1400000000000000e+02  -4.5568832489690500e+01
   4.1500000000000000e+02  -4.6368813351780098e+01
   4.1600000000000000e+02  -4.7324329794472199e+01
   4.1700000000000000e+02  -4.8025013763925401e+01
   4.1800000000000000e+02  -4.8745505776330802e+01
   4.1900000000000000e+02  -4.9975216239364002e+01
   4.2000000000000000e+02  -5.0226766593522100e+01
   4.2100000000000000e+02  -5.0863729343989299e+01
   4.2200000000000000e+02  -5.2174072482549903e+01
   4.2300000000000000e+02  -5.3101444447883800e+01
   4.2400000000000000e+02  -5.3865665905398700e+01
   4.2500000000000000e+02  -5.4827218888931696e+01
   4.2600000000000000e+02  -5.5092597977299803e+01
   4.2700000000000000e+02  -5.5550960652240100e+01
   4.2800000000000000e+02  -5.6210161682912798e+01
   4.2900000000000000e+02  -5.6948310099020901e+01
   4.3000000000000000e+02  -5.7876686978029397e+01
   4.3100000000000000e+02  -5.8358043426522002e+01
   4.3200000000000000e+02  -5.9148334175483498e+01
   4.3300000000000000e+02  -5.9981498490056801e+01
   4.3400000000000000e+02  -6.0641214561635699e+01
   4.3500000000000000e+02  -6.1284589922082397e+01
   4.3600000000000000e+02  -6.2484068268319902e+01
   4.3700000000000000e+02  -6.3684838147362797e+01
   4.3800000000000000e+02  -6.4019647594417805e+01
   4.3900000000000000e+02  -6.5371498644078301e+01
   4.4000000000000000e+02  -6.5492515031280604e+01
   4.4100000000000000e+02  -6.6430150806693206e+01
   4.4200000000000000e+02  -6.7128407308871601e+01
   4.4300000000000000e+02  -6.7353623979603896e+01
   4.4400000000000000e+02  -6.7614561952572004e+01
   4.4500000000000000e+02  -6.7871709566372004e+01
   4.4600000000000000e+02  -6.8234561858594702e+01
   4.4700000000000000e+02  -6.9085769786579107e+01
   4.4800000000000000e+02  -6.9419400721696704e+01
   4.4900000000000000e+02  -6.9469377703584399e+01
   4.5000000000000000e+02  -6.9671340940673105e+01
   4.5100000000000000e+02  -7.0324448550727894e+01
   4.5200000000000000e+02  -7.0911994833556506e+01
   4.5300000000000000e+02  -7.1340981265836803e+01
   4.5400000000000000e+02  -7.1111078587324499e+01
   4.5500000000000000e+02  -7.1745634327162605e+01
   4.5600000000000000e+02  -7.2117628382694207e+01
   4.5700000000000000e+02  -7.2049331193954501e+01
   4.5800000000000000e+02  -7.1914274491149200e+01
   4.5900000000000000e+02  -7.2653939992593905e+01
   4.6000000000000000e+02  -7.2672903282049703e+01
   4.6100000000000000e+02  -7.2573089123141500e+01
   4.6200000000000000e+02  -7.3261695057152906e+01
   4.6300000000000000e+02  -7.4176281029306395e+01
   4.6400000000000000e+02  -7.4486208684843106e+01
   4.6500000000000000e+02  -7.4713973809860803e+01
   4.6600000000000000e+02  -7.5131007054154594e+01
   4.6700000000000000e+02  -7.5372219758583796e+01
   4.6800000000000000e+02  -7.4894777608828605e+01
   4.6900000000000000e+02  -7.4857130450630294e+01
   4.7000000000000000e+02  -7.5039052424458802e+01
   4.7100000000000000e+02  -7.5272222113886301e+01
   4.7200000000000000e+02  -7.5337439059577207e+01
   4.7300000000000000e+02  -7.4692677015089899e+01
   4.7400000000000000e+02  -7.5136837035393199e+01
   4.7500000000000000e+02  -7.5419727318629796e+01
   4.7600000000000000e+02  -7.5407362926891295e+01
   4.7700000000000000e+02  -7.5600462366212199e+01
   4.7800000000000000e+02  -7.5145767000278596e+01
   4.7900000000000000e+02  -7.5341773815506599e+01
   4.8000000000000000e+02  -7.5600914587614398e+01
   4.8100000000000000e+02  -7.5823381595301399e+01
   4.8200000000000000e+02  -7.5886910165396301e+01
   4.8300000000000000e+02  -7.6017856170058394e+01
   4.8400000000000000e+02  -7.6336148033784596e+01
   4.8500000000000000e+02  -7.6160393788014005e+01
   4.8600000000000000e+02  -7.6745270596831702e+01
   4.8700000000000000e+02  -7.6233295345650603e+01
   4.8800000000000000e+02  -7.6104996756923498e+01
   4.8900000000000000e+02  -7.6022160663647199e+01
   4.9000000000000000e+02  -7.5614245160673903e+01
   4.9100000000000000e+02  -7.5078487606251301e+01
   4.9200000000000000e+02  -7.4971949609653294e+01
   4.9300000000000000e+02  -7.4762121089456699e+01
   4.9400000000000000e+02  -7.4804842716974704e+01
   4.9500000000000000e+02  -7.4810184120519395e+01
   4.9600000000000000e+02  -7.4653928061286294e+01
   4.9700000000000000e+02  -7.4706729528168793e+01
   4.9800000000000000e+02  -7.4731254328654103e+01
   4.9900000000000000e+02  -7.4593002298195003e+01
   5.0000000000000000e+02  -7.4659408194487597e+01
   5.0100000000000000e+02  -7.4690943133228501e+01
   5.0200000000000000e+02  -7.4849256763726601e+01
   5.0300000000000000e+02  -7.5006632924023094e+01
   5.0400000000000000e+02  -7.5097211785947593e+01
   5.0500000000000000e+02  -7.5643892115556895e+01
   5.0600000000000000e+02  -7.6126661310092501e+01
   5.0700000000000000e+02  -7.6413822249023198e+01
   5.0800000000000000e+02  -7.6573398707694096e+01
   5.0900000000000000e+02  -7.6749062007460196e+01
   5.1000000000000000e+02  -7.7036740420320598e+01
   5.1100000000000000e+02  -7.7232117577443901e+01
   5.1200000000000000e+02  -7.7650630057812606e+01
   5.1300000000000000e+02  -7.6996261548846306e+01
   5.1400000000000000e+02  -7.6898147045012394e+01
   5.1500000000000000e+02  -7.6411504452977198e+01
   5.1600000000000000e+02  -7.6268387147431497e+01
   5.1700000000000000e+02  -7.6180325797286898e+01
   5.1800000000000000e+02  -7.6028248001159398e+01
   5.1900000000000000e+02  -7.5662126046281799e+01
   5.2000000000000000e+02  -7.5739248681185103e+01
   5.2100000000000000e+02  -7.5836178501534405e+01
   5.2200000000000000e+02  -7.5891697983286306e+01
   5.2300000000000000e+02  -7.5467343001591203e+01
   5.2400000000000000e+02  -7.6015341039444493e+01
   5.2500000000000000e+02  -7.6467396145005793e+01
   5.2600000000000000e+02  -7.6553544179908698e+01
   5.2700000000000000e+02  -7.6160763730925893e+01
   5.2800000000000000e+02  -7.6126369391781694e+01
   5.2900000000000000e+02  -7.6181310059054894e+01
   5.3000000000000000e+02  -7.5776754783357902e+01
   5.3100000000000000e+02  -7.5824491099654097e+01
   5.3200000000000000e+02  -7.5765851716162700e+01
   5.3300000000000000e+02  -7.6040875905467999e+01
   5.3400000000000000e+02  -7.5710984633628797e+01
   5.3500000000000000e+02  -7.6329198090896796e+01
   5.3600000000000000e+02  -7.6544028599876299e+01
   5.3700000000000000e+02  -7.5983529385947193e+01
   5.3800000000000000e+02  -7.6090525972743094e+01
   5.3900000000000000e+02  -7.6222053694483193e+01
   5.4000000000000000e+02  -7.5745462443907101e+01
   5.4100000000000000e+02  -7.6155347039578402e+01
   5.4200000000000000e+02  -7.5981231362588105e+01
   5.4300000000000000e+02  -7.6139482225141904e+01
   5.4400000000000000e+02  -7.5955592961813196e+01
   5.4500000000000000e+02  -7.5379570711549505e+01
   5.4600000000000000e+02  -7.5526558736431198e+01
   5.4700000000000000e+02  -7.5388627347056499e+01
   5.4800000000000000e+02  -7.5421820612581101e+01
   5.4900000000000000e+02  -7.5393791506666602e+01
   5.5000000000000000e+02  -7.5568986579588696e+01
   5.5100000000000000e+02  -7.6243384073059403e+01
   5.5200000000000000e+02  -7.6685088055743194e+01
   5.5300000000000000e+02  -7.6223855290935902e+01
   5.5400000000000000e+02  -7.6441450639371894e+01
   5.5500000000000000e+02  -7.6467090536964704e+01
   5.5600000000000000e+02  -7.6447166858778104e+01
   5.5700000000000000e+02  -7.6169342878981595e+01
   5.5800000000000000e+02  -7.6665829344300903e+01
   5.5900000000000000e+02  -7.7213707585323206e+01
   5.6000000000000000e+02  -7.7578046324501301e+01
   5.6100000000000000e+02  -7.7764639825691702e+01
   5.6200000000000000e+02  -7.7210407259720995e+01
   5.6300000000000000e+02  -7.6807164893275996e+01
   5.6400000000000000e+02  -7.6739830999597601e+01
   5.6500000000000000e+02  -7.6618419897614402e+01
   5.6600000000000000e+02  -7.6928976694974395e+01
   5.6700000000000000e+02  -7.7346076550409904e+01
   5.6800000000000000e+02  -7.7369797571823497e+01
   5.6900000000000000e+02  -7.7435993764668893e+01
   5.7000000000000000e+02  -7.7763847328482001e+01
   5.7100000000000000e+02  -7.8450782566696205e+01
   5.7200000000000000e+02  -7.8109699992742904e+01
   5.7300000000000000e+02  -7.7976160243884394e+01
   5.7400000000000000e+02  -7.7921445604672101e+01
   5.7500000000000000e+02  -7.7750261553921405e+01
   5.7600000000000000e+02  -7.7547341454501904e+01
   5.7700000000000000e+02  -7.6853708258425200e+01
   5.7800000000000000e+02  -7.7006648058962398e+01
   5.7900000000000000e+02  -7.7370141844901596e+01
   5.8000000000000000e+02  -7.7380371835782796e+01
   5.8100000000000000e+02  -7.7552173922006602e+01
   5.8200000000000000e+02  -7.7702291652571404e+01
   5.8300000000000000e+02  -7.7664930534956397e+01
   5.8400000000000000e+02  -7.8083772826991293e+01
   5.8500000000000000e+02  -7.7968704869890104e+01
   5.8600000000000000e+02  -7.8441116561245707e+01
   5.8700000000000000e+02  -7.8044774803689094e+01
   5.8800000000000000e+02  -7.8349745911005897e+01
   5.8900000000000000e+02  -7.7786451978988197e+01
   5.9000000000000000e+02  -7.8017990532448493e+01
   5.9100000000000000e+02  -7.7809740176399302e+01
   5.9200000000000000e+02  -7.7744224808049296e+01
   5.9300000000000000e+02  -7.8091927940343197e+01
   5.9400000000000000e+02  -7.7562986686885196e+01
   5.9500000000000000e+02  -7.7687994955458095e+01
   5.9600000000000000e+02  -7.8086780089613399e+01
   5.9700000000000000e+02  -7.8044757433884200e+01
   5.9800000000000000e+02  -7.7645896818272405e+01
   5.9900000000000000e+02  -7.7968752385922301e+01
   6.0000000000000000e+02  -7.8348488042409599e+01
   6.0100000000000000e+02  -7.8285042937988393e+01
   6.0200000000000000e+02  -7.8001316799879703e+01
   6.0300000000000000e+02  -7.8311558515521398e+01
   6.0400000000000000e+02  -7.8588998643615994e+01
   6.0500000000000000e+02  -7.8351928688225200e+01
   6.0600000000000000e+02  -7.8188869058196602e+01
   6.0700000000000000e+02  -7.7789089165098105e+01
   6.0800000000000000e+02  -7.7898983183568802e+01
   6.0900000000000000e+02  -7.7930298667232705e+01
   6.1000000000000000e+02  -7.7797118333434199e+01
   6.1100000000000000e+02  -7.8016363093065905e+01
   6.1200000000000000e+02  -7.7826401693037099e+01
   6.1300000000000000e+02  -7.7098131773538498e+01
   6.1400000000000000e+02  -7.7148738298965398e+01
   6.1500000000000000e+02  -7.7154715158909497e+01
   6.1600000000000000e+02  -7.7110695087046807e+01
   6.1700000000000000e+02  -7.6695391440726894e+01
   6.1800000000000000e+02  -7.6404101869124801e+01
   6.1900000000000000e+02  -7.6185283932928499e+01
   6.2000000000000000e+02  -7.5896228926138306e+01
   6.2100000000000000e+02  -7.5803664324456193e+01
   6.2200000000000000e+02  -7.5978110872670896e+01
   6.2300000000000000e+02  -7.5762299916035801e+01
   6.2400000000000000e+02  -7.5785110326328393e+01
   6.2500000000000000e+02  -7.6103790059819204e+01
   6.2600000000000000e+02  -7.6213449892647404e+01
   6.2700000000000000e+02  -7.6344661425304196e+01
   6.2800000000000000e+02  -7.6029787254638805e+01
   6.2900000000000000e+02  -7.5904382089196602e+01
   6.3000000000000000e+02  -7.5618488172254004e+01
   6.3100000000000000e+02  -7.5431801735090900e+01
   6.3200000000000000e+02  -7.4924034729432293e+01
   6.3300000000000000e+02  -7.4579006912409000e+01
   6.3400000000000000e+02  -7.4464120953458107e+01
   6.3500000000000000e+02  -7.3567078741742705e+01
   6.3600000000000000e+02  -7.3231499936448401e+01
   6.3700000000000000e+02  -7.2950461330379298e+01
   6.3800000000000000e+02  -7.2876639446423098e+01
   6.3900000000000000e+02  -7.3312490891344893e+01
   6.4000000000000000e+02  -7.2949634892163601e+01
   6.4100000000000000e+02  -7.3154322397901595e+01
   6.4200000000000000e+02  -7.3392353811320405e+01
   6.4300000000000000e+02  -7.3245594091331199e+01
   6.4400000000000000e+02  -7.2976326765140399e+01
   6.4500000000000000e+02  -7.2727378931157205e+01
   6.4600000000000000e+02  -7.2598779803780502e+01
   6.4700000000000000e+02  -7.2541869557997103e+01
   6.4800000000000000e+02  -7.2607754783951705e+01
   6.4900000000000000e+02  -7.2578861181646303e+01
   6.5000000000000000e+02  -7.2581886812032295e+01
   6.5100000000000000e+02  -7.2816066183951094e+01
   6.5200000000000000e+02  -7.3096652215428804e+01
   6.5300000000000000e+02  -7.3083842003576706e+01
   6.5400000000000000e+02  -7.2855541611035605e+01
   6.5500000000000000e+02  -7.2423210863498397e+01
   6.5600000000000000e+02  -7.2235931073002703e+01
   6.5700000000000000e+02  -7.1625495214054197e+01
   6.5800000000000000e+02  -7.1408198925062706e+01
   6.5900000000000000e+02  -7.1291312997367001e+01
   6.6000000000000000e+02  -7.1736612302871606e+01
   6.6100000000000000e+02  -7.1428043269597595e+01
   6.6200000000000000e+02  -7.1124959832149003e+01
   6.6300000000000000e+02  -7.1282391532403395e+01
   6.6400000000000000e+02  -7.1693090685911301e+01
   6.6500000000000000e+02  -7.1763558973147894e+01
   6.6600000000000000e+02  -7.1630229162573102e+01
   6.6700000000000000e+02  -7.1963336468387993e+01
   6.6800000000000000e+02  -7.2280141952116296e+01
   6.6900000000000000e+02  -7.2596709305474704e+01
   6.7000000000000000e+02  -7.2847961071872703e+01
   6.7100000000000000e+02  -7.2516350900742495e+01
   6.7200000000000000e+02  -7.2409174683475797e+01
   6.7300000000000000e+02  -7.2085729728134595e+01
   6.7400000000000000e+02  -7.2373280181742999e+01
   6.7500000000000000e+02  -7.1819738653651797e+01
   6.7600000000000000e+02  -7.2173737060673005e+01
   6.7700000000000000e+02  -7.2411976953889393e+01
   6.7800000000000000e+02  -7.2825751932250697e+01
   6.7900000000000000e+02  -7.2654874653827605e+01
   6.8000000000000000e+02  -7.2934906760199297e+01
   6.8100000000000000e+02  -7.2702976204007598e+01
   6.8200000000000000e+02  -7.3050295187998302e+01
   6.8300000000000000e+02  -7.2795931581263304e+01
   6.8400000000000000e+02  -7.2546656292158104e+01
   6.8500000000000000e+02  -7.2244224158246197e+01
   6.8600000000000000e+02  -7.2512402113077400e+01
   6.8700000000000000e+02  -7.2961172921511405e+01
   6.8800000000000000e+02  -7.2921556093682497e+01
   6.8900000000000000e+02  -7.2992616411489607e+01
   6.9000000000000000e+02  -7.2914085408486898e+01
   6.9100000000000000e+02  -7.3301110496748606e+01
   6.9200000000000000e+02  -7.3426977515364001e+01
   6.9300000000000000e+02  -7.3682668894108502e+01
   6.9400000000000000e+02  -7.3178617187222798e+01
   6.9500000000000000e+02  -7.3215319613688294e+01
   6.9600000000000000e+02  -7.3455453767353504e+01
   6.9700000000000000e+02  -7.3385291142650203e+01
   6.9800000000000000e+02  -7.3703091015422501e+01
   6.9900000000000000e+02  -7.3632480376990003e+01
   7.0000000000000000e+02  -7.4245548986315100e+01
   7.0100000000000000e+02  -7.4359994001741399e+01
   7.0200000000000000e+02  -7.4719733505578901e+01
   7.0300000000000000e+02  -7.5052279612265295e+01
   7.0400000000000000e+02  -7.4944950524665103e+01
   7.0500000000000000e+02  -7.5033913162401205e+01
   7.0600000000000000e+02  -7.5202626589600101e+01
   7.0700000000000000e+02  -7.5237064761161704e+01
   7.0800000000000000e+02  -7.5628241106949801e+01
   7.0900000000000000e+02  -7.5567388796621103e+01
   7.1000000000000000e+02  -7.5292690592829103e+01
   7.1100000000000000e+02  -7.5537603163720703e+01
   7.1200000000000000e+02  -7.5783394663048597e+01
   7.1300000000000000e+02  -7.5423633739982805e+01
   7.1400000000000000e+02  -7.5800963876890094e+01
   7.1500000000000000e+02  -7.5906694821524994e+01
   7.1600000000000000e+02  -7.5664199203322596e+01
   7.1700000000000000e+02  -7.5197849865368397e+01
   7.1800000000000000e+02  -7.5044541401726207e+01
   7.1900000000000000e+02  -7.4818607502266900e+01
   7.2000000000000000e+02  -7.4724581777725007e+01
   7.2100000000000000e+02  -7.5154263922126901e+01
   7.2200000000000000e+02  -7.5153756192200703e+01
   7.2300000000000000e+02  -7.5754558736622997e+01
   7.2400000000000000e+02  -7.6021956683327900e+01
   7.2500000000000000e+02  -7.5731354843639707e+01
   7.2600000000000000e+02  -7.5101060971199502e+01
   7.2700000000000000e+02  -7.5164433445413906e+01
   7.2800000000000000e+02  -7.5468041645580001e+01
   7.2900000000000000e+02  -7.5657686418224301e+01
   7.3000000000000000e+02  -7.5591415854777495e+01
   7.3100000000000000e+02  -7.5688575264605106e+01
   7.3200000000000000e+02  -7.5802417893471997e+01
   7.3300000000000000e+02  -7.6177844945650193e+01
   7.3400000000000000e+02  -7.6066042095288097e+01
   7.3500000000000000e+02  -7.5872729990246398e+01
   7.3600000000000000e+02  -7.5794407992871001e+01
   7.3700000000000000e+02  -7.5269816683511394e+01
   7.3800000000000000e+02  -7.5842994891675701e+01
   7.3900000000000000e+02  -7.5833503162671505e+01
   7.4000000000000000e+02  -7.5701924748623000e+01
   7.4100000000000000e+02  -7.6396256361048401e+01
   7.4200000000000000e+02  -7.6830024703908805e+01
   7.4300000000000000e+02  -7.7023524374139498e+01
   7.4400000000000000e+02  -7.7173545688001596e+01
   7.4500000000000000e+02  -7.7061592866962201e+01
   7.4600000000000000e+02  -7.6969810003406806e+01
   7.4700000000000000e+02  -7.7010612713291394e+01
   7.4800000000000000e+02  -7.6954563445847000e+01
   7.4900000000000000e+02  -7.7081334137180605e+01
   7.5000000000000000e+02  -7.7038864441719298e+01
   7.5100000000000000e+02  -7.6932615179084394e+01
   7.5200000000000000e+02  -7.7068576211788397e+01
   7.5300000000000000e+02  -7.6601988616249798e+01
   7.5400000000000000e+02  -7.6349544316797804e+01
   7.5500000000000000e+02  -7.6020548016908904e+01
   7.5600000000000000e+02  -7.6084386648231998e+01
   7.5700000000000000e+02  -7.6205728593188596e+01
   7.5800000000000000e+02  -7.5815413935005907e+01
   7.5900000000000000e+02  -7.5814318362134799e+01
   7.6000000000000000e+02  -7.6035827737298504e+01
   7.6100000000000000e+02  -7.5507145906920499e+01
   7.6200000000000000e+02  -7.5227792873039704e+01
   7.6300000000000000e+02  -7.4784858048240693e+01
   7.6400000000000000e+02  -7.5432116223158502e+01
   7.6500000000000000e+02  -7.5096397131266798e+01
   7.6600000000000000e+02  -7.4887027612168296e+01
   7.6700000000000000e+02  -7.5027550673397101e+01
   7.6800000000000000e+02  -7.5135549571780501e+01
   7.6900000000000000e+02  -7.5132133412875504e+01
   7.7000000000000000e+02  -7.4960345131241198e+01
   7.7100000000000000e+02  -7.4591583229813807e+01
   7.7200000000000000e+02  -7.4522053831728897e+01
   7.7300000000000000e+02  -7.4764265311419507e+01
   7.7400000000000000e+02  -7.4844269269248798e+01
   7.7500000000000000e+02  -7.4229139077050206e+01
   7.7600000000000000e+02  -7.3973220068614594e+01
   7.7700000000000000e+02  -7.3362756043262706e+01
   7.7800000000000000e+02  -7.3284174006395105e+01
   7.7900000000000000e+02  -7.3013955622134702e+01
   7.8000000000000000e+02  -7.2354358630908806e+01
   7.8100000000000000e+02  -7.1601032090440995e+01
   7.8200000000000000e+02  -7.2090480202881594e+01
   7.8300000000000000e+02  -7.2020863131979993e+01
   7.8400000000000000e+02  -7.2268862734960194e+01
   7.8500000000000000e+02  -7.2492029581061601e+01
   7.8600000000000000e+02  -7.2000465579085500e+01
   7.8700000000000000e+02  -7.1763471023500301e+01
   7.8800000000000000e+02  -7.2038351229172306e+01
   7.8900000000000000e+02  -7.1586616972185098e+01
   7.9000000000000000e+02  -7.1538854316227003e+01
   7.9100000000000000e+02  -7.1423904728365500e+01
   7.9200000000000000e+02  -7.1293587211661404e+01
   7.9300000000000000e+02  -7.1093183365394594e+01
   7.9400000000000000e+02  -7.1574189250635001e+01
   7.9500000000000000e+02  -7.1244433813390600e+01
   7.9600000000000000e+02  -7.1556865973900599e+01
   7.9700000000000000e+02  -7.2950843473357693e+01
   7.9800000000000000e+02  -7.3133592743927295e+01
   7.9900000000000000e+02  -7.3448231808601605e+01
   8.0000000000000000e+02  -7.3499700003662298e+01
   8.0100000000000000e+02  -7.3617360805875094e+01
   8.0200000000000000e+02  -7.3916116966779398e+01
   8.0300000000000000e+02  -7.4231698427937999e+01
   8.0400000000000000e+02  -7.4512628897932004e+01
   8.0500000000000000e+02  -7.4625202090381507e+01
   8.0600000000000000e+02  -7.4610028382121200e+01
   8.0700000000000000e+02  -7.4778584365753801e+01
   8.0800000000000000e+02  -7.4676876252784595e+01
   8.0900000000000000e+02  -7.4247205340479397e+01
   8.1000000000000000e+02  -7.4550300875538696e+01
   8.1100000000000000e+02  -7.4694983117019504e+01
   8.1200000000000000e+02  -7.4826905013420998e+01
   8.1300000000000000e+02  -7.5023042850993406e+01
   8.1400000000000000e+02  -7.4975300905026799e+01
   8.1500000000000000e+02  -7.5160644469017797e+01
   8.1600000000000000e+02  -7.5196965734783603e+01
   8.1700000000000000e+02  -7.5255781035268896e+01
   8.1800000000000000e+02  -7.5034551576922496e+01
   8.1900000000000000e+02  -7.4879045325554202e+01
   8.2000000000000000e+02  -7.4590640320410799e+01
   8.2100000000000000e+02  -7.4397921271608794e+01
   8.2200000000000000e+02  -7.4698247633748196e+01
   8.2300000000000000e+02  -7.4717976887458306e+01
   8.2400000000000000e+02  -7.4069585762043701e+01
   8.2500000000000000e+02  -7.3986421985880199e+01
   8.2600000000000000e+02  -7.3790141903087900e+01
   8.2700000000000000e+02  -7.3670754036820597e+01
   8.2800000000000000e+02  -7.3939211684998497e+01
   8.2900000000000000e+02  -7.4053582040503898e+01
   8.3000000000000000e+02  -7.3952100239545004e+01
   8.3100000000000000e+02  -7.3661396182889703e+01
   8.3200000000000000e+02  -7.3824750301522101e+01
   8.3300000000000000e+02  -7.4213826144119096e+01
   8.3400000000000000e+02  -7.4289619402780801e+01
   8.3500000000000000e+02  -7.3812079479521202e+01
   8.3600000000000000e+02  -7.3881344809389503e+01
   8.3700000000000000e+02  -7.3825075365419295e+01
   8.3800000000000000e+02  -7.3770839945195803e+01
   8.3900000000000000e+02  -7.3488750189208503e+01
   8.4000000000000000e+02  -7.3482764488434697e+01
   8.4100000000000000e+02  -7.3712733290977894e+01
   8.4200000000000000e+02  -7.3735566479166593e+01
   8.4300000000000000e+02  -7.3818658907538193e+01
   8.4400000000000000e+02  -7.4059493380983298e+01
   8.4500000000000000e+02  -7.3751031456242700e+01
   8.4600000000000000e+02  -7.3735348341367498e+01
   8.4700000000000000e+02  -7.3388924843861602e+01
   8.4800000000000000e+02  -7.3641081823092094e+01
   8.4900000000000000e+02  -7.3540556097503099e+01
   8.5000000000000000e+02  -7.3533942887959000e+01
   8.5100000000000000e+02  -7.3952502543145101e+01
   8.5200000000000000e+02  -7.4074573169912597e+01
   8.5300000000000000e+02  -7.4109295165606198e+01
   8.5400000000000000e+02  -7.4645481198478393e+01
   8.5500000000000000e+02  -7.4421168580494296e+01
   8.5600000000000000e+02  -7.4353328910581595e+01
   8.5700000000000000e+02  -7.4165577714461804e+01
   8.5800000000000000e+02  -7.4096499710582606e+01
   8.5900000000000000e+02  -7.4183588187864302e+01
   8.6000000000000000e+02  -7.4126007004149102e+01
   8.6100000000000000e+02  -7.3734388700094996e+01
   8.6200000000000000e+02  -7.3785434253843803e+01
   8.6300000000000000e+02  -7.3661294699787106e+01
   8.6400000000000000e+02  -7.3733454947171296e+01
   8.6500000000000000e+02  -7.3830612253692095e+01
   8.6600000000000000e+02  -7.3527233340164997e+01
   8.6700000000000000e+02  -7.3647232532143093e+01
   8.6800000000000000e+02  -7.3255178887626599e+01
   8.6900000000000000e+02  -7.3153813207935698e+01
   8.7000000000000000e+02  -7.2590036403732995e+01
   8.7100000000000000e+02  -7.2521490899213205e+01
   8.7200000000000000e+02  -7.2868088683485595e+01
   8.7300000000000000e+02  -7.2863343378671800e+01
   8.7400000000000000e+02  -7.2159869026153601e+01
   8.7500000000000000e+02  -7.2160417940555504e+01
   8.7600000000000000e+02  -7.2562121973369997e+01
   8.7700000000000000e+02  -7.1821247471842696e+01
   8.7800000000000000e+02  -7.1465678225142597e+01
   8.7900000000000000e+02  -7.1588212723756399e+01
   8.8000000000000000e+02  -7.1408341916330698e+01
   8.8100000000000000e+02  -7.1074954004614895e+01
   8.8200000000000000e+02  -7.0495183649412397e+01
   8.8300000000000000e+02  -7.0747122789054103e+01
   8.8400000000000000e+02  -7.1133857079933705e+01
   8.8500000000000000e+02  -7.0998796497898994e+01
   8.8600000000000000e+02  -7.0811452249750005e+01
   8.8700000000000000e+02  -7.0713648251435501e+01
   8.8800000000000000e+02  -7.1062882549236605e+01
   8.8900000000000000e+02  -7.0899052965253503e+01
   8.9000000000000000e+02  -7.1036752446788896e+01
   8.9100000000000000e+02  -7.1455698093946197e+01
   8.9200000000000000e+02  -7.1495675986904502e+01
   8.9300000000000000e+02  -7.1214948769262307e+01
   8.9400000000000000e+02  -7.1383260199796396e+01
   8.9500000000000000e+02  -7.1453255519423294e+01
   8.9600000000000000e+02  -7.1767972043786699e+01
   8.9700000000000000e+02  -7.1638835475419398e+01
   8.9800000000000000e+02  -7.1876554024986703e+01
   8.9900000000000000e+02  -7.1474889222684496e+01
   9.0000000000000000e+02  -7.1744988737689795e+01
   9.0100000000000000e+02  -7.1431969262727804e+01
   9.0200000000000000e+02  -7.0999264140246893e+01
   9.0300000000000000e+02  -7.0814196964933899e+01
   9.0400000000000000e+02  -7.0520503064275900e+01
   9.0500000000000000e+02  -7.0315463122856400e+01
   9.0600000000000000e+02  -7.0848838211385100e+01
   9.0700000000000000e+02  -7.0749601711905498e+01
   9.0800000000000000e+02  -7.0806418885554905e+01
   9.0900000000000000e+02  -7.0885382191369700e+01
   9.1000000000000000e+02  -7.1560578416492405e+01
   9.1100000000000000e+02  -7.1298863839448799e+01
   9.1200000000000000e+02  -7.1229927009672494e+01
   9.1300000000000000e+02  -7.1278542650461404e+01
   9.1400000000000000e+02  -7.1117686793290602e+01
   9.1500000000000000e+02  -7.0415018245375705e+01
   9.1600000000000000e+02  -7.0398236324453705e+01
   9.1700000000000000e+02  -7.0127151984157095e+01
   9.1800000000000000e+02  -7.0845116677673005e+01
   9.1900000000000000e+02  -7.0851314269406004e+01
   9.2000000000000000e+02  -7.0954340639541201e+01
   9.2100000000000000e+02  -7.0606176560019193e+01
   9.2200000000000000e+02  -7.0688637288355906e+01
   9.2300000000000000e+02  -7.0143079016510796e+01
   9.2400000000000000e+02  -6.9875453937188695e+01
   9.2500000000000000e+02  -6.9953806437211298e+01
   9.2600000000000000e+02  -6.9962369994626300e+01
   9.2700000000000000e+02  -7.0449230821735696e+01
   9.2800000000000000e+02  -7.0405396497999803e+01
   9.2900000000000000e+02  -7.0454752808595202e+01
   9.3000000000000000e+02  -6.9879449249341206e+01
   9.3100000000000000e+02  -7.0021004441063099e+01
   9.3200000000000000e+02  -6.9522961914705505e+01
   9.3300000000000000e+02  -6.9403408043044607e+01
   9.3400000000000000e+02  -6.9588128416804807e+01
   9.3500000000000000e+02  -6.9386627332403705e+01
   9.3600000000000000e+02  -6.9408589299317200e+01
   9.3700000000000000e+02  -6.8975575337413602e+01
   9.3800000000000000e+02  -6.8579987928863005e+01
   9.3900000000000000e+02  -6.8581850389213002e+01
   9.4000000000000000e+02  -6.8507981310718307e+01
   9.4100000000000000e+02  -6.8318796504945894e+01
   9.4200000000000000e+02  -6.8311258491024802e+01
   9.4300000000000000e+02  -6.8289414312613502e+01
   9.4400000000000000e+02  -6.8289364946615194e+01
   9.4500000000000000e+02  -6.7556766489407195e+01
   9.4600000000000000e+02  -6.7228360293229301e+01
   9.4700000000000000e+02  -6.6770162779744894e+01
   9.4800000000000000e+02  -6.6131557488695293e+01
   9.4900000000000000e+02  -6.5849442290003296e+01
   9.5000000000000000e+02  -6.5200505107742202e+01
   9.5100000000000000e+02  -6.4919337441991004e+01
   9.5200000000000000e+02  -6.4993330721729606e+01
   9.5300000000000000e+02  -6.4785750360836502e+01
   9.5400000000000000e+02  -6.3737471538594598e+01
   9.5500000000000000e+02  -6.3568236365537899e+01
   9.5600000000000000e+02  -6.2732373742420897e+01
   9.5700000000000000e+02  -6.2291964903583903e+01
   9.5800000000000000e+02  -6.1700932231563300e+01
   9.5900000000000000e+02  -6.0788843476594700e+01
   9.6000000000000000e+02  -5.9625029311149099e+01
   9.6100000000000000e+02  -5.8013140168520799e+01
   9.6200000000000000e+02  -5.5656013139979201e+01
   9.6300000000000000e+02  -5.0190579306619597e+01
   9.6400000000000000e+02  -3.3077150556748400e+01
   9.6500000000000000e+02  -8.8867794917916392e+00
