  -1.0000000000000000e+02  -7.3925271935979495e+01
  -9.9000000000000000e+01  -7.3295090077507794e+01
  -9.8000000000000000e+01  -7.3049509338852999e+01
  -9.7000000000000000e+01  -7.3221243696900999e+01
  -9.6000000000000000e+01  -7.3131878231820707e+01
  -9.5000000000000000e+01  -7.3080859366095098e+01
  -9.4000000000000000e+01  -7.3019652818555798e+01
  -9.3000000000000000e+01  -7.3520239295688697e+01
  -9.2000000000000000e+01  -7.3326590200197998e+01
  -9.1000000000000000e+01  -7.3295584176149305e+01
  -9.0000000000000000e+01  -7.3113027865732406e+01
  -8.9000000000000000e+01  -7.3246237270521206e+01
  -8.8000000000000000e+01  -7.3412342930081493e+01
  -8.7000000000000000e+01  -7.3438821627527105e+01
  -8.6000000000000000e+01  -7.3937144201789906e+01
  -8.5000000000000000e+01  -7.4625882422021903e+01
  -8.4000000000000000e+01  -7.4936685066346797e+01
  -8.3000000000000000e+01  -7.4742956338651695e+01
  -8.2000000000000000e+01  -7.4825925562208297e+01
  -8.1000000000000000e+01  -7.4511033362402003e+01
  -8.0000000000000000e+01  -7.4548833420779602e+01
  -7.9000000000000000e+01  -7.4364414749229198e+01
  -7.8000000000000000e+01  -7.4629478722315994e+01
  -7.7000000000000000e+01  -7.4254788832437498e+01
  -7.6000000000000000e+01  -7.3984059937431297e+01
  -7.5000000000000000e+01  -7.3990811250083993e+01
  -7.4000000000000000e+01  -7.3723188583603999e+01
  -7.3000000000000000e+01  -7.4281784043449505e+01
  -7.2000000000000000e+01  -7.4263089552531497e+01
  -7.1000000000000000e+01  -7.4015328692870199e+01
  -7.0000000000000000e+01  -7.3894838111059599e+01
  -6.9000000000000000e+01  -7.4000390273391901e+01
  -6.8000000000000000e+01  -7.4017629816767695e+01
  -6.7000000000000000e+01  -7.4013392324159994e+01
  -6.6000000000000000e+01  -7.3503917430575399e+01
  -6.5000000000000000e+01  -7.3422617733677200e+01
  -6.4000000000000000e+01  -7.3337146276914595e+01
  -6.3000000000000000e+01  -7.3076193640989402e+01
  -6.2000000000000000e+01  -7.3120237093497806e+01
  -6.1000000000000000e+01  -7.2991891510036098e+01
  -6.0000000000000000e+01  -7.2885904929226598e+01
  -5.9000000000000000e+01  -7.2741327293094002e+01
  -5.8000000000000000e+01  -7.2375607806638300e+01
  -5.7000000000000000e+01  -7.2261714963520703e+01
  -5.6000000000000000e+01  -7.1903056550689200e+01
  -5.5000000000000000e+01  -7.1833294594156698e+01
  -5.4000000000000000e+01  -7.1726489876454394e+01
  -5.3000000000000000e+01  -7.1394467489437503e+01
  -5.2000000000000000e+01  -7.1236786330609306e+01
  -5.1000000000000000e+01  -7.0998554362917602e+01
  -5.0000000000000000e+01  -7.0841103715154503e+01
  -4.9000000000000000e+01  -7.0475344749281007e+01
  -4.8000000000000000e+01  -7.0462454308736994e+01
  -4.7000000000000000e+01  -6.9886201056554000e+01
  -4.6000000000000000e+01  -6.9882391730733005e+01
  -4.5000000000000000e+01  -6.9682991636679901e+01
  -4.4000000000000000e+01  -6.9355591312434399e+01
  -4.3000000000000000e+01  -6.8871928444103204e+01
  -4.2000000000000000e+01  -6.8846536014593994e+01
  -4.1000000000000000e+01  -6.8732760670285899e+01
  -4.0000000000000000e+01  -6.9022989576998796e+01
  -3.9000000000000000e+01  -6.8804129961959902e+01
  -3.8000000000000000e+01  -6.8685470637131402e+01
  -3.7000000000000000e+01  -6.8931551845573395e+01
  -3.6000000000000000e+01  -6.8924202185911497e+01
  -3.5000000000000000e+01  -6.8663711906293102e+01
  -3.4000000000000000e+01  -6.8730119339677302e+01
  -3.3000000000000000e+01  -6.8680393486269793e+01
  -3.2000000000000000e+01  -6.8389156102332905e+01
  -3.1000000000000000e+01  -6.8173667352000706e+01
  -3.0000000000000000e+01  -6.8374032484914295e+01
  -2.9000000000000000e+01  -6.8126298175587294e+01
  -2.8000000000000000e+01  -6.7632841562658101e+01
  -2.7000000000000000e+01  -6.7256526478428000e+01
  -2.6000000000000000e+01  -6.7398034379048198e+01
  -2.5000000000000000e+01  -6.7590994954373002e+01
  -2.4000000000000000e+01  -6.7199724365384299e+01
  -2.3000000000000000e+01  -6.6723746895401405e+01
  -2.2000000000000000e+01  -6.6610567849852998e+01
  -2.1000000000000000e+01  -6.6229836565864403e+01
  -2.0000000000000000e+01  -6.6303561521703500e+01
  -1.9000000000000000e+01  -6.6414587949072597e+01
  -1.8000000000000000e+01  -6.6337171226324202e+01
  -1.7000000000000000e+01  -6.6502183195576293e+01
  -1.6000000000000000e+01  -6.5867923385823005e+01
  -1.5000000000000000e+01  -6.5744309888372797e+01
  -1.4000000000000000e+01  -6.5410100753376398e+01
  -1.3000000000000000e+01  -6.5264801405533603e+01
  -1.2000000000000000e+01  -6.4544920982245699e+01
  -1.1000000000000000e+01  -6.3748418775104199e+01
  -1.0000000000000000e+01  -6.3279844854166200e+01
  -9.0000000000000000e+00  -6.2903407544552699e+01
  -8.0000000000000000e+00  -6.2317610736779599e+01
  -7.0000000000000000e+00  -6.1664501356735997e+01
  -6.0000000000000000e+00  -6.0994506767869503e+01
  -5.0000000000000000e+00  -5.9956880493665999e+01
  -4.0000000000000000e+00  -5.8661743188769698e+01
  -3.0000000000000000e+00  -5.6803972687795898e+01
  -2.0000000000000000e+00  -5.3247285998077203e+01
  -1.0000000000000000e+00  -4.5526497149410602e+01
   0.0000000000000000e+00  -2.4217283292931601e+01
   1.0000000000000000e+00  -5.7513811954724297e+00
   2.0000000000000000e+00   8.6059745407747599e+00
   3.0000000000000000e+00   1.6695900462115802e+01
   4.0000000000000000e+00   2.1493733681949301e+01
   5.0000000000000000e+00   2.4005417662221799e+01
   6.0000000000000000e+00   2.5073483329231401e+01
   7.0000000000000000e+00   2.5543065545166300e+01
   8.0000000000000000e+00   2.6277228546033900e+01
   9.0000000000000000e+00   2.6155013221046602e+01
   1.0000000000000000e+01   2.6151883045058799e+01
   1.1000000000000000e+01   2.6400151177184199e+01
   1.2000000000000000e+01   2.6233066792872499e+01
   1.3000000000000000e+01   2.6937146096756202e+01
   1.4000000000000000e+01   2.7446344937677502e+01
   1.5000000000000000e+01   2.8041907848574901e+01
   1.6000000000000000e+01   2.8389494580512299e+01
   1.7000000000000000e+01   2.8677023177951600e+01
   1.8000000000000000e+01   2.8608072911100901e+01
   1.9000000000000000e+01   2.8843596037475599e+01
   2.0000000000000000e+01   2.8863475799629899e+01
   2.1000000000000000e+01   2.9051913845946100e+01
   2.2000000000000000e+01   2.8488757483846399e+01
   2.3000000000000000e+01   2.8553743983448800e+01
   2.4000000000000000e+01   2.9169815622150200e+01
   2.5000000000000000e+01   2.9076129094907898e+01
   2.6000000000000000e+01   2.9675867194296700e+01
   2.7000000000000000e+01   2.9848874950351099e+01
   2.8000000000000000e+01   2.9486654493277999e+01
   2.9000000000000000e+01   2.9613703303600900e+01
   3.0000000000000000e+01   2.9769015607748699e+01
   3.1000000000000000e+01   2.9735096443660002e+01
   3.2000000000000000e+01   3.0173514506408999e+01
   3.3000000000000000e+01   3.0238338110213999e+01
   3.4000000000000000e+01   3.0154126557188800e+01
   3.5000000000000000e+01   3.0299164335532499e+01
   3.6000000000000000e+01   3.0580337064746701e+01
   3.7000000000000000e+01   3.0419769202508100e+01
   3.8000000000000000e+01   2.9980555810857400e+01
   3.9000000000000000e+01   2.9809321507507001e+01
   4.0000000000000000e+01   2.9704173861186401e+01
   4.1000000000000000e+01   3.0137337839929199e+01
   4.2000000000000000e+01   3.0644508938964400e+01
   4.3000000000000000e+01   3.0075396262684500e+01
   4.4000000000000000e+01   3.0321790435429300e+01
   4.5000000000000000e+01   3.0670529244204499e+01
   4.6000000000000000e+01   3.0294082978309898e+01
   4.7000000000000000e+01   3.0548749266462501e+01
   4.8000000000000000e+01   3.0435858739378400e+01
   4.9000000000000000e+01   3.0976641842979301e+01
   5.0000000000000000e+01   3.1110812452240800e+01
   5.1000000000000000e+01   3.1047363495494100e+01
   5.2000000000000000e+01   3.1570456235815499e+01
   5.3000000000000000e+01   3.1634230601339802e+01
   5.4000000000000000e+01   3.1588043001355501e+01
   5.5000000000000000e+01   3.1929398715836701e+01
   5.6000000000000000e+01   3.2156913114727203e+01
   5.7000000000000000e+01   3.2669825130970302e+01
   5.8000000000000000e+01   3.2754510470140801e+01
   5.9000000000000000e+01   3.2850848999478899e+01
   6.0000000000000000e+01   3.2671549525049997e+01
   6.1000000000000000e+01   3.2998928000503597e+01
   6.2000000000000000e+01   3.3195186139057697e+01
   6.3000000000000000e+01   3.3520008603814802e+01
   6.4000000000000000e+01   3.3532091950969900e+01
   6.5000000000000000e+01   3.3713010542307600e+01
   6.6000000000000000e+01   3.3557687161593201e+01
   6.7000000000000000e+01   3.3342889257092096e+01
   6.8000000000000000e+01   3.3261418748048101e+01
   6.9000000000000000e+01   3.3202100495207603e+01
   7.0000000000000000e+01   3.3260406064570397e+01
   7.1000000000000000e+01   3.3592052748944397e+01
   7.2000000000000000e+01   3.3313291459520201e+01
   7.3000000000000000e+01   3.3000503735954197e+01
   7.4000000000000000e+01   3.2605790022484598e+01
   7.5000000000000000e+01   3.2579297222871404e+01
   7.6000000000000000e+01   3.2369009731205800e+01
   7.7000000000000000e+01   3.2561373127491699e+01
   7.8000000000000000e+01   3.2377059720682901e+01
   7.9000000000000000e+01   3.2507424605167898e+01
   8.0000000000000000e+01   3.2524149364450302e+01
   8.1000000000000000e+01   3.1931831850013300e+01
   8.2000000000000000e+01   3.1599415672313398e+01
   8.3000000000000000e+01   3.1853646102942900e+01
   8.4000000000000000e+01   3.1815492218785600e+01
   8.5000000000000000e+01   3.1688988406807400e+01
   8.6000000000000000e+01   3.1347236994053901e+01
   8.7000000000000000e+01   3.1558964697733298e+01
   8.8000000000000000e+01   3.1587254789540900e+01
   8.9000000000000000e+01   3.1232770442069100e+01
   9.0000000000000000e+01   3.0508803793835501e+01
   9.1000000000000000e+01   3.0264132895024101e+01
   9.2000000000000000e+01   3.0408560781487498e+01
   9.3000000000000000e+01   3.0684871172261001e+01
   9.4000000000000000e+01   3.0862867641796200e+01
   9.5000000000000000e+01   3.0539847256379399e+01
   9.6000000000000000e+01   3.0301955423091702e+01
   9.7000000000000000e+01   3.0996932718349399e+01
   9.8000000000000000e+01   3.0997418821962299e+01
   9.9000000000000000e+01   3.0671239202675402e+01
   1.0000000000000000e+02   3.0344285615111399e+01
   1.0100000000000000e+02   2.9851365866714701e+01
   1.0200000000000000e+02   2.9715790335243600e+01
   1.0300000000000000e+02   2.9646473269709201e+01
   1.0400000000000000e+02   2.9212231674136799e+01
   1.0500000000000000e+02   2.9232653031395600e+01
   1.0600000000000000e+02   2.9307213874219201e+01
   1.0700000000000000e+02   2.8976473848158001e+01
   1.0800000000000000e+02   2.8921765321507401e+01
   1.0900000000000000e+02   2.8888621731070700e+01
   1.1000000000000000e+02   2.8868245682397902e+01
   1.1100000000000000e+02   2.8919641151319500e+01
   1.1200000000000000e+02   2.9011010723310498e+01
   1.1300000000000000e+02   2.9128874357051000e+01
   1.1400000000000000e+02   2.8876752205835299e+01
   1.1500000000000000e+02   2.8913961177752601e+01
   1.1600000000000000e+02   2.8790995177843801e+01
   1.1700000000000000e+02   2.9024709796395001e+01
   1.1800000000000000e+02   2.9161679755659200e+01
   1.1900000000000000e+02   2.9467823700781100e+01
   1.2000000000000000e+02   2.9826508853293898e+01
   1.2100000000000000e+02   2.9962593934832000e+01
   1.2200000000000000e+02   2.9914185181572702e+01
   1.2300000000000000e+02   3.0022539171715099e+01
   1.2400000000000000e+02   3.0036858164751699e+01
   1.2500000000000000e+02   3.0346675081301399e+01
   1.2600000000000000e+02   3.0027295731688600e+01
   1.2700000000000000e+02   2.9703432132620101e+01
   1.2800000000000000e+02   2.9111430738437999e+01
   1.2900000000000000e+02   2.8450882643075300e+01
   1.3000000000000000e+02   2.8550354609179902e+01
   1.3100000000000000e+02   2.8297154240214500e+01
   1.3200000000000000e+02   2.8571578033488901e+01
   1.3300000000000000e+02   2.9008068557999600e+01
   1.3400000000000000e+02   2.9579047028882801e+01
   1.3500000000000000e+02   2.9674427292791400e+01
   1.3600000000000000e+02   2.9547098952734199e+01
   1.3700000000000000e+02   2.8998897511511100e+01
   1.3800000000000000e+02   2.9099304297962899e+01
   1.3900000000000000e+02   2.9044287269911798e+01
   1.4000000000000000e+02   2.8965701492916999e+01
   1.4100000000000000e+02   2.9190347756343400e+01
   1.4200000000000000e+02   2.8714293545056599e+01
   1.4300000000000000e+02   2.8329633219084901e+01
   1.4400000000000000e+02   2.7945616651219101e+01
   1.4500000000000000e+02   2.8139219697359501e+01
   1.4600000000000000e+02   2.7126360554061499e+01
   1.4700000000000000e+02   2.6731402169012298e+01
   1.4800000000000000e+02   2.6493464611487301e+01
   1.4900000000000000e+02   2.6716219329391301e+01
   1.5000000000000000e+02   2.6962715117360300e+01
   1.5100000000000000e+02   2.6792791245524700e+01
   1.5200000000000000e+02   2.6922138604810499e+01
   1.5300000000000000e+02   2.6878132526104100e+01
   1.5400000000000000e+02   2.6326439400995501e+01
   1.5500000000000000e+02   2.6431491685606499e+01
   1.5600000000000000e+02   2.6656847921123600e+01
   1.5700000000000000e+02   2.6651291176588501e+01
   1.5800000000000000e+02   2.6517091899591499e+01
   1.5900000000000000e+02   2.6818475851909898e+01
   1.6000000000000000e+02   2.6930017059383999e+01
   1.6100000000000000e+02   2.6923665279938199e+01
   1.6200000000000000e+02   2.6749149237284900e+01
   1.6300000000000000e+02   2.6447591261425600e+01
   1.6400000000000000e+02   2.5902468736382300e+01
   1.6500000000000000e+02   2.5727202348226800e+01
   1.6600000000000000e+02   2.5242296792153201e+01
   1.6700000000000000e+02   2.5820959331922900e+01
   1.6800000000000000e+02   2.6039339150543000e+01
   1.6900000000000000e+02   2.6228846215059100e+01
   1.7000000000000000e+02   2.5779392125741801e+01
   1.7100000000000000e+02   2.5962164706384300e+01
   1.7200000000000000e+02   2.5648821109263199e+01
   1.7300000000000000e+02   2.5535643581233099e+01
   1.7400000000000000e+02   2.5253796439675899e+01
   1.7500000000000000e+02   2.5014022816880100e+01
   1.7600000000000000e+02   2.4470652256448599e+01
   1.7700000000000000e+02   2.4554008786031101e+01
   1.7800000000000000e+02   2.4582350240507601e+01
   1.7900000000000000e+02   2.4593796794871800e+01
   1.8000000000000000e+02   2.4171537122994799e+01
   1.8100000000000000e+02   2.3628027524702500e+01
   1.8200000000000000e+02   2.3495629819562200e+01
   1.8300000000000000e+02   2.3717739676790099e+01
   1.8400000000000000e+02   2.3260773092104699e+01
   1.8500000000000000e+02   2.3364769749772901e+01
   1.8600000000000000e+02   2.3500400670840602e+01
   1.8700000000000000e+02   2.3451695319691900e+01
   1.8800000000000000e+02   2.3620436856764400e+01
   1.8900000000000000e+02   2.3403252866365900e+01
   1.9000000000000000e+02   2.3802711780000301e+01
   1.9100000000000000e+02   2.4084453903372999e+01
   1.9200000000000000e+02   2.3554455930414498e+01
   1.9300000000000000e+02   2.3557773633302499e+01
   1.9400000000000000e+02   2.3425480154714101e+01
   1.9500000000000000e+02   2.3019656648029301e+01
   1.9600000000000000e+02   2.2932850865040301e+01
   1.9700000000000000e+02   2.3498534445077201e+01
   1.9800000000000000e+02   2.3385228080811800e+01
   1.9900000000000000e+02   2.2859689476787398e+01
   2.0000000000000000e+02   2.2662741222595599e+01
   2.0100000000000000e+02   2.2507662996395901e+01
   2.0200000000000000e+02   2.2491168589784401e+01
   2.0300000000000000e+02   2.2015076037474099e+01
   2.0400000000000000e+02   2.1596253944132300e+01
   2.0500000000000000e+02   2.1287312476722601e+01
   2.0600000000000000e+02   2.1211561496510299e+01
   2.0700000000000000e+02   2.1043820718903898e+01
   2.0800000000000000e+02   2.0978444480864699e+01
   2.0900000000000000e+02   2.0218716189161100e+01
   2.1000000000000000e+02   1.9999394417502799e+01
   2.1100000000000000e+02   2.0034901729628402e+01
   2.1200000000000000e+02   2.0250114296126700e+01
   2.1300000000000000e+02   2.0390943343197701e+01
   2.1400000000000000e+02   2.0460339722054901e+01
   2.1500000000000000e+02   2.0078085472887501e+01
   2.1600000000000000e+02   2.0234022552485399e+01
   2.1700000000000000e+02   2.0107381357567402e+01
   2.1800000000000000e+02   1.9983138397815200e+01
   2.1900000000000000e+02   1.9534525950520699e+01
   2.2000000000000000e+02   1.9530045744928600e+01
   2.2100000000000000e+02   1.9197990300334400e+01
   2.2200000000000000e+02   1.8694711217343901e+01
   2.2300000000000000e+02   1.8207141314476399e+01
   2.2400000000000000e+02   1.7511831735921700e+01
   2.2500000000000000e+02   1.7458823439884100e+01
   2.2600000000000000e+02   1.7459568818672000e+01
   2.2700000000000000e+02   1.7501214896785800e+01
   2.2800000000000000e+02   1.7195969451513999e+01
   2.2900000000000000e+02   1.6999187765100299e+01
   2.3000000000000000e+02   1.6615474192747900e+01
   2.3100000000000000e+02   1.6563566434775801e+01
   2.3200000000000000e+02   1.6203318201593600e+01
   2.3300000000000000e+02   1.5414333771576800e+01
   2.3400000000000000e+02   1.5069651217268500e+01
   2.3500000000000000e+02   1.4802567990302000e+01
   2.3600000000000000e+02   1.4543384514973200e+01
   2.3700000000000000e+02   1.4622927141428701e+01
   2.3800000000000000e+02   1.4383021415818400e+01
   2.3900000000000000e+02   1.4244013088831201e+01
   2.4000000000000000e+02   1.4455160247077201e+01
   2.4100000000000000e+02   1.3958696435251900e+01
   2.4200000000000000e+02   1.3207865550695900e+01
   2.4300000000000000e+02   1.3395339316247100e+01
   2.4400000000000000e+02   1.3280797164795599e+01
   2.4500000000000000e+02   1.2855462095270500e+01
   2.4600000000000000e+02   1.2586719432327600e+01
   2.4700000000000000e+02   1.2708058560673500e+01
   2.4800000000000000e+02   1.1976684746658499e+01
   2.4900000000000000e+02   1.2255237156911100e+01
   2.5000000000000000e+02   1.1462843426022699e+01
   2.5100000000000000e+02   1.0592215170544700e+01
   2.5200000000000000e+02   1.0394616205610101e+01
   2.5300000000000000e+02   9.9727324952587608e+00
   2.5400000000000000e+02   9.9479891795580198e+00
   2.5500000000000000e+02   9.7017535572840696e+00
   2.5600000000000000e+02   9.2458250252544598e+00
   2.5700000000000000e+02   9.2199599365252300e+00
   2.5800000000000000e+02   9.0879841213656807e+00
   2.5900000000000000e+02   8.9782084105986399e+00
   2.6000000000000000e+02   8.3866891973387396e+00
   2.6100000000000000e+02   8.4516559169602594e+00
   2.6200000000000000e+02   8.3537583030680391e+00
   2.6300000000000000e+02   8.2833877846571298e+00
   2.6400000000000000e+02   7.7323802292641401e+00
   2.6500000000000000e+02   7.3433559161924098e+00
   2.6600000000000000e+02   6.8830016010032802e+00
   2.6700000000000000e+02   6.5688403719669397e+00
   2.6800000000000000e+02   6.4515503714629903e+00
   2.6900000000000000e+02   6.2651990734112601e+00
   2.7000000000000000e+02   5.6445055006009097e+00
   2.7100000000000000e+02   5.6769555589922902e+00
   2.7200000000000000e+02   4.8622163634446700e+00
   2.7300000000000000e+02   4.4406286424496697e+00
   2.7400000000000000e+02   3.8193680702956700e+00
   2.7500000000000000e+02   3.9586891601596399e+00
   2.7600000000000000e+02   4.3094925626803198e+00
   2.7700000000000000e+02   4.1841107875626697e+00
   2.7800000000000000e+02   3.9228546952663099e+00
   2.7900000000000000e+02   3.8112430555906802e+00
   2.8000000000000000e+02   3.7476534741613001e+00
   2.8100000000000000e+02   3.2730471825566001e+00
   2.8200000000000000e+02   3.1295811312409700e+00
   2.8300000000000000e+02   3.0809853723038798e+00
   2.8400000000000000e+02   2.6470119780649899e+00
   2.8500000000000000e+02   2.3639489837270502e+00
   2.8600000000000000e+02   1.8348076723493600e+00
   2.8700000000000000e+02   1.0325419594471199e+00
   2.8800000000000000e+02   8.0657890851208003e-01
   2.8900000000000000e+02   9.0038672018802601e-01
   2.9000000000000000e+02   3.1415983336956699e-01
   2.9100000000000000e+02   3.7768974001871602e-01
   2.9200000000000000e+02   2.2304286907643900e-01
   2.9300000000000000e+02   5.0120095970099303e-02
   2.9400000000000000e+02  -4.9749343269031097e-02
   2.9500000000000000e+02  -2.8655503645887198e-01
   2.9600000000000000e+02  -2.9064593931104898e-01
   2.9700000000000000e+02  -4.7002560198345300e-01
   2.9800000000000000e+02  -9.3286305930489999e-01
   2.9900000000000000e+02  -6.5186998493072101e-01
   3.0000000000000000e+02  -1.3223226582284699e+00
   3.0100000000000000e+02  -1.8136265121336701e+00
   3.0200000000000000e+02  -2.0094966010777200e+00
   3.0300000000000000e+02  -2.3072509311313700e+00
   3.0400000000000000e+02  -2.5587163239682900e+00
   3.0500000000000000e+02  -2.9041269488177299e+00
   3.0600000000000000e+02  -3.7490694900248100e+00
   3.0700000000000000e+02  -4.4448713329775504e+00
   3.0800000000000000e+02  -4.6956627324989402e+00
   3.0900000000000000e+02  -4.7601388190301304e+00
   3.1000000000000000e+02  -5.2347381615599504e+00
   3.1100000000000000e+02  -5.3765316498225904e+00
   3.1200000000000000e+02  -5.9851850830750903e+00
   3.1300000000000000e+02  -6.6527214125505303e+00
   3.1400000000000000e+02  -7.0123493769975802e+00
   3.1500000000000000e+02  -7.3052248062346496e+00
   3.1600000000000000e+02  -7.4265405590926203e+00
   3.1700000000000000e+02  -8.2463945895949209e+00
   3.1800000000000000e+02  -9.1025825939453604e+00
   3.1900000000000000e+02  -9.6696891191978906e+00
   3.2000000000000000e+02  -1.0220953657769901e+01
   3.2100000000000000e+02  -1.0167698550368399e+01
   3.2200000000000000e+02  -9.9870639700435397e+00
   3.2300000000000000e+02  -1.0228713178792100e+01
   3.2400000000000000e+02  -1.0583830838764699e+01
   3.2500000000000000e+02  -1.1128924511058100e+01
   3.2600000000000000e+02  -1.0970839318186901e+01
   3.2700000000000000e+02  -1.1806188825919900e+01
   3.2800000000000000e+02  -1.2008394365345000e+01
   3.2900000000000000e+02  -1.2633642102349899e+01
   3.3000000000000000e+02  -1.3154389047465299e+01
   3.3100000000000000e+02  -1.3784195866298900e+01
   3.3200000000000000e+02  -1.3605295470420200e+01
   3.3300000000000000e+02  -1.4681514272785501e+01
   3.3400000000000000e+02  -1.4985422901368800e+01
   3.3500000000000000e+02  -1.4908297302041500e+01
   3.3600000000000000e+02  -1.5173216178003900e+01
   3.3700000000000000e+02  -1.5445419442355600e+01
   3.3800000000000000e+02  -1.6532402014325601e+01
   3.3900000000000000e+02  -1.6877080217296999e+01
   3.4000000000000000e+02  -1.7200588307898400e+01
   3.4100000000000000e+02  -1.7704402623376598e+01
   3.4200000000000000e+02  -1.8048060695658400e+01
   3.4300000000000000e+02  -1.7859650102938801e+01
   3.4400000000000000e+02  -1.8386486637019502e+01
   3.4500000000000000e+02  -1.8867381148947199e+01
   3.4600000000000000e+02  -1.9211894748183600e+01
   3.4700000000000000e+02  -1.9635217823375299e+01
   3.4800000000000000e+02  -1.9789507191319199e+01
   3.4900000000000000e+02  -1.9958164244760400e+01
   3.5000000000000000e+02  -2.0161089616392601e+01
   3.5100000000000000e+02  -2.0314325216014701e+01
   3.5200000000000000e+02  -2.0679950948717700e+01
   3.5300000000000000e+02  -2.1124198056019601e+01
   3.5400000000000000e+02  -2.2218150755350301e+01
   3.5500000000000000e+02  -2.2666229866561800e+01
   3.5600000000000000e+02  -2.3369391632432801e+01
   3.5700000000000000e+02  -2.4141523202946399e+01
   3.5800000000000000e+02  -2.4678153948974199e+01
   3.5900000000000000e+02  -2.5420581015845801e+01
   3.6000000000000000e+02  -2.5779211454890799e+01
   3.6100000000000000e+02  -2.6526373254010799e+01
   3.6200000000000000e+02  -2.7572228942724401e+01
   3.6300000000000000e+02  -2.8578682411933201e+01
   3.6400000000000000e+02  -2.8683478071878898e+01
   3.6500000000000000e+02  -2.9117610248227699e+01
   3.6600000000000000e+02  -2.9696966927265500e+01
   3.6700000000000000e+02  -3.0658671392399800e+01
   3.6800000000000000e+02  -3.1314657631216200e+01
   3.6900000000000000e+02  -3.1921163810242099e+01
   3.7000000000000000e+02  -3.2172316990673004e+01
   3.7100000000000000e+02  -3.2568367452390298e+01
   3.7200000000000000e+02  -3.3471670782883599e+01
   3.7300000000000000e+02  -3.4107535698815298e+01
   3.7400000000000000e+02  -3.4598979054972197e+01
   3.7500000000000000e+02  -3.5518392306460903e+01
   3.7600000000000000e+02  -3.6548436092837797e+01
   3.7700000000000000e+02  -3.7273767924360101e+01
   3.7800000000000000e+02  -3.8519069787394500e+01
   3.7900000000000000e+02  -3.9573715427424901e+01
   3.8000000000000000e+02  -4.0128427534896502e+01
   3.8100000000000000e+02  -4.0183025712092899e+01
   3.8200000000000000e+02  -4.1436023598432300e+01
   3.8300000000000000e+02  -4.1849467814328300e+01
   3.8400000000000000e+02  -4.3109894214944099e+01
   3.8500000000000000e+02  -4.4044962661190603e+01
   3.8600000000000000e+02  -4.5152084548251104e+01
   3.8700000000000000e+02  -4.5799113058809603e+01
   3.8800000000000000e+02  -4.6463091077219303e+01
   3.8900000000000000e+02  -4.6773731461705900e+01
   3.9000000000000000e+02  -4.7406949869461897e+01
   3.9100000000000000e+02  -4.8152674917135698e+01
   3.9200000000000000e+02  -4.8427338433644401e+01
   3.9300000000000000e+02  -4.9408323214193402e+01
   3.9400000000000000e+02  -5.0653370672029403e+01
   3.9500000000000000e+02  -5.0636158832258999e+01
   3.9600000000000000e+02  -5.1334483321842299e+01
   3.9700000000000000e+02  -5.1646349372308300e+01
   3.9800000000000000e+02  -5.1986042000999497e+01
   3.9900000000000000e+02  -5.2974708238391301e+01
   4.0000000000000000e+02  -5.3620041112721900e+01
   4.0100000000000000e+02  -5.4445434780772104e+01
   4.0200000000000000e+02  -5.4667341352712299e+01
   4.0300000000000000e+02  -5.5350630919636103e+01
   4.0400000000000000e+02  -5.5914320835101300e+01
   4.0500000000000000e+02  -5.6181858228343103e+01
   4.0600000000000000e+02  -5.6805934153076699e+01
   4.0700000000000000e+02  -5.7735704081592097e+01
   4.0800000000000000e+02  -5.8561082709585101e+01
   4.0900000000000000e+02  -5.9245276173274597e+01
   4.1000000000000000e+02  -6.0135145785933702e+01
   4.1100000000000000e+02  -6.0733849097893199e+01
   4.1200000000000000e+02  -6.1560330781151897e+01
   4.1300000000000000e+02  -6.2965017544192598e+01
   4.1400000000000000e+02  -6.3597980586334401e+01
   4.1500000000000000e+02  -6.4018661034937594e+01
   4.1600000000000000e+02  -6.4872538788396895e+01
   4.1700000000000000e+02  -6.5441542379279099e+01
   4.1800000000000000e+02  -6.6133410695225507e+01
   4.1900000000000000e+02  -6.5908327322751305e+01
   4.2000000000000000e+02  -6.6287049968762503e+01
   4.2100000000000000e+02  -6.6865782113012202e+01
   4.2200000000000000e+02  -6.7355066738249107e+01
   4.2300000000000000e+02  -6.8032171399253897e+01
   4.2400000000000000e+02  -6.8063795960853994e+01
   4.2500000000000000e+02  -6.8233257533768693e+01
   4.2600000000000000e+02  -6.9278292634126501e+01
   4.2700000000000000e+02  -6.9388592542019595e+01
   4.2800000000000000e+02  -6.9505619227811593e+01
   4.2900000000000000e+02  -7.0045321579300804e+01
   4.3000000000000000e+02  -7.0059462232075404e+01
   4.3100000000000000e+02  -7.0817128704905898e+01
   4.3200000000000000e+02  -7.0423289142176699e+01
   4.3300000000000000e+02  -7.0777236772667095e+01
   4.3400000000000000e+02  -7.1394736595061602e+01
   4.3500000000000000e+02  -7.1965496075347801e+01
   4.3600000000000000e+02  -7.1922060027785307e+01
   4.3700000000000000e+02  -7.2127157301912305e+01
   4.3800000000000000e+02  -7.2638567732126901e+01
   4.3900000000000000e+02  -7.3317606586492403e+01
   4.4000000000000000e+02  -7.3537529250421798e+01
   4.4100000000000000e+02  -7.4418670857150900e+01
   4.4200000000000000e+02  -7.4375532884504906e+01
   4.4300000000000000e+02  -7.4145546505375904e+01
   4.4400000000000000e+02  -7.4201566491033205e+01
   4.4500000000000000e+02  -7.4229738535501397e+01
   4.4600000000000000e+02  -7.4660244946669494e+01
   4.4700000000000000e+02  -7.4779202217021094e+01
   4.4800000000000000e+02  -7.4973812605429103e+01
   4.4900000000000000e+02  -7.4928878450207506e+01
   4.5000000000000000e+02  -7.4806018817424501e+01
   4.5100000000000000e+02  -7.4793727138428295e+01
   4.5200000000000000e+02  -7.4895743272369302e+01
   4.5300000000000000e+02  -7.5391810388077005e+01
   4.5400000000000000e+02  -7.5207131904975299e+01
   4.5500000000000000e+02  -7.4494245939263706e+01
   4.5600000000000000e+02  -7.4931581025723105e+01
   4.5700000000000000e+02  -7.5412037539040497e+01
   4.5800000000000000e+02  -7.5780436367606697e+01
   4.5900000000000000e+02  -7.6034342239855306e+01
   4.6000000000000000e+02  -7.6328040603421002e+01
   4.6100000000000000e+02  -7.6000392838302503e+01
   4.6200000000000000e+02  -7.6490933301310804e+01
   4.6300000000000000e+02  -7.6354707052261901e+01
   4.6400000000000000e+02  -7.5904184546350095e+01
   4.6500000000000000e+02  -7.5052220771455495e+01
   4.6600000000000000e+02  -7.5478521070343604e+01
   4.6700000000000000e+02  -7.5541000138610300e+01
   4.6800000000000000e+02  -7.5262425072182197e+01
   4.6900000000000000e+02  -7.5150773925474098e+01
   4.7000000000000000e+02  -7.5512612195582605e+01
   4.7100000000000000e+02  -7.5505661643033207e+01
   4.7200000000000000e+02  -7.5731387666717893e+01
   4.7300000000000000e+02  -7.5930619114769797e+01
   4.7400000000000000e+02  -7.6206541044451200e+01
   4.7500000000000000e+02  -7.6335428565035201e+01
   4.7600000000000000e+02  -7.6498497076400994e+01
   4.7700000000000000e+02  -7.6527909811141697e+01
   4.7800000000000000e+02  -7.6447111234261399e+01
   4.7900000000000000e+02  -7.6810054159139796e+01
   4.8000000000000000e+02  -7.6348795567973198e+01
   4.8100000000000000e+02  -7.5666335608725106e+01
   4.8200000000000000e+02  -7.5687385823145306e+01
   4.8300000000000000e+02  -7.5409282847848303e+01
   4.8400000000000000e+02  -7.6058157697442894e+01
   4.8500000000000000e+02  -7.5989505409973205e+01
   4.8600000000000000e+02  -7.5993100543385495e+01
   4.8700000000000000e+02  -7.6408320361124396e+01
   4.8800000000000000e+02  -7.6456673150987697e+01
   4.8900000000000000e+02  -7.6535629233170795e+01
   4.9000000000000000e+02  -7.6679141238002003e+01
   4.9100000000000000e+02  -7.6286873678838305e+01
   4.9200000000000000e+02  -7.6549157651770699e+01
   4.9300000000000000e+02  -7.6343640835891307e+01
   4.9400000000000000e+02  -7.5953489325750098e+01
   4.9500000000000000e+02  -7.5737610248679800e+01
   4.9600000000000000e+02  -7.5108437154597794e+01
   4.9700000000000000e+02  -7.5207397053014802e+01
   4.9800000000000000e+02  -7.5747793870547497e+01
   4.9900000000000000e+02  -7.5370830414982507e+01
   5.0000000000000000e+02  -7.4901197052556498e+01
   5.0100000000000000e+02  -7.4588651846882996e+01
   5.0200000000000000e+02  -7.4202291220336207e+01
   5.0300000000000000e+02  -7.4541568634798907e+01
   5.0400000000000000e+02  -7.5077412206273195e+01
   5.0500000000000000e+02  -7.5367352843860203e+01
   5.0600000000000000e+02  -7.5393511707210706e+01
   5.0700000000000000e+02  -7.5343976398592801e+01
   5.0800000000000000e+02  -7.5170576729121905e+01
   5.0900000000000000e+02  -7.4742777768376001e+01
   5.1000000000000000e+02  -7.4059135613657205e+01
   5.1100000000000000e+02  -7.3971419285720700e+01
   5.1200000000000000e+02  -7.3668327192346894e+01
   5.1300000000000000e+02  -7.3827798399232705e+01
   5.1400000000000000e+02  -7.4190931945999196e+01
   5.1500000000000000e+02  -7.4156546960734602e+01
   5.1600000000000000e+02  -7.4135838327337098e+01
   5.1700000000000000e+02  -7.4247071223916606e+01
   5.1800000000000000e+02  -7.4614782892459800e+01
   5.1900000000000000e+02  -7.4475309603196607e+01
   5.2000000000000000e+02  -7.4637119557228502e+01
   5.2100000000000000e+02  -7.5325252376034300e+01
   5.2200000000000000e+02  -7.5256442167900104e+01
   5.2300000000000000e+02  -7.5324489253744503e+01
   5.2400000000000000e+02  -7.5630203781161995e+01
   5.2500000000000000e+02  -7.5521754608572095e+01
   5.2600000000000000e+02  -7.5367241677066900e+01
   5.2700000000000000e+02  -7.4828187201689104e+01
   5.2800000000000000e+02  -7.4786097599073699e+01
   5.2900000000000000e+02  -7.4703745572609193e+01
   5.3000000000000000e+02  -7.5182461932602905e+01
   5.3100000000000000e+02  -7.5333726824492700e+01
   5.3200000000000000e+02  -7.5299881060326996e+01
   5.3300000000000000e+02  -7.5175157187132001e+01
   5.3400000000000000e+02  -7.5035068410834498e+01
   5.3500000000000000e+02  -7.4699882279285802e+01
   5.3600000000000000e+02  -7.4525375639801695e+01
   5.3700000000000000e+02  -7.4523989305293298e+01
   5.3800000000000000e+02  -7.4698621754861705e+01
   5.3900000000000000e+02  -7.4677034021728900e+01
   5.4000000000000000e+02  -7.4709216424061793e+01
   5.4100000000000000e+02  -7.4662289230222797e+01
   5.4200000000000000e+02  -7.4496532111964001e+01
   5.4300000000000000e+02  -7.4334207655896293e+01
   5.4400000000000000e+02  -7.3843432137790600e+01
   5.4500000000000000e+02  -7.4238320832590006e+01
   5.4600000000000000e+02  -7.4538879782185703e+01
   5.4700000000000000e+02  -7.5088273161511296e+01
   5.4800000000000000e+02  -7.4601653700083503e+01
   5.4900000000000000e+02  -7.5360886909004407e+01
   5.5000000000000000e+02  -7.5521724223716902e+01
   5.5100000000000000e+02  -7.5576147403552596e+01
   5.5200000000000000e+02  -7.5732749497347598e+01
   5.5300000000000000e+02  -7.5087540097205704e+01
   5.5400000000000000e+02  -7.5025039442099896e+01
   5.5500000000000000e+02  -7.4613426966185699e+01
   5.5600000000000000e+02  -7.4419287343190902e+01
   5.5700000000000000e+02  -7.4885177953285506e+01
   5.5800000000000000e+02  -7.4642811011877598e+01
   5.5900000000000000e+02  -7.4494530772523206e+01
   5.6000000000000000e+02  -7.4554698703037502e+01
   5.6100000000000000e+02  -7.4588811786324001e+01
   5.6200000000000000e+02  -7.4678742901746304e+01
   5.6300000000000000e+02  -7.4698016226862507e+01
   5.6400000000000000e+02  -7.4732381957725096e+01
   5.6500000000000000e+02  -7.4848231513051303e+01
   5.6600000000000000e+02  -7.5153700767150497e+01
   5.6700000000000000e+02  -7.4671929892728301e+01
   5.6800000000000000e+02  -7.4512828603686401e+01
   5.6900000000000000e+02  -7.4434959988304101e+01
   5.7000000000000000e+02  -7.4155317773198604e+01
   5.7100000000000000e+02  -7.3877207898916595e+01
   5.7200000000000000e+02  -7.4264209453974402e+01
   5.7300000000000000e+02  -7.3981015646197093e+01
   5.7400000000000000e+02  -7.3943546704502893e+01
   5.7500000000000000e+02  -7.4294749984408398e+01
   5.7600000000000000e+02  -7.3888664269079300e+01
   5.7700000000000000e+02  -7.4119680398506702e+01
   5.7800000000000000e+02  -7.3940790057648599e+01
   5.7900000000000000e+02  -7.3749081326380306e+01
   5.8000000000000000e+02  -7.3745192156933797e+01
   5.8100000000000000e+02  -7.3624822616482803e+01
   5.8200000000000000e+02  -7.3744374192911394e+01
   5.8300000000000000e+02  -7.3567592906359707e+01
   5.8400000000000000e+02  -7.3724559770941894e+01
   5.8500000000000000e+02  -7.3711021639242205e+01
   5.8600000000000000e+02  -7.3983988581866399e+01
   5.8700000000000000e+02  -7.4030771485841100e+01
   5.8800000000000000e+02  -7.4331141739285499e+01
   5.8900000000000000e+02  -7.4581627144039203e+01
   5.9000000000000000e+02  -7.4907628810905805e+01
   5.9100000000000000e+02  -7.5210470053868903e+01
   5.9200000000000000e+02  -7.5308734657793195e+01
   5.9300000000000000e+02  -7.5715221694257295e+01
   5.9400000000000000e+02  -7.5637529824471301e+01
   5.9500000000000000e+02  -7.5713056183218598e+01
   5.9600000000000000e+02  -7.6093321657849501e+01
   5.9700000000000000e+02  -7.5780578558217400e+01
   5.9800000000000000e+02  -7.5945718064325106e+01
   5.9900000000000000e+02  -7.5713950642008200e+01
   6.0000000000000000e+02  -7.5364765364606299e+01
   6.0100000000000000e+02  -7.5504090460513098e+01
   6.0200000000000000e+02  -7.5598814999025194e+01
   6.0300000000000000e+02  -7.5604398760034101e+01
   6.0400000000000000e+02  -7.4934731548914698e+01
   6.0500000000000000e+02  -7.4311389028776503e+01
   6.0600000000000000e+02  -7.4543837668520794e+01
   6.0700000000000000e+02  -7.4546365609267497e+01
   6.0800000000000000e+02  -7.4571478470398702e+01
   6.0900000000000000e+02  -7.4783792692406706e+01
   6.1000000000000000e+02  -7.4991365904719203e+01
   6.1100000000000000e+02  -7.4998800422505596e+01
   6.1200000000000000e+02  -7.5172463665887093e+01
   6.1300000000000000e+02  -7.5218610510199298e+01
   6.1400000000000000e+02  -7.5196094412034697e+01
   6.1500000000000000e+02  -7.5429978121650606e+01
   6.1600000000000000e+02  -7.5479963116949705e+01
   6.1700000000000000e+02  -7.4982034652572693e+01
   6.1800000000000000e+02  -7.5045028748229697e+01
   6.1900000000000000e+02  -7.4944300141651397e+01
   6.2000000000000000e+02  -7.4856223370844603e+01
   6.2100000000000000e+02  -7.4868761222048903e+01
   6.2200000000000000e+02  -7.5289189189272605e+01
   6.2300000000000000e+02  -7.4720314025277602e+01
   6.2400000000000000e+02  -7.5435520221071002e+01
   6.2500000000000000e+02  -7.5204780516234294e+01
   6.2600000000000000e+02  -7.5748778509836299e+01
   6.2700000000000000e+02  -7.5676378941995694e+01
   6.2800000000000000e+02  -7.5342820005436394e+01
   6.2900000000000000e+02  -7.5245778960885303e+01
   6.3000000000000000e+02  -7.5858049474576703e+01
   6.3100000000000000e+02  -7.5731692869201794e+01
   6.3200000000000000e+02  -7.6054384311310599e+01
   6.3300000000000000e+02  -7.6245038702321594e+01
   6.3400000000000000e+02  -7.6326529101750396e+01
   6.3500000000000000e+02  -7.6433394823926605e+01
   6.3600000000000000e+02  -7.6655334573833997e+01
   6.3700000000000000e+02  -7.6503976018617493e+01
   6.3800000000000000e+02  -7.6613585112238198e+01
   6.3900000000000000e+02  -7.6566058795772605e+01
   6.4000000000000000e+02  -7.6460522306017793e+01
   6.4100000000000000e+02  -7.5938049238560097e+01
   6.4200000000000000e+02  -7.6032317919402800e+01
   6.4300000000000000e+02  -7.6015161113124094e+01
   6.4400000000000000e+02  -7.5783027247244604e+01
   6.4500000000000000e+02  -7.5683531762984799e+01
   6.4600000000000000e+02  -7.5850546330886701e+01
   6.4700000000000000e+02  -7.5780804302679798e+01
   6.4800000000000000e+02  -7.6209209240390905e+01
   6.4900000000000000e+02  -7.5887886735058103e+01
   6.5000000000000000e+02  -7.5985176973800606e+01
   6.5100000000000000e+02  -7.6117722686125205e+01
   6.5200000000000000e+02  -7.6274349893042498e+01
   6.5300000000000000e+02  -7.6276798615171700e+01
   6.5400000000000000e+02  -7.6203611464599604e+01
   6.5500000000000000e+02  -7.6001347445901004e+01
   6.5600000000000000e+02  -7.5538869434413002e+01
   6.5700000000000000e+02  -7.5830190658225405e+01
   6.5800000000000000e+02  -7.5695788283240603e+01
   6.5900000000000000e+02  -7.5264808376753393e+01
   6.6000000000000000e+02  -7.5449920809669905e+01
   6.6100000000000000e+02  -7.5737396432276100e+01
   6.6200000000000000e+02  -7.5729137383336806e+01
   6.6300000000000000e+02  -7.5772969582498405e+01
   6.6400000000000000e+02  -7.5608730145234006e+01
   6.6500000000000000e+02  -7.5690979170214803e+01
   6.6600000000000000e+02  -7.6106460266212096e+01
   6.6700000000000000e+02  -7.6426175351062398e+01
   6.6800000000000000e+02  -7.6658282856985394e+01
   6.6900000000000000e+02  -7.6450363259064204e+01
   6.7000000000000000e+02  -7.6626536649214898e+01
   6.7100000000000000e+02  -7.6445128497905898e+01
   6.7200000000000000e+02  -7.6848307620387402e+01
   6.7300000000000000e+02  -7.6635009204505707e+01
   6.7400000000000000e+02  -7.5980985679947494e+01
   6.7500000000000000e+02  -7.6201372165468399e+01
   6.7600000000000000e+02  -7.6222485590175793e+01
   6.7700000000000000e+02  -7.6167521053099193e+01
   6.7800000000000000e+02  -7.6078239078162099e+01
   6.7900000000000000e+02  -7.5787288773262205e+01
   6.8000000000000000e+02  -7.5788917177990200e+01
   6.8100000000000000e+02  -7.5672470734311105e+01
   6.8200000000000000e+02  -7.6249427371283403e+01
   6.8300000000000000e+02  -7.6078305179697793e+01
   6.8400000000000000e+02  -7.5786158865355603e+01
   6.8500000000000000e+02  -7.6076503958380499e+01
   6.8600000000000000e+02  -7.5607941276117700e+01
   6.8700000000000000e+02  -7.5880805473757206e+01
   6.8800000000000000e+02  -7.5426131268509906e+01
   6.8900000000000000e+02  -7.5527521094793400e+01
   6.9000000000000000e+02  -7.5405737961910702e+01
   6.9100000000000000e+02  -7.5545851833821004e+01
   6.9200000000000000e+02  -7.4860501218725503e+01
   6.9300000000000000e+02  -7.4909000620307097e+01
   6.9400000000000000e+02  -7.5074963143749500e+01
   6.9500000000000000e+02  -7.4952352920706005e+01
   6.9600000000000000e+02  -7.4434807872694094e+01
   6.9700000000000000e+02  -7.4474663035282603e+01
   6.9800000000000000e+02  -7.4264581133514696e+01
   6.9900000000000000e+02  -7.4016061120323599e+01
   7.0000000000000000e+02  -7.4224536052848094e+01
   7.0100000000000000e+02  -7.3628511436468102e+01
   7.0200000000000000e+02  -7.3592781693682795e+01
   7.0300000000000000e+02  -7.3881431882535907e+01
   7.0400000000000000e+02  -7.3488205123383693e+01
   7.0500000000000000e+02  -7.3848408693720302e+01
   7.0600000000000000e+02  -7.4037849850127202e+01
   7.0700000000000000e+02  -7.3662464759536604e+01
   7.0800000000000000e+02  -7.4202845378977401e+01
   7.0900000000000000e+02  -7.3662685925675902e+01
   7.1000000000000000e+02  -7.4078764404164602e+01
   7.1100000000000000e+02  -7.3710245520289803e+01
   7.1200000000000000e+02  -7.3395305311660906e+01
   7.1300000000000000e+02  -7.3112617973284500e+01
   7.1400000000000000e+02  -7.3117869989875899e+01
   7.1500000000000000e+02  -7.3370988898741402e+01
   7.1600000000000000e+02  -7.3279334146315605e+01
   7.1700000000000000e+02  -7.3129287916479299e+01
   7.1800000000000000e+02  -7.2578593683571796e+01
   7.1900000000000000e+02  -7.2910823640019302e+01
   7.2000000000000000e+02  -7.3304689842002205e+01
   7.2100000000000000e+02  -7.3859336545821506e+01
   7.2200000000000000e+02  -7.3547274701300395e+01
   7.2300000000000000e+02  -7.3499222437327603e+01
   7.2400000000000000e+02  -7.3026371491770306e+01
   7.2500000000000000e+02  -7.2630915767648403e+01
   7.2600000000000000e+02  -7.2847305664020197e+01
   7.2700000000000000e+02  -7.3313947648361804e+01
   7.2800000000000000e+02  -7.2924610101834901e+01
   7.2900000000000000e+02  -7.3185729828577607e+01
   7.3000000000000000e+02  -7.2981767898526002e+01
   7.3100000000000000e+02  -7.3071487422805106e+01
   7.3200000000000000e+02  -7.2849641692700004e+01
   7.3300000000000000e+02  -7.2131875252787495e+01
   7.3400000000000000e+02  -7.2316656086513206e+01
   7.3500000000000000e+02  -7.2057495272085504e+01
   7.3600000000000000e+02  -7.1885873555431800e+01
   7.3700000000000000e+02  -7.1618678221239406e+01
   7.3800000000000000e+02  -7.1361878082970094e+01
   7.3900000000000000e+02  -7.1095880541702400e+01
   7.4000000000000000e+02  -7.1048781976518001e+01
   7.4100000000000000e+02  -7.1067525984924799e+01
   7.4200000000000000e+02  -7.0812608121639201e+01
   7.4300000000000000e+02  -7.0670699804921895e+01
   7.4400000000000000e+02  -7.0472917982839704e+01
   7.4500000000000000e+02  -7.0837745509425005e+01
   7.4600000000000000e+02  -7.0754180686882506e+01
   7.4700000000000000e+02  -7.0650932843265295e+01
   7.4800000000000000e+02  -7.0608665769888006e+01
   7.4900000000000000e+02  -7.0089375791646901e+01
   7.5000000000000000e+02  -7.0406501683605200e+01
   7.5100000000000000e+02  -7.0405712195631494e+01
   7.5200000000000000e+02  -6.9881651873531894e+01
   7.5300000000000000e+02  -6.9701344496252801e+01
   7.5400000000000000e+02  -6.9800258981229007e+01
   7.5500000000000000e+02  -6.9670992493830099e+01
   7.5600000000000000e+02  -7.0096056243497401e+01
   7.5700000000000000e+02  -7.0323290754478506e+01
   7.5800000000000000e+02  -7.0131715114411506e+01
   7.5900000000000000e+02  -6.9880674005787697e+01
   7.6000000000000000e+02  -6.9901929835377302e+01
   7.6100000000000000e+02  -6.9974992258281205e+01
   7.6200000000000000e+02  -6.9868658733679993e+01
   7.6300000000000000e+02  -6.9554139720945003e+01
   7.6400000000000000e+02  -6.9823024220451998e+01
   7.6500000000000000e+02  -6.9931562028171896e+01
   7.6600000000000000e+02  -6.9668890842350606e+01
   7.6700000000000000e+02  -6.9296237856116505e+01
   7.6800000000000000e+02  -6.9211164726968505e+01
   7.6900000000000000e+02  -6.9252859893801300e+01
   7.7000000000000000e+02  -6.9396759216993701e+01
   7.7100000000000000e+02  -6.9364177238338200e+01
   7.7200000000000000e+02  -6.9885237702080801e+01
   7.7300000000000000e+02  -7.0061522322628704e+01
   7.7400000000000000e+02  -6.9789038957595295e+01
   7.7500000000000000e+02  -6.9699024952631902e+01
   7.7600000000000000e+02  -6.9524751854950907e+01
   7.7700000000000000e+02  -6.9806218866041803e+01
   7.7800000000000000e+02  -6.9646454442042298e+01
   7.7900000000000000e+02  -6.9516062953208205e+01
   7.8000000000000000e+02  -6.9328300710749204e+01
   7.8100000000000000e+02  -6.9777072563906501e+01
   7.8200000000000000e+02  -6.9938113299258106e+01
   7.8300000000000000e+02  -7.0093532286969506e+01
   7.8400000000000000e+02  -7.0235228180855700e+01
   7.8500000000000000e+02  -6.9901735905845797e+01
   7.8600000000000000e+02  -6.9949727469369407e+01
   7.8700000000000000e+02  -7.0043843343667703e+01
   7.8800000000000000e+02  -7.0211841513489603e+01
   7.8900000000000000e+02  -7.0155732439521202e+01
   7.9000000000000000e+02  -6.9843514101467306e+01
   7.9100000000000000e+02  -6.9473351374044000e+01
   7.9200000000000000e+02  -6.9625401552609503e+01
   7.9300000000000000e+02  -6.9533201194645102e+01
   7.9400000000000000e+02  -6.9676167982906307e+01
   7.9500000000000000e+02  -7.0304929967633001e+01
   7.9600000000000000e+02  -7.0471447340032796e+01
   7.9700000000000000e+02  -7.0674674876761699e+01
   7.9800000000000000e+02  -7.0947623878466302e+01
   7.9900000000000000e+02  -7.0484414355240403e+01
   8.0000000000000000e+02  -7.0204603717812105e+01
   8.0100000000000000e+02  -7.0572749338590697e+01
   8.0200000000000000e+02  -7.0720971953493304e+01
   8.0300000000000000e+02  -7.0625244006962404e+01
   8.0400000000000000e+02  -7.0535426660904307e+01
   8.0500000000000000e+02  -7.0062204039505701e+01
   8.0600000000000000e+02  -6.9888481794346006e+01
   8.0700000000000000e+02  -6.9782440366161694e+01
   8.0800000000000000e+02  -7.0355784091505697e+01
   8.0900000000000000e+02  -7.0103923288825996e+01
   8.1000000000000000e+02  -7.0051359617976203e+01
   8.1100000000000000e+02  -6.9778655103046304e+01
   8.1200000000000000e+02  -6.9927368556597798e+01
   8.1300000000000000e+02  -6.9579952216712996e+01
   8.1400000000000000e+02  -6.9448971971540701e+01
   8.1500000000000000e+02  -6.9666610003388499e+01
   8.1600000000000000e+02  -6.9664227162581895e+01
   8.1700000000000000e+02  -6.9754222196381704e+01
   8.1800000000000000e+02  -6.9990420147427599e+01
   8.1900000000000000e+02  -7.0064157003746999e+01
   8.2000000000000000e+02  -6.9556321862037706e+01
   8.2100000000000000e+02  -6.9306428910787403e+01
   8.2200000000000000e+02  -6.8974829632552002e+01
   8.2300000000000000e+02  -6.9053994747964694e+01
   8.2400000000000000e+02  -6.9362740601063507e+01
   8.2500000000000000e+02  -6.8777571843838004e+01
   8.2600000000000000e+02  -6.8628362986960298e+01
   8.2700000000000000e+02  -6.8919677613560793e+01
   8.2800000000000000e+02  -6.9209235428669800e+01
   8.2900000000000000e+02  -6.8961572874648098e+01
   8.3000000000000000e+02  -6.8710918558851802e+01
   8.3100000000000000e+02  -6.8363973450311804e+01
   8.3200000000000000e+02  -6.7958370963659803e+01
   8.3300000000000000e+02  -6.7774782006319995e+01
   8.3400000000000000e+02  -6.8328841921582494e+01
   8.3500000000000000e+02  -6.8471500320320999e+01
   8.3600000000000000e+02  -6.8274630400578602e+01
   8.3700000000000000e+02  -6.8413329608657307e+01
   8.3800000000000000e+02  -6.8480867788963906e+01
   8.3900000000000000e+02  -6.7986808575847206e+01
   8.4000000000000000e+02  -6.8037320070390905e+01
   8.4100000000000000e+02  -6.8005518485806604e+01
   8.4200000000000000e+02  -6.7534995047434293e+01
   8.4300000000000000e+02  -6.7010397310415797e+01
   8.4400000000000000e+02  -6.7113698229175895e+01
   8.4500000000000000e+02  -6.6430556257358901e+01
   8.4600000000000000e+02  -6.6115554880097704e+01
   8.4700000000000000e+02  -6.6136154757973003e+01
   8.4800000000000000e+02  -6.6099690825917094e+01
   8.4900000000000000e+02  -6.6026183330499606e+01
   8.5000000000000000e+02  -6.5689644183918702e+01
   8.5100000000000000e+02  -6.5367407927725694e+01
   8.5200000000000000e+02  -6.4543634397810294e+01
   8.5300000000000000e+02  -6.4487794387358903e+01
   8.5400000000000000e+02  -6.4025096030493302e+01
   8.5500000000000000e+02  -6.3524854304417403e+01
   8.5600000000000000e+02  -6.2642791169027603e+01
   8.5700000000000000e+02  -6.2108074961694399e+01
   8.5800000000000000e+02  -6.1489309525252999e+01
   8.5900000000000000e+02  -6.0733227583554402e+01
   8.6000000000000000e+02  -6.0143737648902899e+01
   8.6100000000000000e+02  -5.8685628751808103e+01
   8.6200000000000000e+02  -5.6136090038606099e+01
   8.6300000000000000e+02  -5.2174369296611196e+01
   8.6400000000000000e+02  -4.2124435394633998e+01
   8.6500000000000000e+02  -1.8903651144826700e+01
