  -1.0000000000000000e+02  -7.2609222595128401e+01
  -9.9000000000000000e+01  -7.2496611433570294e+01
  -9.8000000000000000e+01  -7.2169435299293696e+01
  -9.7000000000000000e+01  -7.2458202392661207e+01
  -9.6000000000000000e+01  -7.2534523386740403e+01
  -9.5000000000000000e+01  -7.2828440302496602e+01
  -9.4000000000000000e+01  -7.2533736605694500e+01
  -9.3000000000000000e+01  -7.2414225376434999e+01
  -9.2000000000000000e+01  -7.2759853679665298e+01
  -9.1000000000000000e+01  -7.3021995287244096e+01
  -9.0000000000000000e+01  -7.3179446214596197e+01
  -8.9000000000000000e+01  -7.3570396522791498e+01
  -8.8000000000000000e+01  -7.3548466995718300e+01
  -8.7000000000000000e+01  -7.3514286695627305e+01
  -8.6000000000000000e+01  -7.3322871971644105e+01
  -8.5000000000000000e+01  -7.3514196869267707e+01
  -8.4000000000000000e+01  -7.3483143627042907e+01
  -8.3000000000000000e+01  -7.4081956221834105e+01
  -8.2000000000000000e+01  -7.4170941978444503e+01
  -8.1000000000000000e+01  -7.4060144666623600e+01
  -8.0000000000000000e+01  -7.4254624820571195e+01
  -7.9000000000000000e+01  -7.4251367764779303e+01
  -7.8000000000000000e+01  -7.3972897795670306e+01
  -7.7000000000000000e+01  -7.4009061616043795e+01
  -7.6000000000000000e+01  -7.4294933650679198e+01
  -7.5000000000000000e+01  -7.3994418840339407e+01
  -7.4000000000000000e+01  -7.3718053163517396e+01
  -7.3000000000000000e+01  -7.3712414381839807e+01
  -7.2000000000000000e+01  -7.4123172161000895e+01
  -7.1000000000000000e+01  -7.4474775079776705e+01
  -7.0000000000000000e+01  -7.4829364221735005e+01
  -6.9000000000000000e+01  -7.4320446410784598e+01
  -6.8000000000000000e+01  -7.4197174683549093e+01
  -6.7000000000000000e+01  -7.4088154950332594e+01
  -6.6000000000000000e+01  -7.4003252504575102e+01
  -6.5000000000000000e+01  -7.4145247202849802e+01
  -6.4000000000000000e+01  -7.4440632690647007e+01
  -6.3000000000000000e+01  -7.4363306532062396e+01
  -6.2000000000000000e+01  -7.4350066162108504e+01
  -6.1000000000000000e+01  -7.4469179935916500e+01
  -6.0000000000000000e+01  -7.4978875966845905e+01
  -5.9000000000000000e+01  -7.4853287878629800e+01
  -5.8000000000000000e+01  -7.4990506482612801e+01
  -5.7000000000000000e+01  -7.4770403373407007e+01
  -5.6000000000000000e+01  -7.5253163159379696e+01
  -5.5000000000000000e+01  -7.5256404548777098e+01
  -5.4000000000000000e+01  -7.4719470930884796e+01
  -5.3000000000000000e+01  -7.4106445949789403e+01
  -5.2000000000000000e+01  -7.4021881479322502e+01
  -5.1000000000000000e+01  -7.4049557310065595e+01
  -5.0000000000000000e+01  -7.4543378803075896e+01
  -4.9000000000000000e+01  -7.4238381959089097e+01
  -4.8000000000000000e+01  -7.3947729685747106e+01
  -4.7000000000000000e+01  -7.3476944413323906e+01
  -4.6000000000000000e+01  -7.3647817966986906e+01
  -4.5000000000000000e+01  -7.4042991430705698e+01
  -4.4000000000000000e+01  -7.3855567969361104e+01
  -4.3000000000000000e+01  -7.3422307003238899e+01
  -4.2000000000000000e+01  -7.3121922172170798e+01
  -4.1000000000000000e+01  -7.3099126679325096e+01
  -4.0000000000000000e+01  -7.2986068237664099e+01
  -3.9000000000000000e+01  -7.2811410660156994e+01
  -3.8000000000000000e+01  -7.2450793415972299e+01
  -3.7000000000000000e+01  -7.2079833580994602e+01
  -3.6000000000000000e+01  -7.1998872577058506e+01
  -3.5000000000000000e+01  -7.1730123023192604e+01
  -3.4000000000000000e+01  -7.1367039416303598e+01
  -3.3000000000000000e+01  -7.1523144295445604e+01
  -3.2000000000000000e+01  -7.1347199791003604e+01
  -3.1000000000000000e+01  -7.1335309094498797e+01
  -3.0000000000000000e+01  -7.1242001721364005e+01
  -2.9000000000000000e+01  -7.1307678160425695e+01
  -2.8000000000000000e+01  -7.1065322655191494e+01
  -2.7000000000000000e+01  -7.0737710886317103e+01
  -2.6000000000000000e+01  -7.0795402225744994e+01
  -2.5000000000000000e+01  -7.0941764646115899e+01
  -2.4000000000000000e+01  -7.0378698753844006e+01
  -2.3000000000000000e+01  -7.0530465516847798e+01
  -2.2000000000000000e+01  -7.0374316647925895e+01
  -2.1000000000000000e+01  -6.9752646009023294e+01
  -2.0000000000000000e+01  -6.9238432714029102e+01
  -1.9000000000000000e+01  -6.8985737991328193e+01
  -1.8000000000000000e+01  -6.8899672427561299e+01
  -1.7000000000000000e+01  -6.8659346807606894e+01
  -1.6000000000000000e+01  -6.8030707354235403e+01
  -1.5000000000000000e+01  -6.7621285076289297e+01
  -1.4000000000000000e+01  -6.6788567377100804e+01
  -1.3000000000000000e+01  -6.6025684941333097e+01
  -1.2000000000000000e+01  -6.6227355942942694e+01
  -1.1000000000000000e+01  -6.5286171246294799e+01
  -1.0000000000000000e+01  -6.4991945031766306e+01
  -9.0000000000000000e+00  -6.4544987843781698e+01
  -8.0000000000000000e+00  -6.3571585996891599e+01
  -7.0000000000000000e+00  -6.3338064277914199e+01
  -6.0000000000000000e+00  -6.2190396153661297e+01
  -5.0000000000000000e+00  -6.0703278786035597e+01
  -4.0000000000000000e+00  -5.9112651948337003e+01
  -3.0000000000000000e+00  -5.6880567874898396e+01
  -2.0000000000000000e+00  -5.2206103169887299e+01
  -1.0000000000000000e+00  -3.5461784352726099e+01
   0.0000000000000000e+00  -4.7056000407624401e+00
   1.0000000000000000e+00   1.1519534783756599e+01
   2.0000000000000000e+00   1.9614858215460501e+01
   3.0000000000000000e+00   2.4108735667568801e+01
   4.0000000000000000e+00   2.6315239338065101e+01
   5.0000000000000000e+00   2.6972828467619699e+01
   6.0000000000000000e+00   2.6914181813338701e+01
   7.0000000000000000e+00   2.7491118203636098e+01
   8.0000000000000000e+00   2.8415892968995401e+01
   9.0000000000000000e+00   2.8553534566600501e+01
   1.0000000000000000e+01   2.8889673344108498e+01
   1.1000000000000000e+01   2.9482918001661599e+01
   1.2000000000000000e+01   2.9711197119973900e+01
   1.3000000000000000e+01   2.9752826000155601e+01
   1.4000000000000000e+01   2.9957170090600801e+01
   1.5000000000000000e+01   3.0248754822323200e+01
   1.6000000000000000e+01   3.0559012641797800e+01
   1.7000000000000000e+01   3.0500756519204000e+01
   1.8000000000000000e+01   3.0631438556907099e+01
   1.9000000000000000e+01   3.1119810895000601e+01
   2.0000000000000000e+01   3.0829355235675600e+01
   2.1000000000000000e+01   3.0934304933703899e+01
   2.2000000000000000e+01   3.0896266462686601e+01
   2.3000000000000000e+01   3.1084678766129301e+01
   2.4000000000000000e+01   3.1191616081381799e+01
   2.5000000000000000e+01   3.1320184723341800e+01
   2.6000000000000000e+01   3.1784633407320001e+01
   2.7000000000000000e+01   3.1842127278574001e+01
   2.8000000000000000e+01   3.1892614319569500e+01
   2.9000000000000000e+01   3.1571412421423201e+01
   3.0000000000000000e+01   3.1553963293610799e+01
   3.1000000000000000e+01   3.1498289169965201e+01
   3.2000000000000000e+01   3.1744086487027001e+01
   3.3000000000000000e+01   3.1870634650120198e+01
   3.4000000000000000e+01   3.2119249956384898e+01
   3.5000000000000000e+01   3.1975807115420299e+01
   3.6000000000000000e+01   3.1844069934679698e+01
   3.7000000000000000e+01   3.2175440676648002e+01
   3.8000000000000000e+01   3.2296171953751802e+01
   3.9000000000000000e+01   3.2002401473849503e+01
   4.0000000000000000e+01   3.2053830939811498e+01
   4.1000000000000000e+01   3.2035850393908603e+01
   4.2000000000000000e+01   3.1806170383234200e+01
   4.3000000000000000e+01   3.2886721761040903e+01
   4.4000000000000000e+01   3.2537805965994998e+01
   4.5000000000000000e+01   3.3249797855918303e+01
   4.6000000000000000e+01   3.3076091534591903e+01
   4.7000000000000000e+01   3.3093124674269497e+01
   4.8000000000000000e+01   3.3172333717545698e+01
   4.9000000000000000e+01   3.3447168231088398e+01
   5.0000000000000000e+01   3.2806390196722703e+01
   5.1000000000000000e+01   3.3266120871423198e+01
   5.2000000000000000e+01   3.3668704497381803e+01
   5.3000000000000000e+01   3.3691869467430699e+01
   5.4000000000000000e+01   3.3844409292311497e+01
   5.5000000000000000e+01   3.3678594233379897e+01
   5.6000000000000000e+01   3.3124283843845099e+01
   5.7000000000000000e+01   3.3075232974895499e+01
   5.8000000000000000e+01   3.3686222888163400e+01
   5.9000000000000000e+01   3.4115261026360997e+01
   6.0000000000000000e+01   3.4423307921675402e+01
   6.1000000000000000e+01   3.4207702232253197e+01
   6.2000000000000000e+01   3.4515520833779597e+01
   6.3000000000000000e+01   3.4208598453035599e+01
   6.4000000000000000e+01   3.4819689773143502e+01
   6.5000000000000000e+01   3.4950968699132403e+01
   6.6000000000000000e+01   3.4768667740379300e+01
   6.7000000000000000e+01   3.5003691423006998e+01
   6.8000000000000000e+01   3.4914205764552896e+01
   6.9000000000000000e+01   3.5080036301048501e+01
   7.0000000000000000e+01   3.5034798602438102e+01
   7.1000000000000000e+01   3.5157838476838400e+01
   7.2000000000000000e+01   3.5428385872370399e+01
   7.3000000000000000e+01   3.5204944290873499e+01
   7.4000000000000000e+01   3.4958031008533197e+01
   7.5000000000000000e+01   3.5243334897045202e+01
   7.6000000000000000e+01   3.4699917536360097e+01
   7.7000000000000000e+01   3.5307754080035203e+01
   7.8000000000000000e+01   3.5099832464906498e+01
   7.9000000000000000e+01   3.5239035012466800e+01
   8.0000000000000000e+01   3.5574251980155303e+01
   8.1000000000000000e+01   3.5268929184488996e+01
   8.2000000000000000e+01   3.5315023063608798e+01
   8.3000000000000000e+01   3.5173193951523700e+01
   8.4000000000000000e+01   3.5558943092479502e+01
   8.5000000000000000e+01   3.5131349174742098e+01
   8.6000000000000000e+01   3.4583581514381102e+01
   8.7000000000000000e+01   3.4992745698652499e+01
   8.8000000000000000e+01   3.5131077651558201e+01
   8.9000000000000000e+01   3.4828074129416500e+01
   9.0000000000000000e+01   3.5105936099266700e+01
   9.1000000000000000e+01   3.4864524320192302e+01
   9.2000000000000000e+01   3.4600375234251700e+01
   9.3000000000000000e+01   3.4540852312455200e+01
   9.4000000000000000e+01   3.4324686096170097e+01
   9.5000000000000000e+01   3.4234882477672599e+01
   9.6000000000000000e+01   3.4018410273936297e+01
   9.7000000000000000e+01   3.4063796568755897e+01
   9.8000000000000000e+01   3.3808912352662503e+01
   9.9000000000000000e+01   3.3041899053219403e+01
   1.0000000000000000e+02   3.3358991798110999e+01
   1.0100000000000000e+02   3.3542823685023102e+01
   1.0200000000000000e+02   3.3847496807987000e+01
   1.0300000000000000e+02   3.3639409493404003e+01
   1.0400000000000000e+02   3.3848312670357799e+01
   1.0500000000000000e+02   3.3158866552459799e+01
   1.0600000000000000e+02   3.2931108723241302e+01
   1.0700000000000000e+02   3.2973743148941800e+01
   1.0800000000000000e+02   3.2859202571438900e+01
   1.0900000000000000e+02   3.3038056703368603e+01
   1.1000000000000000e+02   3.3355368551846702e+01
   1.1100000000000000e+02   3.3188938818373202e+01
   1.1200000000000000e+02   3.3396488721095800e+01
   1.1300000000000000e+02   3.3557508997280202e+01
   1.1400000000000000e+02   3.2957201735630697e+01
   1.1500000000000000e+02   3.3232481878430598e+01
   1.1600000000000000e+02   3.3261250246941898e+01
   1.1700000000000000e+02   3.2603810030320197e+01
   1.1800000000000000e+02   3.2968212393866899e+01
   1.1900000000000000e+02   3.2661854108399901e+01
   1.2000000000000000e+02   3.2625345441546600e+01
   1.2100000000000000e+02   3.3068412460575502e+01
   1.2200000000000000e+02   3.2580332120950899e+01
   1.2300000000000000e+02   3.2603788524707397e+01
   1.2400000000000000e+02   3.2541755022946603e+01
   1.2500000000000000e+02   3.2488085178137901e+01
   1.2600000000000000e+02   3.2479520929160202e+01
   1.2700000000000000e+02   3.2527057659179100e+01
   1.2800000000000000e+02   3.1981565434182802e+01
   1.2900000000000000e+02   3.1714468611692300e+01
   1.3000000000000000e+02   3.1752350040336299e+01
   1.3100000000000000e+02   3.1472147624542199e+01
   1.3200000000000000e+02   3.1576463800366799e+01
   1.3300000000000000e+02   3.1795578765288202e+01
   1.3400000000000000e+02   3.2075726679695300e+01
   1.3500000000000000e+02   3.1840735037217499e+01
   1.3600000000000000e+02   3.0941220430352299e+01
   1.3700000000000000e+02   3.1044484479609299e+01
   1.3800000000000000e+02   3.1071303621085999e+01
   1.3900000000000000e+02   3.0437987307257700e+01
   1.4000000000000000e+02   3.0490336727977301e+01
   1.4100000000000000e+02   3.0028348455481499e+01
   1.4200000000000000e+02   3.0249821499629700e+01
   1.4300000000000000e+02   3.0146448926503300e+01
   1.4400000000000000e+02   3.0327818082401102e+01
   1.4500000000000000e+02   3.0407789729402101e+01
   1.4600000000000000e+02   3.0837108421458900e+01
   1.4700000000000000e+02   3.0195210763553899e+01
   1.4800000000000000e+02   3.0103412280804601e+01
   1.4900000000000000e+02   3.0135316606000998e+01
   1.5000000000000000e+02   3.0344989048361199e+01
   1.5100000000000000e+02   3.0521398011498999e+01
   1.5200000000000000e+02   3.0191083486167201e+01
   1.5300000000000000e+02   3.0067384494195998e+01
   1.5400000000000000e+02   2.9786319922018698e+01
   1.5500000000000000e+02   2.9486922368827599e+01
   1.5600000000000000e+02   2.9325437263791400e+01
   1.5700000000000000e+02   2.9636184829590199e+01
   1.5800000000000000e+02   3.0004761988342899e+01
   1.5900000000000000e+02   2.9827976444471201e+01
   1.6000000000000000e+02   2.9629091658511001e+01
   1.6100000000000000e+02   2.9670476761782201e+01
   1.6200000000000000e+02   2.9690226890222199e+01
   1.6300000000000000e+02   2.9801749670504801e+01
   1.6400000000000000e+02   2.9729649650498899e+01
   1.6500000000000000e+02   2.9762900135815599e+01
   1.6600000000000000e+02   2.9403150217848601e+01
   1.6700000000000000e+02   2.9193586685648100e+01
   1.6800000000000000e+02   2.8996766012934401e+01
   1.6900000000000000e+02   2.8447927921230200e+01
   1.7000000000000000e+02   2.7902448306084001e+01
   1.7100000000000000e+02   2.7891670956174700e+01
   1.7200000000000000e+02   2.7738701196594398e+01
   1.7300000000000000e+02   2.8025635123741800e+01
   1.7400000000000000e+02   2.7300060517045299e+01
   1.7500000000000000e+02   2.7419752540350501e+01
   1.7600000000000000e+02   2.7681485567138001e+01
   1.7700000000000000e+02   2.7704982997614898e+01
   1.7800000000000000e+02   2.7603370440513299e+01
   1.7900000000000000e+02   2.7138677293563500e+01
   1.8000000000000000e+02   2.7161761609590801e+01
   1.8100000000000000e+02   2.7278703405311500e+01
   1.8200000000000000e+02   2.6700230984398299e+01
   1.8300000000000000e+02   2.6564065859774900e+01
   1.8400000000000000e+02   2.6769260243369299e+01
   1.8500000000000000e+02   2.6525832317262999e+01
   1.8600000000000000e+02   2.6958717453363899e+01
   1.8700000000000000e+02   2.7195349736177000e+01
   1.8800000000000000e+02   2.7265966628828700e+01
   1.8900000000000000e+02   2.6894278103541598e+01
   1.9000000000000000e+02   2.6495249936025701e+01
   1.9100000000000000e+02   2.6172882116111602e+01
   1.9200000000000000e+02   2.5333299648173401e+01
   1.9300000000000000e+02   2.5026217921169099e+01
   1.9400000000000000e+02   2.4572908939911599e+01
   1.9500000000000000e+02   2.4731685815661400e+01
   1.9600000000000000e+02   2.4960265496108601e+01
   1.9700000000000000e+02   2.4137334076930799e+01
   1.9800000000000000e+02   2.3821196806214299e+01
   1.9900000000000000e+02   2.3519769967879000e+01
   2.0000000000000000e+02   2.3552170829889199e+01
   2.0100000000000000e+02   2.3568600017094798e+01
   2.0200000000000000e+02   2.3625794363449199e+01
   2.0300000000000000e+02   2.3607385254136101e+01
   2.0400000000000000e+02   2.3803091679507300e+01
   2.0500000000000000e+02   2.3343619835949902e+01
   2.0600000000000000e+02   2.3638420648075900e+01
   2.0700000000000000e+02   2.3820845785230102e+01
   2.0800000000000000e+02   2.3951696133563601e+01
   2.0900000000000000e+02   2.3870372146753500e+01
   2.1000000000000000e+02   2.3559272133534002e+01
   2.1100000000000000e+02   2.3147557312022901e+01
   2.1200000000000000e+02   2.3106396305381999e+01
   2.1300000000000000e+02   2.3119605289289400e+01
   2.1400000000000000e+02   2.3300786457674501e+01
   2.1500000000000000e+02   2.3017305445072100e+01
   2.1600000000000000e+02   2.3106598078829599e+01
   2.1700000000000000e+02   2.3021615844077498e+01
   2.1800000000000000e+02   2.2653342922102901e+01
   2.1900000000000000e+02   2.2671644874001100e+01
   2.2000000000000000e+02   2.2232741950761600e+01
   2.2100000000000000e+02   2.2156569927674301e+01
   2.2200000000000000e+02   2.1801105923058198e+01
   2.2300000000000000e+02   2.1576775950483999e+01
   2.2400000000000000e+02   2.1324573019448700e+01
   2.2500000000000000e+02   2.0593021587251201e+01
   2.2600000000000000e+02   2.0672989152347402e+01
   2.2700000000000000e+02   2.0229979407549099e+01
   2.2800000000000000e+02   2.0212986142832101e+01
   2.2900000000000000e+02   1.9966279683932200e+01
   2.3000000000000000e+02   1.9560522695225298e+01
   2.3100000000000000e+02   1.9576553175253299e+01
   2.3200000000000000e+02   1.9188032161382900e+01
   2.3300000000000000e+02   1.8861294418472902e+01
   2.3400000000000000e+02   1.8708665281983301e+01
   2.3500000000000000e+02   1.8282052977985501e+01
   2.3600000000000000e+02   1.7759102256116002e+01
   2.3700000000000000e+02   1.8097264409005302e+01
   2.3800000000000000e+02   1.7377573855896500e+01
   2.3900000000000000e+02   1.7269378371630101e+01
   2.4000000000000000e+02   1.6765566567791300e+01
   2.4100000000000000e+02   1.6242928335211602e+01
   2.4200000000000000e+02   1.5895523502681600e+01
   2.4300000000000000e+02   1.5918811872241600e+01
   2.4400000000000000e+02   1.5922002353253900e+01
   2.4500000000000000e+02   1.5816748046400900e+01
   2.4600000000000000e+02   1.5763777572268900e+01
   2.4700000000000000e+02   1.5663601055023801e+01
   2.4800000000000000e+02   1.5974590047576900e+01
   2.4900000000000000e+02   1.5771471709073399e+01
   2.5000000000000000e+02   1.5319418553873501e+01
   2.5100000000000000e+02   1.5053634674248000e+01
   2.5200000000000000e+02   1.5112532692739800e+01
   2.5300000000000000e+02   1.5053016278107201e+01
   2.5400000000000000e+02   1.4755150096148800e+01
   2.5500000000000000e+02   1.4745436601824901e+01
   2.5600000000000000e+02   1.4981756198324501e+01
   2.5700000000000000e+02   1.4701474816631000e+01
   2.5800000000000000e+02   1.4373938933440900e+01
   2.5900000000000000e+02   1.3751065532952900e+01
   2.6000000000000000e+02   1.3912038000113601e+01
   2.6100000000000000e+02   1.4076932225419799e+01
   2.6200000000000000e+02   1.3878444018387199e+01
   2.6300000000000000e+02   1.3601746658852299e+01
   2.6400000000000000e+02   1.3384162118578200e+01
   2.6500000000000000e+02   1.3387039617899900e+01
   2.6600000000000000e+02   1.3404691008830801e+01
   2.6700000000000000e+02   1.3254062180634801e+01
   2.6800000000000000e+02   1.2972879255934300e+01
   2.6900000000000000e+02   1.3010179857597700e+01
   2.7000000000000000e+02   1.2892833031979601e+01
   2.7100000000000000e+02   1.2947288760787099e+01
   2.7200000000000000e+02   1.2576658422744600e+01
   2.7300000000000000e+02   1.2254390782778000e+01
   2.7400000000000000e+02   1.2467403804076399e+01
   2.7500000000000000e+02   1.2617325159225500e+01
   2.7600000000000000e+02   1.2202825935099201e+01
   2.7700000000000000e+02   1.1685917274007901e+01
   2.7800000000000000e+02   1.1676731248859699e+01
   2.7900000000000000e+02   1.1376126481075300e+01
   2.8000000000000000e+02   1.1049444420954000e+01
   2.8100000000000000e+02   1.1902103070198701e+01
   2.8200000000000000e+02   1.2442627004196099e+01
   2.8300000000000000e+02   1.1942006165455700e+01
   2.8400000000000000e+02   1.1454526229457599e+01
   2.8500000000000000e+02   1.1366542922553901e+01
   2.8600000000000000e+02   1.1469791757283200e+01
   2.8700000000000000e+02   1.0782397717604701e+01
   2.8800000000000000e+02   1.0798759973205399e+01
   2.8900000000000000e+02   9.8428413501917191e+00
   2.9000000000000000e+02   9.8252909861672002e+00
   2.9100000000000000e+02   9.3956011018744601e+00
   2.9200000000000000e+02   8.7693053320391900e+00
   2.9300000000000000e+02   8.8871124582013099e+00
   2.9400000000000000e+02   8.7137921181509697e+00
   2.9500000000000000e+02   8.8591614620128603e+00
   2.9600000000000000e+02   9.1534057647777800e+00
   2.9700000000000000e+02   9.0127832490469899e+00
   2.9800000000000000e+02   8.7194215013075205e+00
   2.9900000000000000e+02   8.1377297872104606e+00
   3.0000000000000000e+02   8.5133511983773200e+00
   3.0100000000000000e+02   8.1717583419340993e+00
   3.0200000000000000e+02   7.9905043511598501e+00
   3.0300000000000000e+02   7.5774992753875097e+00
   3.0400000000000000e+02   7.1676955543248804e+00
   3.0500000000000000e+02   7.1853270289668201e+00
   3.0600000000000000e+02   7.1050171525158703e+00
   3.0700000000000000e+02   6.8149417067934097e+00
   3.0800000000000000e+02   6.5364176189881498e+00
   3.0900000000000000e+02   6.2341417263285797e+00
   3.1000000000000000e+02   5.7737290583610896e+00
   3.1100000000000000e+02   5.5563620878765203e+00
   3.1200000000000000e+02   5.0973362230309398e+00
   3.1300000000000000e+02   4.8795759278327901e+00
   3.1400000000000000e+02   4.1338042458491797e+00
   3.1500000000000000e+02   3.5716643530533498e+00
   3.1600000000000000e+02   3.2312181933153501e+00
   3.1700000000000000e+02   3.0038479814273402e+00
   3.1800000000000000e+02   2.8552230875551898e+00
   3.1900000000000000e+02   2.2142306523321600e+00
   3.2000000000000000e+02   1.8640689598811699e+00
   3.2100000000000000e+02   1.4391819823529199e+00
   3.2200000000000000e+02   1.2896576743597401e+00
   3.2300000000000000e+02   8.0306581602299199e-01
   3.2400000000000000e+02   3.1731564472181900e-01
   3.2500000000000000e+02   1.3612837691296900e-01
   3.2600000000000000e+02   1.3564873786006101e-01
   3.2700000000000000e+02  -2.4182682272548200e-01
   3.2800000000000000e+02  -6.8843537336219096e-01
   3.2900000000000000e+02  -9.9576051101808005e-01
   3.3000000000000000e+02  -1.2700409715618000e+00
   3.3100000000000000e+02  -1.3151451510500800e+00
   3.3200000000000000e+02  -2.1562960363880701e+00
   3.3300000000000000e+02  -2.5816493095408002e+00
   3.3400000000000000e+02  -2.8104727404930001e+00
   3.3500000000000000e+02  -3.0174580612021402e+00
   3.3600000000000000e+02  -3.1220830032445299e+00
   3.3700000000000000e+02  -3.5988255888060801e+00
   3.3800000000000000e+02  -3.8824527672184099e+00
   3.3900000000000000e+02  -4.3415434113035998e+00
   3.4000000000000000e+02  -4.9161326304375503e+00
   3.4100000000000000e+02  -5.1706850700751996e+00
   3.4200000000000000e+02  -5.2037474467247700e+00
   3.4300000000000000e+02  -5.6960863793019900e+00
   3.4400000000000000e+02  -6.0733908216673997e+00
   3.4500000000000000e+02  -6.5350318317214597e+00
   3.4600000000000000e+02  -6.2847952718417401e+00
   3.4700000000000000e+02  -6.8211656668289304e+00
   3.4800000000000000e+02  -6.8902544478824002e+00
   3.4900000000000000e+02  -7.2066946209892997e+00
   3.5000000000000000e+02  -7.4775034284178501e+00
   3.5100000000000000e+02  -7.3915771979231897e+00
   3.5200000000000000e+02  -7.8657384472627898e+00
   3.5300000000000000e+02  -7.7027086071592601e+00
   3.5400000000000000e+02  -8.5964076740777706e+00
   3.5500000000000000e+02  -8.5642152926967903e+00
   3.5600000000000000e+02  -8.4931464988966603e+00
   3.5700000000000000e+02  -8.9929933340475401e+00
   3.5800000000000000e+02  -9.2546861748990903e+00
   3.5900000000000000e+02  -9.6541057859988495e+00
   3.6000000000000000e+02  -1.0110509559971900e+01
   3.6100000000000000e+02  -1.0427740890972601e+01
   3.6200000000000000e+02  -1.1288099340320599e+01
   3.6300000000000000e+02  -1.1699819686578399e+01
   3.6400000000000000e+02  -1.1683203825131200e+01
   3.6500000000000000e+02  -1.2017861960961600e+01
   3.6600000000000000e+02  -1.2224871080551299e+01
   3.6700000000000000e+02  -1.2355145974282900e+01
   3.6800000000000000e+02  -1.2415914086764699e+01
   3.6900000000000000e+02  -1.3677984427040601e+01
   3.7000000000000000e+02  -1.3464867903979499e+01
   3.7100000000000000e+02  -1.3681654715449300e+01
   3.7200000000000000e+02  -1.4215508910812099e+01
   3.7300000000000000e+02  -1.4411305097091100e+01
   3.7400000000000000e+02  -1.4764227370968900e+01
   3.7500000000000000e+02  -1.5537819090777701e+01
   3.7600000000000000e+02  -1.6169345414373900e+01
   3.7700000000000000e+02  -1.6456217234363699e+01
   3.7800000000000000e+02  -1.7161460604776199e+01
   3.7900000000000000e+02  -1.7425654949682201e+01
   3.8000000000000000e+02  -1.7900204983220998e+01
   3.8100000000000000e+02  -1.8348067430871701e+01
   3.8200000000000000e+02  -1.8722863951026099e+01
   3.8300000000000000e+02  -1.9127961081731701e+01
   3.8400000000000000e+02  -1.9769191583900700e+01
   3.8500000000000000e+02  -2.0281792943130501e+01
   3.8600000000000000e+02  -2.0480873036112200e+01
   3.8700000000000000e+02  -2.0792433169400500e+01
   3.8800000000000000e+02  -2.0972278294134799e+01
   3.8900000000000000e+02  -2.1725787825361099e+01
   3.9000000000000000e+02  -2.2138885243249700e+01
   3.9100000000000000e+02  -2.2510958133381600e+01
   3.9200000000000000e+02  -2.3132535893370601e+01
   3.9300000000000000e+02  -2.3789957270912499e+01
   3.9400000000000000e+02  -2.4827166553256699e+01
   3.9500000000000000e+02  -2.5449589040283200e+01
   3.9600000000000000e+02  -2.6185911915481999e+01
   3.9700000000000000e+02  -2.6911178417767701e+01
   3.9800000000000000e+02  -2.7464844909218801e+01
   3.9900000000000000e+02  -2.8048431343087099e+01
   4.0000000000000000e+02  -2.8735244309756499e+01
   4.0100000000000000e+02  -2.9790246742081901e+01
   4.0200000000000000e+02  -3.0556075794600201e+01
   4.0300000000000000e+02  -3.1233174119971299e+01
   4.0400000000000000e+02  -3.1900972619102902e+01
   4.0500000000000000e+02  -3.3040922856554097e+01
   4.0600000000000000e+02  -3.3989561392629000e+01
   4.0700000000000000e+02  -3.4439676578368100e+01
   4.0800000000000000e+02  -3.5152901763347799e+01
   4.0900000000000000e+02  -3.5320186717901798e+01
   4.1000000000000000e+02  -3.5820544129338600e+01
   4.1100000000000000e+02  -3.6799627403975798e+01
   4.1200000000000000e+02  -3.7850045286988298e+01
   4.1300000000000000e+02  -3.8598285242824304e+01
   4.1400000000000000e+02  -3.9274101385453299e+01
   4.1500000000000000e+02  -4.0412848257507299e+01
   4.1600000000000000e+02  -4.0928692328340397e+01
   4.1700000000000000e+02  -4.1648578066863600e+01
   4.1800000000000000e+02  -4.2789305790943303e+01
   4.1900000000000000e+02  -4.3457058849104598e+01
   4.2000000000000000e+02  -4.4576774690054997e+01
   4.2100000000000000e+02  -4.5616053188854799e+01
   4.2200000000000000e+02  -4.6569041319059700e+01
   4.2300000000000000e+02  -4.7697978067078900e+01
   4.2400000000000000e+02  -4.8815533208446098e+01
   4.2500000000000000e+02  -4.9543709669698799e+01
   4.2600000000000000e+02  -5.0471837535397398e+01
   4.2700000000000000e+02  -5.0699991278527300e+01
   4.2800000000000000e+02  -5.1997373065869198e+01
   4.2900000000000000e+02  -5.2656313550950699e+01
   4.3000000000000000e+02  -5.3689086101356700e+01
   4.3100000000000000e+02  -5.4276231561656701e+01
   4.3200000000000000e+02  -5.5092585812373798e+01
   4.3300000000000000e+02  -5.5855308523057097e+01
   4.3400000000000000e+02  -5.6886127987242801e+01
   4.3500000000000000e+02  -5.7875800082106700e+01
   4.3600000000000000e+02  -5.8340874153058600e+01
   4.3700000000000000e+02  -5.9024283584283801e+01
   4.3800000000000000e+02  -5.9522765086805897e+01
   4.3900000000000000e+02  -6.0173790699528404e+01
   4.4000000000000000e+02  -6.1373825859277602e+01
   4.4100000000000000e+02  -6.1957490131598803e+01
   4.4200000000000000e+02  -6.2815069428413800e+01
   4.4300000000000000e+02  -6.3511727549248903e+01
   4.4400000000000000e+02  -6.4313706379093006e+01
   4.4500000000000000e+02  -6.4645511894442905e+01
   4.4600000000000000e+02  -6.4838135939948700e+01
   4.4700000000000000e+02  -6.5531660898735296e+01
   4.4800000000000000e+02  -6.6301012869111204e+01
   4.4900000000000000e+02  -6.6614543804184095e+01
   4.5000000000000000e+02  -6.7276035192324400e+01
   4.5100000000000000e+02  -6.7932370375344306e+01
   4.5200000000000000e+02  -6.8524586143982305e+01
   4.5300000000000000e+02  -6.9079311824170404e+01
   4.5400000000000000e+02  -6.9914826676145594e+01
   4.5500000000000000e+02  -6.9976139521427498e+01
   4.5600000000000000e+02  -7.0487838480302898e+01
   4.5700000000000000e+02  -7.0560641241732696e+01
   4.5800000000000000e+02  -7.0949712490974704e+01
   4.5900000000000000e+02  -7.1185265380217700e+01
   4.6000000000000000e+02  -7.1363290654670493e+01
   4.6100000000000000e+02  -7.1972409707846197e+01
   4.6200000000000000e+02  -7.2621231794562604e+01
   4.6300000000000000e+02  -7.2879464490238703e+01
   4.6400000000000000e+02  -7.3382656543000806e+01
   4.6500000000000000e+02  -7.4002440690219004e+01
   4.6600000000000000e+02  -7.4099918044651403e+01
   4.6700000000000000e+02  -7.4048455254446907e+01
   4.6800000000000000e+02  -7.3647992303782502e+01
   4.6900000000000000e+02  -7.3403014925809899e+01
   4.7000000000000000e+02  -7.3113963415100002e+01
   4.7100000000000000e+02  -7.3330267578027801e+01
   4.7200000000000000e+02  -7.3093072025877106e+01
   4.7300000000000000e+02  -7.3377964094375798e+01
   4.7400000000000000e+02  -7.3433343254127294e+01
   4.7500000000000000e+02  -7.3644486218949694e+01
   4.7600000000000000e+02  -7.3821341958744199e+01
   4.7700000000000000e+02  -7.4490056148793897e+01
   4.7800000000000000e+02  -7.5025690974889898e+01
   4.7900000000000000e+02  -7.5122385875057503e+01
   4.8000000000000000e+02  -7.4797128640932797e+01
   4.8100000000000000e+02  -7.5282609485122705e+01
   4.8200000000000000e+02  -7.4986675194279499e+01
   4.8300000000000000e+02  -7.5217442359497696e+01
   4.8400000000000000e+02  -7.5098138623401596e+01
   4.8500000000000000e+02  -7.4976068643804993e+01
   4.8600000000000000e+02  -7.4688079788858005e+01
   4.8700000000000000e+02  -7.4635745697289593e+01
   4.8800000000000000e+02  -7.4639660301760401e+01
   4.8900000000000000e+02  -7.5122104431089099e+01
   4.9000000000000000e+02  -7.5276687829408402e+01
   4.9100000000000000e+02  -7.5396697865322494e+01
   4.9200000000000000e+02  -7.5502366645877601e+01
   4.9300000000000000e+02  -7.5648920346788998e+01
   4.9400000000000000e+02  -7.5959604393710507e+01
   4.9500000000000000e+02  -7.6090129529870495e+01
   4.9600000000000000e+02  -7.6223281441174294e+01
   4.9700000000000000e+02  -7.6124156265936605e+01
   4.9800000000000000e+02  -7.6583518859112999e+01
   4.9900000000000000e+02  -7.6533255524868196e+01
   5.0000000000000000e+02  -7.6692006430866599e+01
   5.0100000000000000e+02  -7.6443183870079395e+01
   5.0200000000000000e+02  -7.6711840193608495e+01
   5.0300000000000000e+02  -7.6953490964259601e+01
   5.0400000000000000e+02  -7.6732590463740294e+01
   5.0500000000000000e+02  -7.6829566763930401e+01
   5.0600000000000000e+02  -7.6907772330143203e+01
   5.0700000000000000e+02  -7.7112739727108803e+01
   5.0800000000000000e+02  -7.7320206713974301e+01
   5.0900000000000000e+02  -7.7859413769606306e+01
   5.1000000000000000e+02  -7.6933129816406606e+01
   5.1100000000000000e+02  -7.7000821220188001e+01
   5.1200000000000000e+02  -7.6843775300143903e+01
   5.1300000000000000e+02  -7.7053860508536602e+01
   5.1400000000000000e+02  -7.6902310262462294e+01
   5.1500000000000000e+02  -7.6422351162304096e+01
   5.1600000000000000e+02  -7.6291225476407902e+01
   5.1700000000000000e+02  -7.6736394336834095e+01
   5.1800000000000000e+02  -7.6834063563464497e+01
   5.1900000000000000e+02  -7.6922017236931595e+01
   5.2000000000000000e+02  -7.6685442969592401e+01
   5.2100000000000000e+02  -7.6556471068078096e+01
   5.2200000000000000e+02  -7.6734437781642896e+01
   5.2300000000000000e+02  -7.7125144608593004e+01
   5.2400000000000000e+02  -7.7546272435005704e+01
   5.2500000000000000e+02  -7.7407218445566301e+01
   5.2600000000000000e+02  -7.7601427548939796e+01
   5.2700000000000000e+02  -7.7366519254612200e+01
   5.2800000000000000e+02  -7.7003195125742494e+01
   5.2900000000000000e+02  -7.6514754207888799e+01
   5.3000000000000000e+02  -7.6125882903345499e+01
   5.3100000000000000e+02  -7.5854735256993493e+01
   5.3200000000000000e+02  -7.5701061293122194e+01
   5.3300000000000000e+02  -7.5486437611883801e+01
   5.3400000000000000e+02  -7.4930855973603698e+01
   5.3500000000000000e+02  -7.5491165321604299e+01
   5.3600000000000000e+02  -7.5489305552989805e+01
   5.3700000000000000e+02  -7.5498496778650207e+01
   5.3800000000000000e+02  -7.4974358754543800e+01
   5.3900000000000000e+02  -7.5035241931273404e+01
   5.4000000000000000e+02  -7.5275429024265605e+01
   5.4100000000000000e+02  -7.4941247860565795e+01
   5.4200000000000000e+02  -7.5298126888960397e+01
   5.4300000000000000e+02  -7.5064514097819099e+01
   5.4400000000000000e+02  -7.4914358574286098e+01
   5.4500000000000000e+02  -7.4834277316887295e+01
   5.4600000000000000e+02  -7.5014770414806804e+01
   5.4700000000000000e+02  -7.5442304891897194e+01
   5.4800000000000000e+02  -7.5539226435790894e+01
   5.4900000000000000e+02  -7.5662714879585494e+01
   5.5000000000000000e+02  -7.6051624934534601e+01
   5.5100000000000000e+02  -7.5976729399483702e+01
   5.5200000000000000e+02  -7.6270338540148600e+01
   5.5300000000000000e+02  -7.6072229786475702e+01
   5.5400000000000000e+02  -7.5949161614584298e+01
   5.5500000000000000e+02  -7.6129528061281604e+01
   5.5600000000000000e+02  -7.6028459800947402e+01
   5.5700000000000000e+02  -7.6176219353192096e+01
   5.5800000000000000e+02  -7.5578005821093598e+01
   5.5900000000000000e+02  -7.5733420856267998e+01
   5.6000000000000000e+02  -7.5652532687453203e+01
   5.6100000000000000e+02  -7.5591700331732895e+01
   5.6200000000000000e+02  -7.5487015056793496e+01
   5.6300000000000000e+02  -7.5405057211458100e+01
   5.6400000000000000e+02  -7.5461756807308205e+01
   5.6500000000000000e+02  -7.5445782653601498e+01
   5.6600000000000000e+02  -7.4961792780992695e+01
   5.6700000000000000e+02  -7.4630321215768205e+01
   5.6800000000000000e+02  -7.5091107643373405e+01
   5.6900000000000000e+02  -7.5315880246513402e+01
   5.7000000000000000e+02  -7.4689169189588299e+01
   5.7100000000000000e+02  -7.5000735145384894e+01
   5.7200000000000000e+02  -7.4571120283107305e+01
   5.7300000000000000e+02  -7.5217706975965001e+01
   5.7400000000000000e+02  -7.5010537372678797e+01
   5.7500000000000000e+02  -7.4896550559363106e+01
   5.7600000000000000e+02  -7.5205861014310500e+01
   5.7700000000000000e+02  -7.5552567755404198e+01
   5.7800000000000000e+02  -7.5292750211059797e+01
   5.7900000000000000e+02  -7.5117216434942407e+01
   5.8000000000000000e+02  -7.5224442785984706e+01
   5.8100000000000000e+02  -7.4929382814371905e+01
   5.8200000000000000e+02  -7.4649910971677301e+01
   5.8300000000000000e+02  -7.4973773069781700e+01
   5.8400000000000000e+02  -7.4964301993349196e+01
   5.8500000000000000e+02  -7.5113794136496693e+01
   5.8600000000000000e+02  -7.5272360465935293e+01
   5.8700000000000000e+02  -7.5143155716849705e+01
   5.8800000000000000e+02  -7.5038887515503404e+01
   5.8900000000000000e+02  -7.4611616329490502e+01
   5.9000000000000000e+02  -7.4660363830892095e+01
   5.9100000000000000e+02  -7.4717175109755502e+01
   5.9200000000000000e+02  -7.4573943685491002e+01
   5.9300000000000000e+02  -7.4933288167255697e+01
   5.9400000000000000e+02  -7.5150900424051002e+01
   5.9500000000000000e+02  -7.5373397918509497e+01
   5.9600000000000000e+02  -7.5156930270378396e+01
   5.9700000000000000e+02  -7.4585262698652102e+01
   5.9800000000000000e+02  -7.4471502759173205e+01
   5.9900000000000000e+02  -7.4824173359248206e+01
   6.0000000000000000e+02  -7.5026932142007496e+01
   6.0100000000000000e+02  -7.4928069981660400e+01
   6.0200000000000000e+02  -7.4454013112458000e+01
   6.0300000000000000e+02  -7.4196154574579097e+01
   6.0400000000000000e+02  -7.4198078824218001e+01
   6.0500000000000000e+02  -7.4440587952443295e+01
   6.0600000000000000e+02  -7.4240527367441899e+01
   6.0700000000000000e+02  -7.4645629563599599e+01
   6.0800000000000000e+02  -7.4887864860993005e+01
   6.0900000000000000e+02  -7.4682769953021506e+01
   6.1000000000000000e+02  -7.5145114135509303e+01
   6.1100000000000000e+02  -7.5182420941236501e+01
   6.1200000000000000e+02  -7.5200091494806898e+01
   6.1300000000000000e+02  -7.5249171695428103e+01
   6.1400000000000000e+02  -7.5636520590842096e+01
   6.1500000000000000e+02  -7.5460997204232299e+01
   6.1600000000000000e+02  -7.5247857110878201e+01
   6.1700000000000000e+02  -7.5087528604878898e+01
   6.1800000000000000e+02  -7.5398893768182901e+01
   6.1900000000000000e+02  -7.5606497521432800e+01
   6.2000000000000000e+02  -7.5362360685779194e+01
   6.2100000000000000e+02  -7.5614123460327093e+01
   6.2200000000000000e+02  -7.5392190395422404e+01
   6.2300000000000000e+02  -7.5184524373866395e+01
   6.2400000000000000e+02  -7.5704475026224003e+01
   6.2500000000000000e+02  -7.5857970681482399e+01
   6.2600000000000000e+02  -7.5683344568983898e+01
   6.2700000000000000e+02  -7.5963955562197299e+01
   6.2800000000000000e+02  -7.6286824659291796e+01
   6.2900000000000000e+02  -7.5831117497719902e+01
   6.3000000000000000e+02  -7.5827297495891102e+01
   6.3100000000000000e+02  -7.5481063814105497e+01
   6.3200000000000000e+02  -7.5895600341685096e+01
   6.3300000000000000e+02  -7.5893056371970104e+01
   6.3400000000000000e+02  -7.6367275487427804e+01
   6.3500000000000000e+02  -7.6301385571299605e+01
   6.3600000000000000e+02  -7.6540798976983297e+01
   6.3700000000000000e+02  -7.6369592510509307e+01
   6.3800000000000000e+02  -7.6791214635751203e+01
   6.3900000000000000e+02  -7.6953696174737502e+01
   6.4000000000000000e+02  -7.7210219953327595e+01
   6.4100000000000000e+02  -7.7064593914948901e+01
   6.4200000000000000e+02  -7.6868825178897296e+01
   6.4300000000000000e+02  -7.6246185748202095e+01
   6.4400000000000000e+02  -7.5903081610361994e+01
   6.4500000000000000e+02  -7.5539491233659504e+01
   6.4600000000000000e+02  -7.5582652080168401e+01
   6.4700000000000000e+02  -7.5543173959013799e+01
   6.4800000000000000e+02  -7.5407617021963404e+01
   6.4900000000000000e+02  -7.5109279816944095e+01
   6.5000000000000000e+02  -7.5459143060257801e+01
   6.5100000000000000e+02  -7.5168757212729901e+01
   6.5200000000000000e+02  -7.4920456516371203e+01
   6.5300000000000000e+02  -7.5128630971300595e+01
   6.5400000000000000e+02  -7.5412299275495499e+01
   6.5500000000000000e+02  -7.5670887532821496e+01
   6.5600000000000000e+02  -7.5523881172219404e+01
   6.5700000000000000e+02  -7.5603364028818604e+01
   6.5800000000000000e+02  -7.5917271577169799e+01
   6.5900000000000000e+02  -7.6097110478188696e+01
   6.6000000000000000e+02  -7.6146743754316404e+01
   6.6100000000000000e+02  -7.6304025157904405e+01
   6.6200000000000000e+02  -7.6422934167667293e+01
   6.6300000000000000e+02  -7.6432323716114198e+01
   6.6400000000000000e+02  -7.6396477936706603e+01
   6.6500000000000000e+02  -7.6827366778314996e+01
   6.6600000000000000e+02  -7.7041170704796997e+01
   6.6700000000000000e+02  -7.7239902828545397e+01
   6.6800000000000000e+02  -7.7480799287081894e+01
   6.6900000000000000e+02  -7.7191162300954502e+01
   6.7000000000000000e+02  -7.7101902484747995e+01
   6.7100000000000000e+02  -7.7028877123186305e+01
   6.7200000000000000e+02  -7.6761106584519197e+01
   6.7300000000000000e+02  -7.6746584740213805e+01
   6.7400000000000000e+02  -7.6595587031071005e+01
   6.7500000000000000e+02  -7.6638155757714898e+01
   6.7600000000000000e+02  -7.6885054474433701e+01
   6.7700000000000000e+02  -7.6721409729256706e+01
   6.7800000000000000e+02  -7.7420621696543606e+01
   6.7900000000000000e+02  -7.7242894793254493e+01
   6.8000000000000000e+02  -7.7542031034654102e+01
   6.8100000000000000e+02  -7.7266503544744594e+01
   6.8200000000000000e+02  -7.7288395747463596e+01
   6.8300000000000000e+02  -7.7550434140757304e+01
   6.8400000000000000e+02  -7.7114745098867104e+01
   6.8500000000000000e+02  -7.6699870880709199e+01
   6.8600000000000000e+02  -7.7360120516813893e+01
   6.8700000000000000e+02  -7.7473699237621403e+01
   6.8800000000000000e+02  -7.7503405989123294e+01
   6.8900000000000000e+02  -7.7154049424877797e+01
   6.9000000000000000e+02  -7.6895630155753693e+01
   6.9100000000000000e+02  -7.6621618971420901e+01
   6.9200000000000000e+02  -7.6775267226748596e+01
   6.9300000000000000e+02  -7.6316270210100797e+01
   6.9400000000000000e+02  -7.6193159294157397e+01
   6.9500000000000000e+02  -7.6505068499924406e+01
   6.9600000000000000e+02  -7.6311406783640905e+01
   6.9700000000000000e+02  -7.6449300502382897e+01
   6.9800000000000000e+02  -7.6240173128075796e+01
   6.9900000000000000e+02  -7.6353167172697198e+01
   7.0000000000000000e+02  -7.6122941638024599e+01
   7.0100000000000000e+02  -7.6181351255229600e+01
   7.0200000000000000e+02  -7.5852343530757807e+01
   7.0300000000000000e+02  -7.5641060240424594e+01
   7.0400000000000000e+02  -7.5077227954928901e+01
   7.0500000000000000e+02  -7.5481045014568195e+01
   7.0600000000000000e+02  -7.5189738066562001e+01
   7.0700000000000000e+02  -7.5525186855703495e+01
   7.0800000000000000e+02  -7.5645386432386104e+01
   7.0900000000000000e+02  -7.5113403466717401e+01
   7.1000000000000000e+02  -7.5489358010524001e+01
   7.1100000000000000e+02  -7.5234117547159300e+01
   7.1200000000000000e+02  -7.4703855722438504e+01
   7.1300000000000000e+02  -7.5140565825230098e+01
   7.1400000000000000e+02  -7.5282146236455404e+01
   7.1500000000000000e+02  -7.5182051498528295e+01
   7.1600000000000000e+02  -7.5182656419893704e+01
   7.1700000000000000e+02  -7.5171134037433305e+01
   7.1800000000000000e+02  -7.5625440197776697e+01
   7.1900000000000000e+02  -7.5486251391482099e+01
   7.2000000000000000e+02  -7.5320500891948498e+01
   7.2100000000000000e+02  -7.5146163442494597e+01
   7.2200000000000000e+02  -7.5183823008088197e+01
   7.2300000000000000e+02  -7.5472563636514295e+01
   7.2400000000000000e+02  -7.5395219203909207e+01
   7.2500000000000000e+02  -7.5182835339212104e+01
   7.2600000000000000e+02  -7.4810528376206804e+01
   7.2700000000000000e+02  -7.4713017550467299e+01
   7.2800000000000000e+02  -7.4213302962088207e+01
   7.2900000000000000e+02  -7.4207386827029794e+01
   7.3000000000000000e+02  -7.4160951892387899e+01
   7.3100000000000000e+02  -7.3799380367390995e+01
   7.3200000000000000e+02  -7.4132450674679205e+01
   7.3300000000000000e+02  -7.3868005273787603e+01
   7.3400000000000000e+02  -7.4047052974259501e+01
   7.3500000000000000e+02  -7.4168666278274998e+01
   7.3600000000000000e+02  -7.4219079981457895e+01
   7.3700000000000000e+02  -7.3821821612184607e+01
   7.3800000000000000e+02  -7.3866428554296206e+01
   7.3900000000000000e+02  -7.4113171919897098e+01
   7.4000000000000000e+02  -7.4306676653000295e+01
   7.4100000000000000e+02  -7.4679078216544895e+01
   7.4200000000000000e+02  -7.4348416048695299e+01
   7.4300000000000000e+02  -7.4304622677757806e+01
   7.4400000000000000e+02  -7.4322572058232595e+01
   7.4500000000000000e+02  -7.4562279637166796e+01
   7.4600000000000000e+02  -7.5002424776846695e+01
   7.4700000000000000e+02  -7.5059281575896406e+01
   7.4800000000000000e+02  -7.4746736150980098e+01
   7.4900000000000000e+02  -7.4565333016111694e+01
   7.5000000000000000e+02  -7.4758735001113905e+01
   7.5100000000000000e+02  -7.5028007370738194e+01
   7.5200000000000000e+02  -7.5166238442941307e+01
   7.5300000000000000e+02  -7.5192989515117105e+01
   7.5400000000000000e+02  -7.4919909320331101e+01
   7.5500000000000000e+02  -7.4747174363874606e+01
   7.5600000000000000e+02  -7.4873013267268604e+01
   7.5700000000000000e+02  -7.4996268427682196e+01
   7.5800000000000000e+02  -7.4780590548112500e+01
   7.5900000000000000e+02  -7.4446900297775301e+01
   7.6000000000000000e+02  -7.4369626818188493e+01
   7.6100000000000000e+02  -7.4457092054915094e+01
   7.6200000000000000e+02  -7.4930187872063698e+01
   7.6300000000000000e+02  -7.4288728593901993e+01
   7.6400000000000000e+02  -7.4233119146002693e+01
   7.6500000000000000e+02  -7.4362994901777896e+01
   7.6600000000000000e+02  -7.4184779264970004e+01
   7.6700000000000000e+02  -7.4774260372376105e+01
   7.6800000000000000e+02  -7.4438385222070195e+01
   7.6900000000000000e+02  -7.4848126793515604e+01
   7.7000000000000000e+02  -7.4721191516979005e+01
   7.7100000000000000e+02  -7.4845898261519594e+01
   7.7200000000000000e+02  -7.4245829334617497e+01
   7.7300000000000000e+02  -7.4465556488100106e+01
   7.7400000000000000e+02  -7.4653284056499103e+01
   7.7500000000000000e+02  -7.4915159405665705e+01
   7.7600000000000000e+02  -7.4773707321779995e+01
   7.7700000000000000e+02  -7.4605707544173896e+01
   7.7800000000000000e+02  -7.4687873771894104e+01
   7.7900000000000000e+02  -7.4102296559535105e+01
   7.8000000000000000e+02  -7.3730997830893102e+01
   7.8100000000000000e+02  -7.3538259024016597e+01
   7.8200000000000000e+02  -7.3294680335226801e+01
   7.8300000000000000e+02  -7.3557143224151304e+01
   7.8400000000000000e+02  -7.3617428524419594e+01
   7.8500000000000000e+02  -7.3907812514262005e+01
   7.8600000000000000e+02  -7.4211700619795394e+01
   7.8700000000000000e+02  -7.4207334797455104e+01
   7.8800000000000000e+02  -7.4502187484477304e+01
   7.8900000000000000e+02  -7.4348700824370894e+01
   7.9000000000000000e+02  -7.4271579065349798e+01
   7.9100000000000000e+02  -7.4893553897424894e+01
   7.9200000000000000e+02  -7.5278376979184301e+01
   7.9300000000000000e+02  -7.4160452278184295e+01
   7.9400000000000000e+02  -7.4015135513114998e+01
   7.9500000000000000e+02  -7.4742298305367299e+01
   7.9600000000000000e+02  -7.4796531659152393e+01
   7.9700000000000000e+02  -7.5220157331010100e+01
   7.9800000000000000e+02  -7.4999922358507405e+01
   7.9900000000000000e+02  -7.5364716650461204e+01
   8.0000000000000000e+02  -7.4811514877451799e+01
   8.0100000000000000e+02  -7.4930108903783207e+01
   8.0200000000000000e+02  -7.5304878423689999e+01
   8.0300000000000000e+02  -7.5265766924109698e+01
   8.0400000000000000e+02  -7.4981581830563499e+01
   8.0500000000000000e+02  -7.4317704256517700e+01
   8.0600000000000000e+02  -7.4401275449302403e+01
   8.0700000000000000e+02  -7.4479130578657504e+01
   8.0800000000000000e+02  -7.4566703670439395e+01
   8.0900000000000000e+02  -7.4187589210271298e+01
   8.1000000000000000e+02  -7.4681071755786206e+01
   8.1100000000000000e+02  -7.4485307935882403e+01
   8.1200000000000000e+02  -7.4396250227877204e+01
   8.1300000000000000e+02  -7.4314797913254395e+01
   8.1400000000000000e+02  -7.4329715030532597e+01
   8.1500000000000000e+02  -7.4441583527347504e+01
   8.1600000000000000e+02  -7.4309759593192595e+01
   8.1700000000000000e+02  -7.3898036081649295e+01
   8.1800000000000000e+02  -7.3730420629547595e+01
   8.1900000000000000e+02  -7.4058546509905895e+01
   8.2000000000000000e+02  -7.3906259751205198e+01
   8.2100000000000000e+02  -7.3896769246804894e+01
   8.2200000000000000e+02  -7.3905129761925295e+01
   8.2300000000000000e+02  -7.3932660109086100e+01
   8.2400000000000000e+02  -7.4496917835799195e+01
   8.2500000000000000e+02  -7.4602584801236802e+01
   8.2600000000000000e+02  -7.5318121435051296e+01
   8.2700000000000000e+02  -7.5027194125888499e+01
   8.2800000000000000e+02  -7.5020725945503401e+01
   8.2900000000000000e+02  -7.5547437269166295e+01
   8.3000000000000000e+02  -7.5216537884019203e+01
   8.3100000000000000e+02  -7.5662730876549503e+01
   8.3200000000000000e+02  -7.5631394444680694e+01
   8.3300000000000000e+02  -7.5412584667878406e+01
   8.3400000000000000e+02  -7.5600634816689094e+01
   8.3500000000000000e+02  -7.5335393507696693e+01
   8.3600000000000000e+02  -7.4809541386356102e+01
   8.3700000000000000e+02  -7.4370273957985106e+01
   8.3800000000000000e+02  -7.4545970062265894e+01
   8.3900000000000000e+02  -7.4677468099533002e+01
   8.4000000000000000e+02  -7.4230908202825006e+01
   8.4100000000000000e+02  -7.4175888985795893e+01
   8.4200000000000000e+02  -7.3533776504000599e+01
   8.4300000000000000e+02  -7.3717490626277197e+01
   8.4400000000000000e+02  -7.3795851792326005e+01
   8.4500000000000000e+02  -7.3834934341977998e+01
   8.4600000000000000e+02  -7.4031836515599693e+01
   8.4700000000000000e+02  -7.3744901269313701e+01
   8.4800000000000000e+02  -7.4048770144184104e+01
   8.4900000000000000e+02  -7.3412854622371299e+01
   8.5000000000000000e+02  -7.3313121838654993e+01
   8.5100000000000000e+02  -7.3334728242113400e+01
   8.5200000000000000e+02  -7.2990854124816195e+01
   8.5300000000000000e+02  -7.2811814583051600e+01
   8.5400000000000000e+02  -7.3231750695907294e+01
   8.5500000000000000e+02  -7.3089943026718402e+01
   8.5600000000000000e+02  -7.2801698042137204e+01
   8.5700000000000000e+02  -7.2810547412137097e+01
   8.5800000000000000e+02  -7.2506848155447301e+01
   8.5900000000000000e+02  -7.3015569472601499e+01
   8.6000000000000000e+02  -7.2776082546504895e+01
   8.6100000000000000e+02  -7.2750512108985504e+01
   8.6200000000000000e+02  -7.2859587176083707e+01
   8.6300000000000000e+02  -7.2668861669975598e+01
   8.6400000000000000e+02  -7.2505578098079695e+01
   8.6500000000000000e+02  -7.2334637085400004e+01
   8.6600000000000000e+02  -7.2480118330229502e+01
   8.6700000000000000e+02  -7.2624902536411795e+01
   8.6800000000000000e+02  -7.2423631995335001e+01
   8.6900000000000000e+02  -7.2397423195806098e+01
   8.7000000000000000e+02  -7.2381249827995603e+01
   8.7100000000000000e+02  -7.1699845427687407e+01
   8.7200000000000000e+02  -7.2166464811824000e+01
   8.7300000000000000e+02  -7.2258069584145105e+01
   8.7400000000000000e+02  -7.2408650626598401e+01
   8.7500000000000000e+02  -7.2343118771972101e+01
   8.7600000000000000e+02  -7.2069608328034505e+01
   8.7700000000000000e+02  -7.2085109758414404e+01
   8.7800000000000000e+02  -7.1956343116606405e+01
   8.7900000000000000e+02  -7.2264340867551496e+01
   8.8000000000000000e+02  -7.1609838832580195e+01
   8.8100000000000000e+02  -7.1753940325995401e+01
   8.8200000000000000e+02  -7.2020397855997999e+01
   8.8300000000000000e+02  -7.2333035367073606e+01
   8.8400000000000000e+02  -7.2345185381897394e+01
   8.8500000000000000e+02  -7.2732029483851406e+01
   8.8600000000000000e+02  -7.2770543346219696e+01
   8.8700000000000000e+02  -7.3031003850660696e+01
   8.8800000000000000e+02  -7.3136955064274204e+01
   8.8900000000000000e+02  -7.3002242756601305e+01
   8.9000000000000000e+02  -7.3119343659890006e+01
   8.9100000000000000e+02  -7.3061806834983003e+01
   8.9200000000000000e+02  -7.3495724917870803e+01
   8.9300000000000000e+02  -7.3369245956813202e+01
   8.9400000000000000e+02  -7.3055337213919103e+01
   8.9500000000000000e+02  -7.2789419454708806e+01
   8.9600000000000000e+02  -7.2724975313806198e+01
   8.9700000000000000e+02  -7.3139808217347294e+01
   8.9800000000000000e+02  -7.2946422762524406e+01
   8.9900000000000000e+02  -7.2555085578213095e+01
   9.0000000000000000e+02  -7.2673383196163599e+01
   9.0100000000000000e+02  -7.2523748777052603e+01
   9.0200000000000000e+02  -7.2206547940974701e+01
   9.0300000000000000e+02  -7.2662865703595699e+01
   9.0400000000000000e+02  -7.2325014050701796e+01
   9.0500000000000000e+02  -7.2009805071066097e+01
   9.0600000000000000e+02  -7.1409098900204597e+01
   9.0700000000000000e+02  -7.1479685335599399e+01
   9.0800000000000000e+02  -7.1596866370413196e+01
   9.0900000000000000e+02  -7.1650481462221705e+01
   9.1000000000000000e+02  -7.1252292371552002e+01
   9.1100000000000000e+02  -7.0836785655377795e+01
   9.1200000000000000e+02  -7.0993615507508594e+01
   9.1300000000000000e+02  -7.0910726051305303e+01
   9.1400000000000000e+02  -7.0783669042018502e+01
   9.1500000000000000e+02  -7.1076989169822596e+01
   9.1600000000000000e+02  -7.1052931164117595e+01
   9.1700000000000000e+02  -7.1112939326471704e+01
   9.1800000000000000e+02  -7.1044789981099399e+01
   9.1900000000000000e+02  -7.0985099878045901e+01
   9.2000000000000000e+02  -7.0983269585380299e+01
   9.2100000000000000e+02  -7.0946706820857003e+01
   9.2200000000000000e+02  -7.1159061981719901e+01
   9.2300000000000000e+02  -7.1244357461000007e+01
   9.2400000000000000e+02  -7.1712082056268201e+01
   9.2500000000000000e+02  -7.1599993995878506e+01
   9.2600000000000000e+02  -7.1732197051906297e+01
   9.2700000000000000e+02  -7.1727526086023900e+01
   9.2800000000000000e+02  -7.1966152738228601e+01
   9.2900000000000000e+02  -7.1843130198301594e+01
   9.3000000000000000e+02  -7.1838633860627397e+01
   9.3100000000000000e+02  -7.1636549500356907e+01
   9.3200000000000000e+02  -7.1405177270074006e+01
   9.3300000000000000e+02  -7.0864007161434202e+01
   9.3400000000000000e+02  -7.0847532477703297e+01
   9.3500000000000000e+02  -6.9920223719020697e+01
   9.3600000000000000e+02  -7.0099247793965105e+01
   9.3700000000000000e+02  -7.0328312759836905e+01
   9.3800000000000000e+02  -7.0193633786544595e+01
   9.3900000000000000e+02  -7.0148942779932696e+01
   9.4000000000000000e+02  -7.0304428513675305e+01
   9.4100000000000000e+02  -7.0590808294784907e+01
   9.4200000000000000e+02  -7.0580963469564196e+01
   9.4300000000000000e+02  -7.0877400205436302e+01
   9.4400000000000000e+02  -7.0585751859854795e+01
   9.4500000000000000e+02  -7.0241717744051599e+01
   9.4600000000000000e+02  -7.0442201576320201e+01
   9.4700000000000000e+02  -7.0391286858301399e+01
   9.4800000000000000e+02  -7.0411305367673094e+01
   9.4900000000000000e+02  -7.0162757224322505e+01
   9.5000000000000000e+02  -6.9945365773243495e+01
   9.5100000000000000e+02  -7.0223015086122601e+01
   9.5200000000000000e+02  -6.9529991356623398e+01
   9.5300000000000000e+02  -6.9556403812615500e+01
   9.5400000000000000e+02  -6.9840597295471895e+01
   9.5500000000000000e+02  -6.9592174606539800e+01
   9.5600000000000000e+02  -6.9509832503528301e+01
   9.5700000000000000e+02  -6.9421369347278301e+01
   9.5800000000000000e+02  -6.8637062514303395e+01
   9.5900000000000000e+02  -6.9041035926572704e+01
   9.6000000000000000e+02  -6.8975196116473199e+01
   9.6100000000000000e+02  -6.8853403300248402e+01
   9.6200000000000000e+02  -6.9297069265442900e+01
   9.6300000000000000e+02  -6.9535171822555299e+01
   9.6400000000000000e+02  -6.9360617860926993e+01
   9.6500000000000000e+02  -6.9609976619681603e+01
   9.6600000000000000e+02  -6.9503230328135899e+01
   9.6700000000000000e+02  -6.9432857657359094e+01
   9.6800000000000000e+02  -6.9647082372958195e+01
   9.6900000000000000e+02  -6.9946850838610402e+01
   9.7000000000000000e+02  -6.9960053203824003e+01
   9.7100000000000000e+02  -6.9798527929427195e+01
   9.7200000000000000e+02  -6.9668108768098193e+01
   9.7300000000000000e+02  -6.9350084345365900e+01
   9.7400000000000000e+02  -6.9239244347551207e+01
   9.7500000000000000e+02  -6.9123234112138604e+01
   9.7600000000000000e+02  -6.8938552749528796e+01
   9.7700000000000000e+02  -6.8938237988362800e+01
   9.7800000000000000e+02  -6.9311969902410098e+01
   9.7900000000000000e+02  -6.8985974260641797e+01
   9.8000000000000000e+02  -6.9117338215618204e+01
   9.8100000000000000e+02  -6.9109114799771504e+01
   9.8200000000000000e+02  -6.9259885815444704e+01
   9.8300000000000000e+02  -6.9355448661559805e+01
   9.8400000000000000e+02  -6.9747017347490797e+01
   9.8500000000000000e+02  -6.9691472746074993e+01
   9.8600000000000000e+02  -6.9519694169943193e+01
   9.8700000000000000e+02  -6.9566095890273004e+01
   9.8800000000000000e+02  -6.9667847022799094e+01
   9.8900000000000000e+02  -6.9646558340078599e+01
   9.9000000000000000e+02  -6.9506340684419300e+01
   9.9100000000000000e+02  -6.9891876177907207e+01
   9.9200000000000000e+02  -6.9474376188599294e+01
   9.9300000000000000e+02  -6.8846969816030096e+01
   9.9400000000000000e+02  -6.8406982912073005e+01
   9.9500000000000000e+02  -6.7802400734883705e+01
   9.9600000000000000e+02  -6.7592574839822603e+01
   9.9700000000000000e+02  -6.6877000333530404e+01
   9.9800000000000000e+02  -6.6739766848948804e+01
   9.9900000000000000e+02  -6.6705829471221406e+01
   1.0000000000000000e+03  -6.6226301620177097e+01
   1.0010000000000000e+03  -6.5599862424405302e+01
   1.0020000000000000e+03  -6.4774695579947405e+01
   1.0030000000000000e+03  -6.4000266152296604e+01
   1.0040000000000000e+03  -6.3425366607722900e+01
   1.0050000000000000e+03  -6.3175694226973000e+01
   1.0060000000000000e+03  -6.2629199196712399e+01
   1.0070000000000000e+03  -6.2306266890536598e+01
   1.0080000000000000e+03  -6.1705412158811598e+01
   1.0090000000000000e+03  -6.0184354823480497e+01
   1.0100000000000000e+03  -5.8747482290056197e+01
   1.0110000000000000e+03  -5.6553269062884603e+01
   1.0120000000000000e+03  -5.2168918637699200e+01
   1.0130000000000000e+03  -3.9807300942319003e+01
   1.0140000000000000e+03  -1.2300757387594100e+01
