  -1.0000000000000000e+02  -7.3919773593953295e+01
  -9.9000000000000000e+01  -7.4282721558895801e+01
  -9.8000000000000000e+01  -7.4207739029659294e+01
  -9.7000000000000000e+01  -7.4390117887921406e+01
  -9.6000000000000000e+01  -7.4417181585520098e+01
  -9.5000000000000000e+01  -7.4224799623994599e+01
  -9.4000000000000000e+01  -7.4236253265965900e+01
  -9.3000000000000000e+01  -7.4364315308902206e+01
  -9.2000000000000000e+01  -7.3884699866016703e+01
  -9.1000000000000000e+01  -7.3207234940624801e+01
  -9.0000000000000000e+01  -7.3128548070294698e+01
  -8.9000000000000000e+01  -7.2819222366690695e+01
  -8.8000000000000000e+01  -7.3086950082237607e+01
  -8.7000000000000000e+01  -7.2559783980755796e+01
  -8.6000000000000000e+01  -7.2848632883557201e+01
  -8.5000000000000000e+01  -7.3060453867677097e+01
  -8.4000000000000000e+01  -7.3320192596471998e+01
  -8.3000000000000000e+01  -7.3143919151607193e+01
  -8.2000000000000000e+01  -7.3123536069646207e+01
  -8.1000000000000000e+01  -7.3018982778208994e+01
  -8.0000000000000000e+01  -7.2734428078831300e+01
  -7.9000000000000000e+01  -7.2511254783705994e+01
  -7.8000000000000000e+01  -7.1970581963946202e+01
  -7.7000000000000000e+01  -7.1484057187338806e+01
  -7.6000000000000000e+01  -7.1776965675158706e+01
  -7.5000000000000000e+01  -7.1465274966965694e+01
  -7.4000000000000000e+01  -7.2003411722624506e+01
  -7.3000000000000000e+01  -7.2606415992443104e+01
  -7.2000000000000000e+01  -7.2761061464038704e+01
  -7.1000000000000000e+01  -7.2621076748852104e+01
  -7.0000000000000000e+01  -7.2518474969994500e+01
  -6.9000000000000000e+01  -7.2486183354412404e+01
  -6.8000000000000000e+01  -7.2416765647775307e+01
  -6.7000000000000000e+01  -7.2600264494617207e+01
  -6.6000000000000000e+01  -7.2471615299319197e+01
  -6.5000000000000000e+01  -7.2675137442971106e+01
  -6.4000000000000000e+01  -7.2982260378431803e+01
  -6.3000000000000000e+01  -7.3109714270959600e+01
  -6.2000000000000000e+01  -7.3205928582056401e+01
  -6.1000000000000000e+01  -7.3526106573566693e+01
  -6.0000000000000000e+01  -7.2864440127146594e+01
  -5.9000000000000000e+01  -7.2386310517030395e+01
  -5.8000000000000000e+01  -7.2198120038189202e+01
  -5.7000000000000000e+01  -7.1820887957685997e+01
  -5.6000000000000000e+01  -7.1658753769558601e+01
  -5.5000000000000000e+01  -7.2343660554427601e+01
  -5.4000000000000000e+01  -7.1636432498331700e+01
  -5.3000000000000000e+01  -7.1439505150036695e+01
  -5.2000000000000000e+01  -7.1382496532973505e+01
  -5.1000000000000000e+01  -7.1606573196510993e+01
  -5.0000000000000000e+01  -7.1002580317760106e+01
  -4.9000000000000000e+01  -7.1577967199208501e+01
  -4.8000000000000000e+01  -7.1364580599338097e+01
  -4.7000000000000000e+01  -7.1351239918367796e+01
  -4.6000000000000000e+01  -7.1167612690363001e+01
  -4.5000000000000000e+01  -7.1162555807762203e+01
  -4.4000000000000000e+01  -7.1001411815608506e+01
  -4.3000000000000000e+01  -7.0475204306543603e+01
  -4.2000000000000000e+01  -7.0731638942597897e+01
  -4.1000000000000000e+01  -7.0847617132538502e+01
  -4.0000000000000000e+01  -7.0412168721366399e+01
  -3.9000000000000000e+01  -7.0233820553466700e+01
  -3.8000000000000000e+01  -7.0119301954500997e+01
  -3.7000000000000000e+01  -7.0242563257893295e+01
  -3.6000000000000000e+01  -6.9652095654665004e+01
  -3.5000000000000000e+01  -6.9822971714151294e+01
  -3.4000000000000000e+01  -6.9870048773440701e+01
  -3.3000000000000000e+01  -6.9888917174152297e+01
  -3.2000000000000000e+01  -6.9643245628919900e+01
  -3.1000000000000000e+01  -6.9454865068398504e+01
  -3.0000000000000000e+01  -6.9354253372602898e+01
  -2.9000000000000000e+01  -6.9212347900981797e+01
  -2.8000000000000000e+01  -6.9041275793788799e+01
  -2.7000000000000000e+01  -6.8746902712399802e+01
  -2.6000000000000000e+01  -6.8814410017666603e+01
  -2.5000000000000000e+01  -6.8140670451225105e+01
  -2.4000000000000000e+01  -6.7591655460584207e+01
  -2.3000000000000000e+01  -6.6842836455946099e+01
  -2.2000000000000000e+01  -6.6803565210478297e+01
  -2.1000000000000000e+01  -6.6760082389054105e+01
  -2.0000000000000000e+01  -6.6844679729162493e+01
  -1.9000000000000000e+01  -6.6924181488934906e+01
  -1.8000000000000000e+01  -6.7132817392043407e+01
  -1.7000000000000000e+01  -6.6641974557071293e+01
  -1.6000000000000000e+01  -6.6374713923077195e+01
  -1.5000000000000000e+01  -6.5688122629782796e+01
  -1.4000000000000000e+01  -6.5138191461678105e+01
  -1.3000000000000000e+01  -6.4741254822852497e+01
  -1.2000000000000000e+01  -6.4949963024153604e+01
  -1.1000000000000000e+01  -6.4439061109273098e+01
  -1.0000000000000000e+01  -6.4098093344906601e+01
  -9.0000000000000000e+00  -6.3698063457053500e+01
  -8.0000000000000000e+00  -6.3224757626280699e+01
  -7.0000000000000000e+00  -6.1901589253138397e+01
  -6.0000000000000000e+00  -6.0849140597304597e+01
  -5.0000000000000000e+00  -6.0062238283528600e+01
  -4.0000000000000000e+00  -5.8859762603459998e+01
  -3.0000000000000000e+00  -5.6993311432228701e+01
  -2.0000000000000000e+00  -5.3384323925191801e+01
  -1.0000000000000000e+00  -4.4481384901238400e+01
   0.0000000000000000e+00  -2.0023133119174400e+01
   1.0000000000000000e+00  -1.1400810970902200e+00
   2.0000000000000000e+00   1.1667614466398099e+01
   3.0000000000000000e+00   1.8826397701603302e+01
   4.0000000000000000e+00   2.2486285992514699e+01
   5.0000000000000000e+00   2.4681078357554401e+01
   6.0000000000000000e+00   2.5387503184033299e+01
   7.0000000000000000e+00   2.5967677874951299e+01
   8.0000000000000000e+00   2.6090202293072700e+01
   9.0000000000000000e+00   2.6464091511699699e+01
   1.0000000000000000e+01   2.6516239869481399e+01
   1.1000000000000000e+01   2.7178182987497099e+01
   1.2000000000000000e+01   2.7569958033628598e+01
   1.3000000000000000e+01   2.7494398254301899e+01
   1.4000000000000000e+01   2.7602088779338899e+01
   1.5000000000000000e+01   2.8285216956050100e+01
   1.6000000000000000e+01   2.8906850085734401e+01
   1.7000000000000000e+01   2.9103348275725800e+01
   1.8000000000000000e+01   2.9975542974212399e+01
   1.9000000000000000e+01   2.9769545851507900e+01
   2.0000000000000000e+01   2.9934664856578699e+01
   2.1000000000000000e+01   2.9950773117076501e+01
   2.2000000000000000e+01   2.9849372677887899e+01
   2.3000000000000000e+01   2.9441185390096301e+01
   2.4000000000000000e+01   2.9993715803394402e+01
   2.5000000000000000e+01   2.9525229979139400e+01
   2.6000000000000000e+01   2.9448282956873300e+01
   2.7000000000000000e+01   2.9775858093271701e+01
   2.8000000000000000e+01   2.9431901436231101e+01
   2.9000000000000000e+01   3.0088390293530100e+01
   3.0000000000000000e+01   3.0203886644845099e+01
   3.1000000000000000e+01   3.0582417321407899e+01
   3.2000000000000000e+01   3.0345098638430802e+01
   3.3000000000000000e+01   3.0482921292868699e+01
   3.4000000000000000e+01   3.0506752789197801e+01
   3.5000000000000000e+01   3.0752785550621301e+01
   3.6000000000000000e+01   3.0932558232970301e+01
   3.7000000000000000e+01   3.0778194972715600e+01
   3.8000000000000000e+01   3.1160222776137200e+01
   3.9000000000000000e+01   3.1129816395457802e+01
   4.0000000000000000e+01   3.1315902126897900e+01
   4.1000000000000000e+01   3.1769956131963699e+01
   4.2000000000000000e+01   3.1484823041543098e+01
   4.3000000000000000e+01   3.1950785341806800e+01
   4.4000000000000000e+01   3.2261951637806803e+01
   4.5000000000000000e+01   3.2464385145314203e+01
   4.6000000000000000e+01   3.2347159423758498e+01
   4.7000000000000000e+01   3.1559730667953701e+01
   4.8000000000000000e+01   3.1927813749215101e+01
   4.9000000000000000e+01   3.2108861617347102e+01
   5.0000000000000000e+01   3.2085987902244497e+01
   5.1000000000000000e+01   3.2319467919323600e+01
   5.2000000000000000e+01   3.2773592330897898e+01
   5.3000000000000000e+01   3.2933709326156396e+01
   5.4000000000000000e+01   3.2981769703508498e+01
   5.5000000000000000e+01   3.3600601541672198e+01
   5.6000000000000000e+01   3.3255234935888097e+01
   5.7000000000000000e+01   3.3226679138801600e+01
   5.8000000000000000e+01   3.3472513666884403e+01
   5.9000000000000000e+01   3.3992523178508698e+01
   6.0000000000000000e+01   3.4100762156624597e+01
   6.1000000000000000e+01   3.4430857821824297e+01
   6.2000000000000000e+01   3.4590210762676001e+01
   6.3000000000000000e+01   3.4951599008041100e+01
   6.4000000000000000e+01   3.4857629369163497e+01
   6.5000000000000000e+01   3.4456861513030098e+01
   6.6000000000000000e+01   3.4417733663293198e+01
   6.7000000000000000e+01   3.4727346271473301e+01
   6.8000000000000000e+01   3.4488694280087699e+01
   6.9000000000000000e+01   3.4775671028134802e+01
   7.0000000000000000e+01   3.4170658277024202e+01
   7.1000000000000000e+01   3.4121049591582199e+01
   7.2000000000000000e+01   3.4066056886148999e+01
   7.3000000000000000e+01   3.3814128547670997e+01
   7.4000000000000000e+01   3.3582293038912802e+01
   7.5000000000000000e+01   3.3850740915804302e+01
   7.6000000000000000e+01   3.3727036682975502e+01
   7.7000000000000000e+01   3.3824927229982997e+01
   7.8000000000000000e+01   3.3876808641158298e+01
   7.9000000000000000e+01   3.4102040910351597e+01
   8.0000000000000000e+01   3.3825543026467699e+01
   8.1000000000000000e+01   3.3473302325305802e+01
   8.2000000000000000e+01   3.3596686429833902e+01
   8.3000000000000000e+01   3.3666553657619097e+01
   8.4000000000000000e+01   3.4187415493002298e+01
   8.5000000000000000e+01   3.4710834711093597e+01
   8.6000000000000000e+01   3.4073217602450597e+01
   8.7000000000000000e+01   3.3746251443941503e+01
   8.8000000000000000e+01   3.3951983211355802e+01
   8.9000000000000000e+01   3.3519303373421799e+01
   9.0000000000000000e+01   3.3487404878586098e+01
   9.1000000000000000e+01   3.3474313981029702e+01
   9.2000000000000000e+01   3.3402712360551298e+01
   9.3000000000000000e+01   3.2944545089094298e+01
   9.4000000000000000e+01   3.3095323142413498e+01
   9.5000000000000000e+01   3.2819412077738100e+01
   9.6000000000000000e+01   3.2724767732350202e+01
   9.7000000000000000e+01   3.2688713159064903e+01
   9.8000000000000000e+01   3.2995258822425498e+01
   9.9000000000000000e+01   3.3292290368229501e+01
   1.0000000000000000e+02   3.3462298835200897e+01
   1.0100000000000000e+02   3.3721348388817198e+01
   1.0200000000000000e+02   3.3542582931685700e+01
   1.0300000000000000e+02   3.3666802609788597e+01
   1.0400000000000000e+02   3.3927423285503302e+01
   1.0500000000000000e+02   3.3738625763385500e+01
   1.0600000000000000e+02   3.3277537715207600e+01
   1.0700000000000000e+02   3.2557548613548498e+01
   1.0800000000000000e+02   3.2584541563227397e+01
   1.0900000000000000e+02   3.2585407507611500e+01
   1.1000000000000000e+02   3.2925486460822597e+01
   1.1100000000000000e+02   3.2359759865424202e+01
   1.1200000000000000e+02   3.1548598627271598e+01
   1.1300000000000000e+02   3.2024227235599099e+01
   1.1400000000000000e+02   3.1968244011976999e+01
   1.1500000000000000e+02   3.1796139827059100e+01
   1.1600000000000000e+02   3.2623137104049299e+01
   1.1700000000000000e+02   3.2416412212961802e+01
   1.1800000000000000e+02   3.1922419787411801e+01
   1.1900000000000000e+02   3.1656793502666400e+01
   1.2000000000000000e+02   3.1090995172291102e+01
   1.2100000000000000e+02   3.0898347257956800e+01
   1.2200000000000000e+02   3.0781017101179899e+01
   1.2300000000000000e+02   3.0579946280701201e+01
   1.2400000000000000e+02   3.0675870390915001e+01
   1.2500000000000000e+02   3.0773041873974201e+01
   1.2600000000000000e+02   3.0725758634301901e+01
   1.2700000000000000e+02   3.0387906775083099e+01
   1.2800000000000000e+02   3.0332020337719101e+01
   1.2900000000000000e+02   3.0281187870977600e+01
   1.3000000000000000e+02   3.0562603719968500e+01
   1.3100000000000000e+02   3.0636437005458500e+01
   1.3200000000000000e+02   3.0029815057933501e+01
   1.3300000000000000e+02   3.0036201141769300e+01
   1.3400000000000000e+02   2.9852517367975199e+01
   1.3500000000000000e+02   2.9276101609519699e+01
   1.3600000000000000e+02   2.8979184391253298e+01
   1.3700000000000000e+02   2.8624682849834201e+01
   1.3800000000000000e+02   2.8345757354623700e+01
   1.3900000000000000e+02   2.8336771158143801e+01
   1.4000000000000000e+02   2.8458201330876900e+01
   1.4100000000000000e+02   2.9120046589242900e+01
   1.4200000000000000e+02   2.8992157318747001e+01
   1.4300000000000000e+02   2.9028402567096599e+01
   1.4400000000000000e+02   2.9187575044134601e+01
   1.4500000000000000e+02   2.9175758057604099e+01
   1.4600000000000000e+02   2.9190192267455199e+01
   1.4700000000000000e+02   2.9571452344355802e+01
   1.4800000000000000e+02   2.9936932871048999e+01
   1.4900000000000000e+02   2.9649425734804499e+01
   1.5000000000000000e+02   3.0010883164387799e+01
   1.5100000000000000e+02   3.0246898118661701e+01
   1.5200000000000000e+02   3.0171519684230802e+01
   1.5300000000000000e+02   3.0324286430025900e+01
   1.5400000000000000e+02   3.0031806263972602e+01
   1.5500000000000000e+02   2.9876732130975199e+01
   1.5600000000000000e+02   2.9920957784588001e+01
   1.5700000000000000e+02   2.9463015413597699e+01
   1.5800000000000000e+02   2.9692329594955400e+01
   1.5900000000000000e+02   3.0093503846276899e+01
   1.6000000000000000e+02   2.9758563122037501e+01
   1.6100000000000000e+02   2.9957557333057299e+01
   1.6200000000000000e+02   2.9748690366645899e+01
   1.6300000000000000e+02   2.9848218587024899e+01
   1.6400000000000000e+02   2.9770974559752599e+01
   1.6500000000000000e+02   2.9571696947775699e+01
   1.6600000000000000e+02   2.9984905933781501e+01
   1.6700000000000000e+02   2.9890776167519700e+01
   1.6800000000000000e+02   2.9211235605060399e+01
   1.6900000000000000e+02   2.9449919612353899e+01
   1.7000000000000000e+02   2.8826452332703600e+01
   1.7100000000000000e+02   2.8679287851111098e+01
   1.7200000000000000e+02   2.8334657277459598e+01
   1.7300000000000000e+02   2.8091714073089001e+01
   1.7400000000000000e+02   2.7650265715140200e+01
   1.7500000000000000e+02   2.7756712974981699e+01
   1.7600000000000000e+02   2.7607953459477901e+01
   1.7700000000000000e+02   2.7305091202124000e+01
   1.7800000000000000e+02   2.7764949946731601e+01
   1.7900000000000000e+02   2.7106997561071001e+01
   1.8000000000000000e+02   2.6870506340818000e+01
   1.8100000000000000e+02   2.6886647931877501e+01
   1.8200000000000000e+02   2.6675343578759399e+01
   1.8300000000000000e+02   2.6248960321105098e+01
   1.8400000000000000e+02   2.5260855714950502e+01
   1.8500000000000000e+02   2.5079017366051499e+01
   1.8600000000000000e+02   2.5179186292114402e+01
   1.8700000000000000e+02   2.5059332300603199e+01
   1.8800000000000000e+02   2.5221535695633300e+01
   1.8900000000000000e+02   2.5663622275738099e+01
   1.9000000000000000e+02   2.5253944594550202e+01
   1.9100000000000000e+02   2.5217820685802401e+01
   1.9200000000000000e+02   2.5202240687476699e+01
   1.9300000000000000e+02   2.4479817048647298e+01
   1.9400000000000000e+02   2.3939625557021600e+01
   1.9500000000000000e+02   2.3819753393936899e+01
   1.9600000000000000e+02   2.3525705150808800e+01
   1.9700000000000000e+02   2.3154885155333499e+01
   1.9800000000000000e+02   2.3332887073963199e+01
   1.9900000000000000e+02   2.3313354620748800e+01
   2.0000000000000000e+02   2.3299572948367899e+01
   2.0100000000000000e+02   2.2968711364089302e+01
   2.0200000000000000e+02   2.2536860014720201e+01
   2.0300000000000000e+02   2.1935565731734101e+01
   2.0400000000000000e+02   2.2493544590086302e+01
   2.0500000000000000e+02   2.2201973076337200e+01
   2.0600000000000000e+02   2.2167260438937500e+01
   2.0700000000000000e+02   2.1873227468851599e+01
   2.0800000000000000e+02   2.1874757979282801e+01
   2.0900000000000000e+02   2.1694297530713399e+01
   2.1000000000000000e+02   2.1410732572741601e+01
   2.1100000000000000e+02   2.1310609529203699e+01
   2.1200000000000000e+02   2.1416739884078101e+01
   2.1300000000000000e+02   2.0855375962536801e+01
   2.1400000000000000e+02   2.0084096580297601e+01
   2.1500000000000000e+02   1.9702443291335701e+01
   2.1600000000000000e+02   1.9570165538314100e+01
   2.1700000000000000e+02   1.9300713396633000e+01
   2.1800000000000000e+02   1.9593818851070601e+01
   2.1900000000000000e+02   1.9306778571849001e+01
   2.2000000000000000e+02   1.9457705834384701e+01
   2.2100000000000000e+02   1.9075323669674599e+01
   2.2200000000000000e+02   1.8912424662629299e+01
   2.2300000000000000e+02   1.8814665145746702e+01
   2.2400000000000000e+02   1.8455781951830499e+01
   2.2500000000000000e+02   1.7621399033742499e+01
   2.2600000000000000e+02   1.7432953871790900e+01
   2.2700000000000000e+02   1.7532619520933000e+01
   2.2800000000000000e+02   1.7558715235952501e+01
   2.2900000000000000e+02   1.7278332683191302e+01
   2.3000000000000000e+02   1.7458905300689999e+01
   2.3100000000000000e+02   1.7765934290767699e+01
   2.3200000000000000e+02   1.7672712431131899e+01
   2.3300000000000000e+02   1.7487967521800201e+01
   2.3400000000000000e+02   1.7656175438728201e+01
   2.3500000000000000e+02   1.7121798462996200e+01
   2.3600000000000000e+02   1.7068082692256301e+01
   2.3700000000000000e+02   1.6296902098168101e+01
   2.3800000000000000e+02   1.5729935351260400e+01
   2.3900000000000000e+02   1.5287122392878800e+01
   2.4000000000000000e+02   1.5321220662964800e+01
   2.4100000000000000e+02   1.5473034836641100e+01
   2.4200000000000000e+02   1.5971743492956801e+01
   2.4300000000000000e+02   1.5680234339642800e+01
   2.4400000000000000e+02   1.5250804774602800e+01
   2.4500000000000000e+02   1.4898553959255000e+01
   2.4600000000000000e+02   1.4883815628519701e+01
   2.4700000000000000e+02   1.5074837776581999e+01
   2.4800000000000000e+02   1.4574238932947001e+01
   2.4900000000000000e+02   1.4130954462003499e+01
   2.5000000000000000e+02   1.3818543678246099e+01
   2.5100000000000000e+02   1.3443197879486300e+01
   2.5200000000000000e+02   1.3547076480772700e+01
   2.5300000000000000e+02   1.3044020965708100e+01
   2.5400000000000000e+02   1.2561872064412199e+01
   2.5500000000000000e+02   1.1791378556646499e+01
   2.5600000000000000e+02   1.1592109436847700e+01
   2.5700000000000000e+02   1.1704770024963100e+01
   2.5800000000000000e+02   1.1677544547335099e+01
   2.5900000000000000e+02   1.1433148711771700e+01
   2.6000000000000000e+02   1.0862063596939601e+01
   2.6100000000000000e+02   1.0839027610447500e+01
   2.6200000000000000e+02   1.0550042270064299e+01
   2.6300000000000000e+02   1.0279618132486901e+01
   2.6400000000000000e+02   1.0177414724678901e+01
   2.6500000000000000e+02   1.0151404220476200e+01
   2.6600000000000000e+02   1.0150369411453401e+01
   2.6700000000000000e+02   9.8580194375519898e+00
   2.6800000000000000e+02   9.4911996864018704e+00
   2.6900000000000000e+02   8.9085790368661595e+00
   2.7000000000000000e+02   8.9292976438802008e+00
   2.7100000000000000e+02   8.4347762600939102e+00
   2.7200000000000000e+02   7.8317931780202796e+00
   2.7300000000000000e+02   7.6113489509122703e+00
   2.7400000000000000e+02   7.1529127409250002e+00
   2.7500000000000000e+02   7.0526614676803003e+00
   2.7600000000000000e+02   6.7576419353948598e+00
   2.7700000000000000e+02   6.5257351193995303e+00
   2.7800000000000000e+02   6.2591082572138896e+00
   2.7900000000000000e+02   5.7651850102661202e+00
   2.8000000000000000e+02   5.4614634789529601e+00
   2.8100000000000000e+02   5.3124641258343503e+00
   2.8200000000000000e+02   4.3402780501365399e+00
   2.8300000000000000e+02   3.8514689700928000e+00
   2.8400000000000000e+02   3.4481216579992799e+00
   2.8500000000000000e+02   2.9222255448928198e+00
   2.8600000000000000e+02   2.7266197213252399e+00
   2.8700000000000000e+02   2.5482118204056299e+00
   2.8800000000000000e+02   2.0802295341555199e+00
   2.8900000000000000e+02   2.0130510802393000e+00
   2.9000000000000000e+02   1.6485434465569500e+00
   2.9100000000000000e+02   1.0832162088445501e+00
   2.9200000000000000e+02   7.8281158291838404e-01
   2.9300000000000000e+02   6.1003166440962897e-01
   2.9400000000000000e+02   3.5107579346107998e-01
   2.9500000000000000e+02   5.8854839097177203e-01
   2.9600000000000000e+02   1.0270649670949700e-01
   2.9700000000000000e+02  -6.3439326094415396e-02
   2.9800000000000000e+02  -6.0055161524968004e-01
   2.9900000000000000e+02  -1.1319014582141000e+00
   3.0000000000000000e+02  -1.0843798729412599e+00
   3.0100000000000000e+02  -1.2905893592599100e+00
   3.0200000000000000e+02  -1.1074341415620701e+00
   3.0300000000000000e+02  -1.4773567604849600e+00
   3.0400000000000000e+02  -1.7060608281570999e+00
   3.0500000000000000e+02  -2.1518672338581402e+00
   3.0600000000000000e+02  -2.5016987389864900e+00
   3.0700000000000000e+02  -2.8137565419199100e+00
   3.0800000000000000e+02  -3.2249319205794000e+00
   3.0900000000000000e+02  -3.8007082783132198e+00
   3.1000000000000000e+02  -4.0199747085563899e+00
   3.1100000000000000e+02  -4.6589630693131898e+00
   3.1200000000000000e+02  -5.3598390199500399e+00
   3.1300000000000000e+02  -5.6284275459956499e+00
   3.1400000000000000e+02  -6.2145123868535697e+00
   3.1500000000000000e+02  -6.0240800245766204e+00
   3.1600000000000000e+02  -5.9908884140394996e+00
   3.1700000000000000e+02  -6.0440348409201201e+00
   3.1800000000000000e+02  -6.2580564186283798e+00
   3.1900000000000000e+02  -6.3635281639513099e+00
   3.2000000000000000e+02  -7.0818685984634797e+00
   3.2100000000000000e+02  -7.2176844325987002e+00
   3.2200000000000000e+02  -7.2500017554947602e+00
   3.2300000000000000e+02  -7.7494405697808704e+00
   3.2400000000000000e+02  -8.1920395524364409e+00
   3.2500000000000000e+02  -8.6954219020332992e+00
   3.2600000000000000e+02  -8.8811962580858896e+00
   3.2700000000000000e+02  -9.6311480571251096e+00
   3.2800000000000000e+02  -9.5394998144079501e+00
   3.2900000000000000e+02  -9.9739519421048808e+00
   3.3000000000000000e+02  -1.0299571969156800e+01
   3.3100000000000000e+02  -1.0728396778209200e+01
   3.3200000000000000e+02  -1.0702009355669800e+01
   3.3300000000000000e+02  -1.1207898178478301e+01
   3.3400000000000000e+02  -1.1736839163722200e+01
   3.3500000000000000e+02  -1.2203992913545701e+01
   3.3600000000000000e+02  -1.2710690749239500e+01
   3.3700000000000000e+02  -1.3197545575285099e+01
   3.3800000000000000e+02  -1.3241029295246900e+01
   3.3900000000000000e+02  -1.3338766874505801e+01
   3.4000000000000000e+02  -1.3621104350340200e+01
   3.4100000000000000e+02  -1.4209561631020200e+01
   3.4200000000000000e+02  -1.4610520877230700e+01
   3.4300000000000000e+02  -1.4785295584966899e+01
   3.4400000000000000e+02  -1.5384756892293700e+01
   3.4500000000000000e+02  -1.5161963052038001e+01
   3.4600000000000000e+02  -1.5565490654194001e+01
   3.4700000000000000e+02  -1.6011350252719900e+01
   3.4800000000000000e+02  -1.6730789454638600e+01
   3.4900000000000000e+02  -1.7344052723205500e+01
   3.5000000000000000e+02  -1.8015873285205899e+01
   3.5100000000000000e+02  -1.8880469283528601e+01
   3.5200000000000000e+02  -1.8900163212355402e+01
   3.5300000000000000e+02  -1.9054091333723800e+01
   3.5400000000000000e+02  -1.8995300348458901e+01
   3.5500000000000000e+02  -1.9356358398190700e+01
   3.5600000000000000e+02  -2.0004417961357198e+01
   3.5700000000000000e+02  -2.0333635343759799e+01
   3.5800000000000000e+02  -2.0598551648110199e+01
   3.5900000000000000e+02  -2.1214584444878000e+01
   3.6000000000000000e+02  -2.1921076815369801e+01
   3.6100000000000000e+02  -2.2524072504472500e+01
   3.6200000000000000e+02  -2.2945528270021100e+01
   3.6300000000000000e+02  -2.3517547740579701e+01
   3.6400000000000000e+02  -2.4373684817752700e+01
   3.6500000000000000e+02  -2.5062767588881702e+01
   3.6600000000000000e+02  -2.5559314399584700e+01
   3.6700000000000000e+02  -2.6497779948557302e+01
   3.6800000000000000e+02  -2.7157364425439500e+01
   3.6900000000000000e+02  -2.8073458893767000e+01
   3.7000000000000000e+02  -2.8858208215980302e+01
   3.7100000000000000e+02  -2.9753024657578301e+01
   3.7200000000000000e+02  -3.0581644786508601e+01
   3.7300000000000000e+02  -3.1036898042278800e+01
   3.7400000000000000e+02  -3.1860924751176402e+01
   3.7500000000000000e+02  -3.2342462952455797e+01
   3.7600000000000000e+02  -3.3112794713847698e+01
   3.7700000000000000e+02  -3.3584163779481102e+01
   3.7800000000000000e+02  -3.4546025669445598e+01
   3.7900000000000000e+02  -3.5492771662944300e+01
   3.8000000000000000e+02  -3.6090720522652497e+01
   3.8100000000000000e+02  -3.6932050485230803e+01
   3.8200000000000000e+02  -3.7591395219291499e+01
   3.8300000000000000e+02  -3.7782966733321103e+01
   3.8400000000000000e+02  -3.8087551052148598e+01
   3.8500000000000000e+02  -3.9514670221653098e+01
   3.8600000000000000e+02  -4.0272807012539701e+01
   3.8700000000000000e+02  -4.0522073140890299e+01
   3.8800000000000000e+02  -4.1679550076474897e+01
   3.8900000000000000e+02  -4.2889309900662802e+01
   3.9000000000000000e+02  -4.3820607690876898e+01
   3.9100000000000000e+02  -4.4690426371598598e+01
   3.9200000000000000e+02  -4.5766426001957903e+01
   3.9300000000000000e+02  -4.6516416020958800e+01
   3.9400000000000000e+02  -4.7758528589553798e+01
   3.9500000000000000e+02  -4.8094246842096702e+01
   3.9600000000000000e+02  -4.8717592238872697e+01
   3.9700000000000000e+02  -4.9417633441902296e+01
   3.9800000000000000e+02  -5.0130506019761498e+01
   3.9900000000000000e+02  -5.0871724979500897e+01
   4.0000000000000000e+02  -5.1548515112339302e+01
   4.0100000000000000e+02  -5.2110896632840102e+01
   4.0200000000000000e+02  -5.3060056835876800e+01
   4.0300000000000000e+02  -5.3765486889718602e+01
   4.0400000000000000e+02  -5.4247210129133101e+01
   4.0500000000000000e+02  -5.5194811392502899e+01
   4.0600000000000000e+02  -5.5989861406860904e+01
   4.0700000000000000e+02  -5.6753965782698700e+01
   4.0800000000000000e+02  -5.7459361062910197e+01
   4.0900000000000000e+02  -5.8062583661035198e+01
   4.1000000000000000e+02  -5.8655309481476998e+01
   4.1100000000000000e+02  -5.8744772799932001e+01
   4.1200000000000000e+02  -5.9235648972273800e+01
   4.1300000000000000e+02  -5.9620589111456198e+01
   4.1400000000000000e+02  -6.0367659271619303e+01
   4.1500000000000000e+02  -6.1185207649945902e+01
   4.1600000000000000e+02  -6.2128178626874103e+01
   4.1700000000000000e+02  -6.2555331095065398e+01
   4.1800000000000000e+02  -6.3511192434178497e+01
   4.1900000000000000e+02  -6.4440002512454498e+01
   4.2000000000000000e+02  -6.5019536596928305e+01
   4.2100000000000000e+02  -6.5646626168346899e+01
   4.2200000000000000e+02  -6.6279220622204505e+01
   4.2300000000000000e+02  -6.6616984072657004e+01
   4.2400000000000000e+02  -6.7417666367732295e+01
   4.2500000000000000e+02  -6.8141246080835899e+01
   4.2600000000000000e+02  -6.8203477769810206e+01
   4.2700000000000000e+02  -6.8906549129490699e+01
   4.2800000000000000e+02  -6.9448877545049598e+01
   4.2900000000000000e+02  -7.0158172514175405e+01
   4.3000000000000000e+02  -7.0302401446348796e+01
   4.3100000000000000e+02  -7.0394989100718405e+01
   4.3200000000000000e+02  -7.0754539267354104e+01
   4.3300000000000000e+02  -7.0815312740954894e+01
   4.3400000000000000e+02  -7.1606842452145699e+01
   4.3500000000000000e+02  -7.2170337483556906e+01
   4.3600000000000000e+02  -7.2328801850225702e+01
   4.3700000000000000e+02  -7.2377883982872007e+01
   4.3800000000000000e+02  -7.2335386426959801e+01
   4.3900000000000000e+02  -7.2576347228646995e+01
   4.4000000000000000e+02  -7.1943407979986702e+01
   4.4100000000000000e+02  -7.2275344005335597e+01
   4.4200000000000000e+02  -7.2768582373453299e+01
   4.4300000000000000e+02  -7.3105506039445004e+01
   4.4400000000000000e+02  -7.3552468040761795e+01
   4.4500000000000000e+02  -7.4044300408601302e+01
   4.4600000000000000e+02  -7.3649411325942296e+01
   4.4700000000000000e+02  -7.3937203502590407e+01
   4.4800000000000000e+02  -7.4163921645335506e+01
   4.4900000000000000e+02  -7.4608673795831194e+01
   4.5000000000000000e+02  -7.4478339418732304e+01
   4.5100000000000000e+02  -7.4546977751655902e+01
   4.5200000000000000e+02  -7.4671578163834596e+01
   4.5300000000000000e+02  -7.4869427003595604e+01
   4.5400000000000000e+02  -7.4725594245407507e+01
   4.5500000000000000e+02  -7.4549309664193103e+01
   4.5600000000000000e+02  -7.4795104392560404e+01
   4.5700000000000000e+02  -7.4498497768334403e+01
   4.5800000000000000e+02  -7.4416508437227407e+01
   4.5900000000000000e+02  -7.4329085373423496e+01
   4.6000000000000000e+02  -7.4340966673124299e+01
   4.6100000000000000e+02  -7.3818626916398898e+01
   4.6200000000000000e+02  -7.4419639638588293e+01
   4.6300000000000000e+02  -7.4080609310852594e+01
   4.6400000000000000e+02  -7.3749619859317406e+01
   4.6500000000000000e+02  -7.3733272469005399e+01
   4.6600000000000000e+02  -7.3790740747859104e+01
   4.6700000000000000e+02  -7.4107343083447304e+01
   4.6800000000000000e+02  -7.4154650696759703e+01
   4.6900000000000000e+02  -7.4271500344687794e+01
   4.7000000000000000e+02  -7.4453951295072997e+01
   4.7100000000000000e+02  -7.4296788442267996e+01
   4.7200000000000000e+02  -7.4225832693655605e+01
   4.7300000000000000e+02  -7.4160138158885005e+01
   4.7400000000000000e+02  -7.4433165669367298e+01
   4.7500000000000000e+02  -7.4591855904282795e+01
   4.7600000000000000e+02  -7.3989119042078499e+01
   4.7700000000000000e+02  -7.4171324884261693e+01
   4.7800000000000000e+02  -7.4538076137502699e+01
   4.7900000000000000e+02  -7.4862049095250995e+01
   4.8000000000000000e+02  -7.4494418917649895e+01
   4.8100000000000000e+02  -7.4584542094432905e+01
   4.8200000000000000e+02  -7.4671894403297003e+01
   4.8300000000000000e+02  -7.5294995446030697e+01
   4.8400000000000000e+02  -7.5248861439208696e+01
   4.8500000000000000e+02  -7.5486701945165507e+01
   4.8600000000000000e+02  -7.5537193195635993e+01
   4.8700000000000000e+02  -7.5191274667367495e+01
   4.8800000000000000e+02  -7.5269220806868205e+01
   4.8900000000000000e+02  -7.5275639923110305e+01
   4.9000000000000000e+02  -7.5309360225826893e+01
   4.9100000000000000e+02  -7.5387541978852198e+01
   4.9200000000000000e+02  -7.5455651993835602e+01
   4.9300000000000000e+02  -7.5306740282323105e+01
   4.9400000000000000e+02  -7.5286664738493698e+01
   4.9500000000000000e+02  -7.5505062688790005e+01
   4.9600000000000000e+02  -7.5671332463779507e+01
   4.9700000000000000e+02  -7.5801281262155101e+01
   4.9800000000000000e+02  -7.6333387898704302e+01
   4.9900000000000000e+02  -7.6554295263734801e+01
   5.0000000000000000e+02  -7.6769828192619798e+01
   5.0100000000000000e+02  -7.6114863313433801e+01
   5.0200000000000000e+02  -7.5827296182947094e+01
   5.0300000000000000e+02  -7.5817895004205099e+01
   5.0400000000000000e+02  -7.6226349112390395e+01
   5.0500000000000000e+02  -7.6632554212500295e+01
   5.0600000000000000e+02  -7.6171404131198301e+01
   5.0700000000000000e+02  -7.5905564171509099e+01
   5.0800000000000000e+02  -7.6371306220559106e+01
   5.0900000000000000e+02  -7.6119078680017793e+01
   5.1000000000000000e+02  -7.6361486564944400e+01
   5.1100000000000000e+02  -7.5717742213092805e+01
   5.1200000000000000e+02  -7.5895081757576193e+01
   5.1300000000000000e+02  -7.6241250980220101e+01
   5.1400000000000000e+02  -7.6380603188744900e+01
   5.1500000000000000e+02  -7.6257505407291802e+01
   5.1600000000000000e+02  -7.6313295913117898e+01
   5.1700000000000000e+02  -7.5918799745006893e+01
   5.1800000000000000e+02  -7.5896981986551296e+01
   5.1900000000000000e+02  -7.5802603736156797e+01
   5.2000000000000000e+02  -7.6297744117825800e+01
   5.2100000000000000e+02  -7.6205153089247602e+01
   5.2200000000000000e+02  -7.5761757879271102e+01
   5.2300000000000000e+02  -7.5544752527389207e+01
   5.2400000000000000e+02  -7.5738199940378905e+01
   5.2500000000000000e+02  -7.6056566518845500e+01
   5.2600000000000000e+02  -7.6020643969143805e+01
   5.2700000000000000e+02  -7.6129626179182395e+01
   5.2800000000000000e+02  -7.6363061171024597e+01
   5.2900000000000000e+02  -7.6476524436250301e+01
   5.3000000000000000e+02  -7.6363985377085100e+01
   5.3100000000000000e+02  -7.6674816222319905e+01
   5.3200000000000000e+02  -7.6558694151568005e+01
   5.3300000000000000e+02  -7.6058010888997700e+01
   5.3400000000000000e+02  -7.6029348833458400e+01
   5.3500000000000000e+02  -7.6286176697508395e+01
   5.3600000000000000e+02  -7.6099525292803094e+01
   5.3700000000000000e+02  -7.6443366480083597e+01
   5.3800000000000000e+02  -7.6195550586849507e+01
   5.3900000000000000e+02  -7.6436796601174905e+01
   5.4000000000000000e+02  -7.6219237580318406e+01
   5.4100000000000000e+02  -7.6161237297489293e+01
   5.4200000000000000e+02  -7.5884148903021199e+01
   5.4300000000000000e+02  -7.5706090595252405e+01
   5.4400000000000000e+02  -7.6122957416953000e+01
   5.4500000000000000e+02  -7.6169401295450896e+01
   5.4600000000000000e+02  -7.6207853712003697e+01
   5.4700000000000000e+02  -7.6552988622236498e+01
   5.4800000000000000e+02  -7.6883028357898297e+01
   5.4900000000000000e+02  -7.6833660836704297e+01
   5.5000000000000000e+02  -7.6434625102503205e+01
   5.5100000000000000e+02  -7.5844181804065798e+01
   5.5200000000000000e+02  -7.5640238570016095e+01
   5.5300000000000000e+02  -7.5644205874701697e+01
   5.5400000000000000e+02  -7.5303219025539704e+01
   5.5500000000000000e+02  -7.5242997402189502e+01
   5.5600000000000000e+02  -7.5086542448158397e+01
   5.5700000000000000e+02  -7.5370874106887300e+01
   5.5800000000000000e+02  -7.5537164663869504e+01
   5.5900000000000000e+02  -7.5367728839529505e+01
   5.6000000000000000e+02  -7.5313613449088706e+01
   5.6100000000000000e+02  -7.5258977312502907e+01
   5.6200000000000000e+02  -7.5531861002964803e+01
   5.6300000000000000e+02  -7.5756218693029396e+01
   5.6400000000000000e+02  -7.5405657881066105e+01
   5.6500000000000000e+02  -7.5210479570215298e+01
   5.6600000000000000e+02  -7.4959680921604303e+01
   5.6700000000000000e+02  -7.4923118031665396e+01
   5.6800000000000000e+02  -7.4922655863933699e+01
   5.6900000000000000e+02  -7.4833969286983205e+01
   5.7000000000000000e+02  -7.4255015900874497e+01
   5.7100000000000000e+02  -7.4409174979668805e+01
   5.7200000000000000e+02  -7.4710561176785305e+01
   5.7300000000000000e+02  -7.4160170033400405e+01
   5.7400000000000000e+02  -7.3985564892792894e+01
   5.7500000000000000e+02  -7.3907158500121696e+01
   5.7600000000000000e+02  -7.3685846495316596e+01
   5.7700000000000000e+02  -7.3879237656749694e+01
   5.7800000000000000e+02  -7.3800402326328694e+01
   5.7900000000000000e+02  -7.4438206713379500e+01
   5.8000000000000000e+02  -7.4864485723857001e+01
   5.8100000000000000e+02  -7.4927257631782695e+01
   5.8200000000000000e+02  -7.4997580226886299e+01
   5.8300000000000000e+02  -7.4680926331115501e+01
   5.8400000000000000e+02  -7.4812862241328304e+01
   5.8500000000000000e+02  -7.5160770643481399e+01
   5.8600000000000000e+02  -7.4981959737624194e+01
   5.8700000000000000e+02  -7.4888934160573797e+01
   5.8800000000000000e+02  -7.5067544145078998e+01
   5.8900000000000000e+02  -7.5315158409825898e+01
   5.9000000000000000e+02  -7.5405312933305794e+01
   5.9100000000000000e+02  -7.5674021724494295e+01
   5.9200000000000000e+02  -7.5714089375120295e+01
   5.9300000000000000e+02  -7.5448294995365302e+01
   5.9400000000000000e+02  -7.5637952448915499e+01
   5.9500000000000000e+02  -7.5676169922760593e+01
   5.9600000000000000e+02  -7.5816575933945003e+01
   5.9700000000000000e+02  -7.5703651648157901e+01
   5.9800000000000000e+02  -7.5758957933000403e+01
   5.9900000000000000e+02  -7.5870091842318402e+01
   6.0000000000000000e+02  -7.5244650395357894e+01
   6.0100000000000000e+02  -7.5196560762576297e+01
   6.0200000000000000e+02  -7.5421729721491900e+01
   6.0300000000000000e+02  -7.4774473565082900e+01
   6.0400000000000000e+02  -7.4726671612307797e+01
   6.0500000000000000e+02  -7.4635444113672193e+01
   6.0600000000000000e+02  -7.5068459542532395e+01
   6.0700000000000000e+02  -7.5218704435860104e+01
   6.0800000000000000e+02  -7.4725390472716199e+01
   6.0900000000000000e+02  -7.4753387214276700e+01
   6.1000000000000000e+02  -7.4823628154059605e+01
   6.1100000000000000e+02  -7.4802833234539705e+01
   6.1200000000000000e+02  -7.4866093552031302e+01
   6.1300000000000000e+02  -7.4830001710701396e+01
   6.1400000000000000e+02  -7.4471688813612104e+01
   6.1500000000000000e+02  -7.4153549734639299e+01
   6.1600000000000000e+02  -7.4733720979789894e+01
   6.1700000000000000e+02  -7.4629748601936996e+01
   6.1800000000000000e+02  -7.4754847836878199e+01
   6.1900000000000000e+02  -7.5012366699478306e+01
   6.2000000000000000e+02  -7.4735820761478806e+01
   6.2100000000000000e+02  -7.4940914193359902e+01
   6.2200000000000000e+02  -7.5128791315837006e+01
   6.2300000000000000e+02  -7.5303627467388395e+01
   6.2400000000000000e+02  -7.5529638553798605e+01
   6.2500000000000000e+02  -7.5415346034144093e+01
   6.2600000000000000e+02  -7.5641619763864000e+01
   6.2700000000000000e+02  -7.5964523634459795e+01
   6.2800000000000000e+02  -7.6087024213711302e+01
   6.2900000000000000e+02  -7.5912991631781296e+01
   6.3000000000000000e+02  -7.6112284778003300e+01
   6.3100000000000000e+02  -7.5446669607202494e+01
   6.3200000000000000e+02  -7.5303953006390103e+01
   6.3300000000000000e+02  -7.4894092509326398e+01
   6.3400000000000000e+02  -7.5263335959084998e+01
   6.3500000000000000e+02  -7.4805442489058507e+01
   6.3600000000000000e+02  -7.4884643795916205e+01
   6.3700000000000000e+02  -7.4565352633280199e+01
   6.3800000000000000e+02  -7.4820754843925997e+01
   6.3900000000000000e+02  -7.4793734101684507e+01
   6.4000000000000000e+02  -7.4926938965543997e+01
   6.4100000000000000e+02  -7.4604456795525607e+01
   6.4200000000000000e+02  -7.4826599959145199e+01
   6.4300000000000000e+02  -7.4894447899504499e+01
   6.4400000000000000e+02  -7.4362337660624704e+01
   6.4500000000000000e+02  -7.4485695607672398e+01
   6.4600000000000000e+02  -7.4745515846877495e+01
   6.4700000000000000e+02  -7.4824880379307203e+01
   6.4800000000000000e+02  -7.4907668246109296e+01
   6.4900000000000000e+02  -7.5232445922621395e+01
   6.5000000000000000e+02  -7.5137065804090696e+01
   6.5100000000000000e+02  -7.5386162198570503e+01
   6.5200000000000000e+02  -7.5360177335183394e+01
   6.5300000000000000e+02  -7.4632710713649104e+01
   6.5400000000000000e+02  -7.4505137564840297e+01
   6.5500000000000000e+02  -7.4473167940975102e+01
   6.5600000000000000e+02  -7.3939962693351603e+01
   6.5700000000000000e+02  -7.3830961016908603e+01
   6.5800000000000000e+02  -7.3832990428814796e+01
   6.5900000000000000e+02  -7.3852255098042704e+01
   6.6000000000000000e+02  -7.3481061382263803e+01
   6.6100000000000000e+02  -7.3379019947452207e+01
   6.6200000000000000e+02  -7.3289829296177302e+01
   6.6300000000000000e+02  -7.3179836188200895e+01
   6.6400000000000000e+02  -7.2954781735045998e+01
   6.6500000000000000e+02  -7.3325871410817300e+01
   6.6600000000000000e+02  -7.3002600242908400e+01
   6.6700000000000000e+02  -7.3011236535764894e+01
   6.6800000000000000e+02  -7.2908309190793005e+01
   6.6900000000000000e+02  -7.2752565522258493e+01
   6.7000000000000000e+02  -7.2762576770995693e+01
   6.7100000000000000e+02  -7.2972357518761797e+01
   6.7200000000000000e+02  -7.2419985720900598e+01
   6.7300000000000000e+02  -7.2318042436506303e+01
   6.7400000000000000e+02  -7.2766762005687596e+01
   6.7500000000000000e+02  -7.2756676468345105e+01
   6.7600000000000000e+02  -7.2754855266681204e+01
   6.7700000000000000e+02  -7.3052213825219198e+01
   6.7800000000000000e+02  -7.3672074564715899e+01
   6.7900000000000000e+02  -7.4054891032187001e+01
   6.8000000000000000e+02  -7.4215680106788994e+01
   6.8100000000000000e+02  -7.4525737323282002e+01
   6.8200000000000000e+02  -7.4804908078831900e+01
   6.8300000000000000e+02  -7.5109625580552901e+01
   6.8400000000000000e+02  -7.5138251698552097e+01
   6.8500000000000000e+02  -7.4778026770095906e+01
   6.8600000000000000e+02  -7.4692134047237303e+01
   6.8700000000000000e+02  -7.4639861611426198e+01
   6.8800000000000000e+02  -7.4427424252924197e+01
   6.8900000000000000e+02  -7.4409402115784104e+01
   6.9000000000000000e+02  -7.4300255973164198e+01
   6.9100000000000000e+02  -7.3938155862969595e+01
   6.9200000000000000e+02  -7.3999049474266300e+01
   6.9300000000000000e+02  -7.3271050557254597e+01
   6.9400000000000000e+02  -7.3876957882367805e+01
   6.9500000000000000e+02  -7.3902199862573795e+01
   6.9600000000000000e+02  -7.4325277973348093e+01
   6.9700000000000000e+02  -7.4696588542992799e+01
   6.9800000000000000e+02  -7.4543771375624900e+01
   6.9900000000000000e+02  -7.4763839735089206e+01
   7.0000000000000000e+02  -7.4800966569924398e+01
   7.0100000000000000e+02  -7.4428480855635499e+01
   7.0200000000000000e+02  -7.4398419498124198e+01
   7.0300000000000000e+02  -7.4176259683064501e+01
   7.0400000000000000e+02  -7.3902654628058897e+01
   7.0500000000000000e+02  -7.3630217915053393e+01
   7.0600000000000000e+02  -7.3384484785745201e+01
   7.0700000000000000e+02  -7.3876886815033004e+01
   7.0800000000000000e+02  -7.3914123217507907e+01
   7.0900000000000000e+02  -7.3758271362194094e+01
   7.1000000000000000e+02  -7.3725578160897399e+01
   7.1100000000000000e+02  -7.4232350831546995e+01
   7.1200000000000000e+02  -7.5013115572919006e+01
   7.1300000000000000e+02  -7.4483165453390200e+01
   7.1400000000000000e+02  -7.4770131020640903e+01
   7.1500000000000000e+02  -7.5055733097803298e+01
   7.1600000000000000e+02  -7.6143675564072097e+01
   7.1700000000000000e+02  -7.6458361156051396e+01
   7.1800000000000000e+02  -7.6637828334636694e+01
   7.1900000000000000e+02  -7.6427071425804101e+01
   7.2000000000000000e+02  -7.6071938913636899e+01
   7.2100000000000000e+02  -7.5913268322082303e+01
   7.2200000000000000e+02  -7.5692193400667307e+01
   7.2300000000000000e+02  -7.6013357417453705e+01
   7.2400000000000000e+02  -7.6606959587707493e+01
   7.2500000000000000e+02  -7.6909091632040301e+01
   7.2600000000000000e+02  -7.6824027562459094e+01
   7.2700000000000000e+02  -7.7287275437513699e+01
   7.2800000000000000e+02  -7.7302778055639806e+01
   7.2900000000000000e+02  -7.7384896743969904e+01
   7.3000000000000000e+02  -7.7332222699458796e+01
   7.3100000000000000e+02  -7.6751299282783506e+01
   7.3200000000000000e+02  -7.6403117646297403e+01
   7.3300000000000000e+02  -7.6420857234134502e+01
   7.3400000000000000e+02  -7.6145765551609600e+01
   7.3500000000000000e+02  -7.5599697227420805e+01
   7.3600000000000000e+02  -7.5408557232115001e+01
   7.3700000000000000e+02  -7.5701777627598105e+01
   7.3800000000000000e+02  -7.5250043113075293e+01
   7.3900000000000000e+02  -7.5487739027018094e+01
   7.4000000000000000e+02  -7.5356310492698000e+01
   7.4100000000000000e+02  -7.5850662295392894e+01
   7.4200000000000000e+02  -7.5868259961563894e+01
   7.4300000000000000e+02  -7.5499983014998705e+01
   7.4400000000000000e+02  -7.5356199537128603e+01
   7.4500000000000000e+02  -7.4859220234540203e+01
   7.4600000000000000e+02  -7.5093382455469097e+01
   7.4700000000000000e+02  -7.5385932718280401e+01
   7.4800000000000000e+02  -7.5705437369818398e+01
   7.4900000000000000e+02  -7.5637328592908901e+01
   7.5000000000000000e+02  -7.5528537766735894e+01
   7.5100000000000000e+02  -7.5834494199554598e+01
   7.5200000000000000e+02  -7.5799568280118294e+01
   7.5300000000000000e+02  -7.5432444045104901e+01
   7.5400000000000000e+02  -7.5150568627024001e+01
   7.5500000000000000e+02  -7.5176112563596803e+01
   7.5600000000000000e+02  -7.4995582474561004e+01
   7.5700000000000000e+02  -7.4783839791576597e+01
   7.5800000000000000e+02  -7.4840279590819605e+01
   7.5900000000000000e+02  -7.4726415810995405e+01
   7.6000000000000000e+02  -7.4899204549562896e+01
   7.6100000000000000e+02  -7.5021113577798502e+01
   7.6200000000000000e+02  -7.5650347774033804e+01
   7.6300000000000000e+02  -7.5593591129005006e+01
   7.6400000000000000e+02  -7.5606724844540807e+01
   7.6500000000000000e+02  -7.6304334465110500e+01
   7.6600000000000000e+02  -7.6624447922680702e+01
   7.6700000000000000e+02  -7.6746091166882096e+01
   7.6800000000000000e+02  -7.6405889185794294e+01
   7.6900000000000000e+02  -7.6612776254322398e+01
   7.7000000000000000e+02  -7.6520721159241504e+01
   7.7100000000000000e+02  -7.6238024026236502e+01
   7.7200000000000000e+02  -7.5827191488920903e+01
   7.7300000000000000e+02  -7.5258106701051403e+01
   7.7400000000000000e+02  -7.5183673197632501e+01
   7.7500000000000000e+02  -7.5263492046542893e+01
   7.7600000000000000e+02  -7.5010742789392197e+01
   7.7700000000000000e+02  -7.4751502658323403e+01
   7.7800000000000000e+02  -7.4247034931802702e+01
   7.7900000000000000e+02  -7.4056120923417495e+01
   7.8000000000000000e+02  -7.4055188239369699e+01
   7.8100000000000000e+02  -7.3528519065556694e+01
   7.8200000000000000e+02  -7.3556922388534105e+01
   7.8300000000000000e+02  -7.2928637187899199e+01
   7.8400000000000000e+02  -7.2586224491675495e+01
   7.8500000000000000e+02  -7.2636713120525400e+01
   7.8600000000000000e+02  -7.2676873355470207e+01
   7.8700000000000000e+02  -7.2719161792894994e+01
   7.8800000000000000e+02  -7.3239298690648198e+01
   7.8900000000000000e+02  -7.3190859645246604e+01
   7.9000000000000000e+02  -7.3097049314372995e+01
   7.9100000000000000e+02  -7.3370496713222295e+01
   7.9200000000000000e+02  -7.3005403108702097e+01
   7.9300000000000000e+02  -7.3000363030644806e+01
   7.9400000000000000e+02  -7.2927747169203798e+01
   7.9500000000000000e+02  -7.2869507670300095e+01
   7.9600000000000000e+02  -7.2922918645722902e+01
   7.9700000000000000e+02  -7.2741518814149003e+01
   7.9800000000000000e+02  -7.2637295657835097e+01
   7.9900000000000000e+02  -7.2170960953410003e+01
   8.0000000000000000e+02  -7.2500319117436902e+01
   8.0100000000000000e+02  -7.2256666032953007e+01
   8.0200000000000000e+02  -7.2482287668476204e+01
   8.0300000000000000e+02  -7.2591108378183804e+01
   8.0400000000000000e+02  -7.2944679665861997e+01
   8.0500000000000000e+02  -7.2882304338369096e+01
   8.0600000000000000e+02  -7.3043679404192702e+01
   8.0700000000000000e+02  -7.2982656383002805e+01
   8.0800000000000000e+02  -7.2619501705866000e+01
   8.0900000000000000e+02  -7.2462264807955293e+01
   8.1000000000000000e+02  -7.2687832886281797e+01
   8.1100000000000000e+02  -7.3093688758138001e+01
   8.1200000000000000e+02  -7.2878543505455298e+01
   8.1300000000000000e+02  -7.2830533163867202e+01
   8.1400000000000000e+02  -7.3358605112303394e+01
   8.1500000000000000e+02  -7.3354465377457601e+01
   8.1600000000000000e+02  -7.3485658234654693e+01
   8.1700000000000000e+02  -7.3090713859086094e+01
   8.1800000000000000e+02  -7.2453483712317393e+01
   8.1900000000000000e+02  -7.3062252124478803e+01
   8.2000000000000000e+02  -7.2926296825186697e+01
   8.2100000000000000e+02  -7.2642109616221703e+01
   8.2200000000000000e+02  -7.3216442055272694e+01
   8.2300000000000000e+02  -7.3124021538438200e+01
   8.2400000000000000e+02  -7.3581660538913397e+01
   8.2500000000000000e+02  -7.3581813417575603e+01
   8.2600000000000000e+02  -7.3378018139816803e+01
   8.2700000000000000e+02  -7.4034351984107104e+01
   8.2800000000000000e+02  -7.4141407883846199e+01
   8.2900000000000000e+02  -7.4123870300398195e+01
   8.3000000000000000e+02  -7.4443429752436600e+01
   8.3100000000000000e+02  -7.4641563463691895e+01
   8.3200000000000000e+02  -7.4599376764071394e+01
   8.3300000000000000e+02  -7.4225709445492697e+01
   8.3400000000000000e+02  -7.3749914061845999e+01
   8.3500000000000000e+02  -7.3685903757616799e+01
   8.3600000000000000e+02  -7.4151780006775397e+01
   8.3700000000000000e+02  -7.3833430917638097e+01
   8.3800000000000000e+02  -7.3389619489392302e+01
   8.3900000000000000e+02  -7.3670769742903801e+01
   8.4000000000000000e+02  -7.3550941832308993e+01
   8.4100000000000000e+02  -7.3518721979965804e+01
   8.4200000000000000e+02  -7.3635428821425293e+01
   8.4300000000000000e+02  -7.3587449131875601e+01
   8.4400000000000000e+02  -7.3576308742335200e+01
   8.4500000000000000e+02  -7.3360461079866297e+01
   8.4600000000000000e+02  -7.3264520435930393e+01
   8.4700000000000000e+02  -7.3194884161933800e+01
   8.4800000000000000e+02  -7.3302583700579206e+01
   8.4900000000000000e+02  -7.3659416581571193e+01
   8.5000000000000000e+02  -7.3839075009479899e+01
   8.5100000000000000e+02  -7.4061096711394498e+01
   8.5200000000000000e+02  -7.4235004861026596e+01
   8.5300000000000000e+02  -7.4302045961001099e+01
   8.5400000000000000e+02  -7.4628418521904806e+01
   8.5500000000000000e+02  -7.3980493378066896e+01
   8.5600000000000000e+02  -7.3994051971273805e+01
   8.5700000000000000e+02  -7.4173756213868501e+01
   8.5800000000000000e+02  -7.3631156892189907e+01
   8.5900000000000000e+02  -7.3641963812630294e+01
   8.6000000000000000e+02  -7.3648110448212293e+01
   8.6100000000000000e+02  -7.3401569967205205e+01
   8.6200000000000000e+02  -7.3152491436856096e+01
   8.6300000000000000e+02  -7.3410142575010994e+01
   8.6400000000000000e+02  -7.3204601709412898e+01
   8.6500000000000000e+02  -7.3372954287674304e+01
   8.6600000000000000e+02  -7.3318393092595301e+01
   8.6700000000000000e+02  -7.3318889993082493e+01
   8.6800000000000000e+02  -7.2942209311165996e+01
   8.6900000000000000e+02  -7.3188284322101694e+01
   8.7000000000000000e+02  -7.3172354182796994e+01
   8.7100000000000000e+02  -7.3377807215990202e+01
   8.7200000000000000e+02  -7.3569604398776306e+01
   8.7300000000000000e+02  -7.3661751024490698e+01
   8.7400000000000000e+02  -7.3814674463583998e+01
   8.7500000000000000e+02  -7.3567777177213799e+01
   8.7600000000000000e+02  -7.3224462986427199e+01
   8.7700000000000000e+02  -7.2944881133992297e+01
   8.7800000000000000e+02  -7.3241191493532398e+01
   8.7900000000000000e+02  -7.3840720665640504e+01
   8.8000000000000000e+02  -7.3836925057173900e+01
   8.8100000000000000e+02  -7.3665978820968405e+01
   8.8200000000000000e+02  -7.3388274351524601e+01
   8.8300000000000000e+02  -7.3374118954727294e+01
   8.8400000000000000e+02  -7.3163302229526593e+01
   8.8500000000000000e+02  -7.3122546447672804e+01
   8.8600000000000000e+02  -7.3178640394073298e+01
   8.8700000000000000e+02  -7.3260402587228896e+01
   8.8800000000000000e+02  -7.3008017168733502e+01
   8.8900000000000000e+02  -7.2809540562161402e+01
   8.9000000000000000e+02  -7.3075455691486994e+01
   8.9100000000000000e+02  -7.3394615615018395e+01
   8.9200000000000000e+02  -7.3301804592376598e+01
   8.9300000000000000e+02  -7.3407699104809396e+01
   8.9400000000000000e+02  -7.3755549279910994e+01
   8.9500000000000000e+02  -7.3318550646641498e+01
   8.9600000000000000e+02  -7.3309922375208103e+01
   8.9700000000000000e+02  -7.3458840597090798e+01
   8.9800000000000000e+02  -7.3580686462465493e+01
   8.9900000000000000e+02  -7.3828563549825006e+01
   9.0000000000000000e+02  -7.3860656736232798e+01
   9.0100000000000000e+02  -7.3963276938701398e+01
   9.0200000000000000e+02  -7.4170932982060904e+01
   9.0300000000000000e+02  -7.3558014055408293e+01
   9.0400000000000000e+02  -7.3893355962320598e+01
   9.0500000000000000e+02  -7.4672480545003395e+01
   9.0600000000000000e+02  -7.4856905416397794e+01
   9.0700000000000000e+02  -7.4375231127373297e+01
   9.0800000000000000e+02  -7.4714987947900596e+01
   9.0900000000000000e+02  -7.4869048967908199e+01
   9.1000000000000000e+02  -7.5057351205739195e+01
   9.1100000000000000e+02  -7.4672483185409703e+01
   9.1200000000000000e+02  -7.4463085780952596e+01
   9.1300000000000000e+02  -7.4216254035094394e+01
   9.1400000000000000e+02  -7.3946191391601502e+01
   9.1500000000000000e+02  -7.3958702287013296e+01
   9.1600000000000000e+02  -7.3816196650536497e+01
   9.1700000000000000e+02  -7.3991913812368594e+01
   9.1800000000000000e+02  -7.3541602632533198e+01
   9.1900000000000000e+02  -7.4014929383792094e+01
   9.2000000000000000e+02  -7.3454454435328898e+01
   9.2100000000000000e+02  -7.3787255436445506e+01
   9.2200000000000000e+02  -7.3497844152010600e+01
   9.2300000000000000e+02  -7.3966809026680593e+01
   9.2400000000000000e+02  -7.4090244629984696e+01
   9.2500000000000000e+02  -7.4577749024971297e+01
   9.2600000000000000e+02  -7.4015294595540297e+01
   9.2700000000000000e+02  -7.4397852489680403e+01
   9.2800000000000000e+02  -7.4292580726731600e+01
   9.2900000000000000e+02  -7.4549914176945805e+01
   9.3000000000000000e+02  -7.4439264272816899e+01
   9.3100000000000000e+02  -7.4744405484229105e+01
   9.3200000000000000e+02  -7.4375185943696295e+01
   9.3300000000000000e+02  -7.4310028963085898e+01
   9.3400000000000000e+02  -7.4545071991085706e+01
   9.3500000000000000e+02  -7.4405625797286106e+01
   9.3600000000000000e+02  -7.4358687520134794e+01
   9.3700000000000000e+02  -7.4364350874130196e+01
   9.3800000000000000e+02  -7.4668488696671503e+01
   9.3900000000000000e+02  -7.3825287608636998e+01
   9.4000000000000000e+02  -7.4033989060238397e+01
   9.4100000000000000e+02  -7.3507402285096504e+01
   9.4200000000000000e+02  -7.3532102197948106e+01
   9.4300000000000000e+02  -7.3789919106316901e+01
   9.4400000000000000e+02  -7.3404552748358995e+01
   9.4500000000000000e+02  -7.2948367206868198e+01
   9.4600000000000000e+02  -7.3157937747893897e+01
   9.4700000000000000e+02  -7.3049587101200203e+01
   9.4800000000000000e+02  -7.2722348361470594e+01
   9.4900000000000000e+02  -7.2645177208212800e+01
   9.5000000000000000e+02  -7.2765924224298104e+01
   9.5100000000000000e+02  -7.2546162003844799e+01
   9.5200000000000000e+02  -7.2561787456654898e+01
   9.5300000000000000e+02  -7.2357132138623101e+01
   9.5400000000000000e+02  -7.2521876076859698e+01
   9.5500000000000000e+02  -7.2257621900021803e+01
   9.5600000000000000e+02  -7.3000868346012993e+01
   9.5700000000000000e+02  -7.3362561856046199e+01
   9.5800000000000000e+02  -7.3140540473489395e+01
   9.5900000000000000e+02  -7.2643183970457400e+01
   9.6000000000000000e+02  -7.2886557927151799e+01
   9.6100000000000000e+02  -7.2894060901643002e+01
   9.6200000000000000e+02  -7.3352174033682303e+01
   9.6300000000000000e+02  -7.3631794443797403e+01
   9.6400000000000000e+02  -7.3794950273197003e+01
   9.6500000000000000e+02  -7.4454398965298395e+01
   9.6600000000000000e+02  -7.4602955713443393e+01
   9.6700000000000000e+02  -7.4804057789144693e+01
   9.6800000000000000e+02  -7.4916100497776299e+01
   9.6900000000000000e+02  -7.4244970302784196e+01
   9.7000000000000000e+02  -7.4000362512816906e+01
   9.7100000000000000e+02  -7.4133401323598505e+01
   9.7200000000000000e+02  -7.4385331355404801e+01
   9.7300000000000000e+02  -7.3919484778070398e+01
   9.7400000000000000e+02  -7.3866242299639296e+01
   9.7500000000000000e+02  -7.3710126762761206e+01
   9.7600000000000000e+02  -7.3915632447139700e+01
   9.7700000000000000e+02  -7.3705677367756095e+01
   9.7800000000000000e+02  -7.3571365059157898e+01
   9.7900000000000000e+02  -7.3917427062250198e+01
   9.8000000000000000e+02  -7.3881257945092202e+01
   9.8100000000000000e+02  -7.3867404634025505e+01
   9.8200000000000000e+02  -7.3199689716495101e+01
   9.8300000000000000e+02  -7.3097980032035693e+01
   9.8400000000000000e+02  -7.2745922256686796e+01
   9.8500000000000000e+02  -7.2699369325566295e+01
   9.8600000000000000e+02  -7.2308991275843994e+01
   9.8700000000000000e+02  -7.2797284223950896e+01
   9.8800000000000000e+02  -7.3125380679589099e+01
   9.8900000000000000e+02  -7.3142875679993196e+01
   9.9000000000000000e+02  -7.3287897705243196e+01
   9.9100000000000000e+02  -7.3364450689067596e+01
   9.9200000000000000e+02  -7.3344626550518200e+01
   9.9300000000000000e+02  -7.3340049468836895e+01
   9.9400000000000000e+02  -7.3565059622144204e+01
   9.9500000000000000e+02  -7.3260039069453100e+01
   9.9600000000000000e+02  -7.3220041935948402e+01
   9.9700000000000000e+02  -7.3185426523824901e+01
   9.9800000000000000e+02  -7.3340202376791396e+01
   9.9900000000000000e+02  -7.3304309765412100e+01
   1.0000000000000000e+03  -7.2639408414108402e+01
   1.0010000000000000e+03  -7.2809940167185502e+01
   1.0020000000000000e+03  -7.2552969949543296e+01
   1.0030000000000000e+03  -7.2529453796788800e+01
   1.0040000000000000e+03  -7.2198408809773696e+01
   1.0050000000000000e+03  -7.2581658543617706e+01
   1.0060000000000000e+03  -7.2352626418349004e+01
   1.0070000000000000e+03  -7.2285587161615993e+01
   1.0080000000000000e+03  -7.2007703270299103e+01
   1.0090000000000000e+03  -7.1391692118249395e+01
   1.0100000000000000e+03  -7.1597834846658998e+01
   1.0110000000000000e+03  -7.1251660495972004e+01
   1.0120000000000000e+03  -7.0693315664024297e+01
   1.0130000000000000e+03  -7.0712261687388704e+01
   1.0140000000000000e+03  -7.0720640447365298e+01
   1.0150000000000000e+03  -7.0896618367513298e+01
   1.0160000000000000e+03  -7.0748557123156701e+01
   1.0170000000000000e+03  -7.0527727307706797e+01
   1.0180000000000000e+03  -7.0289786505559206e+01
   1.0190000000000000e+03  -6.9902381851902902e+01
   1.0200000000000000e+03  -6.9913236727291306e+01
   1.0210000000000000e+03  -6.9486744969684196e+01
   1.0220000000000000e+03  -6.8228142768593401e+01
   1.0230000000000000e+03  -6.7573524253207395e+01
   1.0240000000000000e+03  -6.6896797764504996e+01
   1.0250000000000000e+03  -6.6886067928756404e+01
   1.0260000000000000e+03  -6.7375149528469095e+01
   1.0270000000000000e+03  -6.6724479933195596e+01
   1.0280000000000000e+03  -6.5923872732883396e+01
   1.0290000000000000e+03  -6.5754869292401807e+01
   1.0300000000000000e+03  -6.5388770470008396e+01
   1.0310000000000000e+03  -6.4874133248563297e+01
   1.0320000000000000e+03  -6.4412410951830907e+01
   1.0330000000000000e+03  -6.3401568628678099e+01
   1.0340000000000000e+03  -6.2050219010194098e+01
   1.0350000000000000e+03  -6.1040522549910897e+01
   1.0360000000000000e+03  -5.9244239226750302e+01
   1.0370000000000000e+03  -5.6810475145583901e+01
   1.0380000000000000e+03  -5.2694737832023797e+01
   1.0390000000000000e+03  -3.8269459413290001e+01
   1.0400000000000000e+03  -7.2075512359299401e+00
