  -1.0000000000000000e+02  -7.5720487986324599e+01
  -9.9000000000000000e+01  -7.5453435166159807e+01
  -9.8000000000000000e+01  -7.5457203478367802e+01
  -9.7000000000000000e+01  -7.5214155707365407e+01
  -9.6000000000000000e+01  -7.5036696208062196e+01
  -9.5000000000000000e+01  -7.5059647377713404e+01
  -9.4000000000000000e+01  -7.5022349297353301e+01
  -9.3000000000000000e+01  -7.4662257081735703e+01
  -9.2000000000000000e+01  -7.5181744094119495e+01
  -9.1000000000000000e+01  -7.4917462335410093e+01
  -9.0000000000000000e+01  -7.4773500916512404e+01
  -8.9000000000000000e+01  -7.5474022825228701e+01
  -8.8000000000000000e+01  -7.4814799257325603e+01
  -8.7000000000000000e+01  -7.4849459796000005e+01
  -8.6000000000000000e+01  -7.4897763510817796e+01
  -8.5000000000000000e+01  -7.4879118918602401e+01
  -8.4000000000000000e+01  -7.4921039411877004e+01
  -8.3000000000000000e+01  -7.5192426036978901e+01
  -8.2000000000000000e+01  -7.4632349969887500e+01
  -8.1000000000000000e+01  -7.4040648810658297e+01
  -8.0000000000000000e+01  -7.3783204217685494e+01
  -7.9000000000000000e+01  -7.3846304834593099e+01
  -7.8000000000000000e+01  -7.3717794868786200e+01
  -7.7000000000000000e+01  -7.3638453526761893e+01
  -7.6000000000000000e+01  -7.2997043055355505e+01
  -7.5000000000000000e+01  -7.2837319331290402e+01
  -7.4000000000000000e+01  -7.3111073463404296e+01
  -7.3000000000000000e+01  -7.3308220201563799e+01
  -7.2000000000000000e+01  -7.3425703261807200e+01
  -7.1000000000000000e+01  -7.3052741235625007e+01
  -7.0000000000000000e+01  -7.2250779811405195e+01
  -6.9000000000000000e+01  -7.2344089528765807e+01
  -6.8000000000000000e+01  -7.2376733456731898e+01
  -6.7000000000000000e+01  -7.2429056801815193e+01
  -6.6000000000000000e+01  -7.2653510154933201e+01
  -6.5000000000000000e+01  -7.2779563418191501e+01
  -6.4000000000000000e+01  -7.2411404594772307e+01
  -6.3000000000000000e+01  -7.2462601581056305e+01
  -6.2000000000000000e+01  -7.2459177592423998e+01
  -6.1000000000000000e+01  -7.2219815312281995e+01
  -6.0000000000000000e+01  -7.1653519149830800e+01
  -5.9000000000000000e+01  -7.1939068763142103e+01
  -5.8000000000000000e+01  -7.1696737864007702e+01
  -5.7000000000000000e+01  -7.1117865906788495e+01
  -5.6000000000000000e+01  -7.1015113337959207e+01
  -5.5000000000000000e+01  -7.1134371055678898e+01
  -5.4000000000000000e+01  -7.1013748269307300e+01
  -5.3000000000000000e+01  -7.0927574446931203e+01
  -5.2000000000000000e+01  -7.0872155131746695e+01
  -5.1000000000000000e+01  -7.0273889984014005e+01
  -5.0000000000000000e+01  -7.0531083929627400e+01
  -4.9000000000000000e+01  -7.0328779061732305e+01
  -4.8000000000000000e+01  -7.0290172856448507e+01
  -4.7000000000000000e+01  -6.9476144532125005e+01
  -4.6000000000000000e+01  -6.9634184719052001e+01
  -4.5000000000000000e+01  -6.9525232462506096e+01
  -4.4000000000000000e+01  -6.9858170452810697e+01
  -4.3000000000000000e+01  -7.0065155985090797e+01
  -4.2000000000000000e+01  -7.0276087991498201e+01
  -4.1000000000000000e+01  -6.9900322028946107e+01
  -4.0000000000000000e+01  -6.9639066003560103e+01
  -3.9000000000000000e+01  -6.9415252130931506e+01
  -3.8000000000000000e+01  -6.9794865827669696e+01
  -3.7000000000000000e+01  -6.9760884397870996e+01
  -3.6000000000000000e+01  -6.9354988246542206e+01
  -3.5000000000000000e+01  -6.9369329467183206e+01
  -3.4000000000000000e+01  -6.8892820867419502e+01
  -3.3000000000000000e+01  -6.9005559048045100e+01
  -3.2000000000000000e+01  -6.8949961877275996e+01
  -3.1000000000000000e+01  -6.8924012687654397e+01
  -3.0000000000000000e+01  -6.8727499990420597e+01
  -2.9000000000000000e+01  -6.8268625802661404e+01
  -2.8000000000000000e+01  -6.7688959916505496e+01
  -2.7000000000000000e+01  -6.7596939245957699e+01
  -2.6000000000000000e+01  -6.7482987193996195e+01
  -2.5000000000000000e+01  -6.7698526518827705e+01
  -2.4000000000000000e+01  -6.7737384313281197e+01
  -2.3000000000000000e+01  -6.7234342603753007e+01
  -2.2000000000000000e+01  -6.7372457969589107e+01
  -2.1000000000000000e+01  -6.6904280509975905e+01
  -2.0000000000000000e+01  -6.6874532208257193e+01
  -1.9000000000000000e+01  -6.6739532274072403e+01
  -1.8000000000000000e+01  -6.6951486056118299e+01
  -1.7000000000000000e+01  -6.6768871275907998e+01
  -1.6000000000000000e+01  -6.5859284280082605e+01
  -1.5000000000000000e+01  -6.5411307541531698e+01
  -1.4000000000000000e+01  -6.5563947601586307e+01
  -1.3000000000000000e+01  -6.5087582485172206e+01
  -1.2000000000000000e+01  -6.4360437666321403e+01
  -1.1000000000000000e+01  -6.4242997575846204e+01
  -1.0000000000000000e+01  -6.3584697869553203e+01
  -9.0000000000000000e+00  -6.3246324534595601e+01
  -8.0000000000000000e+00  -6.2430687794973601e+01
  -7.0000000000000000e+00  -6.1679214906842802e+01
  -6.0000000000000000e+00  -6.1114481212887597e+01
  -5.0000000000000000e+00  -6.0165332732369599e+01
  -4.0000000000000000e+00  -5.8759280269076200e+01
  -3.0000000000000000e+00  -5.6712316639022603e+01
  -2.0000000000000000e+00  -5.3170698561044702e+01
  -1.0000000000000000e+00  -4.4982595854229800e+01
   0.0000000000000000e+00  -2.1146580059964801e+01
   1.0000000000000000e+00  -2.3788326014932899e+00
   2.0000000000000000e+00   1.1098761018552000e+01
   3.0000000000000000e+00   1.8335989882600401e+01
   4.0000000000000000e+00   2.2209140361039498e+01
   5.0000000000000000e+00   2.4135683632915200e+01
   6.0000000000000000e+00   2.5579378123495701e+01
   7.0000000000000000e+00   2.6181910241432998e+01
   8.0000000000000000e+00   2.6780253336685000e+01
   9.0000000000000000e+00   2.6537658570408301e+01
   1.0000000000000000e+01   2.6819560374971999e+01
   1.1000000000000000e+01   2.7316008198274599e+01
   1.2000000000000000e+01   2.7354530603850201e+01
   1.3000000000000000e+01   2.7377314630873801e+01
   1.4000000000000000e+01   2.8101480864385799e+01
   1.5000000000000000e+01   2.7768732125572800e+01
   1.6000000000000000e+01   2.8021914334960499e+01
   1.7000000000000000e+01   2.8257202449054201e+01
   1.8000000000000000e+01   2.8833794383181200e+01
   1.9000000000000000e+01   2.9423442549362701e+01
   2.0000000000000000e+01   2.9196717084588901e+01
   2.1000000000000000e+01   2.9745197515722801e+01
   2.2000000000000000e+01   2.9842371090820901e+01
   2.3000000000000000e+01   2.9982485174142401e+01
   2.4000000000000000e+01   3.0053941347140100e+01
   2.5000000000000000e+01   3.0069653781664101e+01
   2.6000000000000000e+01   3.0167861735091002e+01
   2.7000000000000000e+01   3.0051673024508499e+01
   2.8000000000000000e+01   3.0029687819239999e+01
   2.9000000000000000e+01   3.0418380693719499e+01
   3.0000000000000000e+01   3.0389276200044300e+01
   3.1000000000000000e+01   3.0230326439777500e+01
   3.2000000000000000e+01   3.0185703210635101e+01
   3.3000000000000000e+01   3.0408845419838400e+01
   3.4000000000000000e+01   3.0529232726518700e+01
   3.5000000000000000e+01   3.0684852878195500e+01
   3.6000000000000000e+01   3.0700303084560499e+01
   3.7000000000000000e+01   3.1051559662788002e+01
   3.8000000000000000e+01   3.0600131269077199e+01
   3.9000000000000000e+01   3.0558877111643699e+01
   4.0000000000000000e+01   3.0665304878723500e+01
   4.1000000000000000e+01   3.0967918835748499e+01
   4.2000000000000000e+01   3.1485742238564200e+01
   4.3000000000000000e+01   3.1396712421546301e+01
   4.4000000000000000e+01   3.0802594701520501e+01
   4.5000000000000000e+01   3.0856735471342599e+01
   4.6000000000000000e+01   3.1007776110993401e+01
   4.7000000000000000e+01   3.1489782414109801e+01
   4.8000000000000000e+01   3.1691826235310401e+01
   4.9000000000000000e+01   3.1956475815966702e+01
   5.0000000000000000e+01   3.1733908281955600e+01
   5.1000000000000000e+01   3.1769235632926101e+01
   5.2000000000000000e+01   3.1651328440796501e+01
   5.3000000000000000e+01   3.2096147087695599e+01
   5.4000000000000000e+01   3.2213750111159598e+01
   5.5000000000000000e+01   3.1990027979979001e+01
   5.6000000000000000e+01   3.2145608128670403e+01
   5.7000000000000000e+01   3.2134312319313999e+01
   5.8000000000000000e+01   3.2748168979920202e+01
   5.9000000000000000e+01   3.2933317912337102e+01
   6.0000000000000000e+01   3.3298707144636801e+01
   6.1000000000000000e+01   3.3225253526675203e+01
   6.2000000000000000e+01   3.2952326001012999e+01
   6.3000000000000000e+01   3.3046743273999702e+01
   6.4000000000000000e+01   3.3183527988860803e+01
   6.5000000000000000e+01   3.3457867284547902e+01
   6.6000000000000000e+01   3.3717834277351798e+01
   6.7000000000000000e+01   3.3953020262253403e+01
   6.8000000000000000e+01   3.3968660644694303e+01
   6.9000000000000000e+01   3.4227698226409899e+01
   7.0000000000000000e+01   3.4147656216567597e+01
   7.1000000000000000e+01   3.4255913260295898e+01
   7.2000000000000000e+01   3.3834142760140402e+01
   7.3000000000000000e+01   3.3193218482115199e+01
   7.4000000000000000e+01   3.3159936862090703e+01
   7.5000000000000000e+01   3.3365091716838300e+01
   7.6000000000000000e+01   3.3475797007986998e+01
   7.7000000000000000e+01   3.3634301812014400e+01
   7.8000000000000000e+01   3.3841692111857903e+01
   7.9000000000000000e+01   3.4045739801779000e+01
   8.0000000000000000e+01   3.4325465127717898e+01
   8.1000000000000000e+01   3.4654808353525198e+01
   8.2000000000000000e+01   3.4595174717948801e+01
   8.3000000000000000e+01   3.4633620988761102e+01
   8.4000000000000000e+01   3.4535218542981298e+01
   8.5000000000000000e+01   3.4710481689495701e+01
   8.6000000000000000e+01   3.4386475072598799e+01
   8.7000000000000000e+01   3.4456657594580300e+01
   8.8000000000000000e+01   3.4393698790979897e+01
   8.9000000000000000e+01   3.3647655545412299e+01
   9.0000000000000000e+01   3.3663198256765902e+01
   9.1000000000000000e+01   3.3948097282813698e+01
   9.2000000000000000e+01   3.4489061322533601e+01
   9.3000000000000000e+01   3.4133606755590101e+01
   9.4000000000000000e+01   3.4342343593571300e+01
   9.5000000000000000e+01   3.3916489645719899e+01
   9.6000000000000000e+01   3.3777305760168403e+01
   9.7000000000000000e+01   3.3826378539261299e+01
   9.8000000000000000e+01   3.3712859221920901e+01
   9.9000000000000000e+01   3.3646505230408003e+01
   1.0000000000000000e+02   3.3294314919820899e+01
   1.0100000000000000e+02   3.3478816584806999e+01
   1.0200000000000000e+02   3.2877493187096299e+01
   1.0300000000000000e+02   3.2620777128247497e+01
   1.0400000000000000e+02   3.2339713670112502e+01
   1.0500000000000000e+02   3.2582059735018802e+01
   1.0600000000000000e+02   3.2239553690991499e+01
   1.0700000000000000e+02   3.1982066803160301e+01
   1.0800000000000000e+02   3.1857759771205600e+01
   1.0900000000000000e+02   3.1996418738271402e+01
   1.1000000000000000e+02   3.1544242539304499e+01
   1.1100000000000000e+02   3.1420211909065099e+01
   1.1200000000000000e+02   3.1705213102591401e+01
   1.1300000000000000e+02   3.1422573445776699e+01
   1.1400000000000000e+02   3.2173305325443103e+01
   1.1500000000000000e+02   3.2497869420415398e+01
   1.1600000000000000e+02   3.2442912100561998e+01
   1.1700000000000000e+02   3.2168193970879699e+01
   1.1800000000000000e+02   3.1759351446527901e+01
   1.1900000000000000e+02   3.1441161329042199e+01
   1.2000000000000000e+02   3.0992020115793299e+01
   1.2100000000000000e+02   3.1192631543117500e+01
   1.2200000000000000e+02   3.1161420736575199e+01
   1.2300000000000000e+02   3.0949845977150201e+01
   1.2400000000000000e+02   3.1321939696681099e+01
   1.2500000000000000e+02   3.1020463038434201e+01
   1.2600000000000000e+02   3.1042194305704800e+01
   1.2700000000000000e+02   3.1626972704223299e+01
   1.2800000000000000e+02   3.1969608595070500e+01
   1.2900000000000000e+02   3.1901455315834699e+01
   1.3000000000000000e+02   3.1575564844594901e+01
   1.3100000000000000e+02   3.1395553023553699e+01
   1.3200000000000000e+02   3.1337155675764102e+01
   1.3300000000000000e+02   3.1750165041006699e+01
   1.3400000000000000e+02   3.1202888445266701e+01
   1.3500000000000000e+02   3.1145008011642300e+01
   1.3600000000000000e+02   3.0513851831501000e+01
   1.3700000000000000e+02   3.0187128919127101e+01
   1.3800000000000000e+02   2.9997993903323099e+01
   1.3900000000000000e+02   3.0015024209189001e+01
   1.4000000000000000e+02   2.9853237721463501e+01
   1.4100000000000000e+02   2.9801665752466999e+01
   1.4200000000000000e+02   3.0237958863299301e+01
   1.4300000000000000e+02   3.0497587956787999e+01
   1.4400000000000000e+02   3.0109667159875400e+01
   1.4500000000000000e+02   3.0395878486540500e+01
   1.4600000000000000e+02   3.0531148151306802e+01
   1.4700000000000000e+02   3.0324367237099299e+01
   1.4800000000000000e+02   2.9645328579041500e+01
   1.4900000000000000e+02   3.0040885312793499e+01
   1.5000000000000000e+02   2.9738805967491501e+01
   1.5100000000000000e+02   2.9207822779085301e+01
   1.5200000000000000e+02   2.9431844375955901e+01
   1.5300000000000000e+02   3.0119792159298399e+01
   1.5400000000000000e+02   2.9932193709743800e+01
   1.5500000000000000e+02   2.9994008197007801e+01
   1.5600000000000000e+02   2.9865841752312200e+01
   1.5700000000000000e+02   2.9495670071661600e+01
   1.5800000000000000e+02   2.9488280329843700e+01
   1.5900000000000000e+02   2.9125249497297698e+01
   1.6000000000000000e+02   2.8656388155635099e+01
   1.6100000000000000e+02   2.8874013421260699e+01
   1.6200000000000000e+02   2.8574983440261501e+01
   1.6300000000000000e+02   2.8444680713370602e+01
   1.6400000000000000e+02   2.8504033405511102e+01
   1.6500000000000000e+02   2.8434076782797799e+01
   1.6600000000000000e+02   2.8135799476981799e+01
   1.6700000000000000e+02   2.8411285606088601e+01
   1.6800000000000000e+02   2.8277446504247699e+01
   1.6900000000000000e+02   2.8076947189469401e+01
   1.7000000000000000e+02   2.8410304094271702e+01
   1.7100000000000000e+02   2.8035054345627799e+01
   1.7200000000000000e+02   2.8179922450999602e+01
   1.7300000000000000e+02   2.7860137990353799e+01
   1.7400000000000000e+02   2.7568715344192601e+01
   1.7500000000000000e+02   2.7654921491451201e+01
   1.7600000000000000e+02   2.7465404370700298e+01
   1.7700000000000000e+02   2.7170126454934000e+01
   1.7800000000000000e+02   2.7406864829582599e+01
   1.7900000000000000e+02   2.7610488965586200e+01
   1.8000000000000000e+02   2.7618572351438601e+01
   1.8100000000000000e+02   2.7764912091844899e+01
   1.8200000000000000e+02   2.8125033544713101e+01
   1.8300000000000000e+02   2.7534982083397299e+01
   1.8400000000000000e+02   2.7628671974632301e+01
   1.8500000000000000e+02   2.7425539184691001e+01
   1.8600000000000000e+02   2.6993047868081199e+01
   1.8700000000000000e+02   2.6735649254829699e+01
   1.8800000000000000e+02   2.6290550617647099e+01
   1.8900000000000000e+02   2.5820324431133901e+01
   1.9000000000000000e+02   2.5485557230803298e+01
   1.9100000000000000e+02   2.5199790867320100e+01
   1.9200000000000000e+02   2.5952548242628101e+01
   1.9300000000000000e+02   2.5769491520561100e+01
   1.9400000000000000e+02   2.5710173752081602e+01
   1.9500000000000000e+02   2.5114110756365399e+01
   1.9600000000000000e+02   2.5123452224510299e+01
   1.9700000000000000e+02   2.4385083293188700e+01
   1.9800000000000000e+02   2.4462425510391800e+01
   1.9900000000000000e+02   2.4274241885544900e+01
   2.0000000000000000e+02   2.4225759399331000e+01
   2.0100000000000000e+02   2.4044787560210299e+01
   2.0200000000000000e+02   2.3864712666460299e+01
   2.0300000000000000e+02   2.3146196508070801e+01
   2.0400000000000000e+02   2.2851353526518999e+01
   2.0500000000000000e+02   2.2273820694423200e+01
   2.0600000000000000e+02   2.1978498154210701e+01
   2.0700000000000000e+02   2.1686611356003699e+01
   2.0800000000000000e+02   2.1664080714788000e+01
   2.0900000000000000e+02   2.1351277953819199e+01
   2.1000000000000000e+02   2.1262078188255600e+01
   2.1100000000000000e+02   2.1198192466235898e+01
   2.1200000000000000e+02   2.0988242598181600e+01
   2.1300000000000000e+02   2.0384098103693798e+01
   2.1400000000000000e+02   2.0079683675675302e+01
   2.1500000000000000e+02   1.9224322081893501e+01
   2.1600000000000000e+02   1.9058324051422399e+01
   2.1700000000000000e+02   1.8493848100801699e+01
   2.1800000000000000e+02   1.8470596602747101e+01
   2.1900000000000000e+02   1.8519437313435599e+01
   2.2000000000000000e+02   1.8787356393113100e+01
   2.2100000000000000e+02   1.8579774089976901e+01
   2.2200000000000000e+02   1.8523369519417599e+01
   2.2300000000000000e+02   1.8495141713230499e+01
   2.2400000000000000e+02   1.8284868420924401e+01
   2.2500000000000000e+02   1.8001618054202702e+01
   2.2600000000000000e+02   1.7648582469265001e+01
   2.2700000000000000e+02   1.7469243347668499e+01
   2.2800000000000000e+02   1.7584617020481101e+01
   2.2900000000000000e+02   1.6580153576442200e+01
   2.3000000000000000e+02   1.6018950614141399e+01
   2.3100000000000000e+02   1.6191624194868801e+01
   2.3200000000000000e+02   1.6472174099183501e+01
   2.3300000000000000e+02   1.5789704956506100e+01
   2.3400000000000000e+02   1.6072604445319399e+01
   2.3500000000000000e+02   1.6322693514344301e+01
   2.3600000000000000e+02   1.6705899505895299e+01
   2.3700000000000000e+02   1.6532770782766601e+01
   2.3800000000000000e+02   1.6399362043252200e+01
   2.3900000000000000e+02   1.6258581076274002e+01
   2.4000000000000000e+02   1.5967948917752000e+01
   2.4100000000000000e+02   1.5973593000775301e+01
   2.4200000000000000e+02   1.5585444056998201e+01
   2.4300000000000000e+02   1.5145197066689700e+01
   2.4400000000000000e+02   1.5215780900968699e+01
   2.4500000000000000e+02   1.4941340448792401e+01
   2.4600000000000000e+02   1.4896767952488499e+01
   2.4700000000000000e+02   1.5138785229163799e+01
   2.4800000000000000e+02   1.4718646111277399e+01
   2.4900000000000000e+02   1.4879953666052600e+01
   2.5000000000000000e+02   1.4906916344052799e+01
   2.5100000000000000e+02   1.4565674276676001e+01
   2.5200000000000000e+02   1.4631307027375099e+01
   2.5300000000000000e+02   1.4762279812205200e+01
   2.5400000000000000e+02   1.4426334867956800e+01
   2.5500000000000000e+02   1.4282773755079900e+01
   2.5600000000000000e+02   1.3565892217085301e+01
   2.5700000000000000e+02   1.2952285581421700e+01
   2.5800000000000000e+02   1.3316625085621499e+01
   2.5900000000000000e+02   1.3213190121406400e+01
   2.6000000000000000e+02   1.3040819118178799e+01
   2.6100000000000000e+02   1.2631406728060901e+01
   2.6200000000000000e+02   1.2335551476295301e+01
   2.6300000000000000e+02   1.2642326635905800e+01
   2.6400000000000000e+02   1.2492411994016599e+01
   2.6500000000000000e+02   1.2071962498351500e+01
   2.6600000000000000e+02   1.1649565392024300e+01
   2.6700000000000000e+02   1.1261579281447901e+01
   2.6800000000000000e+02   1.0584990134012299e+01
   2.6900000000000000e+02   1.1016799727390000e+01
   2.7000000000000000e+02   1.0567274019353000e+01
   2.7100000000000000e+02   1.0913316023200100e+01
   2.7200000000000000e+02   1.0708060370276399e+01
   2.7300000000000000e+02   1.0031069249047500e+01
   2.7400000000000000e+02   9.8098089838184492e+00
   2.7500000000000000e+02   9.8134642413200996e+00
   2.7600000000000000e+02   9.4439763451547893e+00
   2.7700000000000000e+02   9.2695895043924992e+00
   2.7800000000000000e+02   8.8407587981017297e+00
   2.7900000000000000e+02   8.5067502593832707e+00
   2.8000000000000000e+02   8.2862599685046305e+00
   2.8100000000000000e+02   8.0056230758598197e+00
   2.8200000000000000e+02   8.4185691754858905e+00
   2.8300000000000000e+02   7.9950781434892004e+00
   2.8400000000000000e+02   7.3567460555140300e+00
   2.8500000000000000e+02   7.4226967979487499e+00
   2.8600000000000000e+02   7.2640423174305200e+00
   2.8700000000000000e+02   6.7232593021927300e+00
   2.8800000000000000e+02   6.3998388050544603e+00
   2.8900000000000000e+02   6.3906514514828796e+00
   2.9000000000000000e+02   5.7350999489847201e+00
   2.9100000000000000e+02   5.4447127663512100e+00
   2.9200000000000000e+02   5.7524075992955002e+00
   2.9300000000000000e+02   5.4502440598179502e+00
   2.9400000000000000e+02   5.1100876108928999e+00
   2.9500000000000000e+02   5.4259658018279602e+00
   2.9600000000000000e+02   5.4589865225527499e+00
   2.9700000000000000e+02   5.3249888340405800e+00
   2.9800000000000000e+02   5.4495367381240198e+00
   2.9900000000000000e+02   4.2255028720941601e+00
   3.0000000000000000e+02   4.0896917264433901e+00
   3.0100000000000000e+02   3.6106184031596098e+00
   3.0200000000000000e+02   3.6186904936571498e+00
   3.0300000000000000e+02   3.2917218298772002e+00
   3.0400000000000000e+02   3.8509517843833199e+00
   3.0500000000000000e+02   3.4069547973762102e+00
   3.0600000000000000e+02   3.7860825983894300e+00
   3.0700000000000000e+02   3.0139363183163601e+00
   3.0800000000000000e+02   2.6141081381526199e+00
   3.0900000000000000e+02   2.0393643371006802e+00
   3.1000000000000000e+02   2.1037261763561599e+00
   3.1100000000000000e+02   1.7899764254385200e+00
   3.1200000000000000e+02   1.8267984491076701e+00
   3.1300000000000000e+02   1.3961553848840400e+00
   3.1400000000000000e+02   1.3093862949750199e+00
   3.1500000000000000e+02   1.2491604719336300e+00
   3.1600000000000000e+02   4.4577356761218900e-01
   3.1700000000000000e+02  -1.9831880540985300e-01
   3.1800000000000000e+02  -6.9441182620407305e-01
   3.1900000000000000e+02  -6.7635206262903802e-01
   3.2000000000000000e+02  -7.6879217532791500e-01
   3.2100000000000000e+02  -4.2625657135730999e-01
   3.2200000000000000e+02  -5.3223567904421498e-01
   3.2300000000000000e+02  -1.3364489853928601e+00
   3.2400000000000000e+02  -1.6621607205086799e+00
   3.2500000000000000e+02  -1.8329904905121699e+00
   3.2600000000000000e+02  -2.0978876678324800e+00
   3.2700000000000000e+02  -2.6843071432095198e+00
   3.2800000000000000e+02  -3.1066221818883499e+00
   3.2900000000000000e+02  -3.9469459316513600e+00
   3.3000000000000000e+02  -4.8468646949376000e+00
   3.3100000000000000e+02  -5.1253800419955198e+00
   3.3200000000000000e+02  -5.0504045424064499e+00
   3.3300000000000000e+02  -4.9816005709799001e+00
   3.3400000000000000e+02  -5.1201476481218098e+00
   3.3500000000000000e+02  -4.8815378522898998e+00
   3.3600000000000000e+02  -5.1433825775587501e+00
   3.3700000000000000e+02  -5.3398822180914403e+00
   3.3800000000000000e+02  -5.3480567271849404e+00
   3.3900000000000000e+02  -5.1988730200924698e+00
   3.4000000000000000e+02  -5.5408533593294802e+00
   3.4100000000000000e+02  -6.2846674350668703e+00
   3.4200000000000000e+02  -6.7058735352925600e+00
   3.4300000000000000e+02  -7.3447703092500003e+00
   3.4400000000000000e+02  -7.7554229263838801e+00
   3.4500000000000000e+02  -8.1665612070935492e+00
   3.4600000000000000e+02  -8.6197467762649307e+00
   3.4700000000000000e+02  -9.0879652230586192e+00
   3.4800000000000000e+02  -9.7553378187286892e+00
   3.4900000000000000e+02  -1.0026249841315201e+01
   3.5000000000000000e+02  -1.0556513514342400e+01
   3.5100000000000000e+02  -1.0925563534165599e+01
   3.5200000000000000e+02  -1.1825835421417100e+01
   3.5300000000000000e+02  -1.2388114417208101e+01
   3.5400000000000000e+02  -1.2565902869970200e+01
   3.5500000000000000e+02  -1.3129651395213100e+01
   3.5600000000000000e+02  -1.3039420755373200e+01
   3.5700000000000000e+02  -1.3297821660464299e+01
   3.5800000000000000e+02  -1.3927240874759500e+01
   3.5900000000000000e+02  -1.3844104760098400e+01
   3.6000000000000000e+02  -1.3976289349784000e+01
   3.6100000000000000e+02  -1.4676782410288000e+01
   3.6200000000000000e+02  -1.5175332422538000e+01
   3.6300000000000000e+02  -1.5411609780538900e+01
   3.6400000000000000e+02  -1.5816273030819200e+01
   3.6500000000000000e+02  -1.6079583433380499e+01
   3.6600000000000000e+02  -1.6388503081543000e+01
   3.6700000000000000e+02  -1.6889038675199000e+01
   3.6800000000000000e+02  -1.7431766914596000e+01
   3.6900000000000000e+02  -1.8567333258940600e+01
   3.7000000000000000e+02  -1.8550543423443798e+01
   3.7100000000000000e+02  -1.8954128428835599e+01
   3.7200000000000000e+02  -1.9201898556205698e+01
   3.7300000000000000e+02  -1.9727461597240101e+01
   3.7400000000000000e+02  -1.9947574361055000e+01
   3.7500000000000000e+02  -2.0394971653838301e+01
   3.7600000000000000e+02  -2.0637546175762601e+01
   3.7700000000000000e+02  -2.0790089344997501e+01
   3.7800000000000000e+02  -2.1497473155006102e+01
   3.7900000000000000e+02  -2.1995431255119701e+01
   3.8000000000000000e+02  -2.3007989963858702e+01
   3.8100000000000000e+02  -2.3676713368489999e+01
   3.8200000000000000e+02  -2.4305637777900898e+01
   3.8300000000000000e+02  -2.4621757853594101e+01
   3.8400000000000000e+02  -2.4989484401653101e+01
   3.8500000000000000e+02  -2.5531536425492199e+01
   3.8600000000000000e+02  -2.5737145710973799e+01
   3.8700000000000000e+02  -2.6453809162152801e+01
   3.8800000000000000e+02  -2.7252092100239700e+01
   3.8900000000000000e+02  -2.7656847366269201e+01
   3.9000000000000000e+02  -2.8334380967929800e+01
   3.9100000000000000e+02  -2.9226580091310002e+01
   3.9200000000000000e+02  -3.0152433955385700e+01
   3.9300000000000000e+02  -3.0467919664678199e+01
   3.9400000000000000e+02  -3.0815669900378701e+01
   3.9500000000000000e+02  -3.1400698006258299e+01
   3.9600000000000000e+02  -3.1839108155418199e+01
   3.9700000000000000e+02  -3.2391361458833103e+01
   3.9800000000000000e+02  -3.2827832721136502e+01
   3.9900000000000000e+02  -3.3373146550031002e+01
   4.0000000000000000e+02  -3.3684038211474103e+01
   4.0100000000000000e+02  -3.4644817916836800e+01
   4.0200000000000000e+02  -3.5563129288627600e+01
   4.0300000000000000e+02  -3.6603427716613602e+01
   4.0400000000000000e+02  -3.7445208066389100e+01
   4.0500000000000000e+02  -3.8388150651427402e+01
   4.0600000000000000e+02  -3.9047118489687698e+01
   4.0700000000000000e+02  -3.9884749499121597e+01
   4.0800000000000000e+02  -4.1226752744527197e+01
   4.0900000000000000e+02  -4.2345013330424798e+01
   4.1000000000000000e+02  -4.2951571471197099e+01
   4.1100000000000000e+02  -4.3638220721523197e+01
   4.1200000000000000e+02  -4.4695507180046199e+01
   4.1300000000000000e+02  -4.6116094977614601e+01
   4.1400000000000000e+02  -4.7591294335388902e+01
   4.1500000000000000e+02  -4.8631341748264298e+01
   4.1600000000000000e+02  -4.9372963357514799e+01
   4.1700000000000000e+02  -5.0322224836562597e+01
   4.1800000000000000e+02  -5.1078979996567597e+01
   4.1900000000000000e+02  -5.2292093653697499e+01
   4.2000000000000000e+02  -5.3440318479364798e+01
   4.2100000000000000e+02  -5.4808452386538001e+01
   4.2200000000000000e+02  -5.6101500480170699e+01
   4.2300000000000000e+02  -5.7494263567097498e+01
   4.2400000000000000e+02  -5.8185058751646103e+01
   4.2500000000000000e+02  -5.9222397308457602e+01
   4.2600000000000000e+02  -5.9829406785448001e+01
   4.2700000000000000e+02  -6.0565001930022099e+01
   4.2800000000000000e+02  -6.1513952122688302e+01
   4.2900000000000000e+02  -6.2167446949597597e+01
   4.3000000000000000e+02  -6.2789697342657902e+01
   4.3100000000000000e+02  -6.3707534232752401e+01
   4.3200000000000000e+02  -6.4265246092176497e+01
   4.3300000000000000e+02  -6.4689813427564303e+01
   4.3400000000000000e+02  -6.5187586693947793e+01
   4.3500000000000000e+02  -6.6198703305231206e+01
   4.3600000000000000e+02  -6.6825225471623398e+01
   4.3700000000000000e+02  -6.7419682314321804e+01
   4.3800000000000000e+02  -6.7992112694595505e+01
   4.3900000000000000e+02  -6.8225939571900497e+01
   4.4000000000000000e+02  -6.8408942979627994e+01
   4.4100000000000000e+02  -6.9055336134496898e+01
   4.4200000000000000e+02  -6.9228946571987606e+01
   4.4300000000000000e+02  -6.9692493276036998e+01
   4.4400000000000000e+02  -7.0145043012122500e+01
   4.4500000000000000e+02  -7.0178189151127796e+01
   4.4600000000000000e+02  -7.0258603637549001e+01
   4.4700000000000000e+02  -7.0547270904920197e+01
   4.4800000000000000e+02  -7.0779927996091999e+01
   4.4900000000000000e+02  -7.1760121960378896e+01
   4.5000000000000000e+02  -7.2297158620144302e+01
   4.5100000000000000e+02  -7.2415221788424006e+01
   4.5200000000000000e+02  -7.2055471007932894e+01
   4.5300000000000000e+02  -7.2514442529956497e+01
   4.5400000000000000e+02  -7.2634541084313199e+01
   4.5500000000000000e+02  -7.2764906371906406e+01
   4.5600000000000000e+02  -7.2948107401697001e+01
   4.5700000000000000e+02  -7.3411554624104497e+01
   4.5800000000000000e+02  -7.3390357060171993e+01
   4.5900000000000000e+02  -7.3535887239561504e+01
   4.6000000000000000e+02  -7.3722699205192995e+01
   4.6100000000000000e+02  -7.3838051430449397e+01
   4.6200000000000000e+02  -7.3994937663815705e+01
   4.6300000000000000e+02  -7.4860100595807793e+01
   4.6400000000000000e+02  -7.5285685487393593e+01
   4.6500000000000000e+02  -7.5309415326473697e+01
   4.6600000000000000e+02  -7.5606152443576207e+01
   4.6700000000000000e+02  -7.5391517651736905e+01
   4.6800000000000000e+02  -7.5717547353895199e+01
   4.6900000000000000e+02  -7.5515127826493298e+01
   4.7000000000000000e+02  -7.5779834358326198e+01
   4.7100000000000000e+02  -7.5626155644712696e+01
   4.7200000000000000e+02  -7.6006612509789804e+01
   4.7300000000000000e+02  -7.5933796856402694e+01
   4.7400000000000000e+02  -7.5791344554388004e+01
   4.7500000000000000e+02  -7.5815903731311494e+01
   4.7600000000000000e+02  -7.5486929063422494e+01
   4.7700000000000000e+02  -7.5598590400475899e+01
   4.7800000000000000e+02  -7.5732229909967103e+01
   4.7900000000000000e+02  -7.5510897327601697e+01
   4.8000000000000000e+02  -7.5743645185573101e+01
   4.8100000000000000e+02  -7.5888997108133395e+01
   4.8200000000000000e+02  -7.5719967581328703e+01
   4.8300000000000000e+02  -7.5500889526573502e+01
   4.8400000000000000e+02  -7.5036769924078598e+01
   4.8500000000000000e+02  -7.4998060919233197e+01
   4.8600000000000000e+02  -7.5314743716211893e+01
   4.8700000000000000e+02  -7.4760202786375700e+01
   4.8800000000000000e+02  -7.4437269327172402e+01
   4.8900000000000000e+02  -7.4689558140694501e+01
   4.9000000000000000e+02  -7.4058815441015398e+01
   4.9100000000000000e+02  -7.4183942869387806e+01
   4.9200000000000000e+02  -7.4268458833111694e+01
   4.9300000000000000e+02  -7.4199053880515393e+01
   4.9400000000000000e+02  -7.4461622173340800e+01
   4.9500000000000000e+02  -7.4362649566885594e+01
   4.9600000000000000e+02  -7.4509147507860007e+01
   4.9700000000000000e+02  -7.4718495405636304e+01
   4.9800000000000000e+02  -7.4868157611123607e+01
   4.9900000000000000e+02  -7.4635614913096802e+01
   5.0000000000000000e+02  -7.5258836567374203e+01
   5.0100000000000000e+02  -7.5145870710432504e+01
   5.0200000000000000e+02  -7.4894291900645896e+01
   5.0300000000000000e+02  -7.5131692010501496e+01
   5.0400000000000000e+02  -7.4705073680390598e+01
   5.0500000000000000e+02  -7.4837974074608894e+01
   5.0600000000000000e+02  -7.4127467975382700e+01
   5.0700000000000000e+02  -7.4654926421193096e+01
   5.0800000000000000e+02  -7.4510121454672998e+01
   5.0900000000000000e+02  -7.4741291704081405e+01
   5.1000000000000000e+02  -7.5447402209836994e+01
   5.1100000000000000e+02  -7.5044623443825202e+01
   5.1200000000000000e+02  -7.4840772085600804e+01
   5.1300000000000000e+02  -7.4794528746296393e+01
   5.1400000000000000e+02  -7.4879309627408006e+01
   5.1500000000000000e+02  -7.4221587759041498e+01
   5.1600000000000000e+02  -7.4332318275116805e+01
   5.1700000000000000e+02  -7.5013238390883998e+01
   5.1800000000000000e+02  -7.5148088694495499e+01
   5.1900000000000000e+02  -7.5435109464448004e+01
   5.2000000000000000e+02  -7.5576928649839601e+01
   5.2100000000000000e+02  -7.5688624865820898e+01
   5.2200000000000000e+02  -7.5747033740309504e+01
   5.2300000000000000e+02  -7.6071880586453403e+01
   5.2400000000000000e+02  -7.5832933978889102e+01
   5.2500000000000000e+02  -7.5470139595755299e+01
   5.2600000000000000e+02  -7.5319348883350202e+01
   5.2700000000000000e+02  -7.5299157793178097e+01
   5.2800000000000000e+02  -7.4755838840173197e+01
   5.2900000000000000e+02  -7.4577261740918502e+01
   5.3000000000000000e+02  -7.3959272036089502e+01
   5.3100000000000000e+02  -7.4191879369108193e+01
   5.3200000000000000e+02  -7.3584110934286002e+01
   5.3300000000000000e+02  -7.4078234924240803e+01
   5.3400000000000000e+02  -7.4053374492689798e+01
   5.3500000000000000e+02  -7.4520329449669902e+01
   5.3600000000000000e+02  -7.4071771649908300e+01
   5.3700000000000000e+02  -7.4371770420532002e+01
   5.3800000000000000e+02  -7.4268587959434996e+01
   5.3900000000000000e+02  -7.5014444890998007e+01
   5.4000000000000000e+02  -7.4939582955487495e+01
   5.4100000000000000e+02  -7.5303145444319298e+01
   5.4200000000000000e+02  -7.5397924175147693e+01
   5.4300000000000000e+02  -7.5544721163459997e+01
   5.4400000000000000e+02  -7.5473043129650193e+01
   5.4500000000000000e+02  -7.4936865116318899e+01
   5.4600000000000000e+02  -7.4809606450785097e+01
   5.4700000000000000e+02  -7.5224428793133697e+01
   5.4800000000000000e+02  -7.5205613851004102e+01
   5.4900000000000000e+02  -7.5413185826020595e+01
   5.5000000000000000e+02  -7.5135392813258406e+01
   5.5100000000000000e+02  -7.4905943477663300e+01
   5.5200000000000000e+02  -7.4788452560106407e+01
   5.5300000000000000e+02  -7.5357095414599300e+01
   5.5400000000000000e+02  -7.5503291596673705e+01
   5.5500000000000000e+02  -7.5671643484180507e+01
   5.5600000000000000e+02  -7.5700384154614298e+01
   5.5700000000000000e+02  -7.5110885538390704e+01
   5.5800000000000000e+02  -7.5430151025587307e+01
   5.5900000000000000e+02  -7.5682942844826499e+01
   5.6000000000000000e+02  -7.5756470616209896e+01
   5.6100000000000000e+02  -7.5504196339852300e+01
   5.6200000000000000e+02  -7.5460529335215995e+01
   5.6300000000000000e+02  -7.4864131086003397e+01
   5.6400000000000000e+02  -7.5175045823657200e+01
   5.6500000000000000e+02  -7.5825460284540597e+01
   5.6600000000000000e+02  -7.5634973216761693e+01
   5.6700000000000000e+02  -7.5953091093000893e+01
   5.6800000000000000e+02  -7.6042668351144499e+01
   5.6900000000000000e+02  -7.6070892911597795e+01
   5.7000000000000000e+02  -7.6214952789714403e+01
   5.7100000000000000e+02  -7.6553021674198902e+01
   5.7200000000000000e+02  -7.6656237994545904e+01
   5.7300000000000000e+02  -7.6389466375510395e+01
   5.7400000000000000e+02  -7.6380298263800299e+01
   5.7500000000000000e+02  -7.6065155683071495e+01
   5.7600000000000000e+02  -7.5722485396910997e+01
   5.7700000000000000e+02  -7.5649998830841298e+01
   5.7800000000000000e+02  -7.5445781795636194e+01
   5.7900000000000000e+02  -7.5497017492727394e+01
   5.8000000000000000e+02  -7.5323183137913801e+01
   5.8100000000000000e+02  -7.5676450802528805e+01
   5.8200000000000000e+02  -7.5665437632399502e+01
   5.8300000000000000e+02  -7.6097267094051404e+01
   5.8400000000000000e+02  -7.5699061422625903e+01
   5.8500000000000000e+02  -7.5770386581845202e+01
   5.8600000000000000e+02  -7.5897167364347197e+01
   5.8700000000000000e+02  -7.5758430065293794e+01
   5.8800000000000000e+02  -7.5271133358579803e+01
   5.8900000000000000e+02  -7.4539297808505495e+01
   5.9000000000000000e+02  -7.4875294726777398e+01
   5.9100000000000000e+02  -7.4802775923526099e+01
   5.9200000000000000e+02  -7.5125949864274702e+01
   5.9300000000000000e+02  -7.5099485357864594e+01
   5.9400000000000000e+02  -7.4658261818272393e+01
   5.9500000000000000e+02  -7.4547825301633395e+01
   5.9600000000000000e+02  -7.4098748015568503e+01
   5.9700000000000000e+02  -7.4337633711162297e+01
   5.9800000000000000e+02  -7.4201462383358802e+01
   5.9900000000000000e+02  -7.4022641033343405e+01
   6.0000000000000000e+02  -7.4587342234323302e+01
   6.0100000000000000e+02  -7.4207666516797502e+01
   6.0200000000000000e+02  -7.4039289374020200e+01
   6.0300000000000000e+02  -7.3975666468369099e+01
   6.0400000000000000e+02  -7.3090691714252600e+01
   6.0500000000000000e+02  -7.3382830057136701e+01
   6.0600000000000000e+02  -7.3207842681674293e+01
   6.0700000000000000e+02  -7.3829336537997307e+01
   6.0800000000000000e+02  -7.3348117456571700e+01
   6.0900000000000000e+02  -7.3068877510003105e+01
   6.1000000000000000e+02  -7.3048383033971504e+01
   6.1100000000000000e+02  -7.3224133316921396e+01
   6.1200000000000000e+02  -7.3341432570982505e+01
   6.1300000000000000e+02  -7.3101289416058805e+01
   6.1400000000000000e+02  -7.2752400209917198e+01
   6.1500000000000000e+02  -7.2787864503786295e+01
   6.1600000000000000e+02  -7.2693279847347895e+01
   6.1700000000000000e+02  -7.2314962573427593e+01
   6.1800000000000000e+02  -7.2339622558855595e+01
   6.1900000000000000e+02  -7.2818581806215605e+01
   6.2000000000000000e+02  -7.3391261763522607e+01
   6.2100000000000000e+02  -7.3472167068462795e+01
   6.2200000000000000e+02  -7.3768150224833505e+01
   6.2300000000000000e+02  -7.3471419212668195e+01
   6.2400000000000000e+02  -7.3383082438081104e+01
   6.2500000000000000e+02  -7.3100561024785804e+01
   6.2600000000000000e+02  -7.3659923731608700e+01
   6.2700000000000000e+02  -7.3835148763539706e+01
   6.2800000000000000e+02  -7.3972958317205496e+01
   6.2900000000000000e+02  -7.4198300415277401e+01
   6.3000000000000000e+02  -7.4171340430430504e+01
   6.3100000000000000e+02  -7.3964923557701397e+01
   6.3200000000000000e+02  -7.3741373195123401e+01
   6.3300000000000000e+02  -7.3766035623715894e+01
   6.3400000000000000e+02  -7.3533232231162998e+01
   6.3500000000000000e+02  -7.3807547043393697e+01
   6.3600000000000000e+02  -7.3550580751797000e+01
   6.3700000000000000e+02  -7.3784191268440694e+01
   6.3800000000000000e+02  -7.3983655535353193e+01
   6.3900000000000000e+02  -7.3639299598928304e+01
   6.4000000000000000e+02  -7.3148773175553700e+01
   6.4100000000000000e+02  -7.3318583711442699e+01
   6.4200000000000000e+02  -7.3509468654206401e+01
   6.4300000000000000e+02  -7.3991611721694895e+01
   6.4400000000000000e+02  -7.3645984501650304e+01
   6.4500000000000000e+02  -7.3847807527631304e+01
   6.4600000000000000e+02  -7.4173747281537899e+01
   6.4700000000000000e+02  -7.3916093735969298e+01
   6.4800000000000000e+02  -7.3996313690823698e+01
   6.4900000000000000e+02  -7.4295163183727993e+01
   6.5000000000000000e+02  -7.3979672883370696e+01
   6.5100000000000000e+02  -7.3969711009098404e+01
   6.5200000000000000e+02  -7.3711829216732397e+01
   6.5300000000000000e+02  -7.4088334562164604e+01
   6.5400000000000000e+02  -7.3234578749591194e+01
   6.5500000000000000e+02  -7.3566230404757505e+01
   6.5600000000000000e+02  -7.3165220589845205e+01
   6.5700000000000000e+02  -7.3580399690315602e+01
   6.5800000000000000e+02  -7.3678314568463804e+01
   6.5900000000000000e+02  -7.3275630883420703e+01
   6.6000000000000000e+02  -7.3704079284967193e+01
   6.6100000000000000e+02  -7.4163647337327902e+01
   6.6200000000000000e+02  -7.4594618696994601e+01
   6.6300000000000000e+02  -7.4678004891456993e+01
   6.6400000000000000e+02  -7.4811096868971106e+01
   6.6500000000000000e+02  -7.4790410497320394e+01
   6.6600000000000000e+02  -7.4781128651888395e+01
   6.6700000000000000e+02  -7.5072736534010204e+01
   6.6800000000000000e+02  -7.5584033227473000e+01
   6.6900000000000000e+02  -7.5891470168591198e+01
   6.7000000000000000e+02  -7.5334372260443004e+01
   6.7100000000000000e+02  -7.5272424562228906e+01
   6.7200000000000000e+02  -7.5341447736488703e+01
   6.7300000000000000e+02  -7.5333894521681501e+01
   6.7400000000000000e+02  -7.5425866184433005e+01
   6.7500000000000000e+02  -7.5778910297639499e+01
   6.7600000000000000e+02  -7.5546972585026793e+01
   6.7700000000000000e+02  -7.5615837752067193e+01
   6.7800000000000000e+02  -7.5415756143931006e+01
   6.7900000000000000e+02  -7.5108953314420503e+01
   6.8000000000000000e+02  -7.5156844029740398e+01
   6.8100000000000000e+02  -7.5292275696399599e+01
   6.8200000000000000e+02  -7.4714478853828098e+01
   6.8300000000000000e+02  -7.4715270560345502e+01
   6.8400000000000000e+02  -7.4353951237980496e+01
   6.8500000000000000e+02  -7.4505762002035596e+01
   6.8600000000000000e+02  -7.4679035300974405e+01
   6.8700000000000000e+02  -7.4760099723394106e+01
   6.8800000000000000e+02  -7.4520610137442105e+01
   6.8900000000000000e+02  -7.4229846049879200e+01
   6.9000000000000000e+02  -7.4611296960459100e+01
   6.9100000000000000e+02  -7.4969094099958895e+01
   6.9200000000000000e+02  -7.5056921940984097e+01
   6.9300000000000000e+02  -7.5088790876684300e+01
   6.9400000000000000e+02  -7.4904132577867998e+01
   6.9500000000000000e+02  -7.4968983795024599e+01
   6.9600000000000000e+02  -7.5403903191006606e+01
   6.9700000000000000e+02  -7.5734986469028001e+01
   6.9800000000000000e+02  -7.5350254703698994e+01
   6.9900000000000000e+02  -7.5569885943102605e+01
   7.0000000000000000e+02  -7.5754830695509995e+01
   7.0100000000000000e+02  -7.5632857703052196e+01
   7.0200000000000000e+02  -7.5420784578801999e+01
   7.0300000000000000e+02  -7.4948675359805705e+01
   7.0400000000000000e+02  -7.5045219633142693e+01
   7.0500000000000000e+02  -7.4846054672877003e+01
   7.0600000000000000e+02  -7.5033706896456295e+01
   7.0700000000000000e+02  -7.4549538039781794e+01
   7.0800000000000000e+02  -7.4500355559305703e+01
   7.0900000000000000e+02  -7.4404733484546995e+01
   7.1000000000000000e+02  -7.4250154579905896e+01
   7.1100000000000000e+02  -7.4139323217252098e+01
   7.1200000000000000e+02  -7.3888446706530402e+01
   7.1300000000000000e+02  -7.3641240141205500e+01
   7.1400000000000000e+02  -7.3907615902211305e+01
   7.1500000000000000e+02  -7.4083372134827897e+01
   7.1600000000000000e+02  -7.3795158592161798e+01
   7.1700000000000000e+02  -7.2914211137788499e+01
   7.1800000000000000e+02  -7.2912574844764293e+01
   7.1900000000000000e+02  -7.2986228434635393e+01
   7.2000000000000000e+02  -7.3160019619612498e+01
   7.2100000000000000e+02  -7.3627658352106394e+01
   7.2200000000000000e+02  -7.4260095962300596e+01
   7.2300000000000000e+02  -7.4463274884821701e+01
   7.2400000000000000e+02  -7.4402394429170400e+01
   7.2500000000000000e+02  -7.4718278175892607e+01
   7.2600000000000000e+02  -7.4766383838436795e+01
   7.2700000000000000e+02  -7.4161330934900406e+01
   7.2800000000000000e+02  -7.4048216271417601e+01
   7.2900000000000000e+02  -7.3951579473484600e+01
   7.3000000000000000e+02  -7.3979474459258597e+01
   7.3100000000000000e+02  -7.3837362050113896e+01
   7.3200000000000000e+02  -7.3526170238448401e+01
   7.3300000000000000e+02  -7.3649274696907000e+01
   7.3400000000000000e+02  -7.3832914099234202e+01
   7.3500000000000000e+02  -7.3476079099848704e+01
   7.3600000000000000e+02  -7.4028860404753303e+01
   7.3700000000000000e+02  -7.4519172179355905e+01
   7.3800000000000000e+02  -7.5033207089414006e+01
   7.3900000000000000e+02  -7.4960249184619798e+01
   7.4000000000000000e+02  -7.5117537845426199e+01
   7.4100000000000000e+02  -7.5239989224469596e+01
   7.4200000000000000e+02  -7.5215338234873201e+01
   7.4300000000000000e+02  -7.5550165076152794e+01
   7.4400000000000000e+02  -7.5551259139333496e+01
   7.4500000000000000e+02  -7.5856524369497095e+01
   7.4600000000000000e+02  -7.5720263112529494e+01
   7.4700000000000000e+02  -7.5648839845872104e+01
   7.4800000000000000e+02  -7.5205201976117394e+01
   7.4900000000000000e+02  -7.4780551154301605e+01
   7.5000000000000000e+02  -7.4940167943192904e+01
   7.5100000000000000e+02  -7.4720108476647994e+01
   7.5200000000000000e+02  -7.4551449877544400e+01
   7.5300000000000000e+02  -7.4591724238902799e+01
   7.5400000000000000e+02  -7.4682262402242500e+01
   7.5500000000000000e+02  -7.4037378813777394e+01
   7.5600000000000000e+02  -7.3754538834878602e+01
   7.5700000000000000e+02  -7.3108562316369202e+01
   7.5800000000000000e+02  -7.3296401486830504e+01
   7.5900000000000000e+02  -7.3253274543091607e+01
   7.6000000000000000e+02  -7.2908840566044802e+01
   7.6100000000000000e+02  -7.2803562771226595e+01
   7.6200000000000000e+02  -7.3075994088175406e+01
   7.6300000000000000e+02  -7.2998031738195095e+01
   7.6400000000000000e+02  -7.2820047898471202e+01
   7.6500000000000000e+02  -7.1966762851947394e+01
   7.6600000000000000e+02  -7.2607167249127897e+01
   7.6700000000000000e+02  -7.2977491558352398e+01
   7.6800000000000000e+02  -7.2531349291312495e+01
   7.6900000000000000e+02  -7.2317682812598804e+01
   7.7000000000000000e+02  -7.2448069673101699e+01
   7.7100000000000000e+02  -7.2386934576664103e+01
   7.7200000000000000e+02  -7.1839551517013902e+01
   7.7300000000000000e+02  -7.1580262995338202e+01
   7.7400000000000000e+02  -7.1673980976175201e+01
   7.7500000000000000e+02  -7.1647263949807197e+01
   7.7600000000000000e+02  -7.1919717654759495e+01
   7.7700000000000000e+02  -7.1551374562997395e+01
   7.7800000000000000e+02  -7.1085991881146398e+01
   7.7900000000000000e+02  -7.1274433089416405e+01
   7.8000000000000000e+02  -7.1383875610513002e+01
   7.8100000000000000e+02  -7.1513467425157899e+01
   7.8200000000000000e+02  -7.0769797571145702e+01
   7.8300000000000000e+02  -7.0772332619271197e+01
   7.8400000000000000e+02  -7.0416741996665905e+01
   7.8500000000000000e+02  -7.0923632819772294e+01
   7.8600000000000000e+02  -7.0801206371200294e+01
   7.8700000000000000e+02  -7.1222461977561693e+01
   7.8800000000000000e+02  -7.1195275543980799e+01
   7.8900000000000000e+02  -7.1003191385426305e+01
   7.9000000000000000e+02  -7.1256914957190602e+01
   7.9100000000000000e+02  -7.0764707452131404e+01
   7.9200000000000000e+02  -7.0190516941331694e+01
   7.9300000000000000e+02  -7.0100254473517893e+01
   7.9400000000000000e+02  -7.0080028329759202e+01
   7.9500000000000000e+02  -7.0129554062904603e+01
   7.9600000000000000e+02  -7.0250464060095695e+01
   7.9700000000000000e+02  -6.9989336596423797e+01
   7.9800000000000000e+02  -6.9931617596202798e+01
   7.9900000000000000e+02  -6.9800780784802100e+01
   8.0000000000000000e+02  -6.9709911494186699e+01
   8.0100000000000000e+02  -6.9330407777728595e+01
   8.0200000000000000e+02  -6.9125182159067705e+01
   8.0300000000000000e+02  -6.8798012435438906e+01
   8.0400000000000000e+02  -6.8510539874994294e+01
   8.0500000000000000e+02  -6.8825076599235501e+01
   8.0600000000000000e+02  -6.8809684454845097e+01
   8.0700000000000000e+02  -6.9018076091869204e+01
   8.0800000000000000e+02  -6.8901969926890303e+01
   8.0900000000000000e+02  -6.8970085730909702e+01
   8.1000000000000000e+02  -6.8570982565152306e+01
   8.1100000000000000e+02  -6.9375500890110402e+01
   8.1200000000000000e+02  -6.9602944932412200e+01
   8.1300000000000000e+02  -7.0121779012475301e+01
   8.1400000000000000e+02  -7.0233664534897599e+01
   8.1500000000000000e+02  -7.0091121718701800e+01
   8.1600000000000000e+02  -7.0100670740329093e+01
   8.1700000000000000e+02  -7.0277824237993698e+01
   8.1800000000000000e+02  -6.9827834939483594e+01
   8.1900000000000000e+02  -7.0008282715690200e+01
   8.2000000000000000e+02  -6.9897017680448798e+01
   8.2100000000000000e+02  -6.9914423891973996e+01
   8.2200000000000000e+02  -6.9723061241796501e+01
   8.2300000000000000e+02  -6.9897937578013000e+01
   8.2400000000000000e+02  -6.9304939927968505e+01
   8.2500000000000000e+02  -6.9396304141839494e+01
   8.2600000000000000e+02  -6.9916929912024102e+01
   8.2700000000000000e+02  -7.0037656715838196e+01
   8.2800000000000000e+02  -7.0053611797766493e+01
   8.2900000000000000e+02  -7.0441943125200794e+01
   8.3000000000000000e+02  -7.0724771566815605e+01
   8.3100000000000000e+02  -7.0353647654318493e+01
   8.3200000000000000e+02  -7.0600907672819702e+01
   8.3300000000000000e+02  -7.0319238742091002e+01
   8.3400000000000000e+02  -7.0472675743710596e+01
   8.3500000000000000e+02  -7.0648077910380394e+01
   8.3600000000000000e+02  -7.0270660854636503e+01
   8.3700000000000000e+02  -7.0612913647168995e+01
   8.3800000000000000e+02  -7.0605361195268202e+01
   8.3900000000000000e+02  -7.0785866848983900e+01
   8.4000000000000000e+02  -7.1020468190431004e+01
   8.4100000000000000e+02  -7.1624093689594403e+01
   8.4200000000000000e+02  -7.1284111063357102e+01
   8.4300000000000000e+02  -7.1404823830556694e+01
   8.4400000000000000e+02  -7.1256844611498295e+01
   8.4500000000000000e+02  -7.1204759500726595e+01
   8.4600000000000000e+02  -7.0781364983636095e+01
   8.4700000000000000e+02  -7.0888288545781194e+01
   8.4800000000000000e+02  -7.0678900663291500e+01
   8.4900000000000000e+02  -7.0868846144631803e+01
   8.5000000000000000e+02  -7.0970634686221800e+01
   8.5100000000000000e+02  -7.0942704315759698e+01
   8.5200000000000000e+02  -7.0910564863060102e+01
   8.5300000000000000e+02  -7.0654080879138604e+01
   8.5400000000000000e+02  -7.0554035486092602e+01
   8.5500000000000000e+02  -7.0445772466893501e+01
   8.5600000000000000e+02  -7.0471029969635396e+01
   8.5700000000000000e+02  -7.0252896991380993e+01
   8.5800000000000000e+02  -7.0366135610360999e+01
   8.5900000000000000e+02  -7.0982391161419798e+01
   8.6000000000000000e+02  -7.0733076218609995e+01
   8.6100000000000000e+02  -7.0962787437317402e+01
   8.6200000000000000e+02  -7.0727180781822099e+01
   8.6300000000000000e+02  -7.0656841596259596e+01
   8.6400000000000000e+02  -7.1361649297810104e+01
   8.6500000000000000e+02  -7.1459927902706994e+01
   8.6600000000000000e+02  -7.1302226803127695e+01
   8.6700000000000000e+02  -7.1274494479946298e+01
   8.6800000000000000e+02  -7.2027550386269496e+01
   8.6900000000000000e+02  -7.2238543087303697e+01
   8.7000000000000000e+02  -7.2381773838394096e+01
   8.7100000000000000e+02  -7.2841082163081893e+01
   8.7200000000000000e+02  -7.2649796466917806e+01
   8.7300000000000000e+02  -7.2855139383642396e+01
   8.7400000000000000e+02  -7.2893125721521500e+01
   8.7500000000000000e+02  -7.2848493197649702e+01
   8.7600000000000000e+02  -7.2602031516044605e+01
   8.7700000000000000e+02  -7.2688032399871503e+01
   8.7800000000000000e+02  -7.2453091475563298e+01
   8.7900000000000000e+02  -7.2320896049596399e+01
   8.8000000000000000e+02  -7.2076499232170505e+01
   8.8100000000000000e+02  -7.1750451192760906e+01
   8.8200000000000000e+02  -7.2018183422938804e+01
   8.8300000000000000e+02  -7.1729307946771996e+01
   8.8400000000000000e+02  -7.1645386139481801e+01
   8.8500000000000000e+02  -7.1285071269411503e+01
   8.8600000000000000e+02  -7.1606709482616594e+01
   8.8700000000000000e+02  -7.2215167011668001e+01
   8.8800000000000000e+02  -7.1911397302669798e+01
   8.8900000000000000e+02  -7.1871002248692605e+01
   8.9000000000000000e+02  -7.1853727318979494e+01
   8.9100000000000000e+02  -7.1619955940500304e+01
   8.9200000000000000e+02  -7.1480480176610897e+01
   8.9300000000000000e+02  -7.1105221044782098e+01
   8.9400000000000000e+02  -7.0566347496631707e+01
   8.9500000000000000e+02  -6.9761985151727501e+01
   8.9600000000000000e+02  -6.9545723542783406e+01
   8.9700000000000000e+02  -6.9759568388759604e+01
   8.9800000000000000e+02  -7.0351383816285505e+01
   8.9900000000000000e+02  -7.0791690558756201e+01
   9.0000000000000000e+02  -7.1036336101219007e+01
   9.0100000000000000e+02  -7.0964918716821799e+01
   9.0200000000000000e+02  -7.1267988771282901e+01
   9.0300000000000000e+02  -7.1517276526376705e+01
   9.0400000000000000e+02  -7.1234749012123302e+01
   9.0500000000000000e+02  -7.0641566821656298e+01
   9.0600000000000000e+02  -7.0855593468591195e+01
   9.0700000000000000e+02  -7.1193975669277293e+01
   9.0800000000000000e+02  -7.1133762886681197e+01
   9.0900000000000000e+02  -7.1110712787086996e+01
   9.1000000000000000e+02  -7.0884271153649806e+01
   9.1100000000000000e+02  -7.0683915719272207e+01
   9.1200000000000000e+02  -7.0970431456542499e+01
   9.1300000000000000e+02  -7.0602096322988402e+01
   9.1400000000000000e+02  -7.0693450738380406e+01
   9.1500000000000000e+02  -7.0848543170153107e+01
   9.1600000000000000e+02  -7.0878067492371400e+01
   9.1700000000000000e+02  -7.0740374218314898e+01
   9.1800000000000000e+02  -7.0903731160676600e+01
   9.1900000000000000e+02  -7.1156200650879498e+01
   9.2000000000000000e+02  -7.1050749110369495e+01
   9.2100000000000000e+02  -7.0857934434098794e+01
   9.2200000000000000e+02  -7.0916923695539197e+01
   9.2300000000000000e+02  -7.0887599448183707e+01
   9.2400000000000000e+02  -7.0645641580369698e+01
   9.2500000000000000e+02  -7.0912589916737403e+01
   9.2600000000000000e+02  -7.0443591889755595e+01
   9.2700000000000000e+02  -7.0351325289177893e+01
   9.2800000000000000e+02  -7.0097672665769593e+01
   9.2900000000000000e+02  -7.0214042256977507e+01
   9.3000000000000000e+02  -7.0054771535866095e+01
   9.3100000000000000e+02  -6.9564354251486805e+01
   9.3200000000000000e+02  -6.9382066603883104e+01
   9.3300000000000000e+02  -6.9010386303418699e+01
   9.3400000000000000e+02  -6.8808490609466702e+01
   9.3500000000000000e+02  -6.9114709534232503e+01
   9.3600000000000000e+02  -6.9294365394759296e+01
   9.3700000000000000e+02  -6.9463055397975694e+01
   9.3800000000000000e+02  -6.9893203211464197e+01
   9.3900000000000000e+02  -6.9636069316934893e+01
   9.4000000000000000e+02  -6.9417389317078204e+01
   9.4100000000000000e+02  -6.9002773049278503e+01
   9.4200000000000000e+02  -6.9391547202984100e+01
   9.4300000000000000e+02  -6.9592201821257305e+01
   9.4400000000000000e+02  -6.9888958423381794e+01
   9.4500000000000000e+02  -6.9955064252006906e+01
   9.4600000000000000e+02  -6.9807229848043406e+01
   9.4700000000000000e+02  -6.9356610847353195e+01
   9.4800000000000000e+02  -6.9042540724507404e+01
   9.4900000000000000e+02  -6.8758376605144207e+01
   9.5000000000000000e+02  -6.8768606824779397e+01
   9.5100000000000000e+02  -6.8565269652920904e+01
   9.5200000000000000e+02  -6.8633086665598995e+01
   9.5300000000000000e+02  -6.8494006995868602e+01
   9.5400000000000000e+02  -6.8156658478978102e+01
   9.5500000000000000e+02  -6.8184230740902706e+01
   9.5600000000000000e+02  -6.7309137433574904e+01
   9.5700000000000000e+02  -6.7012665963311804e+01
   9.5800000000000000e+02  -6.6885795677734194e+01
   9.5900000000000000e+02  -6.6190290633323301e+01
   9.6000000000000000e+02  -6.5747519536224402e+01
   9.6100000000000000e+02  -6.5343108959134298e+01
   9.6200000000000000e+02  -6.4804928200869099e+01
   9.6300000000000000e+02  -6.3924546177426997e+01
   9.6400000000000000e+02  -6.3276901328341303e+01
   9.6500000000000000e+02  -6.2011446456500600e+01
   9.6600000000000000e+02  -6.0852132753633903e+01
   9.6700000000000000e+02  -6.0399306766546097e+01
   9.6800000000000000e+02  -5.9479570911901298e+01
   9.6900000000000000e+02  -5.8291002687620399e+01
   9.7000000000000000e+02  -5.5835132578437602e+01
   9.7100000000000000e+02  -5.1563745718826702e+01
   9.7200000000000000e+02  -3.9442848056453201e+01
   9.7300000000000000e+02  -1.4728230266059800e+01
