  -1.0000000000000000e+02  -7.3732020853243498e+01
  -9.9000000000000000e+01  -7.3687757991201394e+01
  -9.8000000000000000e+01  -7.3723946544529397e+01
  -9.7000000000000000e+01  -7.3664649313282098e+01
  -9.6000000000000000e+01  -7.4137115891327596e+01
  -9.5000000000000000e+01  -7.4176972831057597e+01
  -9.4000000000000000e+01  -7.3634489315677499e+01
  -9.3000000000000000e+01  -7.4037779615663695e+01
  -9.2000000000000000e+01  -7.4119706935272802e+01
  -9.1000000000000000e+01  -7.3885643745503799e+01
  -9.0000000000000000e+01  -7.3994937187765103e+01
  -8.9000000000000000e+01  -7.4043939033896706e+01
  -8.8000000000000000e+01  -7.4352458216482106e+01
  -8.7000000000000000e+01  -7.4614175042432706e+01
  -8.6000000000000000e+01  -7.4706942568823195e+01
  -8.5000000000000000e+01  -7.4220112575004094e+01
  -8.4000000000000000e+01  -7.4739581148540594e+01
  -8.3000000000000000e+01  -7.4656368635926000e+01
  -8.2000000000000000e+01  -7.4946428874506694e+01
  -8.1000000000000000e+01  -7.4534534336604295e+01
  -8.0000000000000000e+01  -7.4848693414574996e+01
  -7.9000000000000000e+01  -7.4575571500024907e+01
  -7.8000000000000000e+01  -7.4762309316651994e+01
  -7.7000000000000000e+01  -7.5288104008472502e+01
  -7.6000000000000000e+01  -7.5253424046612295e+01
  -7.5000000000000000e+01  -7.5518143684774202e+01
  -7.4000000000000000e+01  -7.5675415330436493e+01
  -7.3000000000000000e+01  -7.5844376267109794e+01
  -7.2000000000000000e+01  -7.5978022638841395e+01
  -7.1000000000000000e+01  -7.5804953723997897e+01
  -7.0000000000000000e+01  -7.5828923176909100e+01
  -6.9000000000000000e+01  -7.5761745420760107e+01
  -6.8000000000000000e+01  -7.5866592700984100e+01
  -6.7000000000000000e+01  -7.5700752695034893e+01
  -6.6000000000000000e+01  -7.5639999961276899e+01
  -6.5000000000000000e+01  -7.5499620104162503e+01
  -6.4000000000000000e+01  -7.5883028571749406e+01
  -6.3000000000000000e+01  -7.5765355161610501e+01
  -6.2000000000000000e+01  -7.4887985685086605e+01
  -6.1000000000000000e+01  -7.4425399797430003e+01
  -6.0000000000000000e+01  -7.4274084966879599e+01
  -5.9000000000000000e+01  -7.3956886548289006e+01
  -5.8000000000000000e+01  -7.4108309811120407e+01
  -5.7000000000000000e+01  -7.3440280380415999e+01
  -5.6000000000000000e+01  -7.3973131519197096e+01
  -5.5000000000000000e+01  -7.3693521579967197e+01
  -5.4000000000000000e+01  -7.3331021014379303e+01
  -5.3000000000000000e+01  -7.3405503250477395e+01
  -5.2000000000000000e+01  -7.3283495658589899e+01
  -5.1000000000000000e+01  -7.3590290089729805e+01
  -5.0000000000000000e+01  -7.3353463133506594e+01
  -4.9000000000000000e+01  -7.2898566612004203e+01
  -4.8000000000000000e+01  -7.2544910671846694e+01
  -4.7000000000000000e+01  -7.2055959924495795e+01
  -4.6000000000000000e+01  -7.1414538062752001e+01
  -4.5000000000000000e+01  -7.0918372492447403e+01
  -4.4000000000000000e+01  -7.0623208136931694e+01
  -4.3000000000000000e+01  -7.0260434858340602e+01
  -4.2000000000000000e+01  -7.0424144125652901e+01
  -4.1000000000000000e+01  -7.0419704424100203e+01
  -4.0000000000000000e+01  -6.9930628040556797e+01
  -3.9000000000000000e+01  -7.0156313488487797e+01
  -3.8000000000000000e+01  -7.0696604200142005e+01
  -3.7000000000000000e+01  -7.0574188361240004e+01
  -3.6000000000000000e+01  -7.0449976408494507e+01
  -3.5000000000000000e+01  -7.0464996815024307e+01
  -3.4000000000000000e+01  -6.9896454518622306e+01
  -3.3000000000000000e+01  -6.9627985799266199e+01
  -3.2000000000000000e+01  -6.9566973306410802e+01
  -3.1000000000000000e+01  -7.0053548019865801e+01
  -3.0000000000000000e+01  -7.0003903304656006e+01
  -2.9000000000000000e+01  -7.0042984237322102e+01
  -2.8000000000000000e+01  -6.9660688325172899e+01
  -2.7000000000000000e+01  -6.9876734170576000e+01
  -2.6000000000000000e+01  -6.9882826099347994e+01
  -2.5000000000000000e+01  -6.9690288773734594e+01
  -2.4000000000000000e+01  -7.0122083665690297e+01
  -2.3000000000000000e+01  -6.9835470683921102e+01
  -2.2000000000000000e+01  -6.9549185964606295e+01
  -2.1000000000000000e+01  -6.9094795780942704e+01
  -2.0000000000000000e+01  -6.8939510790332704e+01
  -1.9000000000000000e+01  -6.8270724520499400e+01
  -1.8000000000000000e+01  -6.8496799231234903e+01
  -1.7000000000000000e+01  -6.7831402098156602e+01
  -1.6000000000000000e+01  -6.7328342144700400e+01
  -1.5000000000000000e+01  -6.7130962962547500e+01
  -1.4000000000000000e+01  -6.6579508836916006e+01
  -1.3000000000000000e+01  -6.6111774359416998e+01
  -1.2000000000000000e+01  -6.5701403923493103e+01
  -1.1000000000000000e+01  -6.5013222921658894e+01
  -1.0000000000000000e+01  -6.4714373660297596e+01
  -9.0000000000000000e+00  -6.4674646519195704e+01
  -8.0000000000000000e+00  -6.3535178251004098e+01
  -7.0000000000000000e+00  -6.2801023210639897e+01
  -6.0000000000000000e+00  -6.2109285017716303e+01
  -5.0000000000000000e+00  -6.1103988155419799e+01
  -4.0000000000000000e+00  -5.9787841629123200e+01
  -3.0000000000000000e+00  -5.7703507316126398e+01
  -2.0000000000000000e+00  -5.4987395120233202e+01
  -1.0000000000000000e+00  -4.8821419323381399e+01
   0.0000000000000000e+00  -2.6907709482395500e+01
   1.0000000000000000e+00  -5.0314806774346099e+00
   2.0000000000000000e+00   1.0021969785678399e+01
   3.0000000000000000e+00   1.7571663844893799e+01
   4.0000000000000000e+00   2.2009304917698401e+01
   5.0000000000000000e+00   2.4280505782901798e+01
   6.0000000000000000e+00   2.5351607342334400e+01
   7.0000000000000000e+00   2.6100949838985201e+01
   8.0000000000000000e+00   2.6953317587897100e+01
   9.0000000000000000e+00   2.6865488203959700e+01
   1.0000000000000000e+01   2.6614684611911802e+01
   1.1000000000000000e+01   2.6803256159779899e+01
   1.2000000000000000e+01   2.7059957558312298e+01
   1.3000000000000000e+01   2.7273715563986599e+01
   1.4000000000000000e+01   2.7364550660312400e+01
   1.5000000000000000e+01   2.7982426461282898e+01
   1.6000000000000000e+01   2.8553726114417000e+01
   1.7000000000000000e+01   2.8994646399419999e+01
   1.8000000000000000e+01   2.9029068139060200e+01
   1.9000000000000000e+01   2.9697311100065502e+01
   2.0000000000000000e+01   2.9718398428061100e+01
   2.1000000000000000e+01   2.9772459094443601e+01
   2.2000000000000000e+01   2.9818442821206698e+01
   2.3000000000000000e+01   2.9535321874398800e+01
   2.4000000000000000e+01   3.0129882663465299e+01
   2.5000000000000000e+01   3.0130507907994598e+01
   2.6000000000000000e+01   3.0455400857247501e+01
   2.7000000000000000e+01   3.0738437423738699e+01
   2.8000000000000000e+01   3.0785450114330700e+01
   2.9000000000000000e+01   3.0573471248832899e+01
   3.0000000000000000e+01   3.0350067622011501e+01
   3.1000000000000000e+01   3.0370498555102500e+01
   3.2000000000000000e+01   3.0182455107746101e+01
   3.3000000000000000e+01   3.0820251417031201e+01
   3.4000000000000000e+01   3.0767306732358300e+01
   3.5000000000000000e+01   3.0788814840081901e+01
   3.6000000000000000e+01   3.0709054135242301e+01
   3.7000000000000000e+01   3.0928509110008100e+01
   3.8000000000000000e+01   3.1348941084977501e+01
   3.9000000000000000e+01   3.1229465554471400e+01
   4.0000000000000000e+01   3.1143792570074400e+01
   4.1000000000000000e+01   3.1167069961401499e+01
   4.2000000000000000e+01   3.1041807147685599e+01
   4.3000000000000000e+01   3.0736542333921300e+01
   4.4000000000000000e+01   3.1209525343406401e+01
   4.5000000000000000e+01   3.0670679868507101e+01
   4.6000000000000000e+01   3.0938294930514701e+01
   4.7000000000000000e+01   3.1242807125331701e+01
   4.8000000000000000e+01   3.1364380856456101e+01
   4.9000000000000000e+01   3.1892772719031999e+01
   5.0000000000000000e+01   3.2160073850714703e+01
   5.1000000000000000e+01   3.2285992810204696e+01
   5.2000000000000000e+01   3.2354128144405102e+01
   5.3000000000000000e+01   3.2640840148025902e+01
   5.4000000000000000e+01   3.2363579736536899e+01
   5.5000000000000000e+01   3.2780942484137498e+01
   5.6000000000000000e+01   3.2536825014283899e+01
   5.7000000000000000e+01   3.2660413740443801e+01
   5.8000000000000000e+01   3.2055903322813698e+01
   5.9000000000000000e+01   3.1946415768476200e+01
   6.0000000000000000e+01   3.1871438104849599e+01
   6.1000000000000000e+01   3.1850174650652502e+01
   6.2000000000000000e+01   3.1889547328292998e+01
   6.3000000000000000e+01   3.1893372760503500e+01
   6.4000000000000000e+01   3.1952336261915001e+01
   6.5000000000000000e+01   3.1716936600761400e+01
   6.6000000000000000e+01   3.1435533242736401e+01
   6.7000000000000000e+01   3.1745313472435100e+01
   6.8000000000000000e+01   3.1928422321978701e+01
   6.9000000000000000e+01   3.2144561565274799e+01
   7.0000000000000000e+01   3.1899293992700901e+01
   7.1000000000000000e+01   3.2144324523855801e+01
   7.2000000000000000e+01   3.2463612511430199e+01
   7.3000000000000000e+01   3.3015467703409399e+01
   7.4000000000000000e+01   3.3064699520693601e+01
   7.5000000000000000e+01   3.3523877375375100e+01
   7.6000000000000000e+01   3.3408718111509998e+01
   7.7000000000000000e+01   3.3813229112424303e+01
   7.8000000000000000e+01   3.3920088246142498e+01
   7.9000000000000000e+01   3.3660288585923702e+01
   8.0000000000000000e+01   3.3708106653348203e+01
   8.1000000000000000e+01   3.4055193778637502e+01
   8.2000000000000000e+01   3.3370342256541200e+01
   8.3000000000000000e+01   3.3015662979273600e+01
   8.4000000000000000e+01   3.3079270724554704e+01
   8.5000000000000000e+01   3.3542519696167901e+01
   8.6000000000000000e+01   3.3607347936591900e+01
   8.7000000000000000e+01   3.3802994148430201e+01
   8.8000000000000000e+01   3.3829305735245200e+01
   8.9000000000000000e+01   3.3419717967558597e+01
   9.0000000000000000e+01   3.3115112611436203e+01
   9.1000000000000000e+01   3.2957251988166703e+01
   9.2000000000000000e+01   3.2796668839733897e+01
   9.3000000000000000e+01   3.3269895518094501e+01
   9.4000000000000000e+01   3.3132463197688601e+01
   9.5000000000000000e+01   3.3105592867365900e+01
   9.6000000000000000e+01   3.2987206788282101e+01
   9.7000000000000000e+01   3.3080240319738799e+01
   9.8000000000000000e+01   3.2866973167036598e+01
   9.9000000000000000e+01   3.3003332297287798e+01
   1.0000000000000000e+02   3.3148957952507502e+01
   1.0100000000000000e+02   3.3207844336603102e+01
   1.0200000000000000e+02   3.3392219852236202e+01
   1.0300000000000000e+02   3.3475226680761303e+01
   1.0400000000000000e+02   3.4193767619085698e+01
   1.0500000000000000e+02   3.3761579970413997e+01
   1.0600000000000000e+02   3.3795367889668597e+01
   1.0700000000000000e+02   3.4035915574464397e+01
   1.0800000000000000e+02   3.3955769510038500e+01
   1.0900000000000000e+02   3.3649628634194698e+01
   1.1000000000000000e+02   3.3639596234559399e+01
   1.1100000000000000e+02   3.3528698241941001e+01
   1.1200000000000000e+02   3.3809933568365601e+01
   1.1300000000000000e+02   3.3671956492641399e+01
   1.1400000000000000e+02   3.3094616014879101e+01
   1.1500000000000000e+02   3.3652566609431901e+01
   1.1600000000000000e+02   3.3916799548634700e+01
   1.1700000000000000e+02   3.3571256995980796e+01
   1.1800000000000000e+02   3.3136032844038198e+01
   1.1900000000000000e+02   3.3383646456843003e+01
   1.2000000000000000e+02   3.3652357438025803e+01
   1.2100000000000000e+02   3.3657641787205897e+01
   1.2200000000000000e+02   3.3255802412162602e+01
   1.2300000000000000e+02   3.2914150561657600e+01
   1.2400000000000000e+02   3.2756853326641803e+01
   1.2500000000000000e+02   3.2778041648157398e+01
   1.2600000000000000e+02   3.3073635870732900e+01
   1.2700000000000000e+02   3.3323372864439101e+01
   1.2800000000000000e+02   3.3592929735457197e+01
   1.2900000000000000e+02   3.3732491410990498e+01
   1.3000000000000000e+02   3.3917477175532298e+01
   1.3100000000000000e+02   3.3796829392866201e+01
   1.3200000000000000e+02   3.3891396086720199e+01
   1.3300000000000000e+02   3.3068691117849802e+01
   1.3400000000000000e+02   3.2843096484896797e+01
   1.3500000000000000e+02   3.3568090623445698e+01
   1.3600000000000000e+02   3.3711341283464698e+01
   1.3700000000000000e+02   3.3489910841350600e+01
   1.3800000000000000e+02   3.3646044832047203e+01
   1.3900000000000000e+02   3.3056575463568201e+01
   1.4000000000000000e+02   3.2761418390142403e+01
   1.4100000000000000e+02   3.2705055389241998e+01
   1.4200000000000000e+02   3.2430491056160498e+01
   1.4300000000000000e+02   3.2340447180435199e+01
   1.4400000000000000e+02   3.2140271135315899e+01
   1.4500000000000000e+02   3.2345033228979901e+01
   1.4600000000000000e+02   3.2006871038379401e+01
   1.4700000000000000e+02   3.1661378009648299e+01
   1.4800000000000000e+02   3.1628357374096101e+01
   1.4900000000000000e+02   3.1201995893802401e+01
   1.5000000000000000e+02   3.1408544849272900e+01
   1.5100000000000000e+02   3.1409203900162101e+01
   1.5200000000000000e+02   3.1291326466325600e+01
   1.5300000000000000e+02   3.1001868239554099e+01
   1.5400000000000000e+02   3.0800892075685301e+01
   1.5500000000000000e+02   3.0280045646627201e+01
   1.5600000000000000e+02   2.9989369860263100e+01
   1.5700000000000000e+02   2.9808746712940000e+01
   1.5800000000000000e+02   3.0053202482523400e+01
   1.5900000000000000e+02   2.9870259225928400e+01
   1.6000000000000000e+02   2.9850263014443900e+01
   1.6100000000000000e+02   2.9740763339032199e+01
   1.6200000000000000e+02   2.9728089084026301e+01
   1.6300000000000000e+02   2.9581556368396800e+01
   1.6400000000000000e+02   2.9718538005670599e+01
   1.6500000000000000e+02   3.0039216347298101e+01
   1.6600000000000000e+02   2.9806828360726499e+01
   1.6700000000000000e+02   2.9795901114012000e+01
   1.6800000000000000e+02   2.9738767492402900e+01
   1.6900000000000000e+02   2.9857724180501599e+01
   1.7000000000000000e+02   2.9722764334523902e+01
   1.7100000000000000e+02   2.9164156591343801e+01
   1.7200000000000000e+02   2.8803893504121699e+01
   1.7300000000000000e+02   2.8616424709431900e+01
   1.7400000000000000e+02   2.8259119602039100e+01
   1.7500000000000000e+02   2.8277836134843700e+01
   1.7600000000000000e+02   2.8157776790778499e+01
   1.7700000000000000e+02   2.7917096165269701e+01
   1.7800000000000000e+02   2.8095704776838701e+01
   1.7900000000000000e+02   2.7762953171844099e+01
   1.8000000000000000e+02   2.7786497906406499e+01
   1.8100000000000000e+02   2.7894513773466400e+01
   1.8200000000000000e+02   2.7941847929582000e+01
   1.8300000000000000e+02   2.8338276846857202e+01
   1.8400000000000000e+02   2.8180770377525000e+01
   1.8500000000000000e+02   2.8048128548254400e+01
   1.8600000000000000e+02   2.8223422255071899e+01
   1.8700000000000000e+02   2.8014128336022701e+01
   1.8800000000000000e+02   2.7780458063746600e+01
   1.8900000000000000e+02   2.8128251615652498e+01
   1.9000000000000000e+02   2.7811518618021100e+01
   1.9100000000000000e+02   2.7960882755322100e+01
   1.9200000000000000e+02   2.7677496308135002e+01
   1.9300000000000000e+02   2.7304967019481101e+01
   1.9400000000000000e+02   2.6676037850866901e+01
   1.9500000000000000e+02   2.5936696722665200e+01
   1.9600000000000000e+02   2.5702147246556901e+01
   1.9700000000000000e+02   2.5447535267175802e+01
   1.9800000000000000e+02   2.5219963470321900e+01
   1.9900000000000000e+02   2.5129606281227101e+01
   2.0000000000000000e+02   2.5157835610078301e+01
   2.0100000000000000e+02   2.5277998500636901e+01
   2.0200000000000000e+02   2.5525649632412399e+01
   2.0300000000000000e+02   2.5396972227552300e+01
   2.0400000000000000e+02   2.5065516456097100e+01
   2.0500000000000000e+02   2.4893482718771200e+01
   2.0600000000000000e+02   2.4779748893308401e+01
   2.0700000000000000e+02   2.4748268032594499e+01
   2.0800000000000000e+02   2.4656522850160702e+01
   2.0900000000000000e+02   2.4420480887029100e+01
   2.1000000000000000e+02   2.4000422334808700e+01
   2.1100000000000000e+02   2.4206802764292402e+01
   2.1200000000000000e+02   2.4227327205243000e+01
   2.1300000000000000e+02   2.4072330693462501e+01
   2.1400000000000000e+02   2.3350388493644601e+01
   2.1500000000000000e+02   2.3402886837277300e+01
   2.1600000000000000e+02   2.2564352713414099e+01
   2.1700000000000000e+02   2.2400185590066201e+01
   2.1800000000000000e+02   2.2565704892639001e+01
   2.1900000000000000e+02   2.2653989890743500e+01
   2.2000000000000000e+02   2.2202722805338901e+01
   2.2100000000000000e+02   2.1940595414419899e+01
   2.2200000000000000e+02   2.1482968081575098e+01
   2.2300000000000000e+02   2.1094928389257500e+01
   2.2400000000000000e+02   2.1336782223018101e+01
   2.2500000000000000e+02   2.0576450785161299e+01
   2.2600000000000000e+02   2.0249479536641601e+01
   2.2700000000000000e+02   2.0587907370401101e+01
   2.2800000000000000e+02   2.0477006421669000e+01
   2.2900000000000000e+02   2.0213716897270501e+01
   2.3000000000000000e+02   2.0011977588303701e+01
   2.3100000000000000e+02   1.9532391805709100e+01
   2.3200000000000000e+02   1.9541108268061102e+01
   2.3300000000000000e+02   1.9558267512290701e+01
   2.3400000000000000e+02   1.8899186596160401e+01
   2.3500000000000000e+02   1.8451384401487200e+01
   2.3600000000000000e+02   1.9057461559078199e+01
   2.3700000000000000e+02   1.8874318499927199e+01
   2.3800000000000000e+02   1.8012457354866701e+01
   2.3900000000000000e+02   1.8182498587444599e+01
   2.4000000000000000e+02   1.8101265122981101e+01
   2.4100000000000000e+02   1.7793335218149199e+01
   2.4200000000000000e+02   1.8186152125512500e+01
   2.4300000000000000e+02   1.7736052329781302e+01
   2.4400000000000000e+02   1.7402343250044499e+01
   2.4500000000000000e+02   1.7256663421430101e+01
   2.4600000000000000e+02   1.6934701528762201e+01
   2.4700000000000000e+02   1.6502114359964899e+01
   2.4800000000000000e+02   1.6287086330157099e+01
   2.4900000000000000e+02   1.6078353645680501e+01
   2.5000000000000000e+02   1.5923800565295700e+01
   2.5100000000000000e+02   1.5780620292772401e+01
   2.5200000000000000e+02   1.5736391352748401e+01
   2.5300000000000000e+02   1.5649312303085100e+01
   2.5400000000000000e+02   1.4973376588200299e+01
   2.5500000000000000e+02   1.5497458517042899e+01
   2.5600000000000000e+02   1.5037012751600299e+01
   2.5700000000000000e+02   1.4510219366476500e+01
   2.5800000000000000e+02   1.4488242335696601e+01
   2.5900000000000000e+02   1.4177601210002400e+01
   2.6000000000000000e+02   1.4061468298945400e+01
   2.6100000000000000e+02   1.3657307933667500e+01
   2.6200000000000000e+02   1.3046157976487899e+01
   2.6300000000000000e+02   1.3415925214543000e+01
   2.6400000000000000e+02   1.3212186147374100e+01
   2.6500000000000000e+02   1.3174885777718400e+01
   2.6600000000000000e+02   1.2948033589435100e+01
   2.6700000000000000e+02   1.2734880819090201e+01
   2.6800000000000000e+02   1.2281164060259499e+01
   2.6900000000000000e+02   1.2482927568752100e+01
   2.7000000000000000e+02   1.2481239269585300e+01
   2.7100000000000000e+02   1.2680362765337000e+01
   2.7200000000000000e+02   1.2174190091849200e+01
   2.7300000000000000e+02   1.1919702806119099e+01
   2.7400000000000000e+02   1.1832112806857500e+01
   2.7500000000000000e+02   1.1247742603741800e+01
   2.7600000000000000e+02   1.0964129889341800e+01
   2.7700000000000000e+02   1.1055602596270999e+01
   2.7800000000000000e+02   1.0565067181378000e+01
   2.7900000000000000e+02   1.0523369602690400e+01
   2.8000000000000000e+02   1.0338641640278800e+01
   2.8100000000000000e+02   1.0567683676210800e+01
   2.8200000000000000e+02   1.0499490043140000e+01
   2.8300000000000000e+02   9.8539746203255696e+00
   2.8400000000000000e+02   9.4261093909851308e+00
   2.8500000000000000e+02   9.1440456426288801e+00
   2.8600000000000000e+02   8.9614414550258292e+00
   2.8700000000000000e+02   8.6024065925507909e+00
   2.8800000000000000e+02   9.1104784011430606e+00
   2.8900000000000000e+02   8.7313080025149397e+00
   2.9000000000000000e+02   8.7543695625834399e+00
   2.9100000000000000e+02   8.4157118790514804e+00
   2.9200000000000000e+02   7.8257693055656103e+00
   2.9300000000000000e+02   7.8758071227511399e+00
   2.9400000000000000e+02   7.2520122236675801e+00
   2.9500000000000000e+02   6.9730722754999803e+00
   2.9600000000000000e+02   6.5967166671492503e+00
   2.9700000000000000e+02   6.0370963944936102e+00
   2.9800000000000000e+02   5.9637410623851403e+00
   2.9900000000000000e+02   5.3453045888313904e+00
   3.0000000000000000e+02   4.9542550602633204e+00
   3.0100000000000000e+02   4.2313840976093804e+00
   3.0200000000000000e+02   3.8549085357524699e+00
   3.0300000000000000e+02   3.3592727204912900e+00
   3.0400000000000000e+02   2.9253453012160202e+00
   3.0500000000000000e+02   2.8675904948116200e+00
   3.0600000000000000e+02   2.6925947443316001e+00
   3.0700000000000000e+02   1.8872122226831400e+00
   3.0800000000000000e+02   1.6718053441389400e+00
   3.0900000000000000e+02   2.1234388071945500e+00
   3.1000000000000000e+02   1.6099511081498401e+00
   3.1100000000000000e+02   1.2958338158834499e+00
   3.1200000000000000e+02   9.0418872056846800e-01
   3.1300000000000000e+02   1.3264406844077101e-01
   3.1400000000000000e+02  -1.8745134135355901e-01
   3.1500000000000000e+02  -3.7221295614269601e-01
   3.1600000000000000e+02  -5.5033218985174803e-01
   3.1700000000000000e+02  -5.6381726979617797e-01
   3.1800000000000000e+02  -6.9238047439873496e-01
   3.1900000000000000e+02  -7.7032510258829701e-01
   3.2000000000000000e+02  -1.1829654167670201e+00
   3.2100000000000000e+02  -1.1682883293540700e+00
   3.2200000000000000e+02  -1.3611887941863801e+00
   3.2300000000000000e+02  -1.4112632121868001e+00
   3.2400000000000000e+02  -1.5359655770318901e+00
   3.2500000000000000e+02  -1.7873203179872801e+00
   3.2600000000000000e+02  -1.6676440827020800e+00
   3.2700000000000000e+02  -1.9431940604787801e+00
   3.2800000000000000e+02  -2.3648525560759901e+00
   3.2900000000000000e+02  -2.4660078611334502e+00
   3.3000000000000000e+02  -2.0956048248266099e+00
   3.3100000000000000e+02  -1.9753461978194899e+00
   3.3200000000000000e+02  -2.3475584858468799e+00
   3.3300000000000000e+02  -3.1595499095048698e+00
   3.3400000000000000e+02  -3.9188807989062600e+00
   3.3500000000000000e+02  -4.6877844445487504e+00
   3.3600000000000000e+02  -5.0786357098732697e+00
   3.3700000000000000e+02  -5.9470690028414603e+00
   3.3800000000000000e+02  -5.9875337749534099e+00
   3.3900000000000000e+02  -6.2733174601705999e+00
   3.4000000000000000e+02  -6.4417110185119801e+00
   3.4100000000000000e+02  -6.7409997981871204e+00
   3.4200000000000000e+02  -7.4712316251780599e+00
   3.4300000000000000e+02  -7.8918884597842398e+00
   3.4400000000000000e+02  -8.5216240954194102e+00
   3.4500000000000000e+02  -8.2041729227045206e+00
   3.4600000000000000e+02  -8.8437188451056805e+00
   3.4700000000000000e+02  -9.0522918816582205e+00
   3.4800000000000000e+02  -9.2566077615217797e+00
   3.4900000000000000e+02  -1.0172730324154500e+01
   3.5000000000000000e+02  -1.0393730568043100e+01
   3.5100000000000000e+02  -1.0975544299842101e+01
   3.5200000000000000e+02  -1.1788960102975400e+01
   3.5300000000000000e+02  -1.1690061014777500e+01
   3.5400000000000000e+02  -1.2134664529782400e+01
   3.5500000000000000e+02  -1.2711732189130300e+01
   3.5600000000000000e+02  -1.3318524482958599e+01
   3.5700000000000000e+02  -1.3606689351972401e+01
   3.5800000000000000e+02  -1.3757630065383500e+01
   3.5900000000000000e+02  -1.4022091808920701e+01
   3.6000000000000000e+02  -1.4314941481440700e+01
   3.6100000000000000e+02  -1.4741938279672500e+01
   3.6200000000000000e+02  -1.5772917742909501e+01
   3.6300000000000000e+02  -1.5990585350915699e+01
   3.6400000000000000e+02  -1.6283859086994500e+01
   3.6500000000000000e+02  -1.7230843064175499e+01
   3.6600000000000000e+02  -1.7528240555629399e+01
   3.6700000000000000e+02  -1.8222453675778400e+01
   3.6800000000000000e+02  -1.8814209565924600e+01
   3.6900000000000000e+02  -1.9497072075502601e+01
   3.7000000000000000e+02  -1.9863241995618001e+01
   3.7100000000000000e+02  -2.0311156328294299e+01
   3.7200000000000000e+02  -2.0720751808201399e+01
   3.7300000000000000e+02  -2.1152468293467901e+01
   3.7400000000000000e+02  -2.1616170503940801e+01
   3.7500000000000000e+02  -2.1815086914821400e+01
   3.7600000000000000e+02  -2.2058899306770801e+01
   3.7700000000000000e+02  -2.2671993412181301e+01
   3.7800000000000000e+02  -2.2917988236986002e+01
   3.7900000000000000e+02  -2.4006304101061801e+01
   3.8000000000000000e+02  -2.4275816118534099e+01
   3.8100000000000000e+02  -2.4919972856737299e+01
   3.8200000000000000e+02  -2.6018816096543802e+01
   3.8300000000000000e+02  -2.6387183580081199e+01
   3.8400000000000000e+02  -2.7167364502299900e+01
   3.8500000000000000e+02  -2.7543014154501101e+01
   3.8600000000000000e+02  -2.8214337281620200e+01
   3.8700000000000000e+02  -2.9179672225459701e+01
   3.8800000000000000e+02  -3.0058030237871201e+01
   3.8900000000000000e+02  -3.0875730395133601e+01
   3.9000000000000000e+02  -3.1195592823389401e+01
   3.9100000000000000e+02  -3.2156894957117899e+01
   3.9200000000000000e+02  -3.3303351665017701e+01
   3.9300000000000000e+02  -3.3666676217247300e+01
   3.9400000000000000e+02  -3.4234731483704699e+01
   3.9500000000000000e+02  -3.5423884366755800e+01
   3.9600000000000000e+02  -3.6467510968053297e+01
   3.9700000000000000e+02  -3.7147398871754604e+01
   3.9800000000000000e+02  -3.7592388891324099e+01
   3.9900000000000000e+02  -3.8183405651939701e+01
   4.0000000000000000e+02  -3.9168055123416401e+01
   4.0100000000000000e+02  -3.9565286320157099e+01
   4.0200000000000000e+02  -4.0431375580876399e+01
   4.0300000000000000e+02  -4.0912127350649897e+01
   4.0400000000000000e+02  -4.1179140935356102e+01
   4.0500000000000000e+02  -4.1961228491745999e+01
   4.0600000000000000e+02  -4.2807398743701199e+01
   4.0700000000000000e+02  -4.3694441457287098e+01
   4.0800000000000000e+02  -4.4384783994338598e+01
   4.0900000000000000e+02  -4.5469192130610800e+01
   4.1000000000000000e+02  -4.5672283662094799e+01
   4.1100000000000000e+02  -4.5783002076516901e+01
   4.1200000000000000e+02  -4.6224010346855003e+01
   4.1300000000000000e+02  -4.6348272767766701e+01
   4.1400000000000000e+02  -4.7303723948210397e+01
   4.1500000000000000e+02  -4.7777138936845098e+01
   4.1600000000000000e+02  -4.8878486780591501e+01
   4.1700000000000000e+02  -4.9884319419727298e+01
   4.1800000000000000e+02  -5.0530903861207499e+01
   4.1900000000000000e+02  -5.0905764806462201e+01
   4.2000000000000000e+02  -5.1459340619780598e+01
   4.2100000000000000e+02  -5.2011421835165798e+01
   4.2200000000000000e+02  -5.2760539884019899e+01
   4.2300000000000000e+02  -5.3510561803761099e+01
   4.2400000000000000e+02  -5.3970406038542897e+01
   4.2500000000000000e+02  -5.4837762968745700e+01
   4.2600000000000000e+02  -5.5726185794545799e+01
   4.2700000000000000e+02  -5.6252128463154598e+01
   4.2800000000000000e+02  -5.6940736271361899e+01
   4.2900000000000000e+02  -5.7615060885956503e+01
   4.3000000000000000e+02  -5.8570715485478800e+01
   4.3100000000000000e+02  -5.8850185706599802e+01
   4.3200000000000000e+02  -5.9171152206023599e+01
   4.3300000000000000e+02  -5.9917387009075703e+01
   4.3400000000000000e+02  -6.0791024277800602e+01
   4.3500000000000000e+02  -6.0985906505272702e+01
   4.3600000000000000e+02  -6.1767418301767997e+01
   4.3700000000000000e+02  -6.2397086499427097e+01
   4.3800000000000000e+02  -6.3449836019227199e+01
   4.3900000000000000e+02  -6.3553272967896000e+01
   4.4000000000000000e+02  -6.4569297383759803e+01
   4.4100000000000000e+02  -6.5074648614362701e+01
   4.4200000000000000e+02  -6.5667581806292603e+01
   4.4300000000000000e+02  -6.6313800060999995e+01
   4.4400000000000000e+02  -6.6828316416365297e+01
   4.4500000000000000e+02  -6.7478098454550903e+01
   4.4600000000000000e+02  -6.8233139437183993e+01
   4.4700000000000000e+02  -6.9128339392233201e+01
   4.4800000000000000e+02  -6.9384669279576499e+01
   4.4900000000000000e+02  -6.9748158364587994e+01
   4.5000000000000000e+02  -7.0133407184250601e+01
   4.5100000000000000e+02  -7.0214063563993804e+01
   4.5200000000000000e+02  -7.0704792602980106e+01
   4.5300000000000000e+02  -7.0254238517917003e+01
   4.5400000000000000e+02  -7.1105900423794097e+01
   4.5500000000000000e+02  -7.0919433631436704e+01
   4.5600000000000000e+02  -7.1001587884427394e+01
   4.5700000000000000e+02  -7.1729081308476594e+01
   4.5800000000000000e+02  -7.1742419344910004e+01
   4.5900000000000000e+02  -7.1575149747548295e+01
   4.6000000000000000e+02  -7.1909721529984097e+01
   4.6100000000000000e+02  -7.1645111974955299e+01
   4.6200000000000000e+02  -7.1827649989169501e+01
   4.6300000000000000e+02  -7.2138453358991100e+01
   4.6400000000000000e+02  -7.2312820032007096e+01
   4.6500000000000000e+02  -7.2388443386513103e+01
   4.6600000000000000e+02  -7.2318887806504307e+01
   4.6700000000000000e+02  -7.2437979238195993e+01
   4.6800000000000000e+02  -7.2479910029859596e+01
   4.6900000000000000e+02  -7.2502006400407296e+01
   4.7000000000000000e+02  -7.3634550122432401e+01
   4.7100000000000000e+02  -7.3981122161005104e+01
   4.7200000000000000e+02  -7.4529536883669707e+01
   4.7300000000000000e+02  -7.4824990514342204e+01
   4.7400000000000000e+02  -7.5001660442135105e+01
   4.7500000000000000e+02  -7.5155841035019407e+01
   4.7600000000000000e+02  -7.5085817838845699e+01
   4.7700000000000000e+02  -7.5036300264512803e+01
   4.7800000000000000e+02  -7.5455697154769098e+01
   4.7900000000000000e+02  -7.5598143839192900e+01
   4.8000000000000000e+02  -7.5524976254210102e+01
   4.8100000000000000e+02  -7.5634267835314603e+01
   4.8200000000000000e+02  -7.5387091000170102e+01
   4.8300000000000000e+02  -7.5315481134116894e+01
   4.8400000000000000e+02  -7.5295174279539395e+01
   4.8500000000000000e+02  -7.5409655601358494e+01
   4.8600000000000000e+02  -7.5318564485557104e+01
   4.8700000000000000e+02  -7.4941904514459793e+01
   4.8800000000000000e+02  -7.5007017766898400e+01
   4.8900000000000000e+02  -7.4886445723967299e+01
   4.9000000000000000e+02  -7.4972300909193294e+01
   4.9100000000000000e+02  -7.5319561881760507e+01
   4.9200000000000000e+02  -7.5506566861682302e+01
   4.9300000000000000e+02  -7.5531114250434499e+01
   4.9400000000000000e+02  -7.5767663277965895e+01
   4.9500000000000000e+02  -7.5458583158742499e+01
   4.9600000000000000e+02  -7.5457734922671506e+01
   4.9700000000000000e+02  -7.5709187062517998e+01
   4.9800000000000000e+02  -7.5674352083940093e+01
   4.9900000000000000e+02  -7.5416903690028207e+01
   5.0000000000000000e+02  -7.5821590792142104e+01
   5.0100000000000000e+02  -7.5633809359395798e+01
   5.0200000000000000e+02  -7.5516225644138999e+01
   5.0300000000000000e+02  -7.5361264106431605e+01
   5.0400000000000000e+02  -7.4927414561849005e+01
   5.0500000000000000e+02  -7.5276303389711103e+01
   5.0600000000000000e+02  -7.5025207725150693e+01
   5.0700000000000000e+02  -7.5237041016045396e+01
   5.0800000000000000e+02  -7.5008961174653194e+01
   5.0900000000000000e+02  -7.4942741411611493e+01
   5.1000000000000000e+02  -7.5093660089064102e+01
   5.1100000000000000e+02  -7.5349274949401305e+01
   5.1200000000000000e+02  -7.5498101191443695e+01
   5.1300000000000000e+02  -7.5507950758505999e+01
   5.1400000000000000e+02  -7.5337846071235404e+01
   5.1500000000000000e+02  -7.5547008930078505e+01
   5.1600000000000000e+02  -7.5732111731155996e+01
   5.1700000000000000e+02  -7.5609366820013605e+01
   5.1800000000000000e+02  -7.5250780226305906e+01
   5.1900000000000000e+02  -7.5773111411608696e+01
   5.2000000000000000e+02  -7.6054030886179802e+01
   5.2100000000000000e+02  -7.5893059509091003e+01
   5.2200000000000000e+02  -7.6381022679269606e+01
   5.2300000000000000e+02  -7.6540067455606206e+01
   5.2400000000000000e+02  -7.6911378474745902e+01
   5.2500000000000000e+02  -7.6584076563131902e+01
   5.2600000000000000e+02  -7.6738046041849898e+01
   5.2700000000000000e+02  -7.6607721624653095e+01
   5.2800000000000000e+02  -7.6108462233678196e+01
   5.2900000000000000e+02  -7.6182107284796501e+01
   5.3000000000000000e+02  -7.6530632355355294e+01
   5.3100000000000000e+02  -7.6496989410294205e+01
   5.3200000000000000e+02  -7.6838728414263400e+01
   5.3300000000000000e+02  -7.6480350456299007e+01
   5.3400000000000000e+02  -7.6055859917878706e+01
   5.3500000000000000e+02  -7.6459464144082204e+01
   5.3600000000000000e+02  -7.6111918560283698e+01
   5.3700000000000000e+02  -7.6165451651543293e+01
   5.3800000000000000e+02  -7.6171625323152497e+01
   5.3900000000000000e+02  -7.6335392228323698e+01
   5.4000000000000000e+02  -7.6036635499804902e+01
   5.4100000000000000e+02  -7.6502866771853704e+01
   5.4200000000000000e+02  -7.6612376093104501e+01
   5.4300000000000000e+02  -7.6881341533427801e+01
   5.4400000000000000e+02  -7.6904146154474006e+01
   5.4500000000000000e+02  -7.6690954912082006e+01
   5.4600000000000000e+02  -7.6389461129238995e+01
   5.4700000000000000e+02  -7.6189036046368400e+01
   5.4800000000000000e+02  -7.5603516027540195e+01
   5.4900000000000000e+02  -7.6063685714106100e+01
   5.5000000000000000e+02  -7.6143452199504296e+01
   5.5100000000000000e+02  -7.6410979159521503e+01
   5.5200000000000000e+02  -7.6802554523582202e+01
   5.5300000000000000e+02  -7.6549165933797894e+01
   5.5400000000000000e+02  -7.6816346413024206e+01
   5.5500000000000000e+02  -7.6640115115665495e+01
   5.5600000000000000e+02  -7.6307042249078705e+01
   5.5700000000000000e+02  -7.5851868825890193e+01
   5.5800000000000000e+02  -7.5899269304892300e+01
   5.5900000000000000e+02  -7.5799166100632704e+01
   5.6000000000000000e+02  -7.5874353740615405e+01
   5.6100000000000000e+02  -7.5126526794656797e+01
   5.6200000000000000e+02  -7.5024591329396003e+01
   5.6300000000000000e+02  -7.4288022830850295e+01
   5.6400000000000000e+02  -7.3860350459595907e+01
   5.6500000000000000e+02  -7.3632030642298901e+01
   5.6600000000000000e+02  -7.4151822775454306e+01
   5.6700000000000000e+02  -7.4459277744612706e+01
   5.6800000000000000e+02  -7.4159654982425295e+01
   5.6900000000000000e+02  -7.3898946902279903e+01
   5.7000000000000000e+02  -7.3773336711555302e+01
   5.7100000000000000e+02  -7.3394455248313605e+01
   5.7200000000000000e+02  -7.3428325847195694e+01
   5.7300000000000000e+02  -7.3214309184205405e+01
   5.7400000000000000e+02  -7.3543934279313802e+01
   5.7500000000000000e+02  -7.3714562619084901e+01
   5.7600000000000000e+02  -7.3428960568218699e+01
   5.7700000000000000e+02  -7.3144277273849696e+01
   5.7800000000000000e+02  -7.3179588943283207e+01
   5.7900000000000000e+02  -7.2819488973702093e+01
   5.8000000000000000e+02  -7.2629234371026001e+01
   5.8100000000000000e+02  -7.2334774317230398e+01
   5.8200000000000000e+02  -7.2075443368403199e+01
   5.8300000000000000e+02  -7.1933726488695797e+01
   5.8400000000000000e+02  -7.2617580535296199e+01
   5.8500000000000000e+02  -7.2582015522790201e+01
   5.8600000000000000e+02  -7.2809885785857702e+01
   5.8700000000000000e+02  -7.2345853389083103e+01
   5.8800000000000000e+02  -7.2115642573565097e+01
   5.8900000000000000e+02  -7.1824166807711606e+01
   5.9000000000000000e+02  -7.1825468871605196e+01
   5.9100000000000000e+02  -7.2097337642085506e+01
   5.9200000000000000e+02  -7.2205870095309393e+01
   5.9300000000000000e+02  -7.2165841084209006e+01
   5.9400000000000000e+02  -7.2373578674060795e+01
   5.9500000000000000e+02  -7.1988201999449203e+01
   5.9600000000000000e+02  -7.1965340721310696e+01
   5.9700000000000000e+02  -7.2120913740454000e+01
   5.9800000000000000e+02  -7.1905106022640695e+01
   5.9900000000000000e+02  -7.1486499588290002e+01
   6.0000000000000000e+02  -7.1980419834327805e+01
   6.0100000000000000e+02  -7.2146929341362707e+01
   6.0200000000000000e+02  -7.2075590917906794e+01
   6.0300000000000000e+02  -7.2489308485174405e+01
   6.0400000000000000e+02  -7.2686491514153701e+01
   6.0500000000000000e+02  -7.3096130413639699e+01
   6.0600000000000000e+02  -7.3646926152170394e+01
   6.0700000000000000e+02  -7.3948882274994702e+01
   6.0800000000000000e+02  -7.3755426216135604e+01
   6.0900000000000000e+02  -7.3173087564071395e+01
   6.1000000000000000e+02  -7.3368266906497496e+01
   6.1100000000000000e+02  -7.3614782811767299e+01
   6.1200000000000000e+02  -7.3815910961314600e+01
   6.1300000000000000e+02  -7.3864137746180702e+01
   6.1400000000000000e+02  -7.3847308823401704e+01
   6.1500000000000000e+02  -7.4301694627403705e+01
   6.1600000000000000e+02  -7.4016205123725300e+01
   6.1700000000000000e+02  -7.4208604856535203e+01
   6.1800000000000000e+02  -7.4757908864947893e+01
   6.1900000000000000e+02  -7.4516828990226500e+01
   6.2000000000000000e+02  -7.4587672894637095e+01
   6.2100000000000000e+02  -7.4164842132005404e+01
   6.2200000000000000e+02  -7.4840442641629096e+01
   6.2300000000000000e+02  -7.4655204173428004e+01
   6.2400000000000000e+02  -7.4638102203803797e+01
   6.2500000000000000e+02  -7.4487865075090298e+01
   6.2600000000000000e+02  -7.4661889915003499e+01
   6.2700000000000000e+02  -7.4746099187764898e+01
   6.2800000000000000e+02  -7.4671327546995698e+01
   6.2900000000000000e+02  -7.4819048703491802e+01
   6.3000000000000000e+02  -7.4661984886166493e+01
   6.3100000000000000e+02  -7.4745098073366904e+01
   6.3200000000000000e+02  -7.5469461375439195e+01
   6.3300000000000000e+02  -7.4988286794268305e+01
   6.3400000000000000e+02  -7.4843234791567895e+01
   6.3500000000000000e+02  -7.4434357524819603e+01
   6.3600000000000000e+02  -7.4013712051048302e+01
   6.3700000000000000e+02  -7.4146997384073899e+01
   6.3800000000000000e+02  -7.4406280762220305e+01
   6.3900000000000000e+02  -7.4266515679813395e+01
   6.4000000000000000e+02  -7.4279631973980798e+01
   6.4100000000000000e+02  -7.4158228837409695e+01
   6.4200000000000000e+02  -7.4430734052124905e+01
   6.4300000000000000e+02  -7.4130579666567201e+01
   6.4400000000000000e+02  -7.4189425630462594e+01
   6.4500000000000000e+02  -7.4122353000295107e+01
   6.4600000000000000e+02  -7.4007870146711895e+01
   6.4700000000000000e+02  -7.3051953215469197e+01
   6.4800000000000000e+02  -7.2882248418840106e+01
   6.4900000000000000e+02  -7.3018875693318293e+01
   6.5000000000000000e+02  -7.3050350961851294e+01
   6.5100000000000000e+02  -7.2977417517982204e+01
   6.5200000000000000e+02  -7.3566773552230998e+01
   6.5300000000000000e+02  -7.3439415777234103e+01
   6.5400000000000000e+02  -7.3293025168562195e+01
   6.5500000000000000e+02  -7.3510164043911303e+01
   6.5600000000000000e+02  -7.3561335863682004e+01
   6.5700000000000000e+02  -7.3573278253291306e+01
   6.5800000000000000e+02  -7.2967320133779594e+01
   6.5900000000000000e+02  -7.3251097277964902e+01
   6.6000000000000000e+02  -7.3583027659793700e+01
   6.6100000000000000e+02  -7.3614179019913394e+01
   6.6200000000000000e+02  -7.3777205494779096e+01
   6.6300000000000000e+02  -7.4032794210606397e+01
   6.6400000000000000e+02  -7.4356450194213195e+01
   6.6500000000000000e+02  -7.4272121038861897e+01
   6.6600000000000000e+02  -7.4611784562580596e+01
   6.6700000000000000e+02  -7.5159848708298796e+01
   6.6800000000000000e+02  -7.5272080874452698e+01
   6.6900000000000000e+02  -7.5192147912863604e+01
   6.7000000000000000e+02  -7.5048865717030196e+01
   6.7100000000000000e+02  -7.5236686478907899e+01
   6.7200000000000000e+02  -7.5337911049418395e+01
   6.7300000000000000e+02  -7.4843856650922902e+01
   6.7400000000000000e+02  -7.5103997453696707e+01
   6.7500000000000000e+02  -7.5097877795420999e+01
   6.7600000000000000e+02  -7.4630245914826105e+01
   6.7700000000000000e+02  -7.4976732147196600e+01
   6.7800000000000000e+02  -7.4970893527267293e+01
   6.7900000000000000e+02  -7.4823359707849505e+01
   6.8000000000000000e+02  -7.5176880043940798e+01
   6.8100000000000000e+02  -7.4785019015239200e+01
   6.8200000000000000e+02  -7.4864277093362006e+01
   6.8300000000000000e+02  -7.4798655461815599e+01
   6.8400000000000000e+02  -7.5023864488479305e+01
   6.8500000000000000e+02  -7.4583092644844996e+01
   6.8600000000000000e+02  -7.4065001886233205e+01
   6.8700000000000000e+02  -7.4076488516547798e+01
   6.8800000000000000e+02  -7.4697857001613400e+01
   6.8900000000000000e+02  -7.4374852556418105e+01
   6.9000000000000000e+02  -7.4633849081104302e+01
   6.9100000000000000e+02  -7.4694521897724499e+01
   6.9200000000000000e+02  -7.5180176163811296e+01
   6.9300000000000000e+02  -7.5214230313897104e+01
   6.9400000000000000e+02  -7.5085243638168194e+01
   6.9500000000000000e+02  -7.4822198028178803e+01
   6.9600000000000000e+02  -7.5022172993989003e+01
   6.9700000000000000e+02  -7.4962641310961899e+01
   6.9800000000000000e+02  -7.5075768028420299e+01
   6.9900000000000000e+02  -7.4679319343151107e+01
   7.0000000000000000e+02  -7.4841626631668206e+01
   7.0100000000000000e+02  -7.4875350994195102e+01
   7.0200000000000000e+02  -7.4321614697419193e+01
   7.0300000000000000e+02  -7.4552754081926295e+01
   7.0400000000000000e+02  -7.4653760154074206e+01
   7.0500000000000000e+02  -7.4759508055064202e+01
   7.0600000000000000e+02  -7.4377339198728805e+01
   7.0700000000000000e+02  -7.4064442409383702e+01
   7.0800000000000000e+02  -7.4034295469428102e+01
   7.0900000000000000e+02  -7.4028154588692701e+01
   7.1000000000000000e+02  -7.4150076139983696e+01
   7.1100000000000000e+02  -7.4086059455301793e+01
   7.1200000000000000e+02  -7.4272973452133101e+01
   7.1300000000000000e+02  -7.4478886774416793e+01
   7.1400000000000000e+02  -7.4925447238436902e+01
   7.1500000000000000e+02  -7.4627845440966396e+01
   7.1600000000000000e+02  -7.4272517248118604e+01
   7.1700000000000000e+02  -7.3653950338049199e+01
   7.1800000000000000e+02  -7.3411871149541994e+01
   7.1900000000000000e+02  -7.3258786821494795e+01
   7.2000000000000000e+02  -7.3064633978094506e+01
   7.2100000000000000e+02  -7.2914589111897797e+01
   7.2200000000000000e+02  -7.2576319576068997e+01
   7.2300000000000000e+02  -7.2570664318404496e+01
   7.2400000000000000e+02  -7.2478011657520398e+01
   7.2500000000000000e+02  -7.2178255509346698e+01
   7.2600000000000000e+02  -7.1805895987379998e+01
   7.2700000000000000e+02  -7.2413342242083402e+01
   7.2800000000000000e+02  -7.2094787736424905e+01
   7.2900000000000000e+02  -7.2129706490104795e+01
   7.3000000000000000e+02  -7.1562312988334497e+01
   7.3100000000000000e+02  -7.1377899807062605e+01
   7.3200000000000000e+02  -7.1196300499623504e+01
   7.3300000000000000e+02  -7.1102504337704502e+01
   7.3400000000000000e+02  -7.1004535212462301e+01
   7.3500000000000000e+02  -7.1079132857687000e+01
   7.3600000000000000e+02  -7.1621613831507005e+01
   7.3700000000000000e+02  -7.1860456061882800e+01
   7.3800000000000000e+02  -7.1395208938959698e+01
   7.3900000000000000e+02  -7.1320987276449699e+01
   7.4000000000000000e+02  -7.1019645666536704e+01
   7.4100000000000000e+02  -7.1528538440907695e+01
   7.4200000000000000e+02  -7.1817694054475893e+01
   7.4300000000000000e+02  -7.1730913319405502e+01
   7.4400000000000000e+02  -7.1606238495686199e+01
   7.4500000000000000e+02  -7.1025364135925599e+01
   7.4600000000000000e+02  -7.0851012372794997e+01
   7.4700000000000000e+02  -7.1042248404787998e+01
   7.4800000000000000e+02  -7.0924802923230004e+01
   7.4900000000000000e+02  -7.1173739482534003e+01
   7.5000000000000000e+02  -7.1353073154784894e+01
   7.5100000000000000e+02  -7.1017041530876398e+01
   7.5200000000000000e+02  -7.0847265371904598e+01
   7.5300000000000000e+02  -7.0364663201633704e+01
   7.5400000000000000e+02  -6.9834544399147106e+01
   7.5500000000000000e+02  -6.9470559282727095e+01
   7.5600000000000000e+02  -6.9642390380851296e+01
   7.5700000000000000e+02  -6.9974208662813695e+01
   7.5800000000000000e+02  -6.9903724289060804e+01
   7.5900000000000000e+02  -6.9172653841408703e+01
   7.6000000000000000e+02  -6.9278918741745997e+01
   7.6100000000000000e+02  -6.8640622557642999e+01
   7.6200000000000000e+02  -6.8811567516666003e+01
   7.6300000000000000e+02  -6.9065761725416493e+01
   7.6400000000000000e+02  -6.8684121845586503e+01
   7.6500000000000000e+02  -6.9006582968985299e+01
   7.6600000000000000e+02  -6.8669222866438403e+01
   7.6700000000000000e+02  -6.8432622992784005e+01
   7.6800000000000000e+02  -6.8906455039161003e+01
   7.6900000000000000e+02  -6.8732949375130303e+01
   7.7000000000000000e+02  -6.8784084926204500e+01
   7.7100000000000000e+02  -6.8774291792229505e+01
   7.7200000000000000e+02  -6.8996721631780204e+01
   7.7300000000000000e+02  -6.8995610458263599e+01
   7.7400000000000000e+02  -6.8507394125336205e+01
   7.7500000000000000e+02  -6.8491422863256204e+01
   7.7600000000000000e+02  -6.8989909984115499e+01
   7.7700000000000000e+02  -6.8624217399875405e+01
   7.7800000000000000e+02  -6.8798009475955396e+01
   7.7900000000000000e+02  -6.8596694286040602e+01
   7.8000000000000000e+02  -6.8864254523180506e+01
   7.8100000000000000e+02  -6.8924740199265599e+01
   7.8200000000000000e+02  -6.9008129788668697e+01
   7.8300000000000000e+02  -6.9094814684402706e+01
   7.8400000000000000e+02  -6.8884726709331304e+01
   7.8500000000000000e+02  -6.8891464438879296e+01
   7.8600000000000000e+02  -6.8875299208396399e+01
   7.8700000000000000e+02  -6.8716093577248003e+01
   7.8800000000000000e+02  -6.8707795847304496e+01
   7.8900000000000000e+02  -6.8728741228983296e+01
   7.9000000000000000e+02  -6.8584299432885004e+01
   7.9100000000000000e+02  -6.8361045789081800e+01
   7.9200000000000000e+02  -6.8336336620262799e+01
   7.9300000000000000e+02  -6.8518245240164106e+01
   7.9400000000000000e+02  -6.8674551691301104e+01
   7.9500000000000000e+02  -6.8907296489211305e+01
   7.9600000000000000e+02  -6.8882194291991695e+01
   7.9700000000000000e+02  -6.8985570945574295e+01
   7.9800000000000000e+02  -6.8816470541965700e+01
   7.9900000000000000e+02  -6.8793584920467495e+01
   8.0000000000000000e+02  -6.8517574227230597e+01
   8.0100000000000000e+02  -6.8558667494631905e+01
   8.0200000000000000e+02  -6.8662936304727296e+01
   8.0300000000000000e+02  -6.8062154522716597e+01
   8.0400000000000000e+02  -6.8246423340414694e+01
   8.0500000000000000e+02  -6.8865723793260898e+01
   8.0600000000000000e+02  -6.9231816158020607e+01
   8.0700000000000000e+02  -6.9074339514312797e+01
   8.0800000000000000e+02  -6.8679209920033998e+01
   8.0900000000000000e+02  -6.8696777050379197e+01
   8.1000000000000000e+02  -6.8747635190074504e+01
   8.1100000000000000e+02  -6.9077607743122002e+01
   8.1200000000000000e+02  -6.9340914646918193e+01
   8.1300000000000000e+02  -6.9214557221513402e+01
   8.1400000000000000e+02  -6.9184880052928506e+01
   8.1500000000000000e+02  -6.8999655273040403e+01
   8.1600000000000000e+02  -6.8860503763881297e+01
   8.1700000000000000e+02  -6.8846724378328702e+01
   8.1800000000000000e+02  -6.8475804591666900e+01
   8.1900000000000000e+02  -6.8585173800733500e+01
   8.2000000000000000e+02  -6.8391259460845603e+01
   8.2100000000000000e+02  -6.8243556969699995e+01
   8.2200000000000000e+02  -6.7963142797532498e+01
   8.2300000000000000e+02  -6.7794016861136200e+01
   8.2400000000000000e+02  -6.7784076450588302e+01
   8.2500000000000000e+02  -6.7853870728988298e+01
   8.2600000000000000e+02  -6.7899922550341600e+01
   8.2700000000000000e+02  -6.7882586745302802e+01
   8.2800000000000000e+02  -6.7916488718292101e+01
   8.2900000000000000e+02  -6.7834352942035807e+01
   8.3000000000000000e+02  -6.7866527161106404e+01
   8.3100000000000000e+02  -6.7825004868597802e+01
   8.3200000000000000e+02  -6.7810138867561804e+01
   8.3300000000000000e+02  -6.7638296259075204e+01
   8.3400000000000000e+02  -6.7242219646193703e+01
   8.3500000000000000e+02  -6.7068608634887298e+01
   8.3600000000000000e+02  -6.6798169387694301e+01
   8.3700000000000000e+02  -6.6640604424817795e+01
   8.3800000000000000e+02  -6.6312109919587400e+01
   8.3900000000000000e+02  -6.6347264439222897e+01
   8.4000000000000000e+02  -6.6021103210983597e+01
   8.4100000000000000e+02  -6.5846449213708297e+01
   8.4200000000000000e+02  -6.5106336755054798e+01
   8.4300000000000000e+02  -6.5150669470008793e+01
   8.4400000000000000e+02  -6.4754319888256802e+01
   8.4500000000000000e+02  -6.4437256050908104e+01
   8.4600000000000000e+02  -6.3612640771299901e+01
   8.4700000000000000e+02  -6.3123094860305301e+01
   8.4800000000000000e+02  -6.2337650056364303e+01
   8.4900000000000000e+02  -6.1813369662719502e+01
   8.5000000000000000e+02  -6.0487955591212298e+01
   8.5100000000000000e+02  -5.9737022519558998e+01
   8.5200000000000000e+02  -5.7990011199073003e+01
   8.5300000000000000e+02  -5.5523610882670603e+01
   8.5400000000000000e+02  -5.1293538701705003e+01
   8.5500000000000000e+02  -4.0347871007956400e+01
   8.5600000000000000e+02  -1.8227562810626200e+01
