  -1.0000000000000000e+02  -7.1372798537404606e+01
  -9.9000000000000000e+01  -7.1538535121077203e+01
  -9.8000000000000000e+01  -7.1286377176619894e+01
  -9.7000000000000000e+01  -7.1809627983835298e+01
  -9.6000000000000000e+01  -7.1939330991398094e+01
  -9.5000000000000000e+01  -7.1698096190451693e+01
  -9.4000000000000000e+01  -7.1189270361115106e+01
  -9.3000000000000000e+01  -7.1263897206195395e+01
  -9.2000000000000000e+01  -7.1582687927001203e+01
  -9.1000000000000000e+01  -7.1380534294007305e+01
  -9.0000000000000000e+01  -7.1590481137181897e+01
  -8.9000000000000000e+01  -7.1948133913049901e+01
  -8.8000000000000000e+01  -7.1977266478976802e+01
  -8.7000000000000000e+01  -7.1746023631238202e+01
  -8.6000000000000000e+01  -7.1737113565718701e+01
  -8.5000000000000000e+01  -7.2080797025169105e+01
  -8.4000000000000000e+01  -7.2607220252966101e+01
  -8.3000000000000000e+01  -7.2648398719176399e+01
  -8.2000000000000000e+01  -7.2816506528923398e+01
  -8.1000000000000000e+01  -7.2274056393868904e+01
  -8.0000000000000000e+01  -7.2269230694243603e+01
  -7.9000000000000000e+01  -7.2617508564420405e+01
  -7.8000000000000000e+01  -7.2587605971790495e+01
  -7.7000000000000000e+01  -7.2889458105049002e+01
  -7.6000000000000000e+01  -7.2964044082478594e+01
  -7.5000000000000000e+01  -7.3543361549680498e+01
  -7.4000000000000000e+01  -7.3063987701356794e+01
  -7.3000000000000000e+01  -7.3372940439470298e+01
  -7.2000000000000000e+01  -7.3635028218779397e+01
  -7.1000000000000000e+01  -7.3654411796906800e+01
  -7.0000000000000000e+01  -7.3984901723863601e+01
  -6.9000000000000000e+01  -7.3851146995095405e+01
  -6.8000000000000000e+01  -7.3462846560190002e+01
  -6.7000000000000000e+01  -7.3857384457753398e+01
  -6.6000000000000000e+01  -7.4041791822734297e+01
  -6.5000000000000000e+01  -7.3585025969882494e+01
  -6.4000000000000000e+01  -7.3747254205868899e+01
  -6.3000000000000000e+01  -7.3517186875386798e+01
  -6.2000000000000000e+01  -7.3542222235165099e+01
  -6.1000000000000000e+01  -7.3760293931953896e+01
  -6.0000000000000000e+01  -7.3309722069661206e+01
  -5.9000000000000000e+01  -7.2916985167686704e+01
  -5.8000000000000000e+01  -7.2925539217679599e+01
  -5.7000000000000000e+01  -7.3041681223281003e+01
  -5.6000000000000000e+01  -7.2527893105347403e+01
  -5.5000000000000000e+01  -7.2715674612653004e+01
  -5.4000000000000000e+01  -7.2631710262807800e+01
  -5.3000000000000000e+01  -7.2508705847880194e+01
  -5.2000000000000000e+01  -7.2245975805916899e+01
  -5.1000000000000000e+01  -7.2212352953140694e+01
  -5.0000000000000000e+01  -7.2035434771030793e+01
  -4.9000000000000000e+01  -7.1617505823917099e+01
  -4.8000000000000000e+01  -7.1119342042350098e+01
  -4.7000000000000000e+01  -7.0858006816470393e+01
  -4.6000000000000000e+01  -7.0913316257367399e+01
  -4.5000000000000000e+01  -7.0806249433405398e+01
  -4.4000000000000000e+01  -7.0721702875708004e+01
  -4.3000000000000000e+01  -7.0585533698511895e+01
  -4.2000000000000000e+01  -7.0306854802999794e+01
  -4.1000000000000000e+01  -6.9951589645963097e+01
  -4.0000000000000000e+01  -6.9581372310177798e+01
  -3.9000000000000000e+01  -6.9919730146247304e+01
  -3.8000000000000000e+01  -6.9766416644149402e+01
  -3.7000000000000000e+01  -6.9946741923189904e+01
  -3.6000000000000000e+01  -6.9377030392762506e+01
  -3.5000000000000000e+01  -6.9512938387476098e+01
  -3.4000000000000000e+01  -6.9427995813506797e+01
  -3.3000000000000000e+01  -6.8910436441478495e+01
  -3.2000000000000000e+01  -6.8232166394072806e+01
  -3.1000000000000000e+01  -6.8063220559709507e+01
  -3.0000000000000000e+01  -6.8112040991769206e+01
  -2.9000000000000000e+01  -6.7975472623441803e+01
  -2.8000000000000000e+01  -6.7899463841154699e+01
  -2.7000000000000000e+01  -6.7940727748323198e+01
  -2.6000000000000000e+01  -6.8185006888580602e+01
  -2.5000000000000000e+01  -6.8085392792416201e+01
  -2.4000000000000000e+01  -6.7717775092637496e+01
  -2.3000000000000000e+01  -6.7752381736201500e+01
  -2.2000000000000000e+01  -6.7559367335857601e+01
  -2.1000000000000000e+01  -6.6884108732766904e+01
  -2.0000000000000000e+01  -6.6784901764312195e+01
  -1.9000000000000000e+01  -6.6016012900576598e+01
  -1.8000000000000000e+01  -6.5512970977227297e+01
  -1.7000000000000000e+01  -6.5435091440370897e+01
  -1.6000000000000000e+01  -6.4904883316774402e+01
  -1.5000000000000000e+01  -6.4375360925071803e+01
  -1.4000000000000000e+01  -6.4148185286244598e+01
  -1.3000000000000000e+01  -6.3821940135747603e+01
  -1.2000000000000000e+01  -6.3904705291127200e+01
  -1.1000000000000000e+01  -6.4152738996311200e+01
  -1.0000000000000000e+01  -6.3448818877710998e+01
  -9.0000000000000000e+00  -6.2482023014378903e+01
  -8.0000000000000000e+00  -6.2023493153458901e+01
  -7.0000000000000000e+00  -6.1405196398637500e+01
  -6.0000000000000000e+00  -6.0652425176551702e+01
  -5.0000000000000000e+00  -5.9658274142945601e+01
  -4.0000000000000000e+00  -5.8366728269127897e+01
  -3.0000000000000000e+00  -5.6261286090006102e+01
  -2.0000000000000000e+00  -5.3012659508785902e+01
  -1.0000000000000000e+00  -4.5406357608420599e+01
   0.0000000000000000e+00  -2.4543012370821600e+01
   1.0000000000000000e+00  -6.5732077803471798e+00
   2.0000000000000000e+00   8.0289042822406191e+00
   3.0000000000000000e+00   1.6334399624062900e+01
   4.0000000000000000e+00   2.1003487886066001e+01
   5.0000000000000000e+00   2.3631685034722398e+01
   6.0000000000000000e+00   2.4834063427249699e+01
   7.0000000000000000e+00   2.5358325488019901e+01
   8.0000000000000000e+00   2.5968620610696899e+01
   9.0000000000000000e+00   2.6267867204090798e+01
   1.0000000000000000e+01   2.6423177169563498e+01
   1.1000000000000000e+01   2.6418142196188501e+01
   1.2000000000000000e+01   2.7025585066496902e+01
   1.3000000000000000e+01   2.7559787626741500e+01
   1.4000000000000000e+01   2.7563282649930901e+01
   1.5000000000000000e+01   2.7913933234372902e+01
   1.6000000000000000e+01   2.8065074427395899e+01
   1.7000000000000000e+01   2.8309102938634201e+01
   1.8000000000000000e+01   2.8485519218952199e+01
   1.9000000000000000e+01   2.8768560843016701e+01
   2.0000000000000000e+01   2.8656326980468300e+01
   2.1000000000000000e+01   2.8730692207019999e+01
   2.2000000000000000e+01   2.8526669111084200e+01
   2.3000000000000000e+01   2.8829294583742200e+01
   2.4000000000000000e+01   2.9459008187224502e+01
   2.5000000000000000e+01   2.9469512497410900e+01
   2.6000000000000000e+01   2.9325818064046601e+01
   2.7000000000000000e+01   2.9112158171887199e+01
   2.8000000000000000e+01   2.9269875895296799e+01
   2.9000000000000000e+01   2.9084253762671800e+01
   3.0000000000000000e+01   2.9267886845705402e+01
   3.1000000000000000e+01   2.9235401974007900e+01
   3.2000000000000000e+01   2.8731312819118699e+01
   3.3000000000000000e+01   2.9013860709670801e+01
   3.4000000000000000e+01   2.9058758054452099e+01
   3.5000000000000000e+01   2.9351444831570600e+01
   3.6000000000000000e+01   2.9825507755749602e+01
   3.7000000000000000e+01   3.0256086412161999e+01
   3.8000000000000000e+01   3.0758631616212998e+01
   3.9000000000000000e+01   3.0841682897010099e+01
   4.0000000000000000e+01   3.0784852796391299e+01
   4.1000000000000000e+01   3.1195464718156401e+01
   4.2000000000000000e+01   3.1574618308861400e+01
   4.3000000000000000e+01   3.1412176188015302e+01
   4.4000000000000000e+01   3.1788400438793701e+01
   4.5000000000000000e+01   3.1996651345271300e+01
   4.6000000000000000e+01   3.1973018700028700e+01
   4.7000000000000000e+01   3.1963875727727700e+01
   4.8000000000000000e+01   3.2082049471949802e+01
   4.9000000000000000e+01   3.2297613475590502e+01
   5.0000000000000000e+01   3.2666157931920502e+01
   5.1000000000000000e+01   3.2904403310322998e+01
   5.2000000000000000e+01   3.2707906766386301e+01
   5.3000000000000000e+01   3.2527815450961100e+01
   5.4000000000000000e+01   3.2559357208123600e+01
   5.5000000000000000e+01   3.2975323494057101e+01
   5.6000000000000000e+01   3.2890305449420097e+01
   5.7000000000000000e+01   3.2941769515016098e+01
   5.8000000000000000e+01   3.3091847965972498e+01
   5.9000000000000000e+01   3.3000444128499602e+01
   6.0000000000000000e+01   3.2983917865180302e+01
   6.1000000000000000e+01   3.3066931726076596e+01
   6.2000000000000000e+01   3.3363743505949500e+01
   6.3000000000000000e+01   3.3472805575549700e+01
   6.4000000000000000e+01   3.3047422660351302e+01
   6.5000000000000000e+01   3.3559888045219203e+01
   6.6000000000000000e+01   3.3035697693377003e+01
   6.7000000000000000e+01   3.3133957914530001e+01
   6.8000000000000000e+01   3.3778934443183999e+01
   6.9000000000000000e+01   3.3547161730836898e+01
   7.0000000000000000e+01   3.3786557837296499e+01
   7.1000000000000000e+01   3.3535349816226599e+01
   7.2000000000000000e+01   3.3320133810811903e+01
   7.3000000000000000e+01   3.2946227204848199e+01
   7.4000000000000000e+01   3.2615986096449902e+01
   7.5000000000000000e+01   3.2824695492553403e+01
   7.6000000000000000e+01   3.2881486081710101e+01
   7.7000000000000000e+01   3.2733828500773903e+01
   7.8000000000000000e+01   3.2862683929808703e+01
   7.9000000000000000e+01   3.2987798482602201e+01
   8.0000000000000000e+01   3.2806612436484500e+01
   8.1000000000000000e+01   3.2551100817519398e+01
   8.2000000000000000e+01   3.2539243276208801e+01
   8.3000000000000000e+01   3.2375662833881798e+01
   8.4000000000000000e+01   3.2517433451184999e+01
   8.5000000000000000e+01   3.2468732852761100e+01
   8.6000000000000000e+01   3.2114436724435997e+01
   8.7000000000000000e+01   3.2165023779307802e+01
   8.8000000000000000e+01   3.2152164848942597e+01
   8.9000000000000000e+01   3.2706346470812903e+01
   9.0000000000000000e+01   3.2392482799909800e+01
   9.1000000000000000e+01   3.3189514784226098e+01
   9.2000000000000000e+01   3.3416176098407298e+01
   9.3000000000000000e+01   3.3525266798798498e+01
   9.4000000000000000e+01   3.3641712509151603e+01
   9.5000000000000000e+01   3.3805762623274603e+01
   9.6000000000000000e+01   3.3401943612358103e+01
   9.7000000000000000e+01   3.3591709661353100e+01
   9.8000000000000000e+01   3.4056039174075799e+01
   9.9000000000000000e+01   3.4112136258940900e+01
   1.0000000000000000e+02   3.4120263118042601e+01
   1.0100000000000000e+02   3.4123225525976899e+01
   1.0200000000000000e+02   3.4034992806678801e+01
   1.0300000000000000e+02   3.4090890800478299e+01
   1.0400000000000000e+02   3.4804609621694397e+01
   1.0500000000000000e+02   3.4514398585175201e+01
   1.0600000000000000e+02   3.4727277378748298e+01
   1.0700000000000000e+02   3.4568446991156200e+01
   1.0800000000000000e+02   3.4786307564690702e+01
   1.0900000000000000e+02   3.4466249306588900e+01
   1.1000000000000000e+02   3.4136870769671098e+01
   1.1100000000000000e+02   3.3728397169526097e+01
   1.1200000000000000e+02   3.3783887286344097e+01
   1.1300000000000000e+02   3.3706040150883503e+01
   1.1400000000000000e+02   3.3475195248215698e+01
   1.1500000000000000e+02   3.3284245366451898e+01
   1.1600000000000000e+02   3.3181383425192898e+01
   1.1700000000000000e+02   3.2717009639348198e+01
   1.1800000000000000e+02   3.2751983584397301e+01
   1.1900000000000000e+02   3.2649757188324301e+01
   1.2000000000000000e+02   3.2405130730334101e+01
   1.2100000000000000e+02   3.2214809450932002e+01
   1.2200000000000000e+02   3.2015673320208002e+01
   1.2300000000000000e+02   3.1647205204699699e+01
   1.2400000000000000e+02   3.1529864525841500e+01
   1.2500000000000000e+02   3.2049518392232002e+01
   1.2600000000000000e+02   3.1810568155687900e+01
   1.2700000000000000e+02   3.1471893979316700e+01
   1.2800000000000000e+02   3.1231386176288101e+01
   1.2900000000000000e+02   3.1815866609276600e+01
   1.3000000000000000e+02   3.1798177650930700e+01
   1.3100000000000000e+02   3.1709596756488100e+01
   1.3200000000000000e+02   3.1645050847981501e+01
   1.3300000000000000e+02   3.1162103759825101e+01
   1.3400000000000000e+02   3.1331703465098801e+01
   1.3500000000000000e+02   3.1247870729324202e+01
   1.3600000000000000e+02   3.1461957794720298e+01
   1.3700000000000000e+02   3.1355264042282901e+01
   1.3800000000000000e+02   3.1212197116452600e+01
   1.3900000000000000e+02   3.1148585900104599e+01
   1.4000000000000000e+02   3.1131068076029599e+01
   1.4100000000000000e+02   3.0349410088772999e+01
   1.4200000000000000e+02   3.0482086037567701e+01
   1.4300000000000000e+02   3.0247933139465200e+01
   1.4400000000000000e+02   2.9888085575936000e+01
   1.4500000000000000e+02   2.9539521262823900e+01
   1.4600000000000000e+02   2.9394492642762501e+01
   1.4700000000000000e+02   2.9449577673806100e+01
   1.4800000000000000e+02   2.9286084396925599e+01
   1.4900000000000000e+02   2.8531795725692700e+01
   1.5000000000000000e+02   2.8837688601425601e+01
   1.5100000000000000e+02   2.8343940520064901e+01
   1.5200000000000000e+02   2.8263084790154100e+01
   1.5300000000000000e+02   2.8098062311940101e+01
   1.5400000000000000e+02   2.8278368857190301e+01
   1.5500000000000000e+02   2.8295948321178301e+01
   1.5600000000000000e+02   2.8362307551190501e+01
   1.5700000000000000e+02   2.8150624533948999e+01
   1.5800000000000000e+02   2.8380698422115401e+01
   1.5900000000000000e+02   2.8532186445186699e+01
   1.6000000000000000e+02   2.8126416651449102e+01
   1.6100000000000000e+02   2.7259302490843499e+01
   1.6200000000000000e+02   2.6867089767124000e+01
   1.6300000000000000e+02   2.6965583687581301e+01
   1.6400000000000000e+02   2.7352183921330301e+01
   1.6500000000000000e+02   2.7115399443852599e+01
   1.6600000000000000e+02   2.7111733220371299e+01
   1.6700000000000000e+02   2.7069685401064898e+01
   1.6800000000000000e+02   2.6361531501055499e+01
   1.6900000000000000e+02   2.6415093855445601e+01
   1.7000000000000000e+02   2.6280490839297499e+01
   1.7100000000000000e+02   2.5969647859015499e+01
   1.7200000000000000e+02   2.5745062632794301e+01
   1.7300000000000000e+02   2.5363486589414400e+01
   1.7400000000000000e+02   2.4830415149301800e+01
   1.7500000000000000e+02   2.4648042678942300e+01
   1.7600000000000000e+02   2.4929081999794100e+01
   1.7700000000000000e+02   2.4531883051727601e+01
   1.7800000000000000e+02   2.4957891723565499e+01
   1.7900000000000000e+02   2.5041904907485200e+01
   1.8000000000000000e+02   2.4606432686431901e+01
   1.8100000000000000e+02   2.3941834112204901e+01
   1.8200000000000000e+02   2.3981829796083399e+01
   1.8300000000000000e+02   2.3695834506847799e+01
   1.8400000000000000e+02   2.3141162411887102e+01
   1.8500000000000000e+02   2.2900860782695400e+01
   1.8600000000000000e+02   2.2478435689935399e+01
   1.8700000000000000e+02   2.2245461815529399e+01
   1.8800000000000000e+02   2.2415038398825399e+01
   1.8900000000000000e+02   2.2359993632984100e+01
   1.9000000000000000e+02   2.2389517094005001e+01
   1.9100000000000000e+02   2.2002022058851299e+01
   1.9200000000000000e+02   2.2098670955823099e+01
   1.9300000000000000e+02   2.2161350376892500e+01
   1.9400000000000000e+02   2.2065238360484202e+01
   1.9500000000000000e+02   2.2195821210426200e+01
   1.9600000000000000e+02   2.1969059098576100e+01
   1.9700000000000000e+02   2.1798335886539100e+01
   1.9800000000000000e+02   2.1256335973573300e+01
   1.9900000000000000e+02   2.0764673760543999e+01
   2.0000000000000000e+02   2.0329899753680099e+01
   2.0100000000000000e+02   2.0256775076640899e+01
   2.0200000000000000e+02   2.0024295202569299e+01
   2.0300000000000000e+02   1.9807561625599600e+01
   2.0400000000000000e+02   1.9362229979916702e+01
   2.0500000000000000e+02   1.9565163476906701e+01
   2.0600000000000000e+02   1.9107943864326401e+01
   2.0700000000000000e+02   1.8541038043014598e+01
   2.0800000000000000e+02   1.8345697742851900e+01
   2.0900000000000000e+02   1.8011917530309301e+01
   2.1000000000000000e+02   1.7894981035646101e+01
   2.1100000000000000e+02   1.8162008993482200e+01
   2.1200000000000000e+02   1.8104589278694700e+01
   2.1300000000000000e+02   1.7943480557495601e+01
   2.1400000000000000e+02   1.7579899798699799e+01
   2.1500000000000000e+02   1.8092665391854101e+01
   2.1600000000000000e+02   1.8157735346902800e+01
   2.1700000000000000e+02   1.8078822151483699e+01
   2.1800000000000000e+02   1.7911928622490802e+01
   2.1900000000000000e+02   1.8176789326472100e+01
   2.2000000000000000e+02   1.7708499577763600e+01
   2.2100000000000000e+02   1.7877940799999902e+01
   2.2200000000000000e+02   1.7777933446174199e+01
   2.2300000000000000e+02   1.7203615645744701e+01
   2.2400000000000000e+02   1.7154171205197301e+01
   2.2500000000000000e+02   1.7163284953495602e+01
   2.2600000000000000e+02   1.7032653549786399e+01
   2.2700000000000000e+02   1.6644652879636698e+01
   2.2800000000000000e+02   1.6057060897675800e+01
   2.2900000000000000e+02   1.5863578374377401e+01
   2.3000000000000000e+02   1.5449646167897100e+01
   2.3100000000000000e+02   1.5235339332816899e+01
   2.3200000000000000e+02   1.4874176542424200e+01
   2.3300000000000000e+02   1.4432210903895500e+01
   2.3400000000000000e+02   1.4072192605011800e+01
   2.3500000000000000e+02   1.3619408143972899e+01
   2.3600000000000000e+02   1.3898411119637800e+01
   2.3700000000000000e+02   1.3581716469300799e+01
   2.3800000000000000e+02   1.3124012389711300e+01
   2.3900000000000000e+02   1.2969078463970201e+01
   2.4000000000000000e+02   1.2517732043572099e+01
   2.4100000000000000e+02   1.2192978896789000e+01
   2.4200000000000000e+02   1.1156572670693100e+01
   2.4300000000000000e+02   1.0626974519126300e+01
   2.4400000000000000e+02   1.0925856220158201e+01
   2.4500000000000000e+02   1.1237800752794399e+01
   2.4600000000000000e+02   1.1335209681295700e+01
   2.4700000000000000e+02   1.1671226928015200e+01
   2.4800000000000000e+02   1.1678145493334400e+01
   2.4900000000000000e+02   1.1340049221569700e+01
   2.5000000000000000e+02   1.1037303788216400e+01
   2.5100000000000000e+02   1.0157710185127700e+01
   2.5200000000000000e+02   1.0198773872388900e+01
   2.5300000000000000e+02   1.0150808933526900e+01
   2.5400000000000000e+02   9.8247807832762906e+00
   2.5500000000000000e+02   9.7585517443960494e+00
   2.5600000000000000e+02   9.2725126462652003e+00
   2.5700000000000000e+02   9.2309671208182102e+00
   2.5800000000000000e+02   9.9533375397451493e+00
   2.5900000000000000e+02   9.4957309240056702e+00
   2.6000000000000000e+02   9.2980417375280506e+00
   2.6100000000000000e+02   9.0870177389285391e+00
   2.6200000000000000e+02   8.5260587611667003e+00
   2.6300000000000000e+02   8.1307031417781204e+00
   2.6400000000000000e+02   7.8399358223728202e+00
   2.6500000000000000e+02   7.9505176920377902e+00
   2.6600000000000000e+02   7.5297618354660099e+00
   2.6700000000000000e+02   7.1488239178123401e+00
   2.6800000000000000e+02   6.7837313943882798e+00
   2.6900000000000000e+02   6.1598941349777903e+00
   2.7000000000000000e+02   6.3448904065135201e+00
   2.7100000000000000e+02   6.3752463413013203e+00
   2.7200000000000000e+02   6.3806525288794598e+00
   2.7300000000000000e+02   7.0626272204847602e+00
   2.7400000000000000e+02   7.1685563042217604e+00
   2.7500000000000000e+02   6.9492835180789898e+00
   2.7600000000000000e+02   6.6760785930423596e+00
   2.7700000000000000e+02   6.0844860222160397e+00
   2.7800000000000000e+02   5.7134318787007601e+00
   2.7900000000000000e+02   5.2945631308077301e+00
   2.8000000000000000e+02   5.4018032766077200e+00
   2.8100000000000000e+02   5.3482556317951202e+00
   2.8200000000000000e+02   5.1357637051191496e+00
   2.8300000000000000e+02   4.8584922710207996e+00
   2.8400000000000000e+02   4.9775333507319104e+00
   2.8500000000000000e+02   4.9239876225690500e+00
   2.8600000000000000e+02   4.8035387801235796e+00
   2.8700000000000000e+02   4.7546629959777702e+00
   2.8800000000000000e+02   4.4007784428568799e+00
   2.8900000000000000e+02   4.1326307403600504e+00
   2.9000000000000000e+02   3.5756781072534700e+00
   2.9100000000000000e+02   3.5527851197790099e+00
   2.9200000000000000e+02   3.6095529199491700e+00
   2.9300000000000000e+02   3.2136125119502101e+00
   2.9400000000000000e+02   2.8929703801795599e+00
   2.9500000000000000e+02   2.8735256082683001e+00
   2.9600000000000000e+02   2.7681925883395300e+00
   2.9700000000000000e+02   1.7788091563698800e+00
   2.9800000000000000e+02   1.9189624500939400e+00
   2.9900000000000000e+02   1.5568753389555900e+00
   3.0000000000000000e+02   1.1514603624718400e+00
   3.0100000000000000e+02   5.5686622514682704e-01
   3.0200000000000000e+02   1.3024118360914000e-01
   3.0300000000000000e+02  -4.4220432674687798e-01
   3.0400000000000000e+02  -5.5504482723350201e-01
   3.0500000000000000e+02  -9.9583684128935901e-01
   3.0600000000000000e+02  -1.3974503205089099e+00
   3.0700000000000000e+02  -1.7152988824608699e+00
   3.0800000000000000e+02  -2.3306104893583099e+00
   3.0900000000000000e+02  -2.6020817476353701e+00
   3.1000000000000000e+02  -2.7895059976072800e+00
   3.1100000000000000e+02  -2.9910031879474301e+00
   3.1200000000000000e+02  -3.4261778959184701e+00
   3.1300000000000000e+02  -3.4862231075163499e+00
   3.1400000000000000e+02  -3.6025548879180000e+00
   3.1500000000000000e+02  -3.4432836740224202e+00
   3.1600000000000000e+02  -4.2213547001424896e+00
   3.1700000000000000e+02  -4.5227528823094296e+00
   3.1800000000000000e+02  -4.8633807741210600e+00
   3.1900000000000000e+02  -5.0211291206866404e+00
   3.2000000000000000e+02  -5.6263877507190800e+00
   3.2100000000000000e+02  -5.8501548223813398e+00
   3.2200000000000000e+02  -6.0120131057829500e+00
   3.2300000000000000e+02  -6.0292970351535500e+00
   3.2400000000000000e+02  -5.9709730263969396e+00
   3.2500000000000000e+02  -6.0803749218138501e+00
   3.2600000000000000e+02  -6.0835558630142801e+00
   3.2700000000000000e+02  -6.2007749765768096e+00
   3.2800000000000000e+02  -6.5571085578738302e+00
   3.2900000000000000e+02  -6.6356816681695197e+00
   3.3000000000000000e+02  -7.0549393478456999e+00
   3.3100000000000000e+02  -6.9478684446186598e+00
   3.3200000000000000e+02  -8.0318118485454999e+00
   3.3300000000000000e+02  -8.2580362100228495e+00
   3.3400000000000000e+02  -8.2966475882168904e+00
   3.3500000000000000e+02  -9.1544119664120505e+00
   3.3600000000000000e+02  -9.8034288298888104e+00
   3.3700000000000000e+02  -1.0142671311772400e+01
   3.3800000000000000e+02  -1.0238858825790700e+01
   3.3900000000000000e+02  -1.0603908733352901e+01
   3.4000000000000000e+02  -1.1269297222347900e+01
   3.4100000000000000e+02  -1.1296284790375999e+01
   3.4200000000000000e+02  -1.1931152124829101e+01
   3.4300000000000000e+02  -1.2541950568243600e+01
   3.4400000000000000e+02  -1.2826217074451900e+01
   3.4500000000000000e+02  -1.3550870964728601e+01
   3.4600000000000000e+02  -1.3882487397888401e+01
   3.4700000000000000e+02  -1.3664465272245099e+01
   3.4800000000000000e+02  -1.4050597787890201e+01
   3.4900000000000000e+02  -1.4407456348245100e+01
   3.5000000000000000e+02  -1.4499338990087100e+01
   3.5100000000000000e+02  -1.4837686069997501e+01
   3.5200000000000000e+02  -1.5356871509173100e+01
   3.5300000000000000e+02  -1.5994947319503900e+01
   3.5400000000000000e+02  -1.6919661386475099e+01
   3.5500000000000000e+02  -1.7258009820021300e+01
   3.5600000000000000e+02  -1.7058483221041499e+01
   3.5700000000000000e+02  -1.7487419850108200e+01
   3.5800000000000000e+02  -1.7911420127302598e+01
   3.5900000000000000e+02  -1.8625832465292699e+01
   3.6000000000000000e+02  -1.8632419612006000e+01
   3.6100000000000000e+02  -1.9114642498802201e+01
   3.6200000000000000e+02  -2.0151210797269702e+01
   3.6300000000000000e+02  -2.0831726016859001e+01
   3.6400000000000000e+02  -2.0994145454821801e+01
   3.6500000000000000e+02  -2.1572602985516099e+01
   3.6600000000000000e+02  -2.2007480040881099e+01
   3.6700000000000000e+02  -2.2650529978832701e+01
   3.6800000000000000e+02  -2.3103728239886401e+01
   3.6900000000000000e+02  -2.3276201105723601e+01
   3.7000000000000000e+02  -2.3641622124483600e+01
   3.7100000000000000e+02  -2.4794416235040298e+01
   3.7200000000000000e+02  -2.5336259490175301e+01
   3.7300000000000000e+02  -2.6449462335431399e+01
   3.7400000000000000e+02  -2.7031673175325199e+01
   3.7500000000000000e+02  -2.7750746714627098e+01
   3.7600000000000000e+02  -2.8662776223570599e+01
   3.7700000000000000e+02  -2.8766826976952000e+01
   3.7800000000000000e+02  -2.9237924135954401e+01
   3.7900000000000000e+02  -2.9871631063772401e+01
   3.8000000000000000e+02  -3.0627118993523400e+01
   3.8100000000000000e+02  -3.0683847782878001e+01
   3.8200000000000000e+02  -3.1444356585851100e+01
   3.8300000000000000e+02  -3.1718134758386402e+01
   3.8400000000000000e+02  -3.2684670136220497e+01
   3.8500000000000000e+02  -3.2959440570059797e+01
   3.8600000000000000e+02  -3.3508358806882299e+01
   3.8700000000000000e+02  -3.4193754083022100e+01
   3.8800000000000000e+02  -3.4979843392010402e+01
   3.8900000000000000e+02  -3.5573121998048599e+01
   3.9000000000000000e+02  -3.5990062106006100e+01
   3.9100000000000000e+02  -3.6431075168663298e+01
   3.9200000000000000e+02  -3.7445667814486903e+01
   3.9300000000000000e+02  -3.8015534880703200e+01
   3.9400000000000000e+02  -3.8911074317379303e+01
   3.9500000000000000e+02  -3.8839094002514102e+01
   3.9600000000000000e+02  -3.9750711057321197e+01
   3.9700000000000000e+02  -4.0417726893362200e+01
   3.9800000000000000e+02  -4.0723922321690097e+01
   3.9900000000000000e+02  -4.1357341873246497e+01
   4.0000000000000000e+02  -4.2180048787661001e+01
   4.0100000000000000e+02  -4.2780424275065400e+01
   4.0200000000000000e+02  -4.3159995680021197e+01
   4.0300000000000000e+02  -4.3730747279255098e+01
   4.0400000000000000e+02  -4.4332800608260200e+01
   4.0500000000000000e+02  -4.4966939274033997e+01
   4.0600000000000000e+02  -4.5778440386406800e+01
   4.0700000000000000e+02  -4.6345501396120397e+01
   4.0800000000000000e+02  -4.6858009612367702e+01
   4.0900000000000000e+02  -4.7519239113324602e+01
   4.1000000000000000e+02  -4.8499671335916297e+01
   4.1100000000000000e+02  -4.9335400339003399e+01
   4.1200000000000000e+02  -5.0073160984543001e+01
   4.1300000000000000e+02  -5.0422191471933303e+01
   4.1400000000000000e+02  -5.0994748083691100e+01
   4.1500000000000000e+02  -5.1764344686423200e+01
   4.1600000000000000e+02  -5.2114476289089303e+01
   4.1700000000000000e+02  -5.2968355698246597e+01
   4.1800000000000000e+02  -5.3246785474413002e+01
   4.1900000000000000e+02  -5.4242175170651997e+01
   4.2000000000000000e+02  -5.5299973198806697e+01
   4.2100000000000000e+02  -5.6600778888474501e+01
   4.2200000000000000e+02  -5.7298279533110197e+01
   4.2300000000000000e+02  -5.8340404460394303e+01
   4.2400000000000000e+02  -5.9007182983993403e+01
   4.2500000000000000e+02  -6.0039650438553501e+01
   4.2600000000000000e+02  -6.1040051765796399e+01
   4.2700000000000000e+02  -6.1726711138492000e+01
   4.2800000000000000e+02  -6.2423013569921999e+01
   4.2900000000000000e+02  -6.2766518802585502e+01
   4.3000000000000000e+02  -6.3398234987141798e+01
   4.3100000000000000e+02  -6.3914326646089300e+01
   4.3200000000000000e+02  -6.4520632378687495e+01
   4.3300000000000000e+02  -6.4566860298347606e+01
   4.3400000000000000e+02  -6.5344940190826307e+01
   4.3500000000000000e+02  -6.5285107014918395e+01
   4.3600000000000000e+02  -6.6378216723935907e+01
   4.3700000000000000e+02  -6.7442331031028303e+01
   4.3800000000000000e+02  -6.8198651972791097e+01
   4.3900000000000000e+02  -6.8668213577553104e+01
   4.4000000000000000e+02  -6.8564969084138099e+01
   4.4100000000000000e+02  -6.9371613559096801e+01
   4.4200000000000000e+02  -6.9759497112278396e+01
   4.4300000000000000e+02  -6.9966825853488700e+01
   4.4400000000000000e+02  -7.0753373104429400e+01
   4.4500000000000000e+02  -7.1645629214114095e+01
   4.4600000000000000e+02  -7.2353976275780497e+01
   4.4700000000000000e+02  -7.2487116720337298e+01
   4.4800000000000000e+02  -7.2453036227201494e+01
   4.4900000000000000e+02  -7.2882174781646000e+01
   4.5000000000000000e+02  -7.3222390912826697e+01
   4.5100000000000000e+02  -7.3661985579356795e+01
   4.5200000000000000e+02  -7.3596619754038201e+01
   4.5300000000000000e+02  -7.4114498103409105e+01
   4.5400000000000000e+02  -7.4502313091869595e+01
   4.5500000000000000e+02  -7.4235210363953996e+01
   4.5600000000000000e+02  -7.4231415970468007e+01
   4.5700000000000000e+02  -7.5067700764580394e+01
   4.5800000000000000e+02  -7.5293241961463096e+01
   4.5900000000000000e+02  -7.5156502056255206e+01
   4.6000000000000000e+02  -7.5671914600245003e+01
   4.6100000000000000e+02  -7.5894530219129095e+01
   4.6200000000000000e+02  -7.6060530304520697e+01
   4.6300000000000000e+02  -7.5560397841062795e+01
   4.6400000000000000e+02  -7.5269431912182696e+01
   4.6500000000000000e+02  -7.5313413191261404e+01
   4.6600000000000000e+02  -7.5917554753175494e+01
   4.6700000000000000e+02  -7.5592891272389394e+01
   4.6800000000000000e+02  -7.5719488324917094e+01
   4.6900000000000000e+02  -7.6400174594427398e+01
   4.7000000000000000e+02  -7.6497306589410798e+01
   4.7100000000000000e+02  -7.6424827175067193e+01
   4.7200000000000000e+02  -7.6345361432813405e+01
   4.7300000000000000e+02  -7.6178837525421400e+01
   4.7400000000000000e+02  -7.5870533411168097e+01
   4.7500000000000000e+02  -7.6031760507171001e+01
   4.7600000000000000e+02  -7.6084158478613702e+01
   4.7700000000000000e+02  -7.6542600424088803e+01
   4.7800000000000000e+02  -7.6468421034475000e+01
   4.7900000000000000e+02  -7.6370546190017194e+01
   4.8000000000000000e+02  -7.6750692969479800e+01
   4.8100000000000000e+02  -7.6616187118068495e+01
   4.8200000000000000e+02  -7.6149413573811898e+01
   4.8300000000000000e+02  -7.6387182629794196e+01
   4.8400000000000000e+02  -7.6513948572618105e+01
   4.8500000000000000e+02  -7.6335385853283299e+01
   4.8600000000000000e+02  -7.5714604323542005e+01
   4.8700000000000000e+02  -7.5870942700449206e+01
   4.8800000000000000e+02  -7.6038216602885896e+01
   4.8900000000000000e+02  -7.5987090764165004e+01
   4.9000000000000000e+02  -7.6068268746955496e+01
   4.9100000000000000e+02  -7.6291399931301399e+01
   4.9200000000000000e+02  -7.5995100821128304e+01
   4.9300000000000000e+02  -7.5647943179580494e+01
   4.9400000000000000e+02  -7.5372040110773000e+01
   4.9500000000000000e+02  -7.6052940439843894e+01
   4.9600000000000000e+02  -7.5778462742029205e+01
   4.9700000000000000e+02  -7.5949248328534296e+01
   4.9800000000000000e+02  -7.6320350207575402e+01
   4.9900000000000000e+02  -7.6667872826431605e+01
   5.0000000000000000e+02  -7.6676919394954297e+01
   5.0100000000000000e+02  -7.6905652339177607e+01
   5.0200000000000000e+02  -7.6932200250519500e+01
   5.0300000000000000e+02  -7.6557332541442804e+01
   5.0400000000000000e+02  -7.6780825704688098e+01
   5.0500000000000000e+02  -7.7136280962607003e+01
   5.0600000000000000e+02  -7.6867857838864296e+01
   5.0700000000000000e+02  -7.6661284055468997e+01
   5.0800000000000000e+02  -7.7064880190615497e+01
   5.0900000000000000e+02  -7.6790996038718404e+01
   5.1000000000000000e+02  -7.7416417648726707e+01
   5.1100000000000000e+02  -7.7255047550135203e+01
   5.1200000000000000e+02  -7.7271543231502505e+01
   5.1300000000000000e+02  -7.7198999250109196e+01
   5.1400000000000000e+02  -7.7105611296254395e+01
   5.1500000000000000e+02  -7.7208658876585204e+01
   5.1600000000000000e+02  -7.7258675313310405e+01
   5.1700000000000000e+02  -7.7238118172338602e+01
   5.1800000000000000e+02  -7.6629289100813907e+01
   5.1900000000000000e+02  -7.6971125850045397e+01
   5.2000000000000000e+02  -7.7027654956539095e+01
   5.2100000000000000e+02  -7.7136766388449402e+01
   5.2200000000000000e+02  -7.7152140363077606e+01
   5.2300000000000000e+02  -7.6658844527629199e+01
   5.2400000000000000e+02  -7.6962527918828997e+01
   5.2500000000000000e+02  -7.6887495606746398e+01
   5.2600000000000000e+02  -7.7279575583270301e+01
   5.2700000000000000e+02  -7.6963343444541096e+01
   5.2800000000000000e+02  -7.6690503835055594e+01
   5.2900000000000000e+02  -7.6676810813405297e+01
   5.3000000000000000e+02  -7.6227579766051306e+01
   5.3100000000000000e+02  -7.6720532426550307e+01
   5.3200000000000000e+02  -7.6802038894073902e+01
   5.3300000000000000e+02  -7.6329182653109598e+01
   5.3400000000000000e+02  -7.6418395279107997e+01
   5.3500000000000000e+02  -7.6839150554645201e+01
   5.3600000000000000e+02  -7.6584388867724400e+01
   5.3700000000000000e+02  -7.6415756412321400e+01
   5.3800000000000000e+02  -7.6152016600714703e+01
   5.3900000000000000e+02  -7.6450915814540807e+01
   5.4000000000000000e+02  -7.5720742568003999e+01
   5.4100000000000000e+02  -7.6143512106024801e+01
   5.4200000000000000e+02  -7.5921723046600604e+01
   5.4300000000000000e+02  -7.6645852941327703e+01
   5.4400000000000000e+02  -7.6416312021235200e+01
   5.4500000000000000e+02  -7.6455855658507801e+01
   5.4600000000000000e+02  -7.6581502552434500e+01
   5.4700000000000000e+02  -7.6824363253824799e+01
   5.4800000000000000e+02  -7.6680466024276001e+01
   5.4900000000000000e+02  -7.6318805165149698e+01
   5.5000000000000000e+02  -7.6469041179463900e+01
   5.5100000000000000e+02  -7.6798487273147003e+01
   5.5200000000000000e+02  -7.6666851673154596e+01
   5.5300000000000000e+02  -7.6332671114437005e+01
   5.5400000000000000e+02  -7.6461361053742394e+01
   5.5500000000000000e+02  -7.6606191028214198e+01
   5.5600000000000000e+02  -7.6902778118130598e+01
   5.5700000000000000e+02  -7.7077151470250399e+01
   5.5800000000000000e+02  -7.7397567759926105e+01
   5.5900000000000000e+02  -7.7031860673756697e+01
   5.6000000000000000e+02  -7.7106734479053699e+01
   5.6100000000000000e+02  -7.6980592736470598e+01
   5.6200000000000000e+02  -7.7190116734528800e+01
   5.6300000000000000e+02  -7.7255485156541894e+01
   5.6400000000000000e+02  -7.7196407777900703e+01
   5.6500000000000000e+02  -7.6745745368818106e+01
   5.6600000000000000e+02  -7.6885831331546896e+01
   5.6700000000000000e+02  -7.7086264998218795e+01
   5.6800000000000000e+02  -7.7333771558159100e+01
   5.6900000000000000e+02  -7.7095669034403798e+01
   5.7000000000000000e+02  -7.6924620388594803e+01
   5.7100000000000000e+02  -7.7239860311575995e+01
   5.7200000000000000e+02  -7.6882232996311402e+01
   5.7300000000000000e+02  -7.6699956015488198e+01
   5.7400000000000000e+02  -7.6681780656287998e+01
   5.7500000000000000e+02  -7.6912634915785304e+01
   5.7600000000000000e+02  -7.6909609703315695e+01
   5.7700000000000000e+02  -7.6391035243392295e+01
   5.7800000000000000e+02  -7.6300733312068999e+01
   5.7900000000000000e+02  -7.5988063702201600e+01
   5.8000000000000000e+02  -7.6031672390895494e+01
   5.8100000000000000e+02  -7.5970141285511900e+01
   5.8200000000000000e+02  -7.5980060255530901e+01
   5.8300000000000000e+02  -7.6251633067766605e+01
   5.8400000000000000e+02  -7.6009686560321100e+01
   5.8500000000000000e+02  -7.5842631598087294e+01
   5.8600000000000000e+02  -7.5658755914358693e+01
   5.8700000000000000e+02  -7.5615677747031697e+01
   5.8800000000000000e+02  -7.5697782869761298e+01
   5.8900000000000000e+02  -7.5589299986589296e+01
   5.9000000000000000e+02  -7.5436439466507693e+01
   5.9100000000000000e+02  -7.5454270147256693e+01
   5.9200000000000000e+02  -7.5292294050146793e+01
   5.9300000000000000e+02  -7.5001581807393407e+01
   5.9400000000000000e+02  -7.5058333927232795e+01
   5.9500000000000000e+02  -7.5250585680697100e+01
   5.9600000000000000e+02  -7.5647805124652194e+01
   5.9700000000000000e+02  -7.5542678830098694e+01
   5.9800000000000000e+02  -7.4969278618058198e+01
   5.9900000000000000e+02  -7.5172282298332405e+01
   6.0000000000000000e+02  -7.4569271486341094e+01
   6.0100000000000000e+02  -7.3936657307579694e+01
   6.0200000000000000e+02  -7.3924137853354594e+01
   6.0300000000000000e+02  -7.3907725436351996e+01
   6.0400000000000000e+02  -7.3876303827288098e+01
   6.0500000000000000e+02  -7.3773121242836297e+01
   6.0600000000000000e+02  -7.3429491301169904e+01
   6.0700000000000000e+02  -7.3309450398260793e+01
   6.0800000000000000e+02  -7.3320835989809893e+01
   6.0900000000000000e+02  -7.3752362527726007e+01
   6.1000000000000000e+02  -7.3773974186253895e+01
   6.1100000000000000e+02  -7.3722328922409503e+01
   6.1200000000000000e+02  -7.3611733988205103e+01
   6.1300000000000000e+02  -7.3264286913714500e+01
   6.1400000000000000e+02  -7.3359653784993000e+01
   6.1500000000000000e+02  -7.3360721452227594e+01
   6.1600000000000000e+02  -7.3795215937785798e+01
   6.1700000000000000e+02  -7.3295259751431203e+01
   6.1800000000000000e+02  -7.3181561053960394e+01
   6.1900000000000000e+02  -7.2721592215437795e+01
   6.2000000000000000e+02  -7.3045503619111301e+01
   6.2100000000000000e+02  -7.3197395537888994e+01
   6.2200000000000000e+02  -7.2856072512569298e+01
   6.2300000000000000e+02  -7.3147465315519298e+01
   6.2400000000000000e+02  -7.2762567990663300e+01
   6.2500000000000000e+02  -7.2723136486716498e+01
   6.2600000000000000e+02  -7.3274570643557993e+01
   6.2700000000000000e+02  -7.3069297845822703e+01
   6.2800000000000000e+02  -7.2855901757007501e+01
   6.2900000000000000e+02  -7.2496642480337997e+01
   6.3000000000000000e+02  -7.2906248565497506e+01
   6.3100000000000000e+02  -7.3707876219221504e+01
   6.3200000000000000e+02  -7.3893242636766601e+01
   6.3300000000000000e+02  -7.3799043206885798e+01
   6.3400000000000000e+02  -7.4311099998521996e+01
   6.3500000000000000e+02  -7.4452801716231903e+01
   6.3600000000000000e+02  -7.4631007952379406e+01
   6.3700000000000000e+02  -7.4614176598423597e+01
   6.3800000000000000e+02  -7.4624554880743503e+01
   6.3900000000000000e+02  -7.5052099511318801e+01
   6.4000000000000000e+02  -7.5015973775003602e+01
   6.4100000000000000e+02  -7.5093427180785497e+01
   6.4200000000000000e+02  -7.5292703789227005e+01
   6.4300000000000000e+02  -7.5006345222813593e+01
   6.4400000000000000e+02  -7.4696306969216394e+01
   6.4500000000000000e+02  -7.4792512202341300e+01
   6.4600000000000000e+02  -7.4340639635764703e+01
   6.4700000000000000e+02  -7.4441288460420395e+01
   6.4800000000000000e+02  -7.4422550054062398e+01
   6.4900000000000000e+02  -7.4998630326169106e+01
   6.5000000000000000e+02  -7.4602034405197500e+01
   6.5100000000000000e+02  -7.4748554252295904e+01
   6.5200000000000000e+02  -7.4500789594321503e+01
   6.5300000000000000e+02  -7.4566501297618103e+01
   6.5400000000000000e+02  -7.4177272860665198e+01
   6.5500000000000000e+02  -7.4543003508696600e+01
   6.5600000000000000e+02  -7.4739331998481305e+01
   6.5700000000000000e+02  -7.4514363465032105e+01
   6.5800000000000000e+02  -7.4119001903807501e+01
   6.5900000000000000e+02  -7.3521634835247198e+01
   6.6000000000000000e+02  -7.3326217178584898e+01
   6.6100000000000000e+02  -7.3545685091116198e+01
   6.6200000000000000e+02  -7.3706879660027099e+01
   6.6300000000000000e+02  -7.3699252855889497e+01
   6.6400000000000000e+02  -7.4046100673813299e+01
   6.6500000000000000e+02  -7.3366429879159199e+01
   6.6600000000000000e+02  -7.4563546757993194e+01
   6.6700000000000000e+02  -7.4932849396115799e+01
   6.6800000000000000e+02  -7.4453134744874404e+01
   6.6900000000000000e+02  -7.4303254504636698e+01
   6.7000000000000000e+02  -7.3901560166370203e+01
   6.7100000000000000e+02  -7.3949567916249293e+01
   6.7200000000000000e+02  -7.3727285384721696e+01
   6.7300000000000000e+02  -7.3441039521866699e+01
   6.7400000000000000e+02  -7.3499294816051801e+01
   6.7500000000000000e+02  -7.2947993108534604e+01
   6.7600000000000000e+02  -7.2759834759781597e+01
   6.7700000000000000e+02  -7.2852553957509599e+01
   6.7800000000000000e+02  -7.3077110026122099e+01
   6.7900000000000000e+02  -7.2635635987925099e+01
   6.8000000000000000e+02  -7.2634763853527801e+01
   6.8100000000000000e+02  -7.2823063134805494e+01
   6.8200000000000000e+02  -7.2696405850904000e+01
   6.8300000000000000e+02  -7.2854817538409193e+01
   6.8400000000000000e+02  -7.2671073368452397e+01
   6.8500000000000000e+02  -7.2641436369993500e+01
   6.8600000000000000e+02  -7.2656649243620706e+01
   6.8700000000000000e+02  -7.2782223545348103e+01
   6.8800000000000000e+02  -7.2921224887362399e+01
   6.8900000000000000e+02  -7.2919126169280901e+01
   6.9000000000000000e+02  -7.2647596456321693e+01
   6.9100000000000000e+02  -7.2844362990494005e+01
   6.9200000000000000e+02  -7.2898807738599402e+01
   6.9300000000000000e+02  -7.3132455190912793e+01
   6.9400000000000000e+02  -7.2894196702302295e+01
   6.9500000000000000e+02  -7.3137080686064706e+01
   6.9600000000000000e+02  -7.3304348182517302e+01
   6.9700000000000000e+02  -7.3288972064284394e+01
   6.9800000000000000e+02  -7.3191157693798004e+01
   6.9900000000000000e+02  -7.2681006030469703e+01
   7.0000000000000000e+02  -7.2964971562744594e+01
   7.0100000000000000e+02  -7.2911163594817097e+01
   7.0200000000000000e+02  -7.2789674039455207e+01
   7.0300000000000000e+02  -7.3018886824421102e+01
   7.0400000000000000e+02  -7.2913158031831102e+01
   7.0500000000000000e+02  -7.2593855774456600e+01
   7.0600000000000000e+02  -7.2606390769275805e+01
   7.0700000000000000e+02  -7.2615924216504695e+01
   7.0800000000000000e+02  -7.2938554150734703e+01
   7.0900000000000000e+02  -7.3157496038349095e+01
   7.1000000000000000e+02  -7.3277692844474203e+01
   7.1100000000000000e+02  -7.2984048285660606e+01
   7.1200000000000000e+02  -7.2953271543456296e+01
   7.1300000000000000e+02  -7.3033288129463301e+01
   7.1400000000000000e+02  -7.3127496091816198e+01
   7.1500000000000000e+02  -7.3111511658299705e+01
   7.1600000000000000e+02  -7.2973783478325799e+01
   7.1700000000000000e+02  -7.3003916327739105e+01
   7.1800000000000000e+02  -7.3382493714118198e+01
   7.1900000000000000e+02  -7.3172706006858704e+01
   7.2000000000000000e+02  -7.3214664946304694e+01
   7.2100000000000000e+02  -7.3233077000905894e+01
   7.2200000000000000e+02  -7.3386132059934198e+01
   7.2300000000000000e+02  -7.3097677119522302e+01
   7.2400000000000000e+02  -7.3244334053359694e+01
   7.2500000000000000e+02  -7.3073084788401403e+01
   7.2600000000000000e+02  -7.2618146028654394e+01
   7.2700000000000000e+02  -7.2764694414333604e+01
   7.2800000000000000e+02  -7.3124082742679406e+01
   7.2900000000000000e+02  -7.3568668163020504e+01
   7.3000000000000000e+02  -7.3808470069948498e+01
   7.3100000000000000e+02  -7.4415171015726003e+01
   7.3200000000000000e+02  -7.4514243666631998e+01
   7.3300000000000000e+02  -7.4129227145904494e+01
   7.3400000000000000e+02  -7.4642355050708204e+01
   7.3500000000000000e+02  -7.4568958029452503e+01
   7.3600000000000000e+02  -7.4462553398852194e+01
   7.3700000000000000e+02  -7.4126349264338003e+01
   7.3800000000000000e+02  -7.4064577714576799e+01
   7.3900000000000000e+02  -7.3937550520863596e+01
   7.4000000000000000e+02  -7.3903343887665599e+01
   7.4100000000000000e+02  -7.3937573177779299e+01
   7.4200000000000000e+02  -7.4194515308382094e+01
   7.4300000000000000e+02  -7.3666564014258896e+01
   7.4400000000000000e+02  -7.3937256136823905e+01
   7.4500000000000000e+02  -7.3818742792457996e+01
   7.4600000000000000e+02  -7.3920829254135498e+01
   7.4700000000000000e+02  -7.4154145591737503e+01
   7.4800000000000000e+02  -7.4123394963206096e+01
   7.4900000000000000e+02  -7.4675696504702699e+01
   7.5000000000000000e+02  -7.4466294391071699e+01
   7.5100000000000000e+02  -7.4410051513398301e+01
   7.5200000000000000e+02  -7.5011190934957199e+01
   7.5300000000000000e+02  -7.4989181322001102e+01
   7.5400000000000000e+02  -7.5245262614504597e+01
   7.5500000000000000e+02  -7.5284427157684306e+01
   7.5600000000000000e+02  -7.5318812278800394e+01
   7.5700000000000000e+02  -7.5476492408078897e+01
   7.5800000000000000e+02  -7.5552312217367998e+01
   7.5900000000000000e+02  -7.5130382301317496e+01
   7.6000000000000000e+02  -7.5311140238728200e+01
   7.6100000000000000e+02  -7.5636739193821697e+01
   7.6200000000000000e+02  -7.6120563501375202e+01
   7.6300000000000000e+02  -7.6158026821050697e+01
   7.6400000000000000e+02  -7.6275610425863107e+01
   7.6500000000000000e+02  -7.6000752734631703e+01
   7.6600000000000000e+02  -7.5842632246738305e+01
   7.6700000000000000e+02  -7.5811190376700594e+01
   7.6800000000000000e+02  -7.5481009936901700e+01
   7.6900000000000000e+02  -7.5216255783391702e+01
   7.7000000000000000e+02  -7.5462517576889695e+01
   7.7100000000000000e+02  -7.5501877303696702e+01
   7.7200000000000000e+02  -7.5576284267562102e+01
   7.7300000000000000e+02  -7.5725940052105898e+01
   7.7400000000000000e+02  -7.6039315886298297e+01
   7.7500000000000000e+02  -7.6025009319154293e+01
   7.7600000000000000e+02  -7.6336586921004894e+01
   7.7700000000000000e+02  -7.6042638981871704e+01
   7.7800000000000000e+02  -7.5932613789957998e+01
   7.7900000000000000e+02  -7.6327329584789297e+01
   7.8000000000000000e+02  -7.6441179676649000e+01
   7.8100000000000000e+02  -7.6683741864169704e+01
   7.8200000000000000e+02  -7.6508206642105804e+01
   7.8300000000000000e+02  -7.7024759053649205e+01
   7.8400000000000000e+02  -7.6906606368062995e+01
   7.8500000000000000e+02  -7.7009474474698294e+01
   7.8600000000000000e+02  -7.7331392930859494e+01
   7.8700000000000000e+02  -7.6820117834938003e+01
   7.8800000000000000e+02  -7.7321275465285893e+01
   7.8900000000000000e+02  -7.7230686372289298e+01
   7.9000000000000000e+02  -7.7371259835625096e+01
   7.9100000000000000e+02  -7.7439098248498397e+01
   7.9200000000000000e+02  -7.6958841283242293e+01
   7.9300000000000000e+02  -7.6360157116401993e+01
   7.9400000000000000e+02  -7.5940911614377697e+01
   7.9500000000000000e+02  -7.5898937773215806e+01
   7.9600000000000000e+02  -7.5727680014544305e+01
   7.9700000000000000e+02  -7.5655638480899796e+01
   7.9800000000000000e+02  -7.5732839576255401e+01
   7.9900000000000000e+02  -7.5873216501627496e+01
   8.0000000000000000e+02  -7.5882829402304196e+01
   8.0100000000000000e+02  -7.5642585539622701e+01
   8.0200000000000000e+02  -7.5874699595311696e+01
   8.0300000000000000e+02  -7.5608898867063999e+01
   8.0400000000000000e+02  -7.5770020756742397e+01
   8.0500000000000000e+02  -7.5404859755129806e+01
   8.0600000000000000e+02  -7.5629481310410796e+01
   8.0700000000000000e+02  -7.5610076655104393e+01
   8.0800000000000000e+02  -7.5951817720745396e+01
   8.0900000000000000e+02  -7.5782981141998903e+01
   8.1000000000000000e+02  -7.5677317162101403e+01
   8.1100000000000000e+02  -7.5739915376888504e+01
   8.1200000000000000e+02  -7.5645796226881501e+01
   8.1300000000000000e+02  -7.6060405213022904e+01
   8.1400000000000000e+02  -7.6084037849772002e+01
   8.1500000000000000e+02  -7.6328037325442295e+01
   8.1600000000000000e+02  -7.5687964249195304e+01
   8.1700000000000000e+02  -7.5200317657797598e+01
   8.1800000000000000e+02  -7.5215329359621805e+01
   8.1900000000000000e+02  -7.4961800146230502e+01
   8.2000000000000000e+02  -7.4899647770243206e+01
   8.2100000000000000e+02  -7.4749807597414403e+01
   8.2200000000000000e+02  -7.4512296670513905e+01
   8.2300000000000000e+02  -7.4480987487730800e+01
   8.2400000000000000e+02  -7.4600159483440805e+01
   8.2500000000000000e+02  -7.4666033369320999e+01
   8.2600000000000000e+02  -7.4363286262359296e+01
   8.2700000000000000e+02  -7.4888023912852404e+01
   8.2800000000000000e+02  -7.4777399336807207e+01
   8.2900000000000000e+02  -7.4573331986360202e+01
   8.3000000000000000e+02  -7.4839328792242995e+01
   8.3100000000000000e+02  -7.5123232639125803e+01
   8.3200000000000000e+02  -7.5184617585303897e+01
   8.3300000000000000e+02  -7.5538264216138003e+01
   8.3400000000000000e+02  -7.5396704219034305e+01
   8.3500000000000000e+02  -7.4891851438197506e+01
   8.3600000000000000e+02  -7.5107926895331403e+01
   8.3700000000000000e+02  -7.4464268218561600e+01
   8.3800000000000000e+02  -7.4628437027791705e+01
   8.3900000000000000e+02  -7.4509582956092999e+01
   8.4000000000000000e+02  -7.4757584081451299e+01
   8.4100000000000000e+02  -7.4566692627855204e+01
   8.4200000000000000e+02  -7.4609336766663304e+01
   8.4300000000000000e+02  -7.4324753382406996e+01
   8.4400000000000000e+02  -7.4474628422096501e+01
   8.4500000000000000e+02  -7.4535485351231898e+01
   8.4600000000000000e+02  -7.4689424980717504e+01
   8.4700000000000000e+02  -7.4534569767642097e+01
   8.4800000000000000e+02  -7.4823649366412496e+01
   8.4900000000000000e+02  -7.5361392832349594e+01
   8.5000000000000000e+02  -7.5485749768909400e+01
   8.5100000000000000e+02  -7.5704111870213197e+01
   8.5200000000000000e+02  -7.5230470556474302e+01
   8.5300000000000000e+02  -7.5095172748606998e+01
   8.5400000000000000e+02  -7.4664552094852695e+01
   8.5500000000000000e+02  -7.5046209839654594e+01
   8.5600000000000000e+02  -7.5170145897894400e+01
   8.5700000000000000e+02  -7.5136218465700594e+01
   8.5800000000000000e+02  -7.5642293167425606e+01
   8.5900000000000000e+02  -7.5452377194592003e+01
   8.6000000000000000e+02  -7.5354329847393601e+01
   8.6100000000000000e+02  -7.5229050043743200e+01
   8.6200000000000000e+02  -7.5418447932215898e+01
   8.6300000000000000e+02  -7.5327484079271699e+01
   8.6400000000000000e+02  -7.5109383448096295e+01
   8.6500000000000000e+02  -7.5002168446116201e+01
   8.6600000000000000e+02  -7.4690293282464197e+01
   8.6700000000000000e+02  -7.4820731066330197e+01
   8.6800000000000000e+02  -7.4922964287987696e+01
   8.6900000000000000e+02  -7.5286351704882605e+01
   8.7000000000000000e+02  -7.5493439246514399e+01
   8.7100000000000000e+02  -7.5414526644474407e+01
   8.7200000000000000e+02  -7.5150962616594597e+01
   8.7300000000000000e+02  -7.5377721567457598e+01
   8.7400000000000000e+02  -7.5427444968386297e+01
   8.7500000000000000e+02  -7.5677281996059804e+01
   8.7600000000000000e+02  -7.5328956024297895e+01
   8.7700000000000000e+02  -7.5702360466485700e+01
   8.7800000000000000e+02  -7.4824405952685396e+01
   8.7900000000000000e+02  -7.4915318988141607e+01
   8.8000000000000000e+02  -7.5045210719411202e+01
   8.8100000000000000e+02  -7.4797280243144101e+01
   8.8200000000000000e+02  -7.4673439884921095e+01
   8.8300000000000000e+02  -7.4778992496631702e+01
   8.8400000000000000e+02  -7.4899868516176994e+01
   8.8500000000000000e+02  -7.4566505507383496e+01
   8.8600000000000000e+02  -7.4059297065585596e+01
   8.8700000000000000e+02  -7.4282882763307896e+01
   8.8800000000000000e+02  -7.4531075376053593e+01
   8.8900000000000000e+02  -7.4595025488932293e+01
   8.9000000000000000e+02  -7.4992471005227202e+01
   8.9100000000000000e+02  -7.5032453007328996e+01
   8.9200000000000000e+02  -7.4765538500393902e+01
   8.9300000000000000e+02  -7.4152137250211197e+01
   8.9400000000000000e+02  -7.4276408740962907e+01
   8.9500000000000000e+02  -7.4593407934484503e+01
   8.9600000000000000e+02  -7.4367419621416403e+01
   8.9700000000000000e+02  -7.4134602065091798e+01
   8.9800000000000000e+02  -7.4784372652818007e+01
   8.9900000000000000e+02  -7.4168936897476300e+01
   9.0000000000000000e+02  -7.3651557313659197e+01
   9.0100000000000000e+02  -7.3643135813433005e+01
   9.0200000000000000e+02  -7.3729945239613798e+01
   9.0300000000000000e+02  -7.3637251381841907e+01
   9.0400000000000000e+02  -7.3532607416671098e+01
   9.0500000000000000e+02  -7.3751031520102998e+01
   9.0600000000000000e+02  -7.3877580631178304e+01
   9.0700000000000000e+02  -7.3835370641063193e+01
   9.0800000000000000e+02  -7.3493428219906093e+01
   9.0900000000000000e+02  -7.3776240057769201e+01
   9.1000000000000000e+02  -7.3855062569335900e+01
   9.1100000000000000e+02  -7.3682969309599898e+01
   9.1200000000000000e+02  -7.3526572734873497e+01
   9.1300000000000000e+02  -7.2586178118949903e+01
   9.1400000000000000e+02  -7.2175451202625496e+01
   9.1500000000000000e+02  -7.2806219250924698e+01
   9.1600000000000000e+02  -7.2468803246144105e+01
   9.1700000000000000e+02  -7.2552228338103504e+01
   9.1800000000000000e+02  -7.1672906514235507e+01
   9.1900000000000000e+02  -7.1947260792479000e+01
   9.2000000000000000e+02  -7.1822335077865802e+01
   9.2100000000000000e+02  -7.2040683786405296e+01
   9.2200000000000000e+02  -7.1770528290324094e+01
   9.2300000000000000e+02  -7.1233005032564407e+01
   9.2400000000000000e+02  -7.0970989199373193e+01
   9.2500000000000000e+02  -7.0908437966997596e+01
   9.2600000000000000e+02  -7.0950595932398898e+01
   9.2700000000000000e+02  -7.1097222588033702e+01
   9.2800000000000000e+02  -7.0757487332227100e+01
   9.2900000000000000e+02  -6.9863861882365498e+01
   9.3000000000000000e+02  -6.9731293408136494e+01
   9.3100000000000000e+02  -6.9832816785244304e+01
   9.3200000000000000e+02  -6.9639062255865994e+01
   9.3300000000000000e+02  -6.9475715319556301e+01
   9.3400000000000000e+02  -6.9530370800021601e+01
   9.3500000000000000e+02  -6.9614940427918995e+01
   9.3600000000000000e+02  -6.9500190817624102e+01
   9.3700000000000000e+02  -6.9863982820988795e+01
   9.3800000000000000e+02  -6.9695371169902799e+01
   9.3900000000000000e+02  -6.9635155959090199e+01
   9.4000000000000000e+02  -6.9534915688165100e+01
   9.4100000000000000e+02  -6.9693298451626205e+01
   9.4200000000000000e+02  -7.0014307884032803e+01
   9.4300000000000000e+02  -6.9548493380667097e+01
   9.4400000000000000e+02  -6.9585844648964894e+01
   9.4500000000000000e+02  -7.0020155268258193e+01
   9.4600000000000000e+02  -6.9819651755049307e+01
   9.4700000000000000e+02  -6.9718815265139895e+01
   9.4800000000000000e+02  -6.9736828538557106e+01
   9.4900000000000000e+02  -6.9262432140857399e+01
   9.5000000000000000e+02  -6.8860480188409696e+01
   9.5100000000000000e+02  -6.8521721031522603e+01
   9.5200000000000000e+02  -6.8389854941250604e+01
   9.5300000000000000e+02  -6.8274620184880902e+01
   9.5400000000000000e+02  -6.8238606298352707e+01
   9.5500000000000000e+02  -6.8292761046023500e+01
   9.5600000000000000e+02  -6.7969518648943307e+01
   9.5700000000000000e+02  -6.8025866556758302e+01
   9.5800000000000000e+02  -6.7511343902186297e+01
   9.5900000000000000e+02  -6.7323078156993105e+01
   9.6000000000000000e+02  -6.7552465029171799e+01
   9.6100000000000000e+02  -6.7279570446352494e+01
   9.6200000000000000e+02  -6.7883142811727296e+01
   9.6300000000000000e+02  -6.7369588081600398e+01
   9.6400000000000000e+02  -6.7091113953538397e+01
   9.6500000000000000e+02  -6.6196468545906100e+01
   9.6600000000000000e+02  -6.5782085933500994e+01
   9.6700000000000000e+02  -6.4906464994799805e+01
   9.6800000000000000e+02  -6.4044217905552500e+01
   9.6900000000000000e+02  -6.3584950421481800e+01
   9.7000000000000000e+02  -6.3079150416970499e+01
   9.7100000000000000e+02  -6.2459030359141700e+01
   9.7200000000000000e+02  -6.1316255725404901e+01
   9.7300000000000000e+02  -6.0471651740572199e+01
   9.7400000000000000e+02  -5.8543648813359802e+01
   9.7500000000000000e+02  -5.5443887653949801e+01
   9.7600000000000000e+02  -5.0662059193615903e+01
   9.7700000000000000e+02  -3.2552946399499298e+01
   9.7800000000000000e+02  -6.8134876607991099e+00
