  -1.0000000000000000e+02  -6.9708065317044699e+01
  -9.9000000000000000e+01  -6.9908540922041098e+01
  -9.8000000000000000e+01  -6.9854200435550595e+01
  -9.7000000000000000e+01  -6.9969487544151093e+01
  -9.6000000000000000e+01  -6.9793877683705006e+01
  -9.5000000000000000e+01  -6.9806384215359898e+01
  -9.4000000000000000e+01  -7.0211520996683902e+01
  -9.3000000000000000e+01  -6.9788432847655798e+01
  -9.2000000000000000e+01  -7.0066526748839706e+01
  -9.1000000000000000e+01  -6.9925784415353704e+01
  -9.0000000000000000e+01  -6.9826502631794497e+01
  -8.9000000000000000e+01  -7.0602715862593499e+01
  -8.8000000000000000e+01  -7.0314739751584099e+01
  -8.7000000000000000e+01  -7.0280107290743203e+01
  -8.6000000000000000e+01  -7.0919030922700500e+01
  -8.5000000000000000e+01  -7.0949568228731593e+01
  -8.4000000000000000e+01  -7.0822593393169498e+01
  -8.3000000000000000e+01  -7.0814245144024895e+01
  -8.2000000000000000e+01  -7.0781578823937906e+01
  -8.1000000000000000e+01  -7.0727668171536607e+01
  -8.0000000000000000e+01  -7.0794833277318602e+01
  -7.9000000000000000e+01  -7.0371282134876395e+01
  -7.8000000000000000e+01  -7.0603178792693598e+01
  -7.7000000000000000e+01  -7.0649186273273202e+01
  -7.6000000000000000e+01  -7.0597889646184896e+01
  -7.5000000000000000e+01  -7.0337764863042594e+01
  -7.4000000000000000e+01  -7.0046052827861899e+01
  -7.3000000000000000e+01  -7.0219434757609704e+01
  -7.2000000000000000e+01  -7.0189514544135093e+01
  -7.1000000000000000e+01  -7.0379810670981399e+01
  -7.0000000000000000e+01  -7.0748112644674507e+01
  -6.9000000000000000e+01  -7.0708685911525905e+01
  -6.8000000000000000e+01  -7.0781407631155304e+01
  -6.7000000000000000e+01  -7.0742658372359102e+01
  -6.6000000000000000e+01  -7.0852512370596301e+01
  -6.5000000000000000e+01  -7.0750967993901995e+01
  -6.4000000000000000e+01  -7.0115999496939693e+01
  -6.3000000000000000e+01  -6.9940488101435406e+01
  -6.2000000000000000e+01  -7.0269888719124694e+01
  -6.1000000000000000e+01  -7.0147752961270001e+01
  -6.0000000000000000e+01  -6.9992165690389001e+01
  -5.9000000000000000e+01  -7.0142747889247801e+01
  -5.8000000000000000e+01  -7.0460693658884793e+01
  -5.7000000000000000e+01  -6.9934334496594005e+01
  -5.6000000000000000e+01  -6.9901657707700295e+01
  -5.5000000000000000e+01  -6.9937166606346395e+01
  -5.4000000000000000e+01  -6.9358615393582099e+01
  -5.3000000000000000e+01  -6.9660805560048502e+01
  -5.2000000000000000e+01  -6.9577693456758794e+01
  -5.1000000000000000e+01  -6.9955295261470397e+01
  -5.0000000000000000e+01  -7.0222508906336600e+01
  -4.9000000000000000e+01  -7.0003944705239405e+01
  -4.8000000000000000e+01  -7.0139585364843100e+01
  -4.7000000000000000e+01  -6.9948571025426901e+01
  -4.6000000000000000e+01  -6.9728593599773703e+01
  -4.5000000000000000e+01  -6.9506142493231295e+01
  -4.4000000000000000e+01  -6.9485340646081696e+01
  -4.3000000000000000e+01  -6.9336752109479306e+01
  -4.2000000000000000e+01  -6.9550810595722993e+01
  -4.1000000000000000e+01  -6.9038436137224807e+01
  -4.0000000000000000e+01  -6.9191204167252806e+01
  -3.9000000000000000e+01  -6.9124528945571100e+01
  -3.8000000000000000e+01  -6.8965087768548202e+01
  -3.7000000000000000e+01  -6.8808445551637007e+01
  -3.6000000000000000e+01  -6.8914547632866800e+01
  -3.5000000000000000e+01  -6.9097546157935199e+01
  -3.4000000000000000e+01  -6.9319070935628005e+01
  -3.3000000000000000e+01  -6.9600318620980502e+01
  -3.2000000000000000e+01  -6.9195594262752394e+01
  -3.1000000000000000e+01  -6.9196422096795104e+01
  -3.0000000000000000e+01  -6.8728225033758804e+01
  -2.9000000000000000e+01  -6.8596775911136703e+01
  -2.8000000000000000e+01  -6.8603811811989900e+01
  -2.7000000000000000e+01  -6.8815991169587704e+01
  -2.6000000000000000e+01  -6.8459303245150707e+01
  -2.5000000000000000e+01  -6.8336826475948101e+01
  -2.4000000000000000e+01  -6.8199950612105695e+01
  -2.3000000000000000e+01  -6.8087810542013401e+01
  -2.2000000000000000e+01  -6.8338811725506304e+01
  -2.1000000000000000e+01  -6.8130243015047796e+01
  -2.0000000000000000e+01  -6.7379818422822794e+01
  -1.9000000000000000e+01  -6.6640381458587200e+01
  -1.8000000000000000e+01  -6.6317786272577706e+01
  -1.7000000000000000e+01  -6.6502617408918496e+01
  -1.6000000000000000e+01  -6.6430298847963797e+01
  -1.5000000000000000e+01  -6.6014788770087705e+01
  -1.4000000000000000e+01  -6.5145062395807201e+01
  -1.3000000000000000e+01  -6.5011953780822196e+01
  -1.2000000000000000e+01  -6.5254967352576401e+01
  -1.1000000000000000e+01  -6.4970515517807996e+01
  -1.0000000000000000e+01  -6.4180898554706005e+01
  -9.0000000000000000e+00  -6.3557904171202701e+01
  -8.0000000000000000e+00  -6.3287230433902401e+01
  -7.0000000000000000e+00  -6.2458491151021100e+01
  -6.0000000000000000e+00  -6.1845069885554501e+01
  -5.0000000000000000e+00  -6.0604785978300100e+01
  -4.0000000000000000e+00  -5.9424045030057201e+01
  -3.0000000000000000e+00  -5.7482263716627699e+01
  -2.0000000000000000e+00  -5.4432374915494798e+01
  -1.0000000000000000e+00  -4.7779905562378097e+01
   0.0000000000000000e+00  -2.7172473495502199e+01
   1.0000000000000000e+00  -6.3709412815580597e+00
   2.0000000000000000e+00   8.8004500180973793e+00
   3.0000000000000000e+00   1.7177394876148000e+01
   4.0000000000000000e+00   2.2062021996922599e+01
   5.0000000000000000e+00   2.4430840138980500e+01
   6.0000000000000000e+00   2.5619219137507400e+01
   7.0000000000000000e+00   2.5957183536462900e+01
   8.0000000000000000e+00   2.6208678069255200e+01
   9.0000000000000000e+00   2.6853082149789500e+01
   1.0000000000000000e+01   2.7716023264873002e+01
   1.1000000000000000e+01   2.7474203196362300e+01
   1.2000000000000000e+01   2.7629195527513499e+01
   1.3000000000000000e+01   2.8160546728690200e+01
   1.4000000000000000e+01   2.8382262148413201e+01
   1.5000000000000000e+01   2.8420015121331001e+01
   1.6000000000000000e+01   2.8789353283654702e+01
   1.7000000000000000e+01   2.8966019513208099e+01
   1.8000000000000000e+01   2.9262707652832500e+01
   1.9000000000000000e+01   2.9479264862275102e+01
   2.0000000000000000e+01   2.9861326913350201e+01
   2.1000000000000000e+01   2.9472831934486599e+01
   2.2000000000000000e+01   2.9260032401597300e+01
   2.3000000000000000e+01   2.9590408559280402e+01
   2.4000000000000000e+01   2.9316361723107200e+01
   2.5000000000000000e+01   2.9734448599770300e+01
   2.6000000000000000e+01   3.0126375710899101e+01
   2.7000000000000000e+01   3.0294089469482401e+01
   2.8000000000000000e+01   3.0340232383917002e+01
   2.9000000000000000e+01   3.0396484203149200e+01
   3.0000000000000000e+01   3.0294913565683100e+01
   3.1000000000000000e+01   3.0024930865420600e+01
   3.2000000000000000e+01   3.0008236006422599e+01
   3.3000000000000000e+01   3.0566252663923599e+01
   3.4000000000000000e+01   3.0642121989142300e+01
   3.5000000000000000e+01   3.0797907421958900e+01
   3.6000000000000000e+01   3.1060525152286100e+01
   3.7000000000000000e+01   3.0857041248724801e+01
   3.8000000000000000e+01   3.0800184240899000e+01
   3.9000000000000000e+01   3.0353289143965899e+01
   4.0000000000000000e+01   3.0528146069717799e+01
   4.1000000000000000e+01   3.1247277993511101e+01
   4.2000000000000000e+01   3.1030599843746899e+01
   4.3000000000000000e+01   3.1092552645819701e+01
   4.4000000000000000e+01   3.0974271152734001e+01
   4.5000000000000000e+01   3.0866427438297301e+01
   4.6000000000000000e+01   3.1645217688957501e+01
   4.7000000000000000e+01   3.1694359886611299e+01
   4.8000000000000000e+01   3.2075490536626901e+01
   4.9000000000000000e+01   3.1676817301328800e+01
   5.0000000000000000e+01   3.1989557618237100e+01
   5.1000000000000000e+01   3.2985920697372300e+01
   5.2000000000000000e+01   3.3058085538909900e+01
   5.3000000000000000e+01   3.2738503120125998e+01
   5.4000000000000000e+01   3.2409975225573604e+01
   5.5000000000000000e+01   3.2136360523505402e+01
   5.6000000000000000e+01   3.2582517392582901e+01
   5.7000000000000000e+01   3.2989009333566997e+01
   5.8000000000000000e+01   3.3644974341968201e+01
   5.9000000000000000e+01   3.3754558710796097e+01
   6.0000000000000000e+01   3.3554678976813697e+01
   6.1000000000000000e+01   3.3688121658505501e+01
   6.2000000000000000e+01   3.4133087606632401e+01
   6.3000000000000000e+01   3.3555424720987297e+01
   6.4000000000000000e+01   3.3272468558880000e+01
   6.5000000000000000e+01   3.2869434917874699e+01
   6.6000000000000000e+01   3.3141932463639399e+01
   6.7000000000000000e+01   3.3105629147812998e+01
   6.8000000000000000e+01   3.3124235762516697e+01
   6.9000000000000000e+01   3.3614213816510400e+01
   7.0000000000000000e+01   3.3503607961167098e+01
   7.1000000000000000e+01   3.4016797717727101e+01
   7.2000000000000000e+01   3.3985655598119997e+01
   7.3000000000000000e+01   3.4385839621870502e+01
   7.4000000000000000e+01   3.5081451718734897e+01
   7.5000000000000000e+01   3.5406793119115498e+01
   7.6000000000000000e+01   3.5472286279005999e+01
   7.7000000000000000e+01   3.5836897689552799e+01
   7.8000000000000000e+01   3.5743136925834698e+01
   7.9000000000000000e+01   3.5328644667646600e+01
   8.0000000000000000e+01   3.5576910835375401e+01
   8.1000000000000000e+01   3.5339595809971897e+01
   8.2000000000000000e+01   3.5224897342020803e+01
   8.3000000000000000e+01   3.5085497645707697e+01
   8.4000000000000000e+01   3.5090994696441001e+01
   8.5000000000000000e+01   3.5182252075564499e+01
   8.6000000000000000e+01   3.4886682017145901e+01
   8.7000000000000000e+01   3.5372160313522997e+01
   8.8000000000000000e+01   3.5359701267726699e+01
   8.9000000000000000e+01   3.5511933202750498e+01
   9.0000000000000000e+01   3.5040487617684100e+01
   9.1000000000000000e+01   3.4185510574053602e+01
   9.2000000000000000e+01   3.4310325728181297e+01
   9.3000000000000000e+01   3.4256611857779198e+01
   9.4000000000000000e+01   3.4473893806438902e+01
   9.5000000000000000e+01   3.4670774656844799e+01
   9.6000000000000000e+01   3.4939630418786201e+01
   9.7000000000000000e+01   3.4723576028282501e+01
   9.8000000000000000e+01   3.4397628670740097e+01
   9.9000000000000000e+01   3.4178267314512098e+01
   1.0000000000000000e+02   3.4329348446820298e+01
   1.0100000000000000e+02   3.4075178570393497e+01
   1.0200000000000000e+02   3.3794222614595498e+01
   1.0300000000000000e+02   3.3792195668197600e+01
   1.0400000000000000e+02   3.3625628607275999e+01
   1.0500000000000000e+02   3.3470509642150702e+01
   1.0600000000000000e+02   3.3535399944166798e+01
   1.0700000000000000e+02   3.3781587786708201e+01
   1.0800000000000000e+02   3.4009661569669198e+01
   1.0900000000000000e+02   3.3938228241229901e+01
   1.1000000000000000e+02   3.3997820311656703e+01
   1.1100000000000000e+02   3.4274138353647601e+01
   1.1200000000000000e+02   3.4017249529516803e+01
   1.1300000000000000e+02   3.4001762993110297e+01
   1.1400000000000000e+02   3.3915790245899998e+01
   1.1500000000000000e+02   3.3822009613469604e+01
   1.1600000000000000e+02   3.4096262014229900e+01
   1.1700000000000000e+02   3.4251971350343503e+01
   1.1800000000000000e+02   3.4155222613295102e+01
   1.1900000000000000e+02   3.4193926238716799e+01
   1.2000000000000000e+02   3.3779693813971399e+01
   1.2100000000000000e+02   3.3697712432167002e+01
   1.2200000000000000e+02   3.3594633756373497e+01
   1.2300000000000000e+02   3.3509931653266698e+01
   1.2400000000000000e+02   3.3550769187295998e+01
   1.2500000000000000e+02   3.3412147755676997e+01
   1.2600000000000000e+02   3.3821491106635399e+01
   1.2700000000000000e+02   3.3794158872702297e+01
   1.2800000000000000e+02   3.3697653800365103e+01
   1.2900000000000000e+02   3.3613268832799001e+01
   1.3000000000000000e+02   3.3662499992169003e+01
   1.3100000000000000e+02   3.3705228512954697e+01
   1.3200000000000000e+02   3.3600892659210899e+01
   1.3300000000000000e+02   3.3557175345445899e+01
   1.3400000000000000e+02   3.3776660461144502e+01
   1.3500000000000000e+02   3.4063122442279898e+01
   1.3600000000000000e+02   3.3408074935445399e+01
   1.3700000000000000e+02   3.3127306621770998e+01
   1.3800000000000000e+02   3.2682524966873501e+01
   1.3900000000000000e+02   3.2567495248959297e+01
   1.4000000000000000e+02   3.2342818551302500e+01
   1.4100000000000000e+02   3.2205571640110499e+01
   1.4200000000000000e+02   3.1776201413038901e+01
   1.4300000000000000e+02   3.1748023228708298e+01
   1.4400000000000000e+02   3.1459234176931801e+01
   1.4500000000000000e+02   3.1453569214811498e+01
   1.4600000000000000e+02   3.1637974069314001e+01
   1.4700000000000000e+02   3.1709007791866402e+01
   1.4800000000000000e+02   3.1644336024296500e+01
   1.4900000000000000e+02   3.1266449313070101e+01
   1.5000000000000000e+02   3.0660819674819901e+01
   1.5100000000000000e+02   3.0665609669843199e+01
   1.5200000000000000e+02   3.0565079363229600e+01
   1.5300000000000000e+02   3.0345850939113099e+01
   1.5400000000000000e+02   3.0072052570416599e+01
   1.5500000000000000e+02   3.0007235541438501e+01
   1.5600000000000000e+02   2.9622733018033401e+01
   1.5700000000000000e+02   2.9209125727940702e+01
   1.5800000000000000e+02   2.8467901903113500e+01
   1.5900000000000000e+02   2.8126733798325201e+01
   1.6000000000000000e+02   2.8188549688149500e+01
   1.6100000000000000e+02   2.8419743508481002e+01
   1.6200000000000000e+02   2.8220045989218701e+01
   1.6300000000000000e+02   2.8518297787709500e+01
   1.6400000000000000e+02   2.8124466050645701e+01
   1.6500000000000000e+02   2.8578613939412499e+01
   1.6600000000000000e+02   2.9038563584476101e+01
   1.6700000000000000e+02   2.9321169097245100e+01
   1.6800000000000000e+02   2.9123248458486302e+01
   1.6900000000000000e+02   2.9045192554556600e+01
   1.7000000000000000e+02   2.9096066671736800e+01
   1.7100000000000000e+02   2.8896895729684100e+01
   1.7200000000000000e+02   2.8909889134677801e+01
   1.7300000000000000e+02   2.9206074919678699e+01
   1.7400000000000000e+02   2.9015691951261498e+01
   1.7500000000000000e+02   2.8409744159306001e+01
   1.7600000000000000e+02   2.8717315112364201e+01
   1.7700000000000000e+02   2.8665605709540500e+01
   1.7800000000000000e+02   2.8786299224278999e+01
   1.7900000000000000e+02   2.8309453964131901e+01
   1.8000000000000000e+02   2.7585087920155701e+01
   1.8100000000000000e+02   2.7382479453557899e+01
   1.8200000000000000e+02   2.7289991752103798e+01
   1.8300000000000000e+02   2.7109261324884500e+01
   1.8400000000000000e+02   2.7054349441928700e+01
   1.8500000000000000e+02   2.7261153315518602e+01
   1.8600000000000000e+02   2.7203447899971000e+01
   1.8700000000000000e+02   2.6443256632533402e+01
   1.8800000000000000e+02   2.6329716350209900e+01
   1.8900000000000000e+02   2.5949186262306501e+01
   1.9000000000000000e+02   2.5821192796953301e+01
   1.9100000000000000e+02   2.5355602423781399e+01
   1.9200000000000000e+02   2.5096289672490801e+01
   1.9300000000000000e+02   2.4895906106060899e+01
   1.9400000000000000e+02   2.4822166084216601e+01
   1.9500000000000000e+02   2.4648528795506799e+01
   1.9600000000000000e+02   2.4686593670597201e+01
   1.9700000000000000e+02   2.4455749227949099e+01
   1.9800000000000000e+02   2.4562262168008001e+01
   1.9900000000000000e+02   2.4336336518393299e+01
   2.0000000000000000e+02   2.4618049658655700e+01
   2.0100000000000000e+02   2.4270146493725200e+01
   2.0200000000000000e+02   2.4234986903586702e+01
   2.0300000000000000e+02   2.3992707931752101e+01
   2.0400000000000000e+02   2.3690573586063799e+01
   2.0500000000000000e+02   2.3932039514737600e+01
   2.0600000000000000e+02   2.3747967236722200e+01
   2.0700000000000000e+02   2.3074873151002599e+01
   2.0800000000000000e+02   2.3220354664487498e+01
   2.0900000000000000e+02   2.3503765774246698e+01
   2.1000000000000000e+02   2.3266736995112499e+01
   2.1100000000000000e+02   2.3086741614609799e+01
   2.1200000000000000e+02   2.2813751111590900e+01
   2.1300000000000000e+02   2.2523426533980601e+01
   2.1400000000000000e+02   2.2727630902306299e+01
   2.1500000000000000e+02   2.2833580942354100e+01
   2.1600000000000000e+02   2.3126289532146998e+01
   2.1700000000000000e+02   2.3251275254949999e+01
   2.1800000000000000e+02   2.3366772518155798e+01
   2.1900000000000000e+02   2.3275982537207000e+01
   2.2000000000000000e+02   2.2955683434440900e+01
   2.2100000000000000e+02   2.3013057438849600e+01
   2.2200000000000000e+02   2.2682206522347499e+01
   2.2300000000000000e+02   2.2329759168222200e+01
   2.2400000000000000e+02   2.2451656070016899e+01
   2.2500000000000000e+02   2.1876777879178800e+01
   2.2600000000000000e+02   2.1290964378240901e+01
   2.2700000000000000e+02   2.0943237476689699e+01
   2.2800000000000000e+02   2.1088868232125900e+01
   2.2900000000000000e+02   2.0597280385791102e+01
   2.3000000000000000e+02   2.0235327202130499e+01
   2.3100000000000000e+02   2.0320084931877400e+01
   2.3200000000000000e+02   2.0355861135676101e+01
   2.3300000000000000e+02   2.0137586619350198e+01
   2.3400000000000000e+02   1.9808309673169902e+01
   2.3500000000000000e+02   1.9808116148994401e+01
   2.3600000000000000e+02   1.9682785787889401e+01
   2.3700000000000000e+02   1.9218382536592500e+01
   2.3800000000000000e+02   1.9274830204721599e+01
   2.3900000000000000e+02   1.8855327862239999e+01
   2.4000000000000000e+02   1.8821053186203901e+01
   2.4100000000000000e+02   1.8204493265063700e+01
   2.4200000000000000e+02   1.8777861725047799e+01
   2.4300000000000000e+02   1.8757846583870101e+01
   2.4400000000000000e+02   1.8666054153793301e+01
   2.4500000000000000e+02   1.8572071925055301e+01
   2.4600000000000000e+02   1.8323263794857802e+01
   2.4700000000000000e+02   1.8628245125223099e+01
   2.4800000000000000e+02   1.8563100410091000e+01
   2.4900000000000000e+02   1.8267235872622798e+01
   2.5000000000000000e+02   1.8525555324475398e+01
   2.5100000000000000e+02   1.8731008571583299e+01
   2.5200000000000000e+02   1.8862381783707900e+01
   2.5300000000000000e+02   1.8141801902507300e+01
   2.5400000000000000e+02   1.7809287489786499e+01
   2.5500000000000000e+02   1.7492662933284802e+01
   2.5600000000000000e+02   1.6799101283791600e+01
   2.5700000000000000e+02   1.6497166471896101e+01
   2.5800000000000000e+02   1.6248936333956902e+01
   2.5900000000000000e+02   1.6219368149590998e+01
   2.6000000000000000e+02   1.6012286213102598e+01
   2.6100000000000000e+02   1.5853741926125201e+01
   2.6200000000000000e+02   1.5351859980748101e+01
   2.6300000000000000e+02   1.5404799350054899e+01
   2.6400000000000000e+02   1.5017910286377200e+01
   2.6500000000000000e+02   1.5451009569220499e+01
   2.6600000000000000e+02   1.5628061036044199e+01
   2.6700000000000000e+02   1.5356451494098900e+01
   2.6800000000000000e+02   1.5367823043602099e+01
   2.6900000000000000e+02   1.5332019172309799e+01
   2.7000000000000000e+02   1.5086226180709801e+01
   2.7100000000000000e+02   1.4929204847510100e+01
   2.7200000000000000e+02   1.5120774768522400e+01
   2.7300000000000000e+02   1.4945845253946000e+01
   2.7400000000000000e+02   1.4494410982917000e+01
   2.7500000000000000e+02   1.4201970565541799e+01
   2.7600000000000000e+02   1.4084262983238300e+01
   2.7700000000000000e+02   1.4022550945395500e+01
   2.7800000000000000e+02   1.4072531608944800e+01
   2.7900000000000000e+02   1.3869607585194800e+01
   2.8000000000000000e+02   1.2945523759776700e+01
   2.8100000000000000e+02   1.3217743526362501e+01
   2.8200000000000000e+02   1.3198732872946000e+01
   2.8300000000000000e+02   1.3077771667422800e+01
   2.8400000000000000e+02   1.3355588037723400e+01
   2.8500000000000000e+02   1.3675604756121301e+01
   2.8600000000000000e+02   1.3207966015915099e+01
   2.8700000000000000e+02   1.3185277727893700e+01
   2.8800000000000000e+02   1.3006269586697799e+01
   2.8900000000000000e+02   1.2875232370478400e+01
   2.9000000000000000e+02   1.2677830741529400e+01
   2.9100000000000000e+02   1.2818214916576800e+01
   2.9200000000000000e+02   1.2265683649618600e+01
   2.9300000000000000e+02   1.1751730577748100e+01
   2.9400000000000000e+02   1.1312619028295700e+01
   2.9500000000000000e+02   1.1390561626079499e+01
   2.9600000000000000e+02   1.1051045987401199e+01
   2.9700000000000000e+02   1.0717991027929299e+01
   2.9800000000000000e+02   1.0419844893952600e+01
   2.9900000000000000e+02   9.7814151166590104e+00
   3.0000000000000000e+02   9.6587812471223806e+00
   3.0100000000000000e+02   8.8219430826492200e+00
   3.0200000000000000e+02   8.9772779931141695e+00
   3.0300000000000000e+02   8.4151715356978407e+00
   3.0400000000000000e+02   8.1291049522996008e+00
   3.0500000000000000e+02   7.4754589630222803e+00
   3.0600000000000000e+02   7.0202493864739797e+00
   3.0700000000000000e+02   6.9140022326213604e+00
   3.0800000000000000e+02   6.4316395212285702e+00
   3.0900000000000000e+02   5.9841523960301704e+00
   3.1000000000000000e+02   5.5935714802005299e+00
   3.1100000000000000e+02   5.1074827391666098e+00
   3.1200000000000000e+02   5.4050660353702602e+00
   3.1300000000000000e+02   5.4334789214253902e+00
   3.1400000000000000e+02   5.0851998514292998e+00
   3.1500000000000000e+02   5.0339486760290200e+00
   3.1600000000000000e+02   5.0037471590515201e+00
   3.1700000000000000e+02   5.0111063367034197e+00
   3.1800000000000000e+02   4.6005722861053799e+00
   3.1900000000000000e+02   3.7031579138134800e+00
   3.2000000000000000e+02   4.0840091043529601e+00
   3.2100000000000000e+02   4.6352134012775998e+00
   3.2200000000000000e+02   3.9639105235871499e+00
   3.2300000000000000e+02   4.0574882319976497e+00
   3.2400000000000000e+02   3.8263027764996500e+00
   3.2500000000000000e+02   3.7293661082515301e+00
   3.2600000000000000e+02   3.1960280831113401e+00
   3.2700000000000000e+02   2.9161961682854001e+00
   3.2800000000000000e+02   2.4758241339422198e+00
   3.2900000000000000e+02   2.4555363807764898e+00
   3.3000000000000000e+02   2.3263492625142699e+00
   3.3100000000000000e+02   2.3645140087197700e+00
   3.3200000000000000e+02   2.3527204626382798e+00
   3.3300000000000000e+02   1.8551428275706701e+00
   3.3400000000000000e+02   1.3165693534563001e+00
   3.3500000000000000e+02   8.8368117449907901e-01
   3.3600000000000000e+02   5.9648522976399798e-01
   3.3700000000000000e+02   2.5356520444965702e-01
   3.3800000000000000e+02  -6.0795984885430698e-01
   3.3900000000000000e+02  -1.3644291036095899e+00
   3.4000000000000000e+02  -2.2077507336380102e+00
   3.4100000000000000e+02  -2.3925946794044401e+00
   3.4200000000000000e+02  -2.9456276949021798e+00
   3.4300000000000000e+02  -3.1995744344489299e+00
   3.4400000000000000e+02  -3.5441670347978600e+00
   3.4500000000000000e+02  -4.3524660665802299e+00
   3.4600000000000000e+02  -4.6625788902479597e+00
   3.4700000000000000e+02  -4.8134291703882601e+00
   3.4800000000000000e+02  -5.6317037004290702e+00
   3.4900000000000000e+02  -5.9308429774250602e+00
   3.5000000000000000e+02  -6.3882808214862798e+00
   3.5100000000000000e+02  -6.7696086471869403e+00
   3.5200000000000000e+02  -7.0483918864093802e+00
   3.5300000000000000e+02  -7.0666371924627596e+00
   3.5400000000000000e+02  -8.0130295931465305e+00
   3.5500000000000000e+02  -8.7049185123018198e+00
   3.5600000000000000e+02  -9.3959151362372406e+00
   3.5700000000000000e+02  -9.6206939924613497e+00
   3.5800000000000000e+02  -9.9188329872427801e+00
   3.5900000000000000e+02  -1.0456396606617201e+01
   3.6000000000000000e+02  -1.0488669173638399e+01
   3.6100000000000000e+02  -1.0955586635714900e+01
   3.6200000000000000e+02  -1.1469746410049900e+01
   3.6300000000000000e+02  -1.2337287700991100e+01
   3.6400000000000000e+02  -1.3139665367839401e+01
   3.6500000000000000e+02  -1.3436239974170300e+01
   3.6600000000000000e+02  -1.3854214221129400e+01
   3.6700000000000000e+02  -1.4108831294777900e+01
   3.6800000000000000e+02  -1.4925583785702401e+01
   3.6900000000000000e+02  -1.4950960723613299e+01
   3.7000000000000000e+02  -1.5555994980304799e+01
   3.7100000000000000e+02  -1.6042350412339399e+01
   3.7200000000000000e+02  -1.6606551921341602e+01
   3.7300000000000000e+02  -1.7019439718199202e+01
   3.7400000000000000e+02  -1.7702241557192899e+01
   3.7500000000000000e+02  -1.8221846232010702e+01
   3.7600000000000000e+02  -1.8354333348817601e+01
   3.7700000000000000e+02  -1.8629978714410701e+01
   3.7800000000000000e+02  -1.9094365057549801e+01
   3.7900000000000000e+02  -1.9451833352930500e+01
   3.8000000000000000e+02  -2.0025075211436199e+01
   3.8100000000000000e+02  -2.1140242693356502e+01
   3.8200000000000000e+02  -2.2157037973182199e+01
   3.8300000000000000e+02  -2.2593020990920699e+01
   3.8400000000000000e+02  -2.2887834696240802e+01
   3.8500000000000000e+02  -2.3398080014278499e+01
   3.8600000000000000e+02  -2.4116147079633699e+01
   3.8700000000000000e+02  -2.4542944522296700e+01
   3.8800000000000000e+02  -2.5433391738114501e+01
   3.8900000000000000e+02  -2.5764990935899100e+01
   3.9000000000000000e+02  -2.6004911544266999e+01
   3.9100000000000000e+02  -2.6258656755384699e+01
   3.9200000000000000e+02  -2.6578463643614999e+01
   3.9300000000000000e+02  -2.6838205756628799e+01
   3.9400000000000000e+02  -2.7448762361941299e+01
   3.9500000000000000e+02  -2.8007624976078102e+01
   3.9600000000000000e+02  -2.8707864554424500e+01
   3.9700000000000000e+02  -2.9977392215658600e+01
   3.9800000000000000e+02  -3.0647638712124799e+01
   3.9900000000000000e+02  -3.0883551072433100e+01
   4.0000000000000000e+02  -3.1477131194690099e+01
   4.0100000000000000e+02  -3.1482875903984400e+01
   4.0200000000000000e+02  -3.1809382474700399e+01
   4.0300000000000000e+02  -3.2558464347242101e+01
   4.0400000000000000e+02  -3.3265435101166702e+01
   4.0500000000000000e+02  -3.3460224759119797e+01
   4.0600000000000000e+02  -3.4201802044005603e+01
   4.0700000000000000e+02  -3.4860856095840496e+01
   4.0800000000000000e+02  -3.5288839118377403e+01
   4.0900000000000000e+02  -3.5916803424252898e+01
   4.1000000000000000e+02  -3.6685584867865998e+01
   4.1100000000000000e+02  -3.7356794502153399e+01
   4.1200000000000000e+02  -3.8109118342208298e+01
   4.1300000000000000e+02  -3.9332054380077899e+01
   4.1400000000000000e+02  -3.9553785450017699e+01
   4.1500000000000000e+02  -4.0724882157964302e+01
   4.1600000000000000e+02  -4.0956846271193001e+01
   4.1700000000000000e+02  -4.1593793619430400e+01
   4.1800000000000000e+02  -4.2677573665472799e+01
   4.1900000000000000e+02  -4.3402835060729998e+01
   4.2000000000000000e+02  -4.3717540597282600e+01
   4.2100000000000000e+02  -4.4361225110875502e+01
   4.2200000000000000e+02  -4.5432848951881603e+01
   4.2300000000000000e+02  -4.5823087012814099e+01
   4.2400000000000000e+02  -4.6871722983038701e+01
   4.2500000000000000e+02  -4.7282318715117100e+01
   4.2600000000000000e+02  -4.8113497088729197e+01
   4.2700000000000000e+02  -4.8813316237887399e+01
   4.2800000000000000e+02  -4.9214131918805897e+01
   4.2900000000000000e+02  -5.0132900017975103e+01
   4.3000000000000000e+02  -5.0671017621887302e+01
   4.3100000000000000e+02  -5.2293097996469903e+01
   4.3200000000000000e+02  -5.2801501576634799e+01
   4.3300000000000000e+02  -5.3062564347165100e+01
   4.3400000000000000e+02  -5.4072716120896402e+01
   4.3500000000000000e+02  -5.4729010011633797e+01
   4.3600000000000000e+02  -5.5786158317130003e+01
   4.3700000000000000e+02  -5.6478379203450402e+01
   4.3800000000000000e+02  -5.7404990910184303e+01
   4.3900000000000000e+02  -5.8225852884767498e+01
   4.4000000000000000e+02  -5.9054058248169902e+01
   4.4100000000000000e+02  -6.0326165684763197e+01
   4.4200000000000000e+02  -6.0705021326142798e+01
   4.4300000000000000e+02  -6.1910088823317203e+01
   4.4400000000000000e+02  -6.2822776215626298e+01
   4.4500000000000000e+02  -6.3362489088825399e+01
   4.4600000000000000e+02  -6.3981050101467602e+01
   4.4700000000000000e+02  -6.4809299802675795e+01
   4.4800000000000000e+02  -6.4923347746390206e+01
   4.4900000000000000e+02  -6.5137972992735996e+01
   4.5000000000000000e+02  -6.6145861765627203e+01
   4.5100000000000000e+02  -6.6427254033287994e+01
   4.5200000000000000e+02  -6.6840697307158194e+01
   4.5300000000000000e+02  -6.7113183900467007e+01
   4.5400000000000000e+02  -6.7156998013885300e+01
   4.5500000000000000e+02  -6.7277302811920606e+01
   4.5600000000000000e+02  -6.8009343691162698e+01
   4.5700000000000000e+02  -6.8819737863148703e+01
   4.5800000000000000e+02  -6.9051833107987306e+01
   4.5900000000000000e+02  -6.9691445211789301e+01
   4.6000000000000000e+02  -7.0238198889246306e+01
   4.6100000000000000e+02  -7.0667283153913601e+01
   4.6200000000000000e+02  -7.1098995443900606e+01
   4.6300000000000000e+02  -7.1259709381838505e+01
   4.6400000000000000e+02  -7.1450150606542493e+01
   4.6500000000000000e+02  -7.1618719718783694e+01
   4.6600000000000000e+02  -7.1908080167991301e+01
   4.6700000000000000e+02  -7.2399197114616598e+01
   4.6800000000000000e+02  -7.2439088564180395e+01
   4.6900000000000000e+02  -7.2759150194292701e+01
   4.7000000000000000e+02  -7.3039535764468894e+01
   4.7100000000000000e+02  -7.2756453205657607e+01
   4.7200000000000000e+02  -7.2720523924478101e+01
   4.7300000000000000e+02  -7.3046364740462806e+01
   4.7400000000000000e+02  -7.3319225916704795e+01
   4.7500000000000000e+02  -7.3515865550182994e+01
   4.7600000000000000e+02  -7.3358361735252601e+01
   4.7700000000000000e+02  -7.3275304487805798e+01
   4.7800000000000000e+02  -7.3250399166389997e+01
   4.7900000000000000e+02  -7.3203827436499296e+01
   4.8000000000000000e+02  -7.3447404569266595e+01
   4.8100000000000000e+02  -7.3916591891363296e+01
   4.8200000000000000e+02  -7.3388218358249006e+01
   4.8300000000000000e+02  -7.3077124438192598e+01
   4.8400000000000000e+02  -7.3390781800343504e+01
   4.8500000000000000e+02  -7.3880585946864500e+01
   4.8600000000000000e+02  -7.4080535330616001e+01
   4.8700000000000000e+02  -7.4258897117230703e+01
   4.8800000000000000e+02  -7.4498844279304606e+01
   4.8900000000000000e+02  -7.4331877648205406e+01
   4.9000000000000000e+02  -7.4635987637424805e+01
   4.9100000000000000e+02  -7.4345182077125997e+01
   4.9200000000000000e+02  -7.3905209791606893e+01
   4.9300000000000000e+02  -7.4087383358994600e+01
   4.9400000000000000e+02  -7.4057552732507602e+01
   4.9500000000000000e+02  -7.3912402166975795e+01
   4.9600000000000000e+02  -7.3653939258865606e+01
   4.9700000000000000e+02  -7.3773732806697097e+01
   4.9800000000000000e+02  -7.3707535469844700e+01
   4.9900000000000000e+02  -7.3476763410689102e+01
   5.0000000000000000e+02  -7.3796560578537196e+01
   5.0100000000000000e+02  -7.3871484348179806e+01
   5.0200000000000000e+02  -7.4380729634776898e+01
   5.0300000000000000e+02  -7.4209481419669899e+01
   5.0400000000000000e+02  -7.4316218240043199e+01
   5.0500000000000000e+02  -7.4156876861173302e+01
   5.0600000000000000e+02  -7.4353183578683598e+01
   5.0700000000000000e+02  -7.4044725487087305e+01
   5.0800000000000000e+02  -7.4055749887132094e+01
   5.0900000000000000e+02  -7.4205802800511094e+01
   5.1000000000000000e+02  -7.4448721731977102e+01
   5.1100000000000000e+02  -7.4333425910160202e+01
   5.1200000000000000e+02  -7.4328939653949504e+01
   5.1300000000000000e+02  -7.3744616354790494e+01
   5.1400000000000000e+02  -7.4272204770091804e+01
   5.1500000000000000e+02  -7.4257318754490697e+01
   5.1600000000000000e+02  -7.4149706694401999e+01
   5.1700000000000000e+02  -7.4232438878630802e+01
   5.1800000000000000e+02  -7.4243494409145399e+01
   5.1900000000000000e+02  -7.4564184240376207e+01
   5.2000000000000000e+02  -7.4448365415090393e+01
   5.2100000000000000e+02  -7.3607149534352203e+01
   5.2200000000000000e+02  -7.3454223051337905e+01
   5.2300000000000000e+02  -7.3679266278490900e+01
   5.2400000000000000e+02  -7.3893615475212798e+01
   5.2500000000000000e+02  -7.3618774778952300e+01
   5.2600000000000000e+02  -7.3441173002553796e+01
   5.2700000000000000e+02  -7.3246389892499707e+01
   5.2800000000000000e+02  -7.3315014374168797e+01
   5.2900000000000000e+02  -7.3651449188301100e+01
   5.3000000000000000e+02  -7.3446606417337094e+01
   5.3100000000000000e+02  -7.3548737187944397e+01
   5.3200000000000000e+02  -7.3283744957746606e+01
   5.3300000000000000e+02  -7.3714487574460406e+01
   5.3400000000000000e+02  -7.3694096656908400e+01
   5.3500000000000000e+02  -7.4142650862164601e+01
   5.3600000000000000e+02  -7.4812079972593295e+01
   5.3700000000000000e+02  -7.4482150425489195e+01
   5.3800000000000000e+02  -7.5035635520826503e+01
   5.3900000000000000e+02  -7.5064699925524906e+01
   5.4000000000000000e+02  -7.4488525644947202e+01
   5.4100000000000000e+02  -7.4805425220641197e+01
   5.4200000000000000e+02  -7.4564143012976402e+01
   5.4300000000000000e+02  -7.4525640172516702e+01
   5.4400000000000000e+02  -7.4881115233136001e+01
   5.4500000000000000e+02  -7.4845767930734397e+01
   5.4600000000000000e+02  -7.4481108565624695e+01
   5.4700000000000000e+02  -7.4658045321156294e+01
   5.4800000000000000e+02  -7.4591693874422603e+01
   5.4900000000000000e+02  -7.4650350481078405e+01
   5.5000000000000000e+02  -7.4373495420099104e+01
   5.5100000000000000e+02  -7.4489610887295100e+01
   5.5200000000000000e+02  -7.4723110035558605e+01
   5.5300000000000000e+02  -7.4954278913302602e+01
   5.5400000000000000e+02  -7.5016589313161305e+01
   5.5500000000000000e+02  -7.4671914252703402e+01
   5.5600000000000000e+02  -7.4309624025147997e+01
   5.5700000000000000e+02  -7.4277158516219401e+01
   5.5800000000000000e+02  -7.3966355713625902e+01
   5.5900000000000000e+02  -7.4175473351726794e+01
   5.6000000000000000e+02  -7.3985769292780603e+01
   5.6100000000000000e+02  -7.3898625681338899e+01
   5.6200000000000000e+02  -7.3549219888090903e+01
   5.6300000000000000e+02  -7.3463103374112507e+01
   5.6400000000000000e+02  -7.3595643483734705e+01
   5.6500000000000000e+02  -7.3926201564216896e+01
   5.6600000000000000e+02  -7.3789745772284306e+01
   5.6700000000000000e+02  -7.3798772183915105e+01
   5.6800000000000000e+02  -7.3318839581074400e+01
   5.6900000000000000e+02  -7.3065141315593493e+01
   5.7000000000000000e+02  -7.3278708206755596e+01
   5.7100000000000000e+02  -7.3312279897099998e+01
   5.7200000000000000e+02  -7.3165410929108504e+01
   5.7300000000000000e+02  -7.3444768331297993e+01
   5.7400000000000000e+02  -7.3247996937383803e+01
   5.7500000000000000e+02  -7.3203420503793595e+01
   5.7600000000000000e+02  -7.3245863544804195e+01
   5.7700000000000000e+02  -7.3358861005974205e+01
   5.7800000000000000e+02  -7.3204933950306895e+01
   5.7900000000000000e+02  -7.3444997717792603e+01
   5.8000000000000000e+02  -7.3909260281080194e+01
   5.8100000000000000e+02  -7.3881133610037494e+01
   5.8200000000000000e+02  -7.3355325961216806e+01
   5.8300000000000000e+02  -7.3291186411143002e+01
   5.8400000000000000e+02  -7.3282520574940804e+01
   5.8500000000000000e+02  -7.2982705000232698e+01
   5.8600000000000000e+02  -7.3580625683205199e+01
   5.8700000000000000e+02  -7.3838324240535599e+01
   5.8800000000000000e+02  -7.3881252250932107e+01
   5.8900000000000000e+02  -7.3902285808098100e+01
   5.9000000000000000e+02  -7.4152375797901698e+01
   5.9100000000000000e+02  -7.3515088986136604e+01
   5.9200000000000000e+02  -7.3824286082941597e+01
   5.9300000000000000e+02  -7.3974500789276405e+01
   5.9400000000000000e+02  -7.4319164688743200e+01
   5.9500000000000000e+02  -7.4934435306278502e+01
   5.9600000000000000e+02  -7.4978524975289403e+01
   5.9700000000000000e+02  -7.4743189634733994e+01
   5.9800000000000000e+02  -7.5150718600102394e+01
   5.9900000000000000e+02  -7.5474330496963105e+01
   6.0000000000000000e+02  -7.4881209211415893e+01
   6.0100000000000000e+02  -7.4709571213866795e+01
   6.0200000000000000e+02  -7.4724801415046301e+01
   6.0300000000000000e+02  -7.4487382208664798e+01
   6.0400000000000000e+02  -7.3888687622568597e+01
   6.0500000000000000e+02  -7.3558794233541306e+01
   6.0600000000000000e+02  -7.3925458480663707e+01
   6.0700000000000000e+02  -7.3749468592777703e+01
   6.0800000000000000e+02  -7.4063329153116896e+01
   6.0900000000000000e+02  -7.3907114598795204e+01
   6.1000000000000000e+02  -7.3795320716949107e+01
   6.1100000000000000e+02  -7.3694901038195496e+01
   6.1200000000000000e+02  -7.3568498628445795e+01
   6.1300000000000000e+02  -7.4224122872155903e+01
   6.1400000000000000e+02  -7.3838352615035703e+01
   6.1500000000000000e+02  -7.3546361140370394e+01
   6.1600000000000000e+02  -7.3812355139408396e+01
   6.1700000000000000e+02  -7.3740799043558297e+01
   6.1800000000000000e+02  -7.3719908811188503e+01
   6.1900000000000000e+02  -7.3893726316198396e+01
   6.2000000000000000e+02  -7.3943065217919198e+01
   6.2100000000000000e+02  -7.4494450502456601e+01
   6.2200000000000000e+02  -7.4589508984593493e+01
   6.2300000000000000e+02  -7.4785997147889802e+01
   6.2400000000000000e+02  -7.4297899546646605e+01
   6.2500000000000000e+02  -7.4466835707640996e+01
   6.2600000000000000e+02  -7.4387852582054293e+01
   6.2700000000000000e+02  -7.4155722276365907e+01
   6.2800000000000000e+02  -7.4043791812343301e+01
   6.2900000000000000e+02  -7.4537458155040795e+01
   6.3000000000000000e+02  -7.4202376509358999e+01
   6.3100000000000000e+02  -7.4417525296156299e+01
   6.3200000000000000e+02  -7.4828344702240798e+01
   6.3300000000000000e+02  -7.5180735209362695e+01
   6.3400000000000000e+02  -7.4661987952704706e+01
   6.3500000000000000e+02  -7.4404469472111700e+01
   6.3600000000000000e+02  -7.4351839905351397e+01
   6.3700000000000000e+02  -7.4605243418956704e+01
   6.3800000000000000e+02  -7.4713599328322601e+01
   6.3900000000000000e+02  -7.5112094612328804e+01
   6.4000000000000000e+02  -7.5227579164830402e+01
   6.4100000000000000e+02  -7.5585402047588005e+01
   6.4200000000000000e+02  -7.5675168227129902e+01
   6.4300000000000000e+02  -7.5598957512319302e+01
   6.4400000000000000e+02  -7.5958091406310700e+01
   6.4500000000000000e+02  -7.5471001550023303e+01
   6.4600000000000000e+02  -7.5631303704030003e+01
   6.4700000000000000e+02  -7.6224498316552001e+01
   6.4800000000000000e+02  -7.6001688937004204e+01
   6.4900000000000000e+02  -7.6065825800930099e+01
   6.5000000000000000e+02  -7.5960786730284099e+01
   6.5100000000000000e+02  -7.6302069538726499e+01
   6.5200000000000000e+02  -7.6119395983527596e+01
   6.5300000000000000e+02  -7.6364977581121494e+01
   6.5400000000000000e+02  -7.5731167794882893e+01
   6.5500000000000000e+02  -7.5450886214157407e+01
   6.5600000000000000e+02  -7.5718775392231393e+01
   6.5700000000000000e+02  -7.5491632940359295e+01
   6.5800000000000000e+02  -7.5349527194502599e+01
   6.5900000000000000e+02  -7.5720056116486703e+01
   6.6000000000000000e+02  -7.5441293351352101e+01
   6.6100000000000000e+02  -7.5710047340326398e+01
   6.6200000000000000e+02  -7.5397448390370499e+01
   6.6300000000000000e+02  -7.5384401284416498e+01
   6.6400000000000000e+02  -7.5276081108120295e+01
   6.6500000000000000e+02  -7.5353384342754694e+01
   6.6600000000000000e+02  -7.5767160855308902e+01
   6.6700000000000000e+02  -7.5391057097752096e+01
   6.6800000000000000e+02  -7.5436761332827601e+01
   6.6900000000000000e+02  -7.5108495573634400e+01
   6.7000000000000000e+02  -7.4716588972373998e+01
   6.7100000000000000e+02  -7.5078490990055300e+01
   6.7200000000000000e+02  -7.4936855749402397e+01
   6.7300000000000000e+02  -7.4872162222686796e+01
   6.7400000000000000e+02  -7.4941117584098194e+01
   6.7500000000000000e+02  -7.5122375993887303e+01
   6.7600000000000000e+02  -7.4735762214374503e+01
   6.7700000000000000e+02  -7.4702850094174096e+01
   6.7800000000000000e+02  -7.4797821514554499e+01
   6.7900000000000000e+02  -7.4824918862888197e+01
   6.8000000000000000e+02  -7.4659350144524595e+01
   6.8100000000000000e+02  -7.4414761665057100e+01
   6.8200000000000000e+02  -7.4693901391149694e+01
   6.8300000000000000e+02  -7.5388031361691205e+01
   6.8400000000000000e+02  -7.5713049946183602e+01
   6.8500000000000000e+02  -7.5620337517413006e+01
   6.8600000000000000e+02  -7.5438841276108604e+01
   6.8700000000000000e+02  -7.5127537047810605e+01
   6.8800000000000000e+02  -7.5664798341208297e+01
   6.8900000000000000e+02  -7.5589493924681904e+01
   6.9000000000000000e+02  -7.5659895333903194e+01
   6.9100000000000000e+02  -7.5924311538357401e+01
   6.9200000000000000e+02  -7.5937566741361806e+01
   6.9300000000000000e+02  -7.6374843342229696e+01
   6.9400000000000000e+02  -7.6298551750372795e+01
   6.9500000000000000e+02  -7.6000221858182002e+01
   6.9600000000000000e+02  -7.6152855591798698e+01
   6.9700000000000000e+02  -7.6466923343663495e+01
   6.9800000000000000e+02  -7.6122470906507402e+01
   6.9900000000000000e+02  -7.6033092555214594e+01
   7.0000000000000000e+02  -7.5755718052984705e+01
   7.0100000000000000e+02  -7.5809646510757304e+01
   7.0200000000000000e+02  -7.5676870807263199e+01
   7.0300000000000000e+02  -7.5965031508631299e+01
   7.0400000000000000e+02  -7.5837338664322800e+01
   7.0500000000000000e+02  -7.5031996388553907e+01
   7.0600000000000000e+02  -7.4873320891993899e+01
   7.0700000000000000e+02  -7.4344064203248607e+01
   7.0800000000000000e+02  -7.4498527366499403e+01
   7.0900000000000000e+02  -7.4108626420917702e+01
   7.1000000000000000e+02  -7.3834028068703205e+01
   7.1100000000000000e+02  -7.3741758763018197e+01
   7.1200000000000000e+02  -7.3590437603955394e+01
   7.1300000000000000e+02  -7.2908502985040300e+01
   7.1400000000000000e+02  -7.2945084814268697e+01
   7.1500000000000000e+02  -7.2915403482767900e+01
   7.1600000000000000e+02  -7.3211557445753499e+01
   7.1700000000000000e+02  -7.3401219230852405e+01
   7.1800000000000000e+02  -7.3240649336245497e+01
   7.1900000000000000e+02  -7.3477425652655498e+01
   7.2000000000000000e+02  -7.4127518891139303e+01
   7.2100000000000000e+02  -7.4128494118630201e+01
   7.2200000000000000e+02  -7.4075403827610600e+01
   7.2300000000000000e+02  -7.4083602574503800e+01
   7.2400000000000000e+02  -7.4052129946407803e+01
   7.2500000000000000e+02  -7.4001132059944197e+01
   7.2600000000000000e+02  -7.4051322797418806e+01
   7.2700000000000000e+02  -7.3802029741876396e+01
   7.2800000000000000e+02  -7.3950086378777698e+01
   7.2900000000000000e+02  -7.4154658353280595e+01
   7.3000000000000000e+02  -7.4214166754753506e+01
   7.3100000000000000e+02  -7.4702250957162804e+01
   7.3200000000000000e+02  -7.4292195670754097e+01
   7.3300000000000000e+02  -7.3949130250435900e+01
   7.3400000000000000e+02  -7.4371124769498493e+01
   7.3500000000000000e+02  -7.3718546048287493e+01
   7.3600000000000000e+02  -7.3869264917423294e+01
   7.3700000000000000e+02  -7.4213684759267693e+01
   7.3800000000000000e+02  -7.4073750424383505e+01
   7.3900000000000000e+02  -7.3944195955497406e+01
   7.4000000000000000e+02  -7.3951978278936394e+01
   7.4100000000000000e+02  -7.3999715388385795e+01
   7.4200000000000000e+02  -7.4132357272981395e+01
   7.4300000000000000e+02  -7.3178759243216106e+01
   7.4400000000000000e+02  -7.3090422564739100e+01
   7.4500000000000000e+02  -7.3049778542442397e+01
   7.4600000000000000e+02  -7.3267092005686095e+01
   7.4700000000000000e+02  -7.2953254176247498e+01
   7.4800000000000000e+02  -7.2424048660766601e+01
   7.4900000000000000e+02  -7.2578222073099695e+01
   7.5000000000000000e+02  -7.2706929322493707e+01
   7.5100000000000000e+02  -7.2251810311530406e+01
   7.5200000000000000e+02  -7.1389224517044696e+01
   7.5300000000000000e+02  -7.1556577788379002e+01
   7.5400000000000000e+02  -7.1185517468519905e+01
   7.5500000000000000e+02  -7.0844742804217304e+01
   7.5600000000000000e+02  -7.1136454734323195e+01
   7.5700000000000000e+02  -7.1372669814228601e+01
   7.5800000000000000e+02  -7.1346075085686294e+01
   7.5900000000000000e+02  -7.1547224114124504e+01
   7.6000000000000000e+02  -7.1702351387917304e+01
   7.6100000000000000e+02  -7.1276361923349498e+01
   7.6200000000000000e+02  -7.1889398240960205e+01
   7.6300000000000000e+02  -7.2051681114832505e+01
   7.6400000000000000e+02  -7.2260711738669201e+01
   7.6500000000000000e+02  -7.1988749695813397e+01
   7.6600000000000000e+02  -7.2144067929373193e+01
   7.6700000000000000e+02  -7.1899317554242501e+01
   7.6800000000000000e+02  -7.2215898787898595e+01
   7.6900000000000000e+02  -7.2090752531336904e+01
   7.7000000000000000e+02  -7.2177799971045303e+01
   7.7100000000000000e+02  -7.2541615725186304e+01
   7.7200000000000000e+02  -7.2945903010112701e+01
   7.7300000000000000e+02  -7.2833010342141407e+01
   7.7400000000000000e+02  -7.2944331152572602e+01
   7.7500000000000000e+02  -7.3142944619220003e+01
   7.7600000000000000e+02  -7.3046955160132399e+01
   7.7700000000000000e+02  -7.3365466231624893e+01
   7.7800000000000000e+02  -7.3515421439920601e+01
   7.7900000000000000e+02  -7.3288171376204104e+01
   7.8000000000000000e+02  -7.3137782453276998e+01
   7.8100000000000000e+02  -7.3336642801224102e+01
   7.8200000000000000e+02  -7.3436400082080993e+01
   7.8300000000000000e+02  -7.3120666734097298e+01
   7.8400000000000000e+02  -7.3170271186224596e+01
   7.8500000000000000e+02  -7.3211313625606294e+01
   7.8600000000000000e+02  -7.3106373857985503e+01
   7.8700000000000000e+02  -7.2767366763300402e+01
   7.8800000000000000e+02  -7.2972859857984602e+01
   7.8900000000000000e+02  -7.3070132727358398e+01
   7.9000000000000000e+02  -7.3083218447018396e+01
   7.9100000000000000e+02  -7.2904687913890498e+01
   7.9200000000000000e+02  -7.3132355796070797e+01
   7.9300000000000000e+02  -7.3166725300145004e+01
   7.9400000000000000e+02  -7.3089331377809799e+01
   7.9500000000000000e+02  -7.2652014702191494e+01
   7.9600000000000000e+02  -7.2826371308045793e+01
   7.9700000000000000e+02  -7.2853702255901894e+01
   7.9800000000000000e+02  -7.2835090860620497e+01
   7.9900000000000000e+02  -7.2675619180730806e+01
   8.0000000000000000e+02  -7.1907761362485900e+01
   8.0100000000000000e+02  -7.2240331222771005e+01
   8.0200000000000000e+02  -7.2057483818174106e+01
   8.0300000000000000e+02  -7.2118428450466894e+01
   8.0400000000000000e+02  -7.2080398332974198e+01
   8.0500000000000000e+02  -7.1792648330118197e+01
   8.0600000000000000e+02  -7.1582489284159095e+01
   8.0700000000000000e+02  -7.1127727570832505e+01
   8.0800000000000000e+02  -7.1401344822534298e+01
   8.0900000000000000e+02  -7.1488173982957406e+01
   8.1000000000000000e+02  -7.1421445642966702e+01
   8.1100000000000000e+02  -7.1706244735313504e+01
   8.1200000000000000e+02  -7.2078410811940799e+01
   8.1300000000000000e+02  -7.2035431804438602e+01
   8.1400000000000000e+02  -7.2330640686750499e+01
   8.1500000000000000e+02  -7.1684379440771707e+01
   8.1600000000000000e+02  -7.1904716045102603e+01
   8.1700000000000000e+02  -7.2347781033594998e+01
   8.1800000000000000e+02  -7.1952620866445798e+01
   8.1900000000000000e+02  -7.1873472748306995e+01
   8.2000000000000000e+02  -7.2348061620088004e+01
   8.2100000000000000e+02  -7.2388756683159201e+01
   8.2200000000000000e+02  -7.2747518873528904e+01
   8.2300000000000000e+02  -7.2735986941873904e+01
   8.2400000000000000e+02  -7.3348014409422703e+01
   8.2500000000000000e+02  -7.2954852409536699e+01
   8.2600000000000000e+02  -7.3163225748146800e+01
   8.2700000000000000e+02  -7.3261024336704494e+01
   8.2800000000000000e+02  -7.3116678889852906e+01
   8.2900000000000000e+02  -7.3204205508268998e+01
   8.3000000000000000e+02  -7.3508811248897103e+01
   8.3100000000000000e+02  -7.3439579253208294e+01
   8.3200000000000000e+02  -7.3899490416918795e+01
   8.3300000000000000e+02  -7.3748486302284604e+01
   8.3400000000000000e+02  -7.3861229307146303e+01
   8.3500000000000000e+02  -7.3462861141029805e+01
   8.3600000000000000e+02  -7.3370770043714799e+01
   8.3700000000000000e+02  -7.3507096668681200e+01
   8.3800000000000000e+02  -7.2888326124644394e+01
   8.3900000000000000e+02  -7.2858164036297694e+01
   8.4000000000000000e+02  -7.3220689668327594e+01
   8.4100000000000000e+02  -7.3070981509600003e+01
   8.4200000000000000e+02  -7.3051107193219707e+01
   8.4300000000000000e+02  -7.3596724701327702e+01
   8.4400000000000000e+02  -7.3478802504193695e+01
   8.4500000000000000e+02  -7.4000547325361794e+01
   8.4600000000000000e+02  -7.3776561297035599e+01
   8.4700000000000000e+02  -7.3148781729490906e+01
   8.4800000000000000e+02  -7.3104587523383699e+01
   8.4900000000000000e+02  -7.2387113898408899e+01
   8.5000000000000000e+02  -7.2162433785310100e+01
   8.5100000000000000e+02  -7.2111531249061002e+01
   8.5200000000000000e+02  -7.1510937029522495e+01
   8.5300000000000000e+02  -7.1524014279045602e+01
   8.5400000000000000e+02  -7.1808804260149500e+01
   8.5500000000000000e+02  -7.1906113719274600e+01
   8.5600000000000000e+02  -7.1947628997447197e+01
   8.5700000000000000e+02  -7.2046237565363498e+01
   8.5800000000000000e+02  -7.2009461151940997e+01
   8.5900000000000000e+02  -7.1642580701757097e+01
   8.6000000000000000e+02  -7.1599622797302303e+01
   8.6100000000000000e+02  -7.1895950147851096e+01
   8.6200000000000000e+02  -7.1951700384426601e+01
   8.6300000000000000e+02  -7.1632090465160005e+01
   8.6400000000000000e+02  -7.0824508648707905e+01
   8.6500000000000000e+02  -7.0575308881369196e+01
   8.6600000000000000e+02  -7.0433591873791698e+01
   8.6700000000000000e+02  -6.9888690065924493e+01
   8.6800000000000000e+02  -6.9821604833494305e+01
   8.6900000000000000e+02  -6.9307434435620294e+01
   8.7000000000000000e+02  -6.9304937838300305e+01
   8.7100000000000000e+02  -6.9030951346413303e+01
   8.7200000000000000e+02  -6.9013243194928094e+01
   8.7300000000000000e+02  -6.9175439958088504e+01
   8.7400000000000000e+02  -6.9223889676795295e+01
   8.7500000000000000e+02  -6.8656589884911298e+01
   8.7600000000000000e+02  -6.8446205347103202e+01
   8.7700000000000000e+02  -6.7980771403253300e+01
   8.7800000000000000e+02  -6.7561853807147997e+01
   8.7900000000000000e+02  -6.7185999749721404e+01
   8.8000000000000000e+02  -6.7197592935721303e+01
   8.8100000000000000e+02  -6.7389864545359600e+01
   8.8200000000000000e+02  -6.6982783476004499e+01
   8.8300000000000000e+02  -6.6915500743583607e+01
   8.8400000000000000e+02  -6.6857240367963200e+01
   8.8500000000000000e+02  -6.6791492739379805e+01
   8.8600000000000000e+02  -6.6770614786935795e+01
   8.8700000000000000e+02  -6.6334320353649403e+01
   8.8800000000000000e+02  -6.6197534830829298e+01
   8.8900000000000000e+02  -6.5886183774892999e+01
   8.9000000000000000e+02  -6.5056079737828497e+01
   8.9100000000000000e+02  -6.4949204091968696e+01
   8.9200000000000000e+02  -6.4686100234732507e+01
   8.9300000000000000e+02  -6.4045132941081306e+01
   8.9400000000000000e+02  -6.3260951804437902e+01
   8.9500000000000000e+02  -6.2539689512831302e+01
   8.9600000000000000e+02  -6.2103624733648701e+01
   8.9700000000000000e+02  -6.1115511404331599e+01
   8.9800000000000000e+02  -5.9871950683472100e+01
   8.9900000000000000e+02  -5.8895320025875002e+01
   9.0000000000000000e+02  -5.6807263994297600e+01
   9.0100000000000000e+02  -5.3280022010328899e+01
   9.0200000000000000e+02  -4.4512889460242597e+01
   9.0300000000000000e+02  -2.0686002080847700e+01
