  -1.0000000000000000e+02  -7.5534295524278605e+01
  -9.9000000000000000e+01  -7.5552083682426698e+01
  -9.8000000000000000e+01  -7.5222655649285798e+01
  -9.7000000000000000e+01  -7.5045612250067194e+01
  -9.6000000000000000e+01  -7.5211006291832106e+01
  -9.5000000000000000e+01  -7.5234976714157497e+01
  -9.4000000000000000e+01  -7.5493999230489194e+01
  -9.3000000000000000e+01  -7.5299986153951394e+01
  -9.2000000000000000e+01  -7.4955213712636606e+01
  -9.1000000000000000e+01  -7.4589245852847199e+01
  -9.0000000000000000e+01  -7.4149688216405394e+01
  -8.9000000000000000e+01  -7.4809429358282799e+01
  -8.8000000000000000e+01  -7.4782525517979906e+01
  -8.7000000000000000e+01  -7.4782462454982294e+01
  -8.6000000000000000e+01  -7.4414489612589804e+01
  -8.5000000000000000e+01  -7.3930513103555398e+01
  -8.4000000000000000e+01  -7.3964743100138094e+01
  -8.3000000000000000e+01  -7.3822652917998894e+01
  -8.2000000000000000e+01  -7.3858501766177994e+01
  -8.1000000000000000e+01  -7.3313765113647904e+01
  -8.0000000000000000e+01  -7.3792446994132106e+01
  -7.9000000000000000e+01  -7.3764511350882302e+01
  -7.8000000000000000e+01  -7.3373816302617897e+01
  -7.7000000000000000e+01  -7.3284560372610002e+01
  -7.6000000000000000e+01  -7.3304632524517203e+01
  -7.5000000000000000e+01  -7.3242570914977406e+01
  -7.4000000000000000e+01  -7.3034700940107498e+01
  -7.3000000000000000e+01  -7.3189553783497402e+01
  -7.2000000000000000e+01  -7.2905077448428401e+01
  -7.1000000000000000e+01  -7.2909873913004006e+01
  -7.0000000000000000e+01  -7.2887077683102305e+01
  -6.9000000000000000e+01  -7.2401297193762900e+01
  -6.8000000000000000e+01  -7.2351995430682607e+01
  -6.7000000000000000e+01  -7.2472169776515599e+01
  -6.6000000000000000e+01  -7.2459619573005099e+01
  -6.5000000000000000e+01  -7.2552094456382306e+01
  -6.4000000000000000e+01  -7.2365861962638604e+01
  -6.3000000000000000e+01  -7.2497874230227595e+01
  -6.2000000000000000e+01  -7.2347684891529198e+01
  -6.1000000000000000e+01  -7.1954865913117700e+01
  -6.0000000000000000e+01  -7.1848550195371303e+01
  -5.9000000000000000e+01  -7.2158360123719802e+01
  -5.8000000000000000e+01  -7.2017811523705802e+01
  -5.7000000000000000e+01  -7.1971537612265706e+01
  -5.6000000000000000e+01  -7.2208025430237996e+01
  -5.5000000000000000e+01  -7.1902128129894507e+01
  -5.4000000000000000e+01  -7.1291183989592099e+01
  -5.3000000000000000e+01  -7.1089731406363796e+01
  -5.2000000000000000e+01  -7.0882643424600403e+01
  -5.1000000000000000e+01  -7.1097547675682307e+01
  -5.0000000000000000e+01  -7.0763387529107703e+01
  -4.9000000000000000e+01  -7.1051753108595705e+01
  -4.8000000000000000e+01  -7.1183681289793697e+01
  -4.7000000000000000e+01  -7.1255472266151003e+01
  -4.6000000000000000e+01  -7.1369284780706707e+01
  -4.5000000000000000e+01  -7.1642815014805294e+01
  -4.4000000000000000e+01  -7.1805113068091700e+01
  -4.3000000000000000e+01  -7.1691780418284395e+01
  -4.2000000000000000e+01  -7.1539030068877096e+01
  -4.1000000000000000e+01  -7.1330137640340496e+01
  -4.0000000000000000e+01  -7.1357464545228893e+01
  -3.9000000000000000e+01  -7.0957842938317498e+01
  -3.8000000000000000e+01  -7.0520096181778996e+01
  -3.7000000000000000e+01  -7.0308340018382495e+01
  -3.6000000000000000e+01  -7.0340567392034202e+01
  -3.5000000000000000e+01  -7.0256814639310406e+01
  -3.4000000000000000e+01  -6.9577202658127007e+01
  -3.3000000000000000e+01  -6.9773787379750303e+01
  -3.2000000000000000e+01  -6.9349119987206507e+01
  -3.1000000000000000e+01  -6.9437212308596003e+01
  -3.0000000000000000e+01  -6.8818878594903694e+01
  -2.9000000000000000e+01  -6.8473006941883199e+01
  -2.8000000000000000e+01  -6.7624633865636795e+01
  -2.7000000000000000e+01  -6.7605689694097293e+01
  -2.6000000000000000e+01  -6.7578116144060502e+01
  -2.5000000000000000e+01  -6.7528268642445099e+01
  -2.4000000000000000e+01  -6.7379439105210395e+01
  -2.3000000000000000e+01  -6.7229891687552396e+01
  -2.2000000000000000e+01  -6.6896626156116099e+01
  -2.1000000000000000e+01  -6.6822831556862496e+01
  -2.0000000000000000e+01  -6.6982710589609198e+01
  -1.9000000000000000e+01  -6.6764066687719804e+01
  -1.8000000000000000e+01  -6.6710884941782595e+01
  -1.7000000000000000e+01  -6.7030701071501596e+01
  -1.6000000000000000e+01  -6.6612289204309505e+01
  -1.5000000000000000e+01  -6.5933320858517803e+01
  -1.4000000000000000e+01  -6.5763618751111494e+01
  -1.3000000000000000e+01  -6.5320651382085600e+01
  -1.2000000000000000e+01  -6.4963106208003197e+01
  -1.1000000000000000e+01  -6.4614301127703101e+01
  -1.0000000000000000e+01  -6.3336286070492001e+01
  -9.0000000000000000e+00  -6.2802393606378097e+01
  -8.0000000000000000e+00  -6.2233348833760800e+01
  -7.0000000000000000e+00  -6.1607075244584401e+01
  -6.0000000000000000e+00  -6.0413824979328801e+01
  -5.0000000000000000e+00  -5.9352119007523797e+01
  -4.0000000000000000e+00  -5.7905064245104398e+01
  -3.0000000000000000e+00  -5.5533682797416702e+01
  -2.0000000000000000e+00  -5.1998498461733803e+01
  -1.0000000000000000e+00  -4.2314322033491798e+01
   0.0000000000000000e+00  -2.0116621354834301e+01
   1.0000000000000000e+00  -2.8212013094791799e+00
   2.0000000000000000e+00   1.0424188128430499e+01
   3.0000000000000000e+00   1.7292488053729500e+01
   4.0000000000000000e+00   2.1464059080874598e+01
   5.0000000000000000e+00   2.3794720903165299e+01
   6.0000000000000000e+00   2.5051485216105000e+01
   7.0000000000000000e+00   2.5006818561531301e+01
   8.0000000000000000e+00   2.5411267147287301e+01
   9.0000000000000000e+00   2.5793501643093201e+01
   1.0000000000000000e+01   2.6134807061189900e+01
   1.1000000000000000e+01   2.6094424968643398e+01
   1.2000000000000000e+01   2.6771217125185199e+01
   1.3000000000000000e+01   2.6779062289268701e+01
   1.4000000000000000e+01   2.7605913953203402e+01
   1.5000000000000000e+01   2.7665961474440500e+01
   1.6000000000000000e+01   2.8099469182626599e+01
   1.7000000000000000e+01   2.8433960128065099e+01
   1.8000000000000000e+01   2.8298784148153199e+01
   1.9000000000000000e+01   2.9054980519957400e+01
   2.0000000000000000e+01   2.8531366328473499e+01
   2.1000000000000000e+01   2.9136857380059499e+01
   2.2000000000000000e+01   2.9144257222937402e+01
   2.3000000000000000e+01   2.8967879465436699e+01
   2.4000000000000000e+01   2.8925655268255898e+01
   2.5000000000000000e+01   2.9337792023696601e+01
   2.6000000000000000e+01   2.8998963059190402e+01
   2.7000000000000000e+01   2.9126902646578898e+01
   2.8000000000000000e+01   2.9415981271340300e+01
   2.9000000000000000e+01   2.9335291539770800e+01
   3.0000000000000000e+01   2.9330624345344201e+01
   3.1000000000000000e+01   2.9227488822375900e+01
   3.2000000000000000e+01   2.9431824162447199e+01
   3.3000000000000000e+01   2.9425036384861802e+01
   3.4000000000000000e+01   2.9602220435296498e+01
   3.5000000000000000e+01   2.9558611012193801e+01
   3.6000000000000000e+01   2.9944188485070601e+01
   3.7000000000000000e+01   3.0051293858176901e+01
   3.8000000000000000e+01   3.0094136046829199e+01
   3.9000000000000000e+01   3.0464093917873399e+01
   4.0000000000000000e+01   3.0385986469665699e+01
   4.1000000000000000e+01   3.0645127809841199e+01
   4.2000000000000000e+01   3.0583983692458201e+01
   4.3000000000000000e+01   3.0190153047290099e+01
   4.4000000000000000e+01   2.9815297093958598e+01
   4.5000000000000000e+01   2.9120443655284401e+01
   4.6000000000000000e+01   2.9197905466023698e+01
   4.7000000000000000e+01   2.9595213569978199e+01
   4.8000000000000000e+01   2.9940055263186402e+01
   4.9000000000000000e+01   2.9787343753152001e+01
   5.0000000000000000e+01   3.0137059128662699e+01
   5.1000000000000000e+01   3.0873902539433601e+01
   5.2000000000000000e+01   3.1130987658963601e+01
   5.3000000000000000e+01   3.1073774149092898e+01
   5.4000000000000000e+01   3.1193922562985900e+01
   5.5000000000000000e+01   3.1285985461438901e+01
   5.6000000000000000e+01   3.1337576526255901e+01
   5.7000000000000000e+01   3.1965200930442400e+01
   5.8000000000000000e+01   3.2643709527179297e+01
   5.9000000000000000e+01   3.2768573985789601e+01
   6.0000000000000000e+01   3.2616889528520403e+01
   6.1000000000000000e+01   3.2683667205325101e+01
   6.2000000000000000e+01   3.2758989215790898e+01
   6.3000000000000000e+01   3.2504446794703803e+01
   6.4000000000000000e+01   3.2960804859784197e+01
   6.5000000000000000e+01   3.3185345362283101e+01
   6.6000000000000000e+01   3.3053885008416799e+01
   6.7000000000000000e+01   3.3351856502707200e+01
   6.8000000000000000e+01   3.3295559758841797e+01
   6.9000000000000000e+01   3.3222305412780401e+01
   7.0000000000000000e+01   3.3341872586647803e+01
   7.1000000000000000e+01   3.3452457285134798e+01
   7.2000000000000000e+01   3.3624840719034800e+01
   7.3000000000000000e+01   3.3343734942841103e+01
   7.4000000000000000e+01   3.3295095417760500e+01
   7.5000000000000000e+01   3.3523374142992502e+01
   7.6000000000000000e+01   3.3113365514740600e+01
   7.7000000000000000e+01   3.3257966713865798e+01
   7.8000000000000000e+01   3.3653389122671101e+01
   7.9000000000000000e+01   3.3690063721285703e+01
   8.0000000000000000e+01   3.3137082115170600e+01
   8.1000000000000000e+01   3.3239902639911499e+01
   8.2000000000000000e+01   3.3356914690796799e+01
   8.3000000000000000e+01   3.3036245843174697e+01
   8.4000000000000000e+01   3.3415470273099800e+01
   8.5000000000000000e+01   3.3954718168226997e+01
   8.6000000000000000e+01   3.3655394900527703e+01
   8.7000000000000000e+01   3.3951232101294103e+01
   8.8000000000000000e+01   3.3921475426682697e+01
   8.9000000000000000e+01   3.4373923731986103e+01
   9.0000000000000000e+01   3.4655039209724599e+01
   9.1000000000000000e+01   3.4989867049796800e+01
   9.2000000000000000e+01   3.4476131846733303e+01
   9.3000000000000000e+01   3.4671008831316399e+01
   9.4000000000000000e+01   3.5448632221734499e+01
   9.5000000000000000e+01   3.5772727155556801e+01
   9.6000000000000000e+01   3.6059747795122803e+01
   9.7000000000000000e+01   3.6014050375481197e+01
   9.8000000000000000e+01   3.5896195701066702e+01
   9.9000000000000000e+01   3.5594866325126297e+01
   1.0000000000000000e+02   3.5934257345342203e+01
   1.0100000000000000e+02   3.5834030130797103e+01
   1.0200000000000000e+02   3.5429480559713397e+01
   1.0300000000000000e+02   3.5736414332088202e+01
   1.0400000000000000e+02   3.5540582845712400e+01
   1.0500000000000000e+02   3.5589991797738200e+01
   1.0600000000000000e+02   3.5737709755792103e+01
   1.0700000000000000e+02   3.5707755879245298e+01
   1.0800000000000000e+02   3.6054491408364697e+01
   1.0900000000000000e+02   3.5840230717053700e+01
   1.1000000000000000e+02   3.5393205413808900e+01
   1.1100000000000000e+02   3.5236755315385103e+01
   1.1200000000000000e+02   3.5337957420185901e+01
   1.1300000000000000e+02   3.4859059442782701e+01
   1.1400000000000000e+02   3.4628688735135498e+01
   1.1500000000000000e+02   3.4488503031475297e+01
   1.1600000000000000e+02   3.4236087563946199e+01
   1.1700000000000000e+02   3.4550173643821900e+01
   1.1800000000000000e+02   3.4740141590067999e+01
   1.1900000000000000e+02   3.4723366875270003e+01
   1.2000000000000000e+02   3.4970280469027401e+01
   1.2100000000000000e+02   3.4920725500796799e+01
   1.2200000000000000e+02   3.5007521208517602e+01
   1.2300000000000000e+02   3.5132174967662998e+01
   1.2400000000000000e+02   3.5390231331936498e+01
   1.2500000000000000e+02   3.5178192244368603e+01
   1.2600000000000000e+02   3.5260650620542499e+01
   1.2700000000000000e+02   3.5162796893800902e+01
   1.2800000000000000e+02   3.4736039682570002e+01
   1.2900000000000000e+02   3.3988467191568702e+01
   1.3000000000000000e+02   3.4005875371341197e+01
   1.3100000000000000e+02   3.3940496350637503e+01
   1.3200000000000000e+02   3.4167280845007703e+01
   1.3300000000000000e+02   3.4353038574344801e+01
   1.3400000000000000e+02   3.4954890400380101e+01
   1.3500000000000000e+02   3.5035622441933000e+01
   1.3600000000000000e+02   3.4612287545722999e+01
   1.3700000000000000e+02   3.4651140319668002e+01
   1.3800000000000000e+02   3.4263520046356199e+01
   1.3900000000000000e+02   3.4009253946109098e+01
   1.4000000000000000e+02   3.4124557379089602e+01
   1.4100000000000000e+02   3.3565066963539998e+01
   1.4200000000000000e+02   3.3362835254006001e+01
   1.4300000000000000e+02   3.3337774073126397e+01
   1.4400000000000000e+02   3.3395548111063199e+01
   1.4500000000000000e+02   3.3382465144675500e+01
   1.4600000000000000e+02   3.3102452761126102e+01
   1.4700000000000000e+02   3.3292160163367200e+01
   1.4800000000000000e+02   3.3310417432960399e+01
   1.4900000000000000e+02   3.3508997528847999e+01
   1.5000000000000000e+02   3.3494931275920500e+01
   1.5100000000000000e+02   3.3791732513034603e+01
   1.5200000000000000e+02   3.4039595448355797e+01
   1.5300000000000000e+02   3.4179351467427402e+01
   1.5400000000000000e+02   3.3623115047401100e+01
   1.5500000000000000e+02   3.3211844170218797e+01
   1.5600000000000000e+02   3.3262334515605303e+01
   1.5700000000000000e+02   3.2845274239981201e+01
   1.5800000000000000e+02   3.2894322950838699e+01
   1.5900000000000000e+02   3.2397526241501900e+01
   1.6000000000000000e+02   3.1533594109507099e+01
   1.6100000000000000e+02   3.0946538557034700e+01
   1.6200000000000000e+02   3.0786843853297199e+01
   1.6300000000000000e+02   3.0763758987577301e+01
   1.6400000000000000e+02   3.0403155169688400e+01
   1.6500000000000000e+02   3.0206552048220502e+01
   1.6600000000000000e+02   2.9752352412881901e+01
   1.6700000000000000e+02   2.9384981866391200e+01
   1.6800000000000000e+02   2.9338994012893401e+01
   1.6900000000000000e+02   2.8454642660962602e+01
   1.7000000000000000e+02   2.8060418105103601e+01
   1.7100000000000000e+02   2.7929887809610801e+01
   1.7200000000000000e+02   2.7596975228559099e+01
   1.7300000000000000e+02   2.7512630746256999e+01
   1.7400000000000000e+02   2.7819094713603999e+01
   1.7500000000000000e+02   2.7509737880112802e+01
   1.7600000000000000e+02   2.7498485108045902e+01
   1.7700000000000000e+02   2.7685283867829600e+01
   1.7800000000000000e+02   2.7736162027637100e+01
   1.7900000000000000e+02   2.7900783308526201e+01
   1.8000000000000000e+02   2.7685934993565098e+01
   1.8100000000000000e+02   2.7238546331998201e+01
   1.8200000000000000e+02   2.7298517933630901e+01
   1.8300000000000000e+02   2.7411857191847901e+01
   1.8400000000000000e+02   2.6917784534938200e+01
   1.8500000000000000e+02   2.7173550565612100e+01
   1.8600000000000000e+02   2.6494969649577300e+01
   1.8700000000000000e+02   2.6362910295042902e+01
   1.8800000000000000e+02   2.5852479375306501e+01
   1.8900000000000000e+02   2.6045536443400199e+01
   1.9000000000000000e+02   2.5821183033368499e+01
   1.9100000000000000e+02   2.5563376776269301e+01
   1.9200000000000000e+02   2.5039667605874300e+01
   1.9300000000000000e+02   2.4725290228356901e+01
   1.9400000000000000e+02   2.4858597328474399e+01
   1.9500000000000000e+02   2.4906626181379501e+01
   1.9600000000000000e+02   2.4576092151148998e+01
   1.9700000000000000e+02   2.4219350953912301e+01
   1.9800000000000000e+02   2.4105187559511801e+01
   1.9900000000000000e+02   2.3679165755991800e+01
   2.0000000000000000e+02   2.3843858204566100e+01
   2.0100000000000000e+02   2.3603335805420301e+01
   2.0200000000000000e+02   2.3299388383788699e+01
   2.0300000000000000e+02   2.3423138135375201e+01
   2.0400000000000000e+02   2.2899369101165998e+01
   2.0500000000000000e+02   2.2644256519676802e+01
   2.0600000000000000e+02   2.2815929520055001e+01
   2.0700000000000000e+02   2.2087504728101500e+01
   2.0800000000000000e+02   2.2567840962410301e+01
   2.0900000000000000e+02   2.2194170769530100e+01
   2.1000000000000000e+02   2.1789163441218300e+01
   2.1100000000000000e+02   2.1723958664518300e+01
   2.1200000000000000e+02   2.1525679137875699e+01
   2.1300000000000000e+02   2.1504574114259000e+01
   2.1400000000000000e+02   2.1028509952607799e+01
   2.1500000000000000e+02   2.0793479820671500e+01
   2.1600000000000000e+02   2.0715541500220500e+01
   2.1700000000000000e+02   1.9602674720107100e+01
   2.1800000000000000e+02   1.9125684778493099e+01
   2.1900000000000000e+02   1.9061126711554699e+01
   2.2000000000000000e+02   1.8879254112803899e+01
   2.2100000000000000e+02   1.9144208564501000e+01
   2.2200000000000000e+02   1.8683366823422201e+01
   2.2300000000000000e+02   1.8697954910740101e+01
   2.2400000000000000e+02   1.8329018230728000e+01
   2.2500000000000000e+02   1.7641525313290298e+01
   2.2600000000000000e+02   1.7353927275683201e+01
   2.2700000000000000e+02   1.6717394714738301e+01
   2.2800000000000000e+02   1.6048132623519301e+01
   2.2900000000000000e+02   1.5711033884941100e+01
   2.3000000000000000e+02   1.5530753755694899e+01
   2.3100000000000000e+02   1.5060543374487599e+01
   2.3200000000000000e+02   1.4686301796026500e+01
   2.3300000000000000e+02   1.4269145765696200e+01
   2.3400000000000000e+02   1.4045228611768000e+01
   2.3500000000000000e+02   1.3929978398714701e+01
   2.3600000000000000e+02   1.2970614240681201e+01
   2.3700000000000000e+02   1.2891541889137200e+01
   2.3800000000000000e+02   1.2681760680934399e+01
   2.3900000000000000e+02   1.2464856567606200e+01
   2.4000000000000000e+02   1.2242117407243599e+01
   2.4100000000000000e+02   1.2122277280074300e+01
   2.4200000000000000e+02   1.1498889629984500e+01
   2.4300000000000000e+02   1.0696772818614299e+01
   2.4400000000000000e+02   1.0687344475312100e+01
   2.4500000000000000e+02   1.1070847680965800e+01
   2.4600000000000000e+02   1.0907692634152800e+01
   2.4700000000000000e+02   1.0632078513093100e+01
   2.4800000000000000e+02   1.0808594981709399e+01
   2.4900000000000000e+02   1.0509583042631100e+01
   2.5000000000000000e+02   1.0393986666067301e+01
   2.5100000000000000e+02   1.0701486366745799e+01
   2.5200000000000000e+02   1.0925020694988000e+01
   2.5300000000000000e+02   1.0774615881943101e+01
   2.5400000000000000e+02   1.0474128025314499e+01
   2.5500000000000000e+02   1.0353143314950501e+01
   2.5600000000000000e+02   1.0273657134325701e+01
   2.5700000000000000e+02   1.0275695723633000e+01
   2.5800000000000000e+02   1.0144172095216099e+01
   2.5900000000000000e+02   1.0241861877657801e+01
   2.6000000000000000e+02   9.8520078487915299e+00
   2.6100000000000000e+02   9.2349757135043493e+00
   2.6200000000000000e+02   8.7341546820141200e+00
   2.6300000000000000e+02   8.7622594659441404e+00
   2.6400000000000000e+02   8.3797999406090398e+00
   2.6500000000000000e+02   8.0631343187079700e+00
   2.6600000000000000e+02   8.4031369662267394e+00
   2.6700000000000000e+02   8.6936652837044299e+00
   2.6800000000000000e+02   8.3320440501387498e+00
   2.6900000000000000e+02   7.2155197132230304e+00
   2.7000000000000000e+02   6.7993129337032503e+00
   2.7100000000000000e+02   6.7786310027013696e+00
   2.7200000000000000e+02   6.6626747427871997e+00
   2.7300000000000000e+02   6.5076582159887497e+00
   2.7400000000000000e+02   6.1370581251504701e+00
   2.7500000000000000e+02   5.7164836895994702e+00
   2.7600000000000000e+02   5.7484202172776202e+00
   2.7700000000000000e+02   5.7110801636900099e+00
   2.7800000000000000e+02   5.4986861753750498e+00
   2.7900000000000000e+02   5.0164577057943598e+00
   2.8000000000000000e+02   4.7564038521984200e+00
   2.8100000000000000e+02   4.7584452998741602e+00
   2.8200000000000000e+02   4.2551311348011502e+00
   2.8300000000000000e+02   4.6272596503819896e+00
   2.8400000000000000e+02   3.6050514252724302e+00
   2.8500000000000000e+02   3.4740734018475101e+00
   2.8600000000000000e+02   2.8583401277310898e+00
   2.8700000000000000e+02   2.3825628879533798e+00
   2.8800000000000000e+02   2.3940155890865702e+00
   2.8900000000000000e+02   2.2692195035937601e+00
   2.9000000000000000e+02   2.2288002012696499e+00
   2.9100000000000000e+02   2.6258054138331102e+00
   2.9200000000000000e+02   2.5892733867410600e+00
   2.9300000000000000e+02   2.5739688153048599e+00
   2.9400000000000000e+02   2.2689960735922901e+00
   2.9500000000000000e+02   2.3054737705064499e+00
   2.9600000000000000e+02   2.4493246321703301e+00
   2.9700000000000000e+02   2.3368370310403099e+00
   2.9800000000000000e+02   1.9424359570353500e+00
   2.9900000000000000e+02   2.4921713989982099e+00
   3.0000000000000000e+02   1.8507738594808500e+00
   3.0100000000000000e+02   1.7277465246390999e+00
   3.0200000000000000e+02   9.9248257899990000e-01
   3.0300000000000000e+02   1.0555676023783800e+00
   3.0400000000000000e+02   5.5996938801807095e-01
   3.0500000000000000e+02   3.2376975980672001e-01
   3.0600000000000000e+02   1.9360979742046200e-01
   3.0700000000000000e+02  -1.9755458568074799e-02
   3.0800000000000000e+02  -1.5296479524099199e-01
   3.0900000000000000e+02  -5.5175522294005797e-01
   3.1000000000000000e+02  -9.3599633356546297e-01
   3.1100000000000000e+02  -1.3220703366410800e+00
   3.1200000000000000e+02  -2.2738983174191700e+00
   3.1300000000000000e+02  -2.8773315832207298e+00
   3.1400000000000000e+02  -3.1736030854368198e+00
   3.1500000000000000e+02  -3.4349853307680500e+00
   3.1600000000000000e+02  -3.8035135149778299e+00
   3.1700000000000000e+02  -4.4636744316417802e+00
   3.1800000000000000e+02  -4.6345135133872599e+00
   3.1900000000000000e+02  -4.8497126713296304e+00
   3.2000000000000000e+02  -5.2690482848568898e+00
   3.2100000000000000e+02  -5.4766656989514200e+00
   3.2200000000000000e+02  -5.5134049244021002e+00
   3.2300000000000000e+02  -5.9046092948839703e+00
   3.2400000000000000e+02  -6.3037357339031503e+00
   3.2500000000000000e+02  -6.6457117488944100e+00
   3.2600000000000000e+02  -7.1540563959335497e+00
   3.2700000000000000e+02  -7.9233240377067498e+00
   3.2800000000000000e+02  -7.7558759564604598e+00
   3.2900000000000000e+02  -8.1106777147777400e+00
   3.3000000000000000e+02  -8.6544781243249709e+00
   3.3100000000000000e+02  -8.8401722620977505e+00
   3.3200000000000000e+02  -9.3834305970207996e+00
   3.3300000000000000e+02  -9.6575061356568206e+00
   3.3400000000000000e+02  -1.0365758413411600e+01
   3.3500000000000000e+02  -1.0560399723705800e+01
   3.3600000000000000e+02  -1.1491225833953100e+01
   3.3700000000000000e+02  -1.1809510072634600e+01
   3.3800000000000000e+02  -1.2364828562692800e+01
   3.3900000000000000e+02  -1.2238554625496400e+01
   3.4000000000000000e+02  -1.2560637085705499e+01
   3.4100000000000000e+02  -1.3259678290239300e+01
   3.4200000000000000e+02  -1.3600353067884800e+01
   3.4300000000000000e+02  -1.3961504204758400e+01
   3.4400000000000000e+02  -1.4115237894746100e+01
   3.4500000000000000e+02  -1.4424221889642800e+01
   3.4600000000000000e+02  -1.4696046940256601e+01
   3.4700000000000000e+02  -1.4915780811717900e+01
   3.4800000000000000e+02  -1.4864219381037699e+01
   3.4900000000000000e+02  -1.4996284946701399e+01
   3.5000000000000000e+02  -1.5415274773024700e+01
   3.5100000000000000e+02  -1.5828265563955901e+01
   3.5200000000000000e+02  -1.6131126370049198e+01
   3.5300000000000000e+02  -1.6286499248457599e+01
   3.5400000000000000e+02  -1.6122676411001500e+01
   3.5500000000000000e+02  -1.6535945678000800e+01
   3.5600000000000000e+02  -1.6991412050585499e+01
   3.5700000000000000e+02  -1.7732796439538699e+01
   3.5800000000000000e+02  -1.8575290062949300e+01
   3.5900000000000000e+02  -1.9151897237137700e+01
   3.6000000000000000e+02  -1.9955724467668901e+01
   3.6100000000000000e+02  -2.0452648791434299e+01
   3.6200000000000000e+02  -2.1078063664953000e+01
   3.6300000000000000e+02  -2.1737972798517202e+01
   3.6400000000000000e+02  -2.2287584121591600e+01
   3.6500000000000000e+02  -2.2641700304717901e+01
   3.6600000000000000e+02  -2.3050874645394401e+01
   3.6700000000000000e+02  -2.3191610273716801e+01
   3.6800000000000000e+02  -2.4054271793379201e+01
   3.6900000000000000e+02  -2.5078573857730699e+01
   3.7000000000000000e+02  -2.5758784065406001e+01
   3.7100000000000000e+02  -2.5818046769616199e+01
   3.7200000000000000e+02  -2.6143327651760298e+01
   3.7300000000000000e+02  -2.6693655530093501e+01
   3.7400000000000000e+02  -2.7235535237843500e+01
   3.7500000000000000e+02  -2.7678090163605201e+01
   3.7600000000000000e+02  -2.8309158737586099e+01
   3.7700000000000000e+02  -2.8551926882859700e+01
   3.7800000000000000e+02  -2.8839874136102800e+01
   3.7900000000000000e+02  -2.8920335376141299e+01
   3.8000000000000000e+02  -2.9365814321534000e+01
   3.8100000000000000e+02  -2.9952439260377599e+01
   3.8200000000000000e+02  -3.0733031380773500e+01
   3.8300000000000000e+02  -3.1002158195254601e+01
   3.8400000000000000e+02  -3.1932199336075801e+01
   3.8500000000000000e+02  -3.2592723331432403e+01
   3.8600000000000000e+02  -3.2989348243401700e+01
   3.8700000000000000e+02  -3.4166071935267603e+01
   3.8800000000000000e+02  -3.4017683563860999e+01
   3.8900000000000000e+02  -3.3812627486785097e+01
   3.9000000000000000e+02  -3.3856634941830102e+01
   3.9100000000000000e+02  -3.4671179434625301e+01
   3.9200000000000000e+02  -3.5116655794874497e+01
   3.9300000000000000e+02  -3.5724980693270297e+01
   3.9400000000000000e+02  -3.6186513810146401e+01
   3.9500000000000000e+02  -3.6339716149672398e+01
   3.9600000000000000e+02  -3.6821957186691499e+01
   3.9700000000000000e+02  -3.7214644131511903e+01
   3.9800000000000000e+02  -3.7746530815599897e+01
   3.9900000000000000e+02  -3.8047582516348697e+01
   4.0000000000000000e+02  -3.8827747854945301e+01
   4.0100000000000000e+02  -3.9302010517103199e+01
   4.0200000000000000e+02  -3.9177595551662499e+01
   4.0300000000000000e+02  -3.9765152307526698e+01
   4.0400000000000000e+02  -3.9881088745754397e+01
   4.0500000000000000e+02  -4.0127415938663397e+01
   4.0600000000000000e+02  -4.0503052938511303e+01
   4.0700000000000000e+02  -4.1509115011260803e+01
   4.0800000000000000e+02  -4.1522110264269401e+01
   4.0900000000000000e+02  -4.2390034294423401e+01
   4.1000000000000000e+02  -4.3206836687575802e+01
   4.1100000000000000e+02  -4.3884147104517801e+01
   4.1200000000000000e+02  -4.4825265185565101e+01
   4.1300000000000000e+02  -4.5078578090665196e+01
   4.1400000000000000e+02  -4.5405359419923798e+01
   4.1500000000000000e+02  -4.5937075019637298e+01
   4.1600000000000000e+02  -4.6337206199323603e+01
   4.1700000000000000e+02  -4.7011439802834197e+01
   4.1800000000000000e+02  -4.7223491637763402e+01
   4.1900000000000000e+02  -4.7802481863621800e+01
   4.2000000000000000e+02  -4.8283056640057097e+01
   4.2100000000000000e+02  -4.8464020590644303e+01
   4.2200000000000000e+02  -4.8820871901399698e+01
   4.2300000000000000e+02  -4.9294157227747803e+01
   4.2400000000000000e+02  -5.0024404377982002e+01
   4.2500000000000000e+02  -5.0117523067754902e+01
   4.2600000000000000e+02  -5.1282526676042700e+01
   4.2700000000000000e+02  -5.1859792486378097e+01
   4.2800000000000000e+02  -5.2471510655303497e+01
   4.2900000000000000e+02  -5.2857069897589199e+01
   4.3000000000000000e+02  -5.3326578448060303e+01
   4.3100000000000000e+02  -5.3817151899752801e+01
   4.3200000000000000e+02  -5.4549320685399799e+01
   4.3300000000000000e+02  -5.4706657946530797e+01
   4.3400000000000000e+02  -5.5562546938939398e+01
   4.3500000000000000e+02  -5.5944585438092403e+01
   4.3600000000000000e+02  -5.6352035630112503e+01
   4.3700000000000000e+02  -5.6635316920155198e+01
   4.3800000000000000e+02  -5.7063093373113396e+01
   4.3900000000000000e+02  -5.7428977424990698e+01
   4.4000000000000000e+02  -5.8318404051322801e+01
   4.4100000000000000e+02  -5.8911311951033703e+01
   4.4200000000000000e+02  -5.9776269501939503e+01
   4.4300000000000000e+02  -6.0223937045183902e+01
   4.4400000000000000e+02  -6.1459869637567301e+01
   4.4500000000000000e+02  -6.1879511873197103e+01
   4.4600000000000000e+02  -6.2729045811915597e+01
   4.4700000000000000e+02  -6.3441481882325100e+01
   4.4800000000000000e+02  -6.4141723406622205e+01
   4.4900000000000000e+02  -6.5005368703784001e+01
   4.5000000000000000e+02  -6.5816546670248400e+01
   4.5100000000000000e+02  -6.6572683670554198e+01
   4.5200000000000000e+02  -6.6658150627209594e+01
   4.5300000000000000e+02  -6.6863267409838997e+01
   4.5400000000000000e+02  -6.7129722935232095e+01
   4.5500000000000000e+02  -6.7799622631790101e+01
   4.5600000000000000e+02  -6.8407356481280999e+01
   4.5700000000000000e+02  -6.8691655160621295e+01
   4.5800000000000000e+02  -6.9144209796729896e+01
   4.5900000000000000e+02  -6.9308618360564196e+01
   4.6000000000000000e+02  -6.9780600877731800e+01
   4.6100000000000000e+02  -7.0310429720553500e+01
   4.6200000000000000e+02  -7.0849770813455393e+01
   4.6300000000000000e+02  -7.0541797891715106e+01
   4.6400000000000000e+02  -7.1086453386711199e+01
   4.6500000000000000e+02  -7.1408472990129695e+01
   4.6600000000000000e+02  -7.1947802117675593e+01
   4.6700000000000000e+02  -7.2381661202026905e+01
   4.6800000000000000e+02  -7.2577256357251699e+01
   4.6900000000000000e+02  -7.2307782706126304e+01
   4.7000000000000000e+02  -7.1866360528242495e+01
   4.7100000000000000e+02  -7.2022064764979106e+01
   4.7200000000000000e+02  -7.2365171636762895e+01
   4.7300000000000000e+02  -7.2028176526833306e+01
   4.7400000000000000e+02  -7.2217132332696394e+01
   4.7500000000000000e+02  -7.2558918039947599e+01
   4.7600000000000000e+02  -7.2635577152412097e+01
   4.7700000000000000e+02  -7.3105145470426294e+01
   4.7800000000000000e+02  -7.3051901960928802e+01
   4.7900000000000000e+02  -7.3033183951093903e+01
   4.8000000000000000e+02  -7.3102838807044606e+01
   4.8100000000000000e+02  -7.3325528660373195e+01
   4.8200000000000000e+02  -7.3156543046683694e+01
   4.8300000000000000e+02  -7.3793660137134196e+01
   4.8400000000000000e+02  -7.3711656460828706e+01
   4.8500000000000000e+02  -7.3708871151513193e+01
   4.8600000000000000e+02  -7.3572002146454594e+01
   4.8700000000000000e+02  -7.3457046715671297e+01
   4.8800000000000000e+02  -7.4086156669444705e+01
   4.8900000000000000e+02  -7.4115109237290795e+01
   4.9000000000000000e+02  -7.4143542747277905e+01
   4.9100000000000000e+02  -7.4297752394151303e+01
   4.9200000000000000e+02  -7.4401031422903202e+01
   4.9300000000000000e+02  -7.4393768530361299e+01
   4.9400000000000000e+02  -7.4834914912089502e+01
   4.9500000000000000e+02  -7.4904747971316496e+01
   4.9600000000000000e+02  -7.5095610397361895e+01
   4.9700000000000000e+02  -7.5111419667111804e+01
   4.9800000000000000e+02  -7.5059860723487006e+01
   4.9900000000000000e+02  -7.5242070646147695e+01
   5.0000000000000000e+02  -7.4939534714422706e+01
   5.0100000000000000e+02  -7.5090287116197302e+01
   5.0200000000000000e+02  -7.5245993311079900e+01
   5.0300000000000000e+02  -7.5525515524032500e+01
   5.0400000000000000e+02  -7.5894651777327894e+01
   5.0500000000000000e+02  -7.5823827936979299e+01
   5.0600000000000000e+02  -7.5610533194113501e+01
   5.0700000000000000e+02  -7.6274078097594597e+01
   5.0800000000000000e+02  -7.6339883887192897e+01
   5.0900000000000000e+02  -7.6335018544762505e+01
   5.1000000000000000e+02  -7.6033545900669196e+01
   5.1100000000000000e+02  -7.6042776012965803e+01
   5.1200000000000000e+02  -7.5915143610861094e+01
   5.1300000000000000e+02  -7.6202703861907395e+01
   5.1400000000000000e+02  -7.6549356666088897e+01
   5.1500000000000000e+02  -7.6662215445872306e+01
   5.1600000000000000e+02  -7.6499945432908504e+01
   5.1700000000000000e+02  -7.6465239846723193e+01
   5.1800000000000000e+02  -7.6928065647805894e+01
   5.1900000000000000e+02  -7.6851320802553005e+01
   5.2000000000000000e+02  -7.7095961329647494e+01
   5.2100000000000000e+02  -7.7446692989878898e+01
   5.2200000000000000e+02  -7.7330001908641904e+01
   5.2300000000000000e+02  -7.7165272734022906e+01
   5.2400000000000000e+02  -7.7083293376880107e+01
   5.2500000000000000e+02  -7.7266569100948601e+01
   5.2600000000000000e+02  -7.7324708504091205e+01
   5.2700000000000000e+02  -7.7568913001083601e+01
   5.2800000000000000e+02  -7.7973574602575198e+01
   5.2900000000000000e+02  -7.7501548588241306e+01
   5.3000000000000000e+02  -7.7587073322868207e+01
   5.3100000000000000e+02  -7.6991093948573393e+01
   5.3200000000000000e+02  -7.6564252044354305e+01
   5.3300000000000000e+02  -7.6536203255789005e+01
   5.3400000000000000e+02  -7.6700550588778896e+01
   5.3500000000000000e+02  -7.6094723095133901e+01
   5.3600000000000000e+02  -7.6378679581911598e+01
   5.3700000000000000e+02  -7.6270172452889796e+01
   5.3800000000000000e+02  -7.6412924712249193e+01
   5.3900000000000000e+02  -7.6484669881074893e+01
   5.4000000000000000e+02  -7.6946497814208300e+01
   5.4100000000000000e+02  -7.6889272447608306e+01
   5.4200000000000000e+02  -7.6405084374968098e+01
   5.4300000000000000e+02  -7.6302261828965797e+01
   5.4400000000000000e+02  -7.6200219288173301e+01
   5.4500000000000000e+02  -7.6118985797229200e+01
   5.4600000000000000e+02  -7.6686060900867801e+01
   5.4700000000000000e+02  -7.6446421265853502e+01
   5.4800000000000000e+02  -7.5936951771351204e+01
   5.4900000000000000e+02  -7.5974779041240396e+01
   5.5000000000000000e+02  -7.6150512098385704e+01
   5.5100000000000000e+02  -7.6301575173286196e+01
   5.5200000000000000e+02  -7.6199210917841398e+01
   5.5300000000000000e+02  -7.5927426271360005e+01
   5.5400000000000000e+02  -7.5871090919033804e+01
   5.5500000000000000e+02  -7.5973640122750993e+01
   5.5600000000000000e+02  -7.5881679246377203e+01
   5.5700000000000000e+02  -7.6034257102913202e+01
   5.5800000000000000e+02  -7.5973408853665902e+01
   5.5900000000000000e+02  -7.6093383114609097e+01
   5.6000000000000000e+02  -7.6007982193355701e+01
   5.6100000000000000e+02  -7.6324631230764993e+01
   5.6200000000000000e+02  -7.6237147589844000e+01
   5.6300000000000000e+02  -7.5565672650961503e+01
   5.6400000000000000e+02  -7.5461633533407294e+01
   5.6500000000000000e+02  -7.5349221373215201e+01
   5.6600000000000000e+02  -7.5179107530605606e+01
   5.6700000000000000e+02  -7.5085692444569901e+01
   5.6800000000000000e+02  -7.5517372023654900e+01
   5.6900000000000000e+02  -7.5431183829100704e+01
   5.7000000000000000e+02  -7.5321556436809502e+01
   5.7100000000000000e+02  -7.4741633816499004e+01
   5.7200000000000000e+02  -7.5099067957368604e+01
   5.7300000000000000e+02  -7.5040203485033004e+01
   5.7400000000000000e+02  -7.4781482831300096e+01
   5.7500000000000000e+02  -7.4474296252438293e+01
   5.7600000000000000e+02  -7.4299673476919807e+01
   5.7700000000000000e+02  -7.4085102912112902e+01
   5.7800000000000000e+02  -7.4279511643203605e+01
   5.7900000000000000e+02  -7.4132296393755595e+01
   5.8000000000000000e+02  -7.3895262251276804e+01
   5.8100000000000000e+02  -7.3650882337795593e+01
   5.8200000000000000e+02  -7.4251198511713596e+01
   5.8300000000000000e+02  -7.4495207318350495e+01
   5.8400000000000000e+02  -7.4503450877054902e+01
   5.8500000000000000e+02  -7.4180284254342197e+01
   5.8600000000000000e+02  -7.3847526239549495e+01
   5.8700000000000000e+02  -7.4082337214776302e+01
   5.8800000000000000e+02  -7.4332127660458696e+01
   5.8900000000000000e+02  -7.4488181229380203e+01
   5.9000000000000000e+02  -7.5133913919852503e+01
   5.9100000000000000e+02  -7.5316321983674499e+01
   5.9200000000000000e+02  -7.4795127688406396e+01
   5.9300000000000000e+02  -7.5083298060910394e+01
   5.9400000000000000e+02  -7.4436721407505601e+01
   5.9500000000000000e+02  -7.4606520327943400e+01
   5.9600000000000000e+02  -7.4700696589413496e+01
   5.9700000000000000e+02  -7.5014740528235805e+01
   5.9800000000000000e+02  -7.4451732855261099e+01
   5.9900000000000000e+02  -7.4738922403957801e+01
   6.0000000000000000e+02  -7.4303607495850201e+01
   6.0100000000000000e+02  -7.4014803382542695e+01
   6.0200000000000000e+02  -7.4188065332561393e+01
   6.0300000000000000e+02  -7.3792610358214404e+01
   6.0400000000000000e+02  -7.4086509490438900e+01
   6.0500000000000000e+02  -7.4362722571244504e+01
   6.0600000000000000e+02  -7.4033925865436203e+01
   6.0700000000000000e+02  -7.4019366922646000e+01
   6.0800000000000000e+02  -7.4213402460163493e+01
   6.0900000000000000e+02  -7.4246295508889006e+01
   6.1000000000000000e+02  -7.4104946075216901e+01
   6.1100000000000000e+02  -7.4084600523964795e+01
   6.1200000000000000e+02  -7.4052171167316402e+01
   6.1300000000000000e+02  -7.4010498088402002e+01
   6.1400000000000000e+02  -7.4302927535311397e+01
   6.1500000000000000e+02  -7.4499939470879696e+01
   6.1600000000000000e+02  -7.4713456638274707e+01
   6.1700000000000000e+02  -7.4251708946478303e+01
   6.1800000000000000e+02  -7.4122343503514301e+01
   6.1900000000000000e+02  -7.3647021766495399e+01
   6.2000000000000000e+02  -7.3555787540409298e+01
   6.2100000000000000e+02  -7.3028830578222895e+01
   6.2200000000000000e+02  -7.3474980968698901e+01
   6.2300000000000000e+02  -7.3143532414034993e+01
   6.2400000000000000e+02  -7.3397613008792305e+01
   6.2500000000000000e+02  -7.3735097022519000e+01
   6.2600000000000000e+02  -7.3845652027348194e+01
   6.2700000000000000e+02  -7.4102062120379102e+01
   6.2800000000000000e+02  -7.4380821128999997e+01
   6.2900000000000000e+02  -7.4727153044696607e+01
   6.3000000000000000e+02  -7.4931221882854004e+01
   6.3100000000000000e+02  -7.5177835704624101e+01
   6.3200000000000000e+02  -7.5056042379706298e+01
   6.3300000000000000e+02  -7.5115029904680100e+01
   6.3400000000000000e+02  -7.5246126434671098e+01
   6.3500000000000000e+02  -7.5092667711592398e+01
   6.3600000000000000e+02  -7.4832595194452196e+01
   6.3700000000000000e+02  -7.4400079194229406e+01
   6.3800000000000000e+02  -7.4832182789906099e+01
   6.3900000000000000e+02  -7.4472557873538904e+01
   6.4000000000000000e+02  -7.4446803725681406e+01
   6.4100000000000000e+02  -7.4744815839498102e+01
   6.4200000000000000e+02  -7.5361205045361899e+01
   6.4300000000000000e+02  -7.5560252716579200e+01
   6.4400000000000000e+02  -7.5374153505865095e+01
   6.4500000000000000e+02  -7.5118509146990803e+01
   6.4600000000000000e+02  -7.4989303522493799e+01
   6.4700000000000000e+02  -7.5013573396692493e+01
   6.4800000000000000e+02  -7.4627403210710497e+01
   6.4900000000000000e+02  -7.4172455429037797e+01
   6.5000000000000000e+02  -7.4345856466557507e+01
   6.5100000000000000e+02  -7.4585498242981899e+01
   6.5200000000000000e+02  -7.4678674793985607e+01
   6.5300000000000000e+02  -7.4353213069994396e+01
   6.5400000000000000e+02  -7.5044690624752207e+01
   6.5500000000000000e+02  -7.4812068973989199e+01
   6.5600000000000000e+02  -7.4959288405248799e+01
   6.5700000000000000e+02  -7.5086350286871607e+01
   6.5800000000000000e+02  -7.4508999522580197e+01
   6.5900000000000000e+02  -7.4379181774158099e+01
   6.6000000000000000e+02  -7.4106995849274995e+01
   6.6100000000000000e+02  -7.4462696503264596e+01
   6.6200000000000000e+02  -7.4589822023261107e+01
   6.6300000000000000e+02  -7.4609016538662701e+01
   6.6400000000000000e+02  -7.4308249466856097e+01
   6.6500000000000000e+02  -7.4157733774674497e+01
   6.6600000000000000e+02  -7.4213746685816801e+01
   6.6700000000000000e+02  -7.3549021268328701e+01
   6.6800000000000000e+02  -7.3429172209288794e+01
   6.6900000000000000e+02  -7.3496153678460203e+01
   6.7000000000000000e+02  -7.3519686776677602e+01
   6.7100000000000000e+02  -7.3476093646081694e+01
   6.7200000000000000e+02  -7.3538939994210693e+01
   6.7300000000000000e+02  -7.3907448646581500e+01
   6.7400000000000000e+02  -7.3377866784937396e+01
   6.7500000000000000e+02  -7.3655513227235900e+01
   6.7600000000000000e+02  -7.3817768299160505e+01
   6.7700000000000000e+02  -7.3609099786681000e+01
   6.7800000000000000e+02  -7.3612460065610506e+01
   6.7900000000000000e+02  -7.3642648735150999e+01
   6.8000000000000000e+02  -7.3246546266351402e+01
   6.8100000000000000e+02  -7.3744883930471204e+01
   6.8200000000000000e+02  -7.3666313102305494e+01
   6.8300000000000000e+02  -7.3512462694256101e+01
   6.8400000000000000e+02  -7.3656128288289906e+01
   6.8500000000000000e+02  -7.3859315905691204e+01
   6.8600000000000000e+02  -7.3541338818626002e+01
   6.8700000000000000e+02  -7.3811215395198104e+01
   6.8800000000000000e+02  -7.3729767531636597e+01
   6.8900000000000000e+02  -7.3145551851438896e+01
   6.9000000000000000e+02  -7.2923846186282105e+01
   6.9100000000000000e+02  -7.2861539749864903e+01
   6.9200000000000000e+02  -7.2504880891605595e+01
   6.9300000000000000e+02  -7.2733926652187407e+01
   6.9400000000000000e+02  -7.3248068641488103e+01
   6.9500000000000000e+02  -7.3645081692746999e+01
   6.9600000000000000e+02  -7.3382786434370502e+01
   6.9700000000000000e+02  -7.3510512964444203e+01
   6.9800000000000000e+02  -7.3538010438340706e+01
   6.9900000000000000e+02  -7.3557492395962399e+01
   7.0000000000000000e+02  -7.3904745215164297e+01
   7.0100000000000000e+02  -7.3642380487866106e+01
   7.0200000000000000e+02  -7.3629172153431796e+01
   7.0300000000000000e+02  -7.3477628867248498e+01
   7.0400000000000000e+02  -7.3871636305959299e+01
   7.0500000000000000e+02  -7.4018816551772403e+01
   7.0600000000000000e+02  -7.3455801306108199e+01
   7.0700000000000000e+02  -7.3757845503316403e+01
   7.0800000000000000e+02  -7.3857832110118196e+01
   7.0900000000000000e+02  -7.3426264447870693e+01
   7.1000000000000000e+02  -7.3697384186338695e+01
   7.1100000000000000e+02  -7.3747751464767902e+01
   7.1200000000000000e+02  -7.3921467151175705e+01
   7.1300000000000000e+02  -7.4230431802920407e+01
   7.1400000000000000e+02  -7.3656909070378404e+01
   7.1500000000000000e+02  -7.3522230688026497e+01
   7.1600000000000000e+02  -7.3686479606832606e+01
   7.1700000000000000e+02  -7.3201600738927198e+01
   7.1800000000000000e+02  -7.3485903810412097e+01
   7.1900000000000000e+02  -7.3136747133705697e+01
   7.2000000000000000e+02  -7.3124231831473793e+01
   7.2100000000000000e+02  -7.3040393712554803e+01
   7.2200000000000000e+02  -7.2925566959963504e+01
   7.2300000000000000e+02  -7.2964300155715407e+01
   7.2400000000000000e+02  -7.2791176657687600e+01
   7.2500000000000000e+02  -7.3486806977566800e+01
   7.2600000000000000e+02  -7.3312232625863402e+01
   7.2700000000000000e+02  -7.3246391124437693e+01
   7.2800000000000000e+02  -7.3056999359979997e+01
   7.2900000000000000e+02  -7.2822643913270795e+01
   7.3000000000000000e+02  -7.2771926923035394e+01
   7.3100000000000000e+02  -7.3175619794200500e+01
   7.3200000000000000e+02  -7.2964618050370106e+01
   7.3300000000000000e+02  -7.2978549071405098e+01
   7.3400000000000000e+02  -7.2507095407363494e+01
   7.3500000000000000e+02  -7.2640927834606401e+01
   7.3600000000000000e+02  -7.2353156452218499e+01
   7.3700000000000000e+02  -7.2407888527835993e+01
   7.3800000000000000e+02  -7.2320448595623006e+01
   7.3900000000000000e+02  -7.2333915346314896e+01
   7.4000000000000000e+02  -7.2231452793843701e+01
   7.4100000000000000e+02  -7.2625200163216107e+01
   7.4200000000000000e+02  -7.2206738706196205e+01
   7.4300000000000000e+02  -7.2268752987512400e+01
   7.4400000000000000e+02  -7.2158946651501793e+01
   7.4500000000000000e+02  -7.2513580801685805e+01
   7.4600000000000000e+02  -7.2577426244988104e+01
   7.4700000000000000e+02  -7.2429497332617004e+01
   7.4800000000000000e+02  -7.2262351410808506e+01
   7.4900000000000000e+02  -7.2184724421609602e+01
   7.5000000000000000e+02  -7.1699495748271801e+01
   7.5100000000000000e+02  -7.1700476793135095e+01
   7.5200000000000000e+02  -7.1443825877603203e+01
   7.5300000000000000e+02  -7.1505394241276207e+01
   7.5400000000000000e+02  -7.1380765015558097e+01
   7.5500000000000000e+02  -7.0955533364408794e+01
   7.5600000000000000e+02  -7.1328980297992999e+01
   7.5700000000000000e+02  -7.1373407784434406e+01
   7.5800000000000000e+02  -7.1029757331509401e+01
   7.5900000000000000e+02  -7.1537914295586901e+01
   7.6000000000000000e+02  -7.1290982398955805e+01
   7.6100000000000000e+02  -7.1073478057028694e+01
   7.6200000000000000e+02  -7.1205666029228894e+01
   7.6300000000000000e+02  -7.1355788591992095e+01
   7.6400000000000000e+02  -7.1341586939124099e+01
   7.6500000000000000e+02  -7.1774903682884798e+01
   7.6600000000000000e+02  -7.1824849692064106e+01
   7.6700000000000000e+02  -7.2180186319950295e+01
   7.6800000000000000e+02  -7.2169153341922396e+01
   7.6900000000000000e+02  -7.2081436959818802e+01
   7.7000000000000000e+02  -7.2311666636469397e+01
   7.7100000000000000e+02  -7.2333475577701904e+01
   7.7200000000000000e+02  -7.2501054145566599e+01
   7.7300000000000000e+02  -7.2475878399991501e+01
   7.7400000000000000e+02  -7.2295058342743104e+01
   7.7500000000000000e+02  -7.2331229032525400e+01
   7.7600000000000000e+02  -7.1985974279947499e+01
   7.7700000000000000e+02  -7.1879988606633802e+01
   7.7800000000000000e+02  -7.1859242934145698e+01
   7.7900000000000000e+02  -7.1930603365348404e+01
   7.8000000000000000e+02  -7.1760409065595198e+01
   7.8100000000000000e+02  -7.1734173496770296e+01
   7.8200000000000000e+02  -7.1779354069589900e+01
   7.8300000000000000e+02  -7.1454853148216500e+01
   7.8400000000000000e+02  -7.1704382546072395e+01
   7.8500000000000000e+02  -7.2172473922881807e+01
   7.8600000000000000e+02  -7.2414779259305504e+01
   7.8700000000000000e+02  -7.1743481494491107e+01
   7.8800000000000000e+02  -7.2135825808910099e+01
   7.8900000000000000e+02  -7.2611366927846802e+01
   7.9000000000000000e+02  -7.2069475138360900e+01
   7.9100000000000000e+02  -7.2047508404469994e+01
   7.9200000000000000e+02  -7.1827401922914206e+01
   7.9300000000000000e+02  -7.2027250991966795e+01
   7.9400000000000000e+02  -7.1791759511781905e+01
   7.9500000000000000e+02  -7.2511566551142906e+01
   7.9600000000000000e+02  -7.2097678188208604e+01
   7.9700000000000000e+02  -7.2286397120873104e+01
   7.9800000000000000e+02  -7.1945113775916795e+01
   7.9900000000000000e+02  -7.1971254992358297e+01
   8.0000000000000000e+02  -7.2240323949305505e+01
   8.0100000000000000e+02  -7.2126169037991403e+01
   8.0200000000000000e+02  -7.2181049214081000e+01
   8.0300000000000000e+02  -7.1780164728266698e+01
   8.0400000000000000e+02  -7.1758830671548196e+01
   8.0500000000000000e+02  -7.1531307018401094e+01
   8.0600000000000000e+02  -7.2015215328628202e+01
   8.0700000000000000e+02  -7.1691907135901701e+01
   8.0800000000000000e+02  -7.1956900154440703e+01
   8.0900000000000000e+02  -7.2431514482131902e+01
   8.1000000000000000e+02  -7.2348729071163405e+01
   8.1100000000000000e+02  -7.2323836079314304e+01
   8.1200000000000000e+02  -7.2350100051694795e+01
   8.1300000000000000e+02  -7.1974839324005202e+01
   8.1400000000000000e+02  -7.2184559991412598e+01
   8.1500000000000000e+02  -7.2092330892868304e+01
   8.1600000000000000e+02  -7.1158590085282199e+01
   8.1700000000000000e+02  -7.1247730206084796e+01
   8.1800000000000000e+02  -7.1185109544780801e+01
   8.1900000000000000e+02  -7.1351756688530898e+01
   8.2000000000000000e+02  -7.0952981323566306e+01
   8.2100000000000000e+02  -7.0577535480603402e+01
   8.2200000000000000e+02  -7.0560846835220403e+01
   8.2300000000000000e+02  -7.0536706526596802e+01
   8.2400000000000000e+02  -7.0782242860840299e+01
   8.2500000000000000e+02  -7.0755662721110099e+01
   8.2600000000000000e+02  -7.0732049121714098e+01
   8.2700000000000000e+02  -7.0358980883603394e+01
   8.2800000000000000e+02  -7.0135446705212701e+01
   8.2900000000000000e+02  -6.9575581791448499e+01
   8.3000000000000000e+02  -6.9455503442820500e+01
   8.3100000000000000e+02  -6.9214703680969706e+01
   8.3200000000000000e+02  -6.8983314055160307e+01
   8.3300000000000000e+02  -6.8848419694499398e+01
   8.3400000000000000e+02  -6.8940967014254298e+01
   8.3500000000000000e+02  -6.8528982833977096e+01
   8.3600000000000000e+02  -6.8241044825977099e+01
   8.3700000000000000e+02  -6.8209598865439801e+01
   8.3800000000000000e+02  -6.7549053175052904e+01
   8.3900000000000000e+02  -6.7584409794804003e+01
   8.4000000000000000e+02  -6.7904195676045106e+01
   8.4100000000000000e+02  -6.7081545117592896e+01
   8.4200000000000000e+02  -6.6695900934708106e+01
   8.4300000000000000e+02  -6.6624264770297501e+01
   8.4400000000000000e+02  -6.6606503397321504e+01
   8.4500000000000000e+02  -6.6427515396328701e+01
   8.4600000000000000e+02  -6.6377931689505701e+01
   8.4700000000000000e+02  -6.6478640526730103e+01
   8.4800000000000000e+02  -6.6651491799202404e+01
   8.4900000000000000e+02  -6.6135059325980393e+01
   8.5000000000000000e+02  -6.5849948920320898e+01
   8.5100000000000000e+02  -6.4913309598441003e+01
   8.5200000000000000e+02  -6.4729958899319698e+01
   8.5300000000000000e+02  -6.4445888610216400e+01
   8.5400000000000000e+02  -6.3229217652119800e+01
   8.5500000000000000e+02  -6.2534027396336498e+01
   8.5600000000000000e+02  -6.1512534747731202e+01
   8.5700000000000000e+02  -6.0253665274347902e+01
   8.5800000000000000e+02  -5.8873754517961899e+01
   8.5900000000000000e+02  -5.6976526792556697e+01
   8.6000000000000000e+02  -5.4388332578711001e+01
   8.6100000000000000e+02  -4.8804882435689997e+01
   8.6200000000000000e+02  -3.2476776880381003e+01
   8.6300000000000000e+02  -1.0987576758175599e+01
