  -1.0000000000000000e+02  -7.0568912595266497e+01
  -9.9000000000000000e+01  -7.0571200180443995e+01
  -9.8000000000000000e+01  -7.0632719030138105e+01
  -9.7000000000000000e+01  -7.0942746861602203e+01
  -9.6000000000000000e+01  -7.1019811241974807e+01
  -9.5000000000000000e+01  -7.0765972243416499e+01
  -9.4000000000000000e+01  -7.1194956035715094e+01
  -9.3000000000000000e+01  -7.1295403558318995e+01
  -9.2000000000000000e+01  -7.1060058850950796e+01
  -9.1000000000000000e+01  -7.1127221309376296e+01
  -9.0000000000000000e+01  -7.1353987472845802e+01
  -8.9000000000000000e+01  -7.1669980370342401e+01
  -8.8000000000000000e+01  -7.1879357167006404e+01
  -8.7000000000000000e+01  -7.1955684760401496e+01
  -8.6000000000000000e+01  -7.2061095185159999e+01
  -8.5000000000000000e+01  -7.1752311623291007e+01
  -8.4000000000000000e+01  -7.1874632879921094e+01
  -8.3000000000000000e+01  -7.2003484452178498e+01
  -8.2000000000000000e+01  -7.1942176639951001e+01
  -8.1000000000000000e+01  -7.1451500437667804e+01
  -8.0000000000000000e+01  -7.1357507418192299e+01
  -7.9000000000000000e+01  -7.1415411668313496e+01
  -7.8000000000000000e+01  -7.0858914638500195e+01
  -7.7000000000000000e+01  -7.0817754260098994e+01
  -7.6000000000000000e+01  -7.0888811464357303e+01
  -7.5000000000000000e+01  -7.0834445335604798e+01
  -7.4000000000000000e+01  -7.0955909431558098e+01
  -7.3000000000000000e+01  -7.1181712294766399e+01
  -7.2000000000000000e+01  -7.1170327062693403e+01
  -7.1000000000000000e+01  -7.1430589518607107e+01
  -7.0000000000000000e+01  -7.1602410437496303e+01
  -6.9000000000000000e+01  -7.1473193033649295e+01
  -6.8000000000000000e+01  -7.1925276149988406e+01
  -6.7000000000000000e+01  -7.1806764537599307e+01
  -6.6000000000000000e+01  -7.1297923139472303e+01
  -6.5000000000000000e+01  -7.1334301332103195e+01
  -6.4000000000000000e+01  -7.1260725616240705e+01
  -6.3000000000000000e+01  -7.1217049149315500e+01
  -6.2000000000000000e+01  -7.1072534053270303e+01
  -6.1000000000000000e+01  -7.1396904137120899e+01
  -6.0000000000000000e+01  -7.1295109122400603e+01
  -5.9000000000000000e+01  -7.1691032142749705e+01
  -5.8000000000000000e+01  -7.1500254048117000e+01
  -5.7000000000000000e+01  -7.1058746969707698e+01
  -5.6000000000000000e+01  -7.1403383403099497e+01
  -5.5000000000000000e+01  -7.1450671522359002e+01
  -5.4000000000000000e+01  -7.1330158463910493e+01
  -5.3000000000000000e+01  -7.1174730613246695e+01
  -5.2000000000000000e+01  -7.1201359804444493e+01
  -5.1000000000000000e+01  -7.0632658186962004e+01
  -5.0000000000000000e+01  -7.0677296639265194e+01
  -4.9000000000000000e+01  -7.0159807378425697e+01
  -4.8000000000000000e+01  -7.0220482534714606e+01
  -4.7000000000000000e+01  -7.0019143684773397e+01
  -4.6000000000000000e+01  -6.9715274578883907e+01
  -4.5000000000000000e+01  -6.9248080531853503e+01
  -4.4000000000000000e+01  -6.9278257321373303e+01
  -4.3000000000000000e+01  -6.9423827633146203e+01
  -4.2000000000000000e+01  -6.9618680115692399e+01
  -4.1000000000000000e+01  -6.9410652209556105e+01
  -4.0000000000000000e+01  -6.9407045626002400e+01
  -3.9000000000000000e+01  -6.9622854503821600e+01
  -3.8000000000000000e+01  -6.9326799018478795e+01
  -3.7000000000000000e+01  -6.9601524442891304e+01
  -3.6000000000000000e+01  -6.9103653708592702e+01
  -3.5000000000000000e+01  -6.8866688892789298e+01
  -3.4000000000000000e+01  -6.8730407144704600e+01
  -3.3000000000000000e+01  -6.8675164628618106e+01
  -3.2000000000000000e+01  -6.8275075896937906e+01
  -3.1000000000000000e+01  -6.8238688041288100e+01
  -3.0000000000000000e+01  -6.8260684660433796e+01
  -2.9000000000000000e+01  -6.8290633792486503e+01
  -2.8000000000000000e+01  -6.8499588163601999e+01
  -2.7000000000000000e+01  -6.8554313183635401e+01
  -2.6000000000000000e+01  -6.8222324499676901e+01
  -2.5000000000000000e+01  -6.7949436835873698e+01
  -2.4000000000000000e+01  -6.7645896494732199e+01
  -2.3000000000000000e+01  -6.7647154627605204e+01
  -2.2000000000000000e+01  -6.7631937948154004e+01
  -2.1000000000000000e+01  -6.7786924074964801e+01
  -2.0000000000000000e+01  -6.7413372598430200e+01
  -1.9000000000000000e+01  -6.6825317261013893e+01
  -1.8000000000000000e+01  -6.6248045828388300e+01
  -1.7000000000000000e+01  -6.6035697107708998e+01
  -1.6000000000000000e+01  -6.5586859265499498e+01
  -1.5000000000000000e+01  -6.5525000921985196e+01
  -1.4000000000000000e+01  -6.5742451189412407e+01
  -1.3000000000000000e+01  -6.5574018385394197e+01
  -1.2000000000000000e+01  -6.5302432674262207e+01
  -1.1000000000000000e+01  -6.4767583898851399e+01
  -1.0000000000000000e+01  -6.4439942478133005e+01
  -9.0000000000000000e+00  -6.4260892441349100e+01
  -8.0000000000000000e+00  -6.3331638965830997e+01
  -7.0000000000000000e+00  -6.2715551291396402e+01
  -6.0000000000000000e+00  -6.2114943470914902e+01
  -5.0000000000000000e+00  -6.1107631467425001e+01
  -4.0000000000000000e+00  -5.9923556603438499e+01
  -3.0000000000000000e+00  -5.8132176701283200e+01
  -2.0000000000000000e+00  -5.5021085997638899e+01
  -1.0000000000000000e+00  -4.8683082690425699e+01
   0.0000000000000000e+00  -2.3664515836641002e+01
   1.0000000000000000e+00  -1.6815684002913101e+00
   2.0000000000000000e+00   1.2766134632278000e+01
   3.0000000000000000e+00   2.0137841170890098e+01
   4.0000000000000000e+00   2.4465196025324701e+01
   5.0000000000000000e+00   2.6358636443756001e+01
   6.0000000000000000e+00   2.7835804402060798e+01
   7.0000000000000000e+00   2.7763388354398899e+01
   8.0000000000000000e+00   2.7912334803877400e+01
   9.0000000000000000e+00   2.8323026644569200e+01
   1.0000000000000000e+01   2.8479557043570001e+01
   1.1000000000000000e+01   2.8586784926159400e+01
   1.2000000000000000e+01   2.8923237953247799e+01
   1.3000000000000000e+01   2.9383775013935299e+01
   1.4000000000000000e+01   3.0003820225574302e+01
   1.5000000000000000e+01   3.0556002498761099e+01
   1.6000000000000000e+01   3.0585572829913701e+01
   1.7000000000000000e+01   3.1199086299986899e+01
   1.8000000000000000e+01   3.1607216611556300e+01
   1.9000000000000000e+01   3.1301150081497301e+01
   2.0000000000000000e+01   3.1471366865298901e+01
   2.1000000000000000e+01   3.1249931451285200e+01
   2.2000000000000000e+01   3.1708989189377700e+01
   2.3000000000000000e+01   3.1232415337254601e+01
   2.4000000000000000e+01   3.0912836268656498e+01
   2.5000000000000000e+01   3.1281859771407401e+01
   2.6000000000000000e+01   3.1391640512511401e+01
   2.7000000000000000e+01   3.1599157267066701e+01
   2.8000000000000000e+01   3.1872314230198999e+01
   2.9000000000000000e+01   3.2421258384205103e+01
   3.0000000000000000e+01   3.1711738633117601e+01
   3.1000000000000000e+01   3.2009878366103798e+01
   3.2000000000000000e+01   3.1950624364967499e+01
   3.3000000000000000e+01   3.2114051216903299e+01
   3.4000000000000000e+01   3.1895451179950300e+01
   3.5000000000000000e+01   3.2101664073260800e+01
   3.6000000000000000e+01   3.2235731477390097e+01
   3.7000000000000000e+01   3.2544263770318103e+01
   3.8000000000000000e+01   3.2756436515230298e+01
   3.9000000000000000e+01   3.2859156713666600e+01
   4.0000000000000000e+01   3.3002224673047500e+01
   4.1000000000000000e+01   3.2914185594821497e+01
   4.2000000000000000e+01   3.3056736039052197e+01
   4.3000000000000000e+01   3.3362216562664500e+01
   4.4000000000000000e+01   3.3103983003185000e+01
   4.5000000000000000e+01   3.3292492994763002e+01
   4.6000000000000000e+01   3.3347759076329801e+01
   4.7000000000000000e+01   3.3359946884342499e+01
   4.8000000000000000e+01   3.3262769986351103e+01
   4.9000000000000000e+01   3.3897962523777800e+01
   5.0000000000000000e+01   3.3601169947791902e+01
   5.1000000000000000e+01   3.3708275437033002e+01
   5.2000000000000000e+01   3.3608202917386997e+01
   5.3000000000000000e+01   3.3587229332252598e+01
   5.4000000000000000e+01   3.3731214226677899e+01
   5.5000000000000000e+01   3.4335488694094799e+01
   5.6000000000000000e+01   3.4199601593667097e+01
   5.7000000000000000e+01   3.4079612332063803e+01
   5.8000000000000000e+01   3.3947149517917403e+01
   5.9000000000000000e+01   3.3989361095570601e+01
   6.0000000000000000e+01   3.4752739768910502e+01
   6.1000000000000000e+01   3.5105706179701698e+01
   6.2000000000000000e+01   3.5665904347260998e+01
   6.3000000000000000e+01   3.5595212803845200e+01
   6.4000000000000000e+01   3.5783468383719502e+01
   6.5000000000000000e+01   3.5719425363645300e+01
   6.6000000000000000e+01   3.5678669394658499e+01
   6.7000000000000000e+01   3.5977541194498897e+01
   6.8000000000000000e+01   3.5819562296253800e+01
   6.9000000000000000e+01   3.6114937921165200e+01
   7.0000000000000000e+01   3.6336627904779697e+01
   7.1000000000000000e+01   3.6244007159090003e+01
   7.2000000000000000e+01   3.6015002080958602e+01
   7.3000000000000000e+01   3.6025870415384297e+01
   7.4000000000000000e+01   3.5770807741939400e+01
   7.5000000000000000e+01   3.5854771079401900e+01
   7.6000000000000000e+01   3.5747658426826398e+01
   7.7000000000000000e+01   3.5518669906065902e+01
   7.8000000000000000e+01   3.5556726520494699e+01
   7.9000000000000000e+01   3.5460413782491301e+01
   8.0000000000000000e+01   3.5948246256128300e+01
   8.1000000000000000e+01   3.6749048710908603e+01
   8.2000000000000000e+01   3.6434473242869998e+01
   8.3000000000000000e+01   3.6401289977751503e+01
   8.4000000000000000e+01   3.6641900400989300e+01
   8.5000000000000000e+01   3.6877684801918001e+01
   8.6000000000000000e+01   3.6727016961057203e+01
   8.7000000000000000e+01   3.6470920072062100e+01
   8.8000000000000000e+01   3.6042295553389103e+01
   8.9000000000000000e+01   3.6278221713966602e+01
   9.0000000000000000e+01   3.6436276216117101e+01
   9.1000000000000000e+01   3.6229431161270902e+01
   9.2000000000000000e+01   3.6330544782184901e+01
   9.3000000000000000e+01   3.6173615828401303e+01
   9.4000000000000000e+01   3.6405134869210002e+01
   9.5000000000000000e+01   3.6259612363254199e+01
   9.6000000000000000e+01   3.5882186852616798e+01
   9.7000000000000000e+01   3.5569790365425099e+01
   9.8000000000000000e+01   3.5917800504227898e+01
   9.9000000000000000e+01   3.5733732393569099e+01
   1.0000000000000000e+02   3.5854877283515499e+01
   1.0100000000000000e+02   3.5853704299855401e+01
   1.0200000000000000e+02   3.5930832186987899e+01
   1.0300000000000000e+02   3.6170248394994601e+01
   1.0400000000000000e+02   3.6325195337552799e+01
   1.0500000000000000e+02   3.6265127131099902e+01
   1.0600000000000000e+02   3.6155993364140599e+01
   1.0700000000000000e+02   3.6041713158978197e+01
   1.0800000000000000e+02   3.6226726665758399e+01
   1.0900000000000000e+02   3.6122720259422103e+01
   1.1000000000000000e+02   3.6593874850598503e+01
   1.1100000000000000e+02   3.6729060691537299e+01
   1.1200000000000000e+02   3.7225918213517602e+01
   1.1300000000000000e+02   3.6948653249063398e+01
   1.1400000000000000e+02   3.6451504667424601e+01
   1.1500000000000000e+02   3.6537359995772000e+01
   1.1600000000000000e+02   3.6202225726808699e+01
   1.1700000000000000e+02   3.6505812556531502e+01
   1.1800000000000000e+02   3.6088544480363403e+01
   1.1900000000000000e+02   3.5986008221607200e+01
   1.2000000000000000e+02   3.4932960086014397e+01
   1.2100000000000000e+02   3.4610730684348802e+01
   1.2200000000000000e+02   3.4513468989166299e+01
   1.2300000000000000e+02   3.4870553936453703e+01
   1.2400000000000000e+02   3.5252919465385901e+01
   1.2500000000000000e+02   3.5105791390241798e+01
   1.2600000000000000e+02   3.4925696295812102e+01
   1.2700000000000000e+02   3.3829141564088303e+01
   1.2800000000000000e+02   3.3663411899255898e+01
   1.2900000000000000e+02   3.3815094626400601e+01
   1.3000000000000000e+02   3.3946581000238197e+01
   1.3100000000000000e+02   3.4072382200947096e+01
   1.3200000000000000e+02   3.4056831370735502e+01
   1.3300000000000000e+02   3.3400531991774002e+01
   1.3400000000000000e+02   3.2915995523850803e+01
   1.3500000000000000e+02   3.2990255488068200e+01
   1.3600000000000000e+02   3.3122519301774098e+01
   1.3700000000000000e+02   3.3114479374701702e+01
   1.3800000000000000e+02   3.3527447971595997e+01
   1.3900000000000000e+02   3.3218916523712998e+01
   1.4000000000000000e+02   3.2886072520449801e+01
   1.4100000000000000e+02   3.2977007425825498e+01
   1.4200000000000000e+02   3.2749702166006600e+01
   1.4300000000000000e+02   3.2291275482690097e+01
   1.4400000000000000e+02   3.2197892168185902e+01
   1.4500000000000000e+02   3.1783764852589599e+01
   1.4600000000000000e+02   3.1931412633931100e+01
   1.4700000000000000e+02   3.1967154602554100e+01
   1.4800000000000000e+02   3.2169660608071602e+01
   1.4900000000000000e+02   3.2035691824932101e+01
   1.5000000000000000e+02   3.2084778307839599e+01
   1.5100000000000000e+02   3.2148382109688399e+01
   1.5200000000000000e+02   3.1799125197123601e+01
   1.5300000000000000e+02   3.1433680249114499e+01
   1.5400000000000000e+02   3.1395013670068501e+01
   1.5500000000000000e+02   3.1059651028349499e+01
   1.5600000000000000e+02   3.1245715531867500e+01
   1.5700000000000000e+02   3.1082184973653600e+01
   1.5800000000000000e+02   3.1106833285604800e+01
   1.5900000000000000e+02   3.1316807629505700e+01
   1.6000000000000000e+02   3.0943238104015101e+01
   1.6100000000000000e+02   3.1086447097271400e+01
   1.6200000000000000e+02   3.0914462822047501e+01
   1.6300000000000000e+02   3.0428472038226300e+01
   1.6400000000000000e+02   3.0138682354063501e+01
   1.6500000000000000e+02   3.0123224276261102e+01
   1.6600000000000000e+02   3.0166414298557999e+01
   1.6700000000000000e+02   2.9630522069268501e+01
   1.6800000000000000e+02   2.9042614370785401e+01
   1.6900000000000000e+02   2.8723246994222698e+01
   1.7000000000000000e+02   2.8426855815431299e+01
   1.7100000000000000e+02   2.7765010249377600e+01
   1.7200000000000000e+02   2.7390909440960499e+01
   1.7300000000000000e+02   2.7118228869239399e+01
   1.7400000000000000e+02   2.6391279085608701e+01
   1.7500000000000000e+02   2.6561891465782999e+01
   1.7600000000000000e+02   2.6006082713073901e+01
   1.7700000000000000e+02   2.6605406803493501e+01
   1.7800000000000000e+02   2.6762710396853500e+01
   1.7900000000000000e+02   2.6377595608112500e+01
   1.8000000000000000e+02   2.6205170428842600e+01
   1.8100000000000000e+02   2.6103813979574198e+01
   1.8200000000000000e+02   2.6541246320364301e+01
   1.8300000000000000e+02   2.6340792489813200e+01
   1.8400000000000000e+02   2.5518495689362201e+01
   1.8500000000000000e+02   2.5084208942924199e+01
   1.8600000000000000e+02   2.4442657310371899e+01
   1.8700000000000000e+02   2.4417469860914998e+01
   1.8800000000000000e+02   2.4533117707235402e+01
   1.8900000000000000e+02   2.4751535907662198e+01
   1.9000000000000000e+02   2.4402754859033202e+01
   1.9100000000000000e+02   2.4698567150782200e+01
   1.9200000000000000e+02   2.4739470998372600e+01
   1.9300000000000000e+02   2.4251839289614900e+01
   1.9400000000000000e+02   2.4247783234577600e+01
   1.9500000000000000e+02   2.4094624414632900e+01
   1.9600000000000000e+02   2.4276242416283999e+01
   1.9700000000000000e+02   2.3958164330308399e+01
   1.9800000000000000e+02   2.3395809112004201e+01
   1.9900000000000000e+02   2.3654228522830099e+01
   2.0000000000000000e+02   2.3423073824096200e+01
   2.0100000000000000e+02   2.3430497338077000e+01
   2.0200000000000000e+02   2.3237233508008700e+01
   2.0300000000000000e+02   2.3396193842838301e+01
   2.0400000000000000e+02   2.3337616680862698e+01
   2.0500000000000000e+02   2.3221326546121499e+01
   2.0600000000000000e+02   2.2673011511956599e+01
   2.0700000000000000e+02   2.2837271718876998e+01
   2.0800000000000000e+02   2.2437382063062199e+01
   2.0900000000000000e+02   2.1906682734231602e+01
   2.1000000000000000e+02   2.2012524663229200e+01
   2.1100000000000000e+02   2.1888266899077699e+01
   2.1200000000000000e+02   2.1583253529931898e+01
   2.1300000000000000e+02   2.1102762387294600e+01
   2.1400000000000000e+02   2.1707353681499200e+01
   2.1500000000000000e+02   2.1477133225862001e+01
   2.1600000000000000e+02   2.1616421237438100e+01
   2.1700000000000000e+02   2.1359351353613100e+01
   2.1800000000000000e+02   2.1293548945181499e+01
   2.1900000000000000e+02   2.1386214868443300e+01
   2.2000000000000000e+02   2.1626963421521200e+01
   2.2100000000000000e+02   2.1686668693249999e+01
   2.2200000000000000e+02   2.1498089110655101e+01
   2.2300000000000000e+02   2.1450834306121099e+01
   2.2400000000000000e+02   2.1189878604733799e+01
   2.2500000000000000e+02   2.0881038266784898e+01
   2.2600000000000000e+02   2.0770581630970099e+01
   2.2700000000000000e+02   2.0970822103634600e+01
   2.2800000000000000e+02   2.0671122589402199e+01
   2.2900000000000000e+02   2.0637118239967400e+01
   2.3000000000000000e+02   2.0421004156057698e+01
   2.3100000000000000e+02   1.9903358034169901e+01
   2.3200000000000000e+02   1.9933447683986099e+01
   2.3300000000000000e+02   1.9328805339130302e+01
   2.3400000000000000e+02   1.9749597255118399e+01
   2.3500000000000000e+02   1.9698607391803598e+01
   2.3600000000000000e+02   1.9758362672384798e+01
   2.3700000000000000e+02   1.9838816040510999e+01
   2.3800000000000000e+02   1.9395847023036300e+01
   2.3900000000000000e+02   1.9022098070536700e+01
   2.4000000000000000e+02   1.9292523161009701e+01
   2.4100000000000000e+02   1.9024700976294501e+01
   2.4200000000000000e+02   1.9186115189229401e+01
   2.4300000000000000e+02   1.9074167014933899e+01
   2.4400000000000000e+02   1.8784020183886501e+01
   2.4500000000000000e+02   1.8678345163338999e+01
   2.4600000000000000e+02   1.8733486937903500e+01
   2.4700000000000000e+02   1.8369376460307102e+01
   2.4800000000000000e+02   1.8582106539094500e+01
   2.4900000000000000e+02   1.9045420818159300e+01
   2.5000000000000000e+02   1.9490499113665098e+01
   2.5100000000000000e+02   1.9167324189274300e+01
   2.5200000000000000e+02   1.9125930324708101e+01
   2.5300000000000000e+02   1.9037124383490699e+01
   2.5400000000000000e+02   1.8625632075437501e+01
   2.5500000000000000e+02   1.8893946896237900e+01
   2.5600000000000000e+02   1.8622411766709501e+01
   2.5700000000000000e+02   1.8179651961404598e+01
   2.5800000000000000e+02   1.7903871720857499e+01
   2.5900000000000000e+02   1.7671440337305899e+01
   2.6000000000000000e+02   1.7577674732880400e+01
   2.6100000000000000e+02   1.7397345186292799e+01
   2.6200000000000000e+02   1.7487513878948299e+01
   2.6300000000000000e+02   1.7133407112421200e+01
   2.6400000000000000e+02   1.6661166160887401e+01
   2.6500000000000000e+02   1.6249450266907299e+01
   2.6600000000000000e+02   1.6432549590926801e+01
   2.6700000000000000e+02   1.5858365129695100e+01
   2.6800000000000000e+02   1.5448270942150399e+01
   2.6900000000000000e+02   1.5584322361968800e+01
   2.7000000000000000e+02   1.5730842593117099e+01
   2.7100000000000000e+02   1.4966316079893000e+01
   2.7200000000000000e+02   1.5045125904742200e+01
   2.7300000000000000e+02   1.4974371196300000e+01
   2.7400000000000000e+02   1.4856335524925600e+01
   2.7500000000000000e+02   1.4998784731157800e+01
   2.7600000000000000e+02   1.4843264431582501e+01
   2.7700000000000000e+02   1.4687617154067500e+01
   2.7800000000000000e+02   1.4339787199693699e+01
   2.7900000000000000e+02   1.4274538181389900e+01
   2.8000000000000000e+02   1.4314841929891999e+01
   2.8100000000000000e+02   1.4008033514134100e+01
   2.8200000000000000e+02   1.3834054456873600e+01
   2.8300000000000000e+02   1.3496661495191900e+01
   2.8400000000000000e+02   1.3306423576301100e+01
   2.8500000000000000e+02   1.2971527940203400e+01
   2.8600000000000000e+02   1.2524438488356401e+01
   2.8700000000000000e+02   1.2684525546019000e+01
   2.8800000000000000e+02   1.2895891082656300e+01
   2.8900000000000000e+02   1.2676920007724799e+01
   2.9000000000000000e+02   1.3004951243663200e+01
   2.9100000000000000e+02   1.3064253350994600e+01
   2.9200000000000000e+02   1.3047654507011799e+01
   2.9300000000000000e+02   1.3289694150059301e+01
   2.9400000000000000e+02   1.2758304452283900e+01
   2.9500000000000000e+02   1.2547347521958400e+01
   2.9600000000000000e+02   1.1492453572238199e+01
   2.9700000000000000e+02   1.1495140588548701e+01
   2.9800000000000000e+02   1.1487938366396600e+01
   2.9900000000000000e+02   1.1580684906642000e+01
   3.0000000000000000e+02   1.1577300187868900e+01
   3.0100000000000000e+02   1.1259153900335001e+01
   3.0200000000000000e+02   1.1618582436869300e+01
   3.0300000000000000e+02   1.1576901393514600e+01
   3.0400000000000000e+02   1.1219789517891201e+01
   3.0500000000000000e+02   1.0770051214904999e+01
   3.0600000000000000e+02   1.0732295579661900e+01
   3.0700000000000000e+02   1.0232258399805801e+01
   3.0800000000000000e+02   1.0133426480027300e+01
   3.0900000000000000e+02   9.9006543227191397e+00
   3.1000000000000000e+02   9.1337758917101208e+00
   3.1100000000000000e+02   9.2015811511943895e+00
   3.1200000000000000e+02   8.8217959018803906e+00
   3.1300000000000000e+02   8.2348192459534104e+00
   3.1400000000000000e+02   8.3604278434650503e+00
   3.1500000000000000e+02   8.4042565770007496e+00
   3.1600000000000000e+02   8.5040736338969207e+00
   3.1700000000000000e+02   8.4869872933092303e+00
   3.1800000000000000e+02   8.5226763366703207e+00
   3.1900000000000000e+02   8.3931195632851008e+00
   3.2000000000000000e+02   7.9984025421739497e+00
   3.2100000000000000e+02   7.6729265215535696e+00
   3.2200000000000000e+02   7.2361159268402497e+00
   3.2300000000000000e+02   7.3333991549426996e+00
   3.2400000000000000e+02   6.7827051534641800e+00
   3.2500000000000000e+02   6.5312787535412298e+00
   3.2600000000000000e+02   6.6692646265855098e+00
   3.2700000000000000e+02   6.4391218393597196e+00
   3.2800000000000000e+02   6.5471456982897198e+00
   3.2900000000000000e+02   6.0755869729101599e+00
   3.3000000000000000e+02   6.1799768298300100e+00
   3.3100000000000000e+02   5.9747918103565603e+00
   3.3200000000000000e+02   6.3112160598621596e+00
   3.3300000000000000e+02   5.7632584454436202e+00
   3.3400000000000000e+02   5.3596991727892904e+00
   3.3500000000000000e+02   4.9619527557708798e+00
   3.3600000000000000e+02   4.2519317002705197e+00
   3.3700000000000000e+02   3.8913713865015200e+00
   3.3800000000000000e+02   3.6654344167917201e+00
   3.3900000000000000e+02   3.0761154823225199e+00
   3.4000000000000000e+02   2.7999290717103200e+00
   3.4100000000000000e+02   2.5492499411697498e+00
   3.4200000000000000e+02   2.1859955013575099e+00
   3.4300000000000000e+02   2.2461975439772801e+00
   3.4400000000000000e+02   1.8856462974384600e+00
   3.4500000000000000e+02   1.7219572929159599e+00
   3.4600000000000000e+02   1.5117486074808499e+00
   3.4700000000000000e+02   1.0381164135197600e+00
   3.4800000000000000e+02   6.4896736322250204e-01
   3.4900000000000000e+02   2.7753870430003300e-02
   3.5000000000000000e+02   2.0505718937971701e-01
   3.5100000000000000e+02  -7.1483131525606498e-03
   3.5200000000000000e+02   1.0530807292948099e-01
   3.5300000000000000e+02  -9.5967225812200505e-02
   3.5400000000000000e+02  -9.1717657387311302e-02
   3.5500000000000000e+02  -3.8739991106176702e-01
   3.5600000000000000e+02  -3.3759392147950401e-01
   3.5700000000000000e+02  -8.2001727805675295e-01
   3.5800000000000000e+02  -1.3338099496073501e+00
   3.5900000000000000e+02  -1.4796173045464200e+00
   3.6000000000000000e+02  -2.2862021271050401e+00
   3.6100000000000000e+02  -2.8188375573561699e+00
   3.6200000000000000e+02  -2.5659047552399801e+00
   3.6300000000000000e+02  -3.0202321205701601e+00
   3.6400000000000000e+02  -3.1523541276679201e+00
   3.6500000000000000e+02  -3.2268354626946798e+00
   3.6600000000000000e+02  -3.0042071982228902e+00
   3.6700000000000000e+02  -3.1839803496117001e+00
   3.6800000000000000e+02  -3.7564829740621799e+00
   3.6900000000000000e+02  -4.2770948989641902e+00
   3.7000000000000000e+02  -4.2491225421467496e+00
   3.7100000000000000e+02  -4.7685395104430901e+00
   3.7200000000000000e+02  -5.5391085406367697e+00
   3.7300000000000000e+02  -5.9990014491134698e+00
   3.7400000000000000e+02  -5.9802192628147504e+00
   3.7500000000000000e+02  -6.5124070682893302e+00
   3.7600000000000000e+02  -7.2214996505483597e+00
   3.7700000000000000e+02  -7.4957899161666504e+00
   3.7800000000000000e+02  -7.8666375773823098e+00
   3.7900000000000000e+02  -8.3775285113656004e+00
   3.8000000000000000e+02  -8.8801962957947502e+00
   3.8100000000000000e+02  -9.4856389070596308e+00
   3.8200000000000000e+02  -1.0184015765841700e+01
   3.8300000000000000e+02  -1.0392898131334800e+01
   3.8400000000000000e+02  -1.0760449042706300e+01
   3.8500000000000000e+02  -1.1218923090431600e+01
   3.8600000000000000e+02  -1.1323780142525100e+01
   3.8700000000000000e+02  -1.1422914391893899e+01
   3.8800000000000000e+02  -1.2288901473561900e+01
   3.8900000000000000e+02  -1.2616711323678700e+01
   3.9000000000000000e+02  -1.2926230750790300e+01
   3.9100000000000000e+02  -1.3484440983630501e+01
   3.9200000000000000e+02  -1.3924796535758800e+01
   3.9300000000000000e+02  -1.4562953403244100e+01
   3.9400000000000000e+02  -1.5304775592149600e+01
   3.9500000000000000e+02  -1.6260989553921899e+01
   3.9600000000000000e+02  -1.6072026025336999e+01
   3.9700000000000000e+02  -1.6443698369597598e+01
   3.9800000000000000e+02  -1.6698317630949401e+01
   3.9900000000000000e+02  -1.6956791881961699e+01
   4.0000000000000000e+02  -1.7250951837702601e+01
   4.0100000000000000e+02  -1.8116344434225699e+01
   4.0200000000000000e+02  -1.8627356398150301e+01
   4.0300000000000000e+02  -1.8808965671978800e+01
   4.0400000000000000e+02  -1.9068260111800399e+01
   4.0500000000000000e+02  -1.9459753012947299e+01
   4.0600000000000000e+02  -1.9576020014969501e+01
   4.0700000000000000e+02  -2.0624156642312101e+01
   4.0800000000000000e+02  -2.1179760711531600e+01
   4.0900000000000000e+02  -2.1604169811915401e+01
   4.1000000000000000e+02  -2.1936151652375599e+01
   4.1100000000000000e+02  -2.2369943254545099e+01
   4.1200000000000000e+02  -2.3353874236701198e+01
   4.1300000000000000e+02  -2.3721402845915900e+01
   4.1400000000000000e+02  -2.4472156276345800e+01
   4.1500000000000000e+02  -2.4473140656564301e+01
   4.1600000000000000e+02  -2.4807035786695099e+01
   4.1700000000000000e+02  -2.5210228929451802e+01
   4.1800000000000000e+02  -2.5999886690208999e+01
   4.1900000000000000e+02  -2.6403645009030601e+01
   4.2000000000000000e+02  -2.6681797398422201e+01
   4.2100000000000000e+02  -2.7658127008172599e+01
   4.2200000000000000e+02  -2.8173724664383499e+01
   4.2300000000000000e+02  -2.8790985278239798e+01
   4.2400000000000000e+02  -2.9041309766758701e+01
   4.2500000000000000e+02  -2.9785822873754299e+01
   4.2600000000000000e+02  -3.0300225057547699e+01
   4.2700000000000000e+02  -3.0753869553999301e+01
   4.2800000000000000e+02  -3.1940870224276900e+01
   4.2900000000000000e+02  -3.2619014527400203e+01
   4.3000000000000000e+02  -3.3707085213427199e+01
   4.3100000000000000e+02  -3.4332474797515900e+01
   4.3200000000000000e+02  -3.4810249343332899e+01
   4.3300000000000000e+02  -3.5344157859350602e+01
   4.3400000000000000e+02  -3.6317513956746197e+01
   4.3500000000000000e+02  -3.6735446157891900e+01
   4.3600000000000000e+02  -3.7383661105964400e+01
   4.3700000000000000e+02  -3.7654727885553100e+01
   4.3800000000000000e+02  -3.8408332965046000e+01
   4.3900000000000000e+02  -3.9415806243292799e+01
   4.4000000000000000e+02  -3.9740741808160799e+01
   4.4100000000000000e+02  -4.0520386439886998e+01
   4.4200000000000000e+02  -4.1017950917247497e+01
   4.4300000000000000e+02  -4.1025896967945400e+01
   4.4400000000000000e+02  -4.1711785569681098e+01
   4.4500000000000000e+02  -4.2054353652103998e+01
   4.4600000000000000e+02  -4.2511747454799803e+01
   4.4700000000000000e+02  -4.2538996552687301e+01
   4.4800000000000000e+02  -4.3267647762585000e+01
   4.4900000000000000e+02  -4.3739169570811498e+01
   4.5000000000000000e+02  -4.4232096877466603e+01
   4.5100000000000000e+02  -4.5189554654302398e+01
   4.5200000000000000e+02  -4.6084673128752200e+01
   4.5300000000000000e+02  -4.6967165148490103e+01
   4.5400000000000000e+02  -4.7496161574163096e+01
   4.5500000000000000e+02  -4.7794853678802802e+01
   4.5600000000000000e+02  -4.8902014382241902e+01
   4.5700000000000000e+02  -4.9488128768024602e+01
   4.5800000000000000e+02  -5.0233358284633702e+01
   4.5900000000000000e+02  -5.1288181508053100e+01
   4.6000000000000000e+02  -5.1619394551956603e+01
   4.6100000000000000e+02  -5.2545994400078200e+01
   4.6200000000000000e+02  -5.3165902292140800e+01
   4.6300000000000000e+02  -5.3077104456037901e+01
   4.6400000000000000e+02  -5.3682661733259600e+01
   4.6500000000000000e+02  -5.3970901769290997e+01
   4.6600000000000000e+02  -5.4852813669166700e+01
   4.6700000000000000e+02  -5.5377669361952499e+01
   4.6800000000000000e+02  -5.5913831285187598e+01
   4.6900000000000000e+02  -5.6454544354916898e+01
   4.7000000000000000e+02  -5.6835206150782497e+01
   4.7100000000000000e+02  -5.7734277154194899e+01
   4.7200000000000000e+02  -5.8422934044499698e+01
   4.7300000000000000e+02  -5.9493439777283001e+01
   4.7400000000000000e+02  -6.0646893631498401e+01
   4.7500000000000000e+02  -6.1072942797158198e+01
   4.7600000000000000e+02  -6.1391634927016597e+01
   4.7700000000000000e+02  -6.1668594434474002e+01
   4.7800000000000000e+02  -6.2104866579789402e+01
   4.7900000000000000e+02  -6.2992067692946101e+01
   4.8000000000000000e+02  -6.3649670342116103e+01
   4.8100000000000000e+02  -6.4126817735116305e+01
   4.8200000000000000e+02  -6.4737798128811093e+01
   4.8300000000000000e+02  -6.4771058744237806e+01
   4.8400000000000000e+02  -6.4945130619395698e+01
   4.8500000000000000e+02  -6.6079923851464997e+01
   4.8600000000000000e+02  -6.6341602698475896e+01
   4.8700000000000000e+02  -6.6757871562057602e+01
   4.8800000000000000e+02  -6.7168888272596803e+01
   4.8900000000000000e+02  -6.7805343975973003e+01
   4.9000000000000000e+02  -6.8055378520571693e+01
   4.9100000000000000e+02  -6.8333697435147002e+01
   4.9200000000000000e+02  -6.8181465846286500e+01
   4.9300000000000000e+02  -6.8437339382951095e+01
   4.9400000000000000e+02  -6.8408160517615499e+01
   4.9500000000000000e+02  -6.9074210456184602e+01
   4.9600000000000000e+02  -6.9646164606386293e+01
   4.9700000000000000e+02  -6.9803854725991698e+01
   4.9800000000000000e+02  -6.9616032200377603e+01
   4.9900000000000000e+02  -7.0114225981986394e+01
   5.0000000000000000e+02  -7.0788796392112403e+01
   5.0100000000000000e+02  -7.1324065766506294e+01
   5.0200000000000000e+02  -7.1210847169508000e+01
   5.0300000000000000e+02  -7.1357738606472296e+01
   5.0400000000000000e+02  -7.1290257382346397e+01
   5.0500000000000000e+02  -7.1379505852212802e+01
   5.0600000000000000e+02  -7.1524322208484904e+01
   5.0700000000000000e+02  -7.2537899259210604e+01
   5.0800000000000000e+02  -7.2672592436844894e+01
   5.0900000000000000e+02  -7.2604044988734003e+01
   5.1000000000000000e+02  -7.3101695463102999e+01
   5.1100000000000000e+02  -7.3285896000224398e+01
   5.1200000000000000e+02  -7.3503012406221899e+01
   5.1300000000000000e+02  -7.3744397460935403e+01
   5.1400000000000000e+02  -7.4219565089349203e+01
   5.1500000000000000e+02  -7.4618796342817106e+01
   5.1600000000000000e+02  -7.4247547470114100e+01
   5.1700000000000000e+02  -7.4868153669486603e+01
   5.1800000000000000e+02  -7.4576676855559995e+01
   5.1900000000000000e+02  -7.3941140293204995e+01
   5.2000000000000000e+02  -7.3486655609083002e+01
   5.2100000000000000e+02  -7.3536535113135798e+01
   5.2200000000000000e+02  -7.4173641358520300e+01
   5.2300000000000000e+02  -7.4599909051156004e+01
   5.2400000000000000e+02  -7.4572515109977999e+01
   5.2500000000000000e+02  -7.4276866371132499e+01
   5.2600000000000000e+02  -7.4211970709334594e+01
   5.2700000000000000e+02  -7.4327985794046697e+01
   5.2800000000000000e+02  -7.4614119404186098e+01
   5.2900000000000000e+02  -7.4133114146119098e+01
   5.3000000000000000e+02  -7.4008410386424003e+01
   5.3100000000000000e+02  -7.4514183802594701e+01
   5.3200000000000000e+02  -7.4779943530331707e+01
   5.3300000000000000e+02  -7.4697695876669897e+01
   5.3400000000000000e+02  -7.4526875284303301e+01
   5.3500000000000000e+02  -7.4939989659411495e+01
   5.3600000000000000e+02  -7.5055648933295700e+01
   5.3700000000000000e+02  -7.5665990947516207e+01
   5.3800000000000000e+02  -7.5142371638870003e+01
   5.3900000000000000e+02  -7.5401166622551699e+01
   5.4000000000000000e+02  -7.5801426912288605e+01
   5.4100000000000000e+02  -7.5732573185425693e+01
   5.4200000000000000e+02  -7.5478037898189896e+01
   5.4300000000000000e+02  -7.5157551741907497e+01
   5.4400000000000000e+02  -7.5254423080465500e+01
   5.4500000000000000e+02  -7.4979252614148706e+01
   5.4600000000000000e+02  -7.5089566014767300e+01
   5.4700000000000000e+02  -7.5201942463502704e+01
   5.4800000000000000e+02  -7.5056821183839801e+01
   5.4900000000000000e+02  -7.4964775576378401e+01
   5.5000000000000000e+02  -7.5516749805564899e+01
   5.5100000000000000e+02  -7.5814350562829901e+01
   5.5200000000000000e+02  -7.5468910914076304e+01
   5.5300000000000000e+02  -7.5477775695478996e+01
   5.5400000000000000e+02  -7.5393674016061297e+01
   5.5500000000000000e+02  -7.5327231579929702e+01
   5.5600000000000000e+02  -7.5185834734912007e+01
   5.5700000000000000e+02  -7.5423912881294200e+01
   5.5800000000000000e+02  -7.5477745436653294e+01
   5.5900000000000000e+02  -7.5742441090626798e+01
   5.6000000000000000e+02  -7.5256019410791197e+01
   5.6100000000000000e+02  -7.5671374153472598e+01
   5.6200000000000000e+02  -7.5231489713487505e+01
   5.6300000000000000e+02  -7.5264923349822098e+01
   5.6400000000000000e+02  -7.5220681553550094e+01
   5.6500000000000000e+02  -7.5305246277027095e+01
   5.6600000000000000e+02  -7.5569333563675698e+01
   5.6700000000000000e+02  -7.5848460939211606e+01
   5.6800000000000000e+02  -7.5843710747245197e+01
   5.6900000000000000e+02  -7.5855595557859502e+01
   5.7000000000000000e+02  -7.5450615483241293e+01
   5.7100000000000000e+02  -7.5315640969769007e+01
   5.7200000000000000e+02  -7.5337095569376501e+01
   5.7300000000000000e+02  -7.5501775109642097e+01
   5.7400000000000000e+02  -7.5525907820844907e+01
   5.7500000000000000e+02  -7.5439200885851704e+01
   5.7600000000000000e+02  -7.5382202391958202e+01
   5.7700000000000000e+02  -7.5618901869395003e+01
   5.7800000000000000e+02  -7.5318696347114994e+01
   5.7900000000000000e+02  -7.5345880687470896e+01
   5.8000000000000000e+02  -7.5349642525460695e+01
   5.8100000000000000e+02  -7.5517937669735900e+01
   5.8200000000000000e+02  -7.5338594937120604e+01
   5.8300000000000000e+02  -7.5957229321846697e+01
   5.8400000000000000e+02  -7.6056315299448002e+01
   5.8500000000000000e+02  -7.6415378842791696e+01
   5.8600000000000000e+02  -7.6050245840049897e+01
   5.8700000000000000e+02  -7.5849565337843700e+01
   5.8800000000000000e+02  -7.5291675107499103e+01
   5.8900000000000000e+02  -7.5052818376532599e+01
   5.9000000000000000e+02  -7.5383935878196397e+01
   5.9100000000000000e+02  -7.5456125253863604e+01
   5.9200000000000000e+02  -7.5498068081162799e+01
   5.9300000000000000e+02  -7.5377508862989799e+01
   5.9400000000000000e+02  -7.5132749258347701e+01
   5.9500000000000000e+02  -7.4888363113692293e+01
   5.9600000000000000e+02  -7.5088879798952505e+01
   5.9700000000000000e+02  -7.4984987778959393e+01
   5.9800000000000000e+02  -7.5408220074553498e+01
   5.9900000000000000e+02  -7.5418107021518296e+01
   6.0000000000000000e+02  -7.4895627288195300e+01
   6.0100000000000000e+02  -7.4754401622495806e+01
   6.0200000000000000e+02  -7.5106526295370699e+01
   6.0300000000000000e+02  -7.5084570064638100e+01
   6.0400000000000000e+02  -7.4633262529943096e+01
   6.0500000000000000e+02  -7.4870021078543800e+01
   6.0600000000000000e+02  -7.5224561791053105e+01
   6.0700000000000000e+02  -7.5307597055099706e+01
   6.0800000000000000e+02  -7.5581991789932104e+01
   6.0900000000000000e+02  -7.5219970449309102e+01
   6.1000000000000000e+02  -7.5288321456166202e+01
   6.1100000000000000e+02  -7.5447731715314106e+01
   6.1200000000000000e+02  -7.5363715599209499e+01
   6.1300000000000000e+02  -7.5556893766032601e+01
   6.1400000000000000e+02  -7.5631810492784197e+01
   6.1500000000000000e+02  -7.5795961839028905e+01
   6.1600000000000000e+02  -7.5725186628550901e+01
   6.1700000000000000e+02  -7.5391722243153197e+01
   6.1800000000000000e+02  -7.5616197198529406e+01
   6.1900000000000000e+02  -7.5661265671618096e+01
   6.2000000000000000e+02  -7.5493281683359399e+01
   6.2100000000000000e+02  -7.5803016888734305e+01
   6.2200000000000000e+02  -7.5657977397666002e+01
   6.2300000000000000e+02  -7.5532230816045498e+01
   6.2400000000000000e+02  -7.6059051098010897e+01
   6.2500000000000000e+02  -7.6254312173909099e+01
   6.2600000000000000e+02  -7.6146251865733404e+01
   6.2700000000000000e+02  -7.5985676894061399e+01
   6.2800000000000000e+02  -7.6156346159753099e+01
   6.2900000000000000e+02  -7.6381812984211393e+01
   6.3000000000000000e+02  -7.6262102777442493e+01
   6.3100000000000000e+02  -7.6323186902119701e+01
   6.3200000000000000e+02  -7.5964291007102005e+01
   6.3300000000000000e+02  -7.6398195880199793e+01
   6.3400000000000000e+02  -7.6721185102832905e+01
   6.3500000000000000e+02  -7.6916392385170994e+01
   6.3600000000000000e+02  -7.6825944509225707e+01
   6.3700000000000000e+02  -7.6766144013378096e+01
   6.3800000000000000e+02  -7.7125643485920804e+01
   6.3900000000000000e+02  -7.7265467614562297e+01
   6.4000000000000000e+02  -7.7569700270098195e+01
   6.4100000000000000e+02  -7.7853316118783098e+01
   6.4200000000000000e+02  -7.7912574367662998e+01
   6.4300000000000000e+02  -7.8478400291314202e+01
   6.4400000000000000e+02  -7.8860668044581800e+01
   6.4500000000000000e+02  -7.8077482417382001e+01
   6.4600000000000000e+02  -7.7894770491211005e+01
   6.4700000000000000e+02  -7.7812709250219399e+01
   6.4800000000000000e+02  -7.7709852781190193e+01
   6.4900000000000000e+02  -7.7853434409634204e+01
   6.5000000000000000e+02  -7.7882121358641598e+01
   6.5100000000000000e+02  -7.8094034844002707e+01
   6.5200000000000000e+02  -7.8179286812028593e+01
   6.5300000000000000e+02  -7.7985428120226700e+01
   6.5400000000000000e+02  -7.7924255381871603e+01
   6.5500000000000000e+02  -7.8203159752576497e+01
   6.5600000000000000e+02  -7.8959246266412507e+01
   6.5700000000000000e+02  -7.8693609528801204e+01
   6.5800000000000000e+02  -7.8615441294219494e+01
   6.5900000000000000e+02  -7.8430901835711197e+01
   6.6000000000000000e+02  -7.8381347486265000e+01
   6.6100000000000000e+02  -7.8141567022259594e+01
   6.6200000000000000e+02  -7.8572382912539098e+01
   6.6300000000000000e+02  -7.8101381885891797e+01
   6.6400000000000000e+02  -7.8039352005617602e+01
   6.6500000000000000e+02  -7.7714384074080101e+01
   6.6600000000000000e+02  -7.7559245914909795e+01
   6.6700000000000000e+02  -7.7587338155409896e+01
   6.6800000000000000e+02  -7.7329517605671995e+01
   6.6900000000000000e+02  -7.7940426012285499e+01
   6.7000000000000000e+02  -7.8359650725502306e+01
   6.7100000000000000e+02  -7.7929268387381398e+01
   6.7200000000000000e+02  -7.7971686099881495e+01
   6.7300000000000000e+02  -7.8091752503065294e+01
   6.7400000000000000e+02  -7.7406476521217300e+01
   6.7500000000000000e+02  -7.7521418004169405e+01
   6.7600000000000000e+02  -7.6718204346807497e+01
   6.7700000000000000e+02  -7.6378945218840400e+01
   6.7800000000000000e+02  -7.6051931155937297e+01
   6.7900000000000000e+02  -7.5863168973844495e+01
   6.8000000000000000e+02  -7.5197780166387105e+01
   6.8100000000000000e+02  -7.5492359073539603e+01
   6.8200000000000000e+02  -7.5412766852425193e+01
   6.8300000000000000e+02  -7.5705044138947002e+01
   6.8400000000000000e+02  -7.5673642243130402e+01
   6.8500000000000000e+02  -7.5575565857075105e+01
   6.8600000000000000e+02  -7.5739745972197397e+01
   6.8700000000000000e+02  -7.5934161550655801e+01
   6.8800000000000000e+02  -7.6450580059449393e+01
   6.8900000000000000e+02  -7.6494748972691198e+01
   6.9000000000000000e+02  -7.6418276726643100e+01
   6.9100000000000000e+02  -7.6034353121782402e+01
   6.9200000000000000e+02  -7.5374716244034403e+01
   6.9300000000000000e+02  -7.4917022744711005e+01
   6.9400000000000000e+02  -7.4856100989273401e+01
   6.9500000000000000e+02  -7.5131814120062799e+01
   6.9600000000000000e+02  -7.5793484229758704e+01
   6.9700000000000000e+02  -7.5804468757324699e+01
   6.9800000000000000e+02  -7.5657846274398196e+01
   6.9900000000000000e+02  -7.5271858091387003e+01
   7.0000000000000000e+02  -7.5531348584504997e+01
   7.0100000000000000e+02  -7.5372955938723607e+01
   7.0200000000000000e+02  -7.5013819531677200e+01
   7.0300000000000000e+02  -7.5056171246101997e+01
   7.0400000000000000e+02  -7.5757437061664206e+01
   7.0500000000000000e+02  -7.5357608370600104e+01
   7.0600000000000000e+02  -7.5122017740797901e+01
   7.0700000000000000e+02  -7.4893611890052995e+01
   7.0800000000000000e+02  -7.4373909766722505e+01
   7.0900000000000000e+02  -7.3728259812717397e+01
   7.1000000000000000e+02  -7.4168457107782203e+01
   7.1100000000000000e+02  -7.4050582328918395e+01
   7.1200000000000000e+02  -7.4317566866353403e+01
   7.1300000000000000e+02  -7.4156703602230806e+01
   7.1400000000000000e+02  -7.4500993215339506e+01
   7.1500000000000000e+02  -7.4755546974317596e+01
   7.1600000000000000e+02  -7.4598402837982206e+01
   7.1700000000000000e+02  -7.4854601871665594e+01
   7.1800000000000000e+02  -7.4838207615864604e+01
   7.1900000000000000e+02  -7.4783205496011107e+01
   7.2000000000000000e+02  -7.5079842585637394e+01
   7.2100000000000000e+02  -7.4771979283988401e+01
   7.2200000000000000e+02  -7.4809869539990302e+01
   7.2300000000000000e+02  -7.4754265127302403e+01
   7.2400000000000000e+02  -7.4987218260453901e+01
   7.2500000000000000e+02  -7.5630903129733596e+01
   7.2600000000000000e+02  -7.5608948964388503e+01
   7.2700000000000000e+02  -7.6342739428657097e+01
   7.2800000000000000e+02  -7.6318127045142802e+01
   7.2900000000000000e+02  -7.5814276647870699e+01
   7.3000000000000000e+02  -7.5549306412899995e+01
   7.3100000000000000e+02  -7.5816909288969001e+01
   7.3200000000000000e+02  -7.5640928753200996e+01
   7.3300000000000000e+02  -7.5871089548328996e+01
   7.3400000000000000e+02  -7.5640020274769697e+01
   7.3500000000000000e+02  -7.5482034480579600e+01
   7.3600000000000000e+02  -7.5712382134899499e+01
   7.3700000000000000e+02  -7.5910942157125604e+01
   7.3800000000000000e+02  -7.6028984089457097e+01
   7.3900000000000000e+02  -7.6399334772970903e+01
   7.4000000000000000e+02  -7.5729097137754806e+01
   7.4100000000000000e+02  -7.5768340587094997e+01
   7.4200000000000000e+02  -7.5648910357046802e+01
   7.4300000000000000e+02  -7.5497503623689099e+01
   7.4400000000000000e+02  -7.5498329912779894e+01
   7.4500000000000000e+02  -7.5320133354696694e+01
   7.4600000000000000e+02  -7.5562529353381507e+01
   7.4700000000000000e+02  -7.5365197565172807e+01
   7.4800000000000000e+02  -7.5410240867979894e+01
   7.4900000000000000e+02  -7.5275526433264105e+01
   7.5000000000000000e+02  -7.5227727554405604e+01
   7.5100000000000000e+02  -7.4730377643398498e+01
   7.5200000000000000e+02  -7.5407125684364701e+01
   7.5300000000000000e+02  -7.5119693251542500e+01
   7.5400000000000000e+02  -7.5028030784885004e+01
   7.5500000000000000e+02  -7.5332337965736201e+01
   7.5600000000000000e+02  -7.5384448122786907e+01
   7.5700000000000000e+02  -7.5597054099436804e+01
   7.5800000000000000e+02  -7.5204038704837103e+01
   7.5900000000000000e+02  -7.5713823862827397e+01
   7.6000000000000000e+02  -7.5541404351340901e+01
   7.6100000000000000e+02  -7.5639225106649803e+01
   7.6200000000000000e+02  -7.5586575094806193e+01
   7.6300000000000000e+02  -7.5615646102791899e+01
   7.6400000000000000e+02  -7.5488471274117302e+01
   7.6500000000000000e+02  -7.5183767978847698e+01
   7.6600000000000000e+02  -7.4666750753097205e+01
   7.6700000000000000e+02  -7.4577501683404407e+01
   7.6800000000000000e+02  -7.4666900690743304e+01
   7.6900000000000000e+02  -7.4343151103878995e+01
   7.7000000000000000e+02  -7.4441559271657297e+01
   7.7100000000000000e+02  -7.4323410116643302e+01
   7.7200000000000000e+02  -7.4321927577513804e+01
   7.7300000000000000e+02  -7.4857477474856097e+01
   7.7400000000000000e+02  -7.4811502644293498e+01
   7.7500000000000000e+02  -7.4835269426979295e+01
   7.7600000000000000e+02  -7.5097334116803196e+01
   7.7700000000000000e+02  -7.5189618262973298e+01
   7.7800000000000000e+02  -7.4649343618026904e+01
   7.7900000000000000e+02  -7.5225387167877798e+01
   7.8000000000000000e+02  -7.5432453911491507e+01
   7.8100000000000000e+02  -7.5351473183599694e+01
   7.8200000000000000e+02  -7.4928988867314004e+01
   7.8300000000000000e+02  -7.5100555256575106e+01
   7.8400000000000000e+02  -7.4863766933638601e+01
   7.8500000000000000e+02  -7.4391578355659206e+01
   7.8600000000000000e+02  -7.3938758666205004e+01
   7.8700000000000000e+02  -7.3754958636146398e+01
   7.8800000000000000e+02  -7.3961316227661499e+01
   7.8900000000000000e+02  -7.3597396094283098e+01
   7.9000000000000000e+02  -7.4007266910952694e+01
   7.9100000000000000e+02  -7.4138379890383902e+01
   7.9200000000000000e+02  -7.4025429568713193e+01
   7.9300000000000000e+02  -7.3680659447004103e+01
   7.9400000000000000e+02  -7.3532465606217002e+01
   7.9500000000000000e+02  -7.3538111611575204e+01
   7.9600000000000000e+02  -7.3785770600559999e+01
   7.9700000000000000e+02  -7.4153295846168007e+01
   7.9800000000000000e+02  -7.3480654608854607e+01
   7.9900000000000000e+02  -7.3432668390380996e+01
   8.0000000000000000e+02  -7.3732777870612793e+01
   8.0100000000000000e+02  -7.3336177412816497e+01
   8.0200000000000000e+02  -7.3079519277283794e+01
   8.0300000000000000e+02  -7.3216941292164904e+01
   8.0400000000000000e+02  -7.3406010772776000e+01
   8.0500000000000000e+02  -7.3679510373468403e+01
   8.0600000000000000e+02  -7.3432127062089904e+01
   8.0700000000000000e+02  -7.3097160008989206e+01
   8.0800000000000000e+02  -7.2875204573779001e+01
   8.0900000000000000e+02  -7.2882381085491104e+01
   8.1000000000000000e+02  -7.3019636529496097e+01
   8.1100000000000000e+02  -7.2732802258546300e+01
   8.1200000000000000e+02  -7.2854523037957406e+01
   8.1300000000000000e+02  -7.2709110470520301e+01
   8.1400000000000000e+02  -7.3164036549069394e+01
   8.1500000000000000e+02  -7.2444884219446706e+01
   8.1600000000000000e+02  -7.2342505681461503e+01
   8.1700000000000000e+02  -7.2232764793194093e+01
   8.1800000000000000e+02  -7.2571173189797406e+01
   8.1900000000000000e+02  -7.2226334446859099e+01
   8.2000000000000000e+02  -7.2281905953638997e+01
   8.2100000000000000e+02  -7.2516488829796799e+01
   8.2200000000000000e+02  -7.2743191149474697e+01
   8.2300000000000000e+02  -7.2069019628055202e+01
   8.2400000000000000e+02  -7.2393945804912207e+01
   8.2500000000000000e+02  -7.2418091519864902e+01
   8.2600000000000000e+02  -7.2360355154679496e+01
   8.2700000000000000e+02  -7.2317032539809105e+01
   8.2800000000000000e+02  -7.3234652421725698e+01
   8.2900000000000000e+02  -7.2907335293038003e+01
   8.3000000000000000e+02  -7.2631338733922902e+01
   8.3100000000000000e+02  -7.2764135455106697e+01
   8.3200000000000000e+02  -7.2568436810761099e+01
   8.3300000000000000e+02  -7.2717404758409003e+01
   8.3400000000000000e+02  -7.2924060960614398e+01
   8.3500000000000000e+02  -7.2970786102805206e+01
   8.3600000000000000e+02  -7.3377530241993895e+01
   8.3700000000000000e+02  -7.3590534611703106e+01
   8.3800000000000000e+02  -7.4165221498655200e+01
   8.3900000000000000e+02  -7.4213681236757594e+01
   8.4000000000000000e+02  -7.4728054442172095e+01
   8.4100000000000000e+02  -7.4312744576502993e+01
   8.4200000000000000e+02  -7.3440270645078201e+01
   8.4300000000000000e+02  -7.2956839241093604e+01
   8.4400000000000000e+02  -7.3313790889670500e+01
   8.4500000000000000e+02  -7.3728543481439701e+01
   8.4600000000000000e+02  -7.3365035779839999e+01
   8.4700000000000000e+02  -7.3246421276766398e+01
   8.4800000000000000e+02  -7.3368363082836098e+01
   8.4900000000000000e+02  -7.3092771700942706e+01
   8.5000000000000000e+02  -7.2817537941166904e+01
   8.5100000000000000e+02  -7.2929545541871704e+01
   8.5200000000000000e+02  -7.2818197029035403e+01
   8.5300000000000000e+02  -7.2545698244080398e+01
   8.5400000000000000e+02  -7.2661205459959405e+01
   8.5500000000000000e+02  -7.2641770764118405e+01
   8.5600000000000000e+02  -7.2561208471769206e+01
   8.5700000000000000e+02  -7.2485466975063503e+01
   8.5800000000000000e+02  -7.2152855646887602e+01
   8.5900000000000000e+02  -7.2291615394022003e+01
   8.6000000000000000e+02  -7.2158590439299402e+01
   8.6100000000000000e+02  -7.1958110606105905e+01
   8.6200000000000000e+02  -7.2122897595188306e+01
   8.6300000000000000e+02  -7.1953454955402506e+01
   8.6400000000000000e+02  -7.2210587999427403e+01
   8.6500000000000000e+02  -7.2740952783587701e+01
   8.6600000000000000e+02  -7.2363957465734202e+01
   8.6700000000000000e+02  -7.2706827767316696e+01
   8.6800000000000000e+02  -7.2552252369117596e+01
   8.6900000000000000e+02  -7.2841661899064505e+01
   8.7000000000000000e+02  -7.3206879539352499e+01
   8.7100000000000000e+02  -7.3263317309741296e+01
   8.7200000000000000e+02  -7.3404306117225005e+01
   8.7300000000000000e+02  -7.3281451494370202e+01
   8.7400000000000000e+02  -7.3595307480553998e+01
   8.7500000000000000e+02  -7.3292550791208100e+01
   8.7600000000000000e+02  -7.3010240253760202e+01
   8.7700000000000000e+02  -7.2974447096116606e+01
   8.7800000000000000e+02  -7.2958534203282895e+01
   8.7900000000000000e+02  -7.2473230677566903e+01
   8.8000000000000000e+02  -7.2087804813351596e+01
   8.8100000000000000e+02  -7.2441704568752897e+01
   8.8200000000000000e+02  -7.2546171532923495e+01
   8.8300000000000000e+02  -7.1943793157810504e+01
   8.8400000000000000e+02  -7.2349658444132700e+01
   8.8500000000000000e+02  -7.2197474467686007e+01
   8.8600000000000000e+02  -7.2098608387990694e+01
   8.8700000000000000e+02  -7.1537346974252898e+01
   8.8800000000000000e+02  -7.1605026748005301e+01
   8.8900000000000000e+02  -7.2165401361213597e+01
   8.9000000000000000e+02  -7.1886071898587304e+01
   8.9100000000000000e+02  -7.1766285513462407e+01
   8.9200000000000000e+02  -7.2191163872256098e+01
   8.9300000000000000e+02  -7.2121134400617194e+01
   8.9400000000000000e+02  -7.1987743963250296e+01
   8.9500000000000000e+02  -7.2071854826933503e+01
   8.9600000000000000e+02  -7.2452328944160101e+01
   8.9700000000000000e+02  -7.2737173563553498e+01
   8.9800000000000000e+02  -7.2880798484562803e+01
   8.9900000000000000e+02  -7.2708595934877096e+01
   9.0000000000000000e+02  -7.2936875326251695e+01
   9.0100000000000000e+02  -7.2586125255221802e+01
   9.0200000000000000e+02  -7.2604634220595898e+01
   9.0300000000000000e+02  -7.2042288875674501e+01
   9.0400000000000000e+02  -7.1891587765608193e+01
   9.0500000000000000e+02  -7.1468083498663106e+01
   9.0600000000000000e+02  -7.1322713549505707e+01
   9.0700000000000000e+02  -7.1266348257543001e+01
   9.0800000000000000e+02  -7.1727447920646398e+01
   9.0900000000000000e+02  -7.1540646910925304e+01
   9.1000000000000000e+02  -7.1586501560795298e+01
   9.1100000000000000e+02  -7.1922428997849593e+01
   9.1200000000000000e+02  -7.1537289997111500e+01
   9.1300000000000000e+02  -7.1815668699544702e+01
   9.1400000000000000e+02  -7.1602663871278693e+01
   9.1500000000000000e+02  -7.1239404914808802e+01
   9.1600000000000000e+02  -7.1298858745901498e+01
   9.1700000000000000e+02  -7.0937764757411202e+01
   9.1800000000000000e+02  -7.0781081727250907e+01
   9.1900000000000000e+02  -7.1259176238175101e+01
   9.2000000000000000e+02  -7.1980510603084099e+01
   9.2100000000000000e+02  -7.2127966583207794e+01
   9.2200000000000000e+02  -7.2292956405196705e+01
   9.2300000000000000e+02  -7.2476905181988002e+01
   9.2400000000000000e+02  -7.2425616680673599e+01
   9.2500000000000000e+02  -7.2533146088160194e+01
   9.2600000000000000e+02  -7.2406042376287004e+01
   9.2700000000000000e+02  -7.2584841676838707e+01
   9.2800000000000000e+02  -7.2596823312360996e+01
   9.2900000000000000e+02  -7.2579517834709307e+01
   9.3000000000000000e+02  -7.2550559105123796e+01
   9.3100000000000000e+02  -7.1997582191270595e+01
   9.3200000000000000e+02  -7.2393933484130699e+01
   9.3300000000000000e+02  -7.2268112927287902e+01
   9.3400000000000000e+02  -7.2187219779003698e+01
   9.3500000000000000e+02  -7.2446767289147004e+01
   9.3600000000000000e+02  -7.2065387733068803e+01
   9.3700000000000000e+02  -7.2543839073567000e+01
   9.3800000000000000e+02  -7.2816052714320307e+01
   9.3900000000000000e+02  -7.3035273236948399e+01
   9.4000000000000000e+02  -7.2577274731251507e+01
   9.4100000000000000e+02  -7.2804637962654098e+01
   9.4200000000000000e+02  -7.2650846060865106e+01
   9.4300000000000000e+02  -7.2610315392136201e+01
   9.4400000000000000e+02  -7.2508139919151205e+01
   9.4500000000000000e+02  -7.2068466397110996e+01
   9.4600000000000000e+02  -7.1779088086772703e+01
   9.4700000000000000e+02  -7.1626200650073997e+01
   9.4800000000000000e+02  -7.1894354887236503e+01
   9.4900000000000000e+02  -7.1522024574383707e+01
   9.5000000000000000e+02  -7.1418966027924597e+01
   9.5100000000000000e+02  -7.1245143787738499e+01
   9.5200000000000000e+02  -7.1017006160495498e+01
   9.5300000000000000e+02  -7.0517893889600998e+01
   9.5400000000000000e+02  -7.0228361062671993e+01
   9.5500000000000000e+02  -7.0579298716207603e+01
   9.5600000000000000e+02  -7.0575799806866399e+01
   9.5700000000000000e+02  -7.0593409117606697e+01
   9.5800000000000000e+02  -7.0734037895822397e+01
   9.5900000000000000e+02  -7.0263084258022303e+01
   9.6000000000000000e+02  -7.0296113730220696e+01
   9.6100000000000000e+02  -7.0344957408493599e+01
   9.6200000000000000e+02  -7.0295908374222194e+01
   9.6300000000000000e+02  -7.0404960963567902e+01
   9.6400000000000000e+02  -6.9853962766850501e+01
   9.6500000000000000e+02  -6.9441007357086207e+01
   9.6600000000000000e+02  -6.9485332927901396e+01
   9.6700000000000000e+02  -6.9771642903370804e+01
   9.6800000000000000e+02  -7.0060678050771401e+01
   9.6900000000000000e+02  -7.0245460305178398e+01
   9.7000000000000000e+02  -6.9907975485810397e+01
   9.7100000000000000e+02  -6.9852058324535193e+01
   9.7200000000000000e+02  -6.9427268983765202e+01
   9.7300000000000000e+02  -6.9037341456283201e+01
   9.7400000000000000e+02  -6.9324916542682502e+01
   9.7500000000000000e+02  -6.9235704773243796e+01
   9.7600000000000000e+02  -6.9356690007895594e+01
   9.7700000000000000e+02  -6.8914704304918502e+01
   9.7800000000000000e+02  -6.8800601267371505e+01
   9.7900000000000000e+02  -6.8466447470366006e+01
   9.8000000000000000e+02  -6.7940247828774503e+01
   9.8100000000000000e+02  -6.7736193541856693e+01
   9.8200000000000000e+02  -6.7639582402527907e+01
   9.8300000000000000e+02  -6.7659999495206307e+01
   9.8400000000000000e+02  -6.7234330578552900e+01
   9.8500000000000000e+02  -6.7270437527965200e+01
   9.8600000000000000e+02  -6.6882176060783706e+01
   9.8700000000000000e+02  -6.6366092946542295e+01
   9.8800000000000000e+02  -6.6289481000914904e+01
   9.8900000000000000e+02  -6.6125904358266695e+01
   9.9000000000000000e+02  -6.5624140349418695e+01
   9.9100000000000000e+02  -6.5308773126087104e+01
   9.9200000000000000e+02  -6.5415993629888803e+01
   9.9300000000000000e+02  -6.5646659284203494e+01
   9.9400000000000000e+02  -6.5335796163995695e+01
   9.9500000000000000e+02  -6.4827936554668398e+01
   9.9600000000000000e+02  -6.4645146073893102e+01
   9.9700000000000000e+02  -6.4552323398760507e+01
   9.9800000000000000e+02  -6.4252441087691693e+01
   9.9900000000000000e+02  -6.3115574860698203e+01
   1.0000000000000000e+03  -6.2199321413927002e+01
   1.0010000000000000e+03  -6.0803935587128301e+01
   1.0020000000000000e+03  -5.8804529534126402e+01
   1.0030000000000000e+03  -5.6514351048933499e+01
   1.0040000000000000e+03  -5.2224502502683698e+01
   1.0050000000000000e+03  -3.8321839483262202e+01
   1.0060000000000000e+03  -1.0750922662742299e+01
