  -1.0000000000000000e+02  -7.3468517575804498e+01
  -9.9000000000000000e+01  -7.3128872754863195e+01
  -9.8000000000000000e+01  -7.3286459469307104e+01
  -9.7000000000000000e+01  -7.3310560838346504e+01
  -9.6000000000000000e+01  -7.3295696761149102e+01
  -9.5000000000000000e+01  -7.3323572014458904e+01
  -9.4000000000000000e+01  -7.3892434875173294e+01
  -9.3000000000000000e+01  -7.4092343068160204e+01
  -9.2000000000000000e+01  -7.3954333964496698e+01
  -9.1000000000000000e+01  -7.2985324440581294e+01
  -9.0000000000000000e+01  -7.2883467890438297e+01
  -8.9000000000000000e+01  -7.2713615300374101e+01
  -8.8000000000000000e+01  -7.2962289330553403e+01
  -8.7000000000000000e+01  -7.2488122598116405e+01
  -8.6000000000000000e+01  -7.2893283617397401e+01
  -8.5000000000000000e+01  -7.2970226557194295e+01
  -8.4000000000000000e+01  -7.3043188793669302e+01
  -8.3000000000000000e+01  -7.3307534871869294e+01
  -8.2000000000000000e+01  -7.3328893897695295e+01
  -8.1000000000000000e+01  -7.2805159908155105e+01
  -8.0000000000000000e+01  -7.2529779522506701e+01
  -7.9000000000000000e+01  -7.2158991120881097e+01
  -7.8000000000000000e+01  -7.2336914757154801e+01
  -7.7000000000000000e+01  -7.1882781561954303e+01
  -7.6000000000000000e+01  -7.2159823239263503e+01
  -7.5000000000000000e+01  -7.1913129571499496e+01
  -7.4000000000000000e+01  -7.1396518813457504e+01
  -7.3000000000000000e+01  -7.1103743289618507e+01
  -7.2000000000000000e+01  -7.0925177740418206e+01
  -7.1000000000000000e+01  -6.9922243430898007e+01
  -7.0000000000000000e+01  -6.9937032199544703e+01
  -6.9000000000000000e+01  -6.9912301399220496e+01
  -6.8000000000000000e+01  -7.0107218153231798e+01
  -6.7000000000000000e+01  -6.9763403155180995e+01
  -6.6000000000000000e+01  -6.9398842294522296e+01
  -6.5000000000000000e+01  -6.9764665178300106e+01
  -6.4000000000000000e+01  -7.0236055690201297e+01
  -6.3000000000000000e+01  -7.0314284866356004e+01
  -6.2000000000000000e+01  -6.9645683065568704e+01
  -6.1000000000000000e+01  -7.0017408341500300e+01
  -6.0000000000000000e+01  -7.0200488424352500e+01
  -5.9000000000000000e+01  -7.0466578386925605e+01
  -5.8000000000000000e+01  -7.0356095886106701e+01
  -5.7000000000000000e+01  -6.9990918793376906e+01
  -5.6000000000000000e+01  -6.9644945970502306e+01
  -5.5000000000000000e+01  -7.0092048377159699e+01
  -5.4000000000000000e+01  -6.9844952701034401e+01
  -5.3000000000000000e+01  -6.9994192197253398e+01
  -5.2000000000000000e+01  -6.9998569694709005e+01
  -5.1000000000000000e+01  -6.9735390569614694e+01
  -5.0000000000000000e+01  -6.9676500073517303e+01
  -4.9000000000000000e+01  -6.9303058701445906e+01
  -4.8000000000000000e+01  -6.8907079162602997e+01
  -4.7000000000000000e+01  -6.8886088955755497e+01
  -4.6000000000000000e+01  -6.9109226405989901e+01
  -4.5000000000000000e+01  -6.8756103648227395e+01
  -4.4000000000000000e+01  -6.8617705969240006e+01
  -4.3000000000000000e+01  -6.8506413941788793e+01
  -4.2000000000000000e+01  -6.8549073399962296e+01
  -4.1000000000000000e+01  -6.8435703315798904e+01
  -4.0000000000000000e+01  -6.8581330787616196e+01
  -3.9000000000000000e+01  -6.8711276197921094e+01
  -3.8000000000000000e+01  -6.8830553099189999e+01
  -3.7000000000000000e+01  -6.8513845642868802e+01
  -3.6000000000000000e+01  -6.8524267955304197e+01
  -3.5000000000000000e+01  -6.9012697038959701e+01
  -3.4000000000000000e+01  -6.8859553525859596e+01
  -3.3000000000000000e+01  -6.8493628084540006e+01
  -3.2000000000000000e+01  -6.8571978342644300e+01
  -3.1000000000000000e+01  -6.8732530549207098e+01
  -3.0000000000000000e+01  -6.8826230014597598e+01
  -2.9000000000000000e+01  -6.7969249877011805e+01
  -2.8000000000000000e+01  -6.7469936329675903e+01
  -2.7000000000000000e+01  -6.7506559007383203e+01
  -2.6000000000000000e+01  -6.7527424852936093e+01
  -2.5000000000000000e+01  -6.7612941808337993e+01
  -2.4000000000000000e+01  -6.7742042602110700e+01
  -2.3000000000000000e+01  -6.7196474261625696e+01
  -2.2000000000000000e+01  -6.7064116151640903e+01
  -2.1000000000000000e+01  -6.6721223488967695e+01
  -2.0000000000000000e+01  -6.6177382119445596e+01
  -1.9000000000000000e+01  -6.6197677191242704e+01
  -1.8000000000000000e+01  -6.5841728976445097e+01
  -1.7000000000000000e+01  -6.5483596011035800e+01
  -1.6000000000000000e+01  -6.4631737875210504e+01
  -1.5000000000000000e+01  -6.4969218296850499e+01
  -1.4000000000000000e+01  -6.4542802339425506e+01
  -1.3000000000000000e+01  -6.4279662846126797e+01
  -1.2000000000000000e+01  -6.3418980519683998e+01
  -1.1000000000000000e+01  -6.2875992829252098e+01
  -1.0000000000000000e+01  -6.2610669060915498e+01
  -9.0000000000000000e+00  -6.2966630429018998e+01
  -8.0000000000000000e+00  -6.2481409444039102e+01
  -7.0000000000000000e+00  -6.1211212248068300e+01
  -6.0000000000000000e+00  -6.0172445321344100e+01
  -5.0000000000000000e+00  -5.9677694957571397e+01
  -4.0000000000000000e+00  -5.8226217985840201e+01
  -3.0000000000000000e+00  -5.5511102426308703e+01
  -2.0000000000000000e+00  -5.0658889083554897e+01
  -1.0000000000000000e+00  -3.5475077415329103e+01
   0.0000000000000000e+00  -1.0839361218644800e+01
   1.0000000000000000e+00   5.6370953827525803e+00
   2.0000000000000000e+00   1.5641424220246000e+01
   3.0000000000000000e+00   2.1242978102112399e+01
   4.0000000000000000e+00   2.4124061980085202e+01
   5.0000000000000000e+00   2.5968820499284899e+01
   6.0000000000000000e+00   2.6372048485276000e+01
   7.0000000000000000e+00   2.6652642152148001e+01
   8.0000000000000000e+00   2.6845898597077099e+01
   9.0000000000000000e+00   2.7215583745641101e+01
   1.0000000000000000e+01   2.7220457219842402e+01
   1.1000000000000000e+01   2.7927957729820200e+01
   1.2000000000000000e+01   2.7863854683795498e+01
   1.3000000000000000e+01   2.8416745097328398e+01
   1.4000000000000000e+01   2.8618750443071200e+01
   1.5000000000000000e+01   2.9182496212319400e+01
   1.6000000000000000e+01   2.9899733040588501e+01
   1.7000000000000000e+01   2.9842086027046602e+01
   1.8000000000000000e+01   3.0464019076871999e+01
   1.9000000000000000e+01   3.0069681305066599e+01
   2.0000000000000000e+01   3.0247696367912301e+01
   2.1000000000000000e+01   3.0382171288786100e+01
   2.2000000000000000e+01   3.0270452001891002e+01
   2.3000000000000000e+01   2.9932688440305199e+01
   2.4000000000000000e+01   3.0490224526890600e+01
   2.5000000000000000e+01   3.0467242656747100e+01
   2.6000000000000000e+01   3.0858744119008598e+01
   2.7000000000000000e+01   3.0554542477341499e+01
   2.8000000000000000e+01   3.0372680889769800e+01
   2.9000000000000000e+01   3.0626958906951501e+01
   3.0000000000000000e+01   3.0280659780531199e+01
   3.1000000000000000e+01   3.0365416909935998e+01
   3.2000000000000000e+01   3.0051503030796599e+01
   3.3000000000000000e+01   3.0313578687310802e+01
   3.4000000000000000e+01   3.0608222712968999e+01
   3.5000000000000000e+01   3.0616387682804000e+01
   3.6000000000000000e+01   3.0575116657965300e+01
   3.7000000000000000e+01   3.0917070832566100e+01
   3.8000000000000000e+01   3.0737780824595301e+01
   3.9000000000000000e+01   3.0945029365770900e+01
   4.0000000000000000e+01   3.1178513197200800e+01
   4.1000000000000000e+01   3.1033247032480201e+01
   4.2000000000000000e+01   3.1423402793937999e+01
   4.3000000000000000e+01   3.1571213243395299e+01
   4.4000000000000000e+01   3.1571553712984301e+01
   4.5000000000000000e+01   3.1605691416724401e+01
   4.6000000000000000e+01   3.1750105864336501e+01
   4.7000000000000000e+01   3.2067969169147702e+01
   4.8000000000000000e+01   3.1837295957078702e+01
   4.9000000000000000e+01   3.2021084701745302e+01
   5.0000000000000000e+01   3.2075372921227597e+01
   5.1000000000000000e+01   3.2251936156988599e+01
   5.2000000000000000e+01   3.2774246280902297e+01
   5.3000000000000000e+01   3.2853692605819099e+01
   5.4000000000000000e+01   3.3191077259782602e+01
   5.5000000000000000e+01   3.3448661305835103e+01
   5.6000000000000000e+01   3.4149494640765298e+01
   5.7000000000000000e+01   3.4233129998130003e+01
   5.8000000000000000e+01   3.4327670429562303e+01
   5.9000000000000000e+01   3.4555826801862601e+01
   6.0000000000000000e+01   3.4506363091677599e+01
   6.1000000000000000e+01   3.5046301158293304e+01
   6.2000000000000000e+01   3.5243777763332702e+01
   6.3000000000000000e+01   3.5585039817951099e+01
   6.4000000000000000e+01   3.5924366320747900e+01
   6.5000000000000000e+01   3.6485976398593301e+01
   6.6000000000000000e+01   3.6022657487815302e+01
   6.7000000000000000e+01   3.5313592073124497e+01
   6.8000000000000000e+01   3.5305199434028900e+01
   6.9000000000000000e+01   3.5916570406728901e+01
   7.0000000000000000e+01   3.6032441817836201e+01
   7.1000000000000000e+01   3.5833479523722197e+01
   7.2000000000000000e+01   3.6081131844868800e+01
   7.3000000000000000e+01   3.6301153571084697e+01
   7.4000000000000000e+01   3.6149406004912201e+01
   7.5000000000000000e+01   3.5796183441166903e+01
   7.6000000000000000e+01   3.5578515854293997e+01
   7.7000000000000000e+01   3.5489808118893500e+01
   7.8000000000000000e+01   3.5691568595746901e+01
   7.9000000000000000e+01   3.6498531835509802e+01
   8.0000000000000000e+01   3.6341465171221600e+01
   8.1000000000000000e+01   3.6001515162421697e+01
   8.2000000000000000e+01   3.6386504802151201e+01
   8.3000000000000000e+01   3.6590817975357098e+01
   8.4000000000000000e+01   3.6705307151981998e+01
   8.5000000000000000e+01   3.6249616941881300e+01
   8.6000000000000000e+01   3.5826739029307703e+01
   8.7000000000000000e+01   3.5663635706920601e+01
   8.8000000000000000e+01   3.5634609494415102e+01
   8.9000000000000000e+01   3.5968706926301401e+01
   9.0000000000000000e+01   3.6080914134084800e+01
   9.1000000000000000e+01   3.6034614237479801e+01
   9.2000000000000000e+01   3.6484404962451997e+01
   9.3000000000000000e+01   3.5923512333562897e+01
   9.4000000000000000e+01   3.5928506574196597e+01
   9.5000000000000000e+01   3.5417447692211802e+01
   9.6000000000000000e+01   3.5547928139122199e+01
   9.7000000000000000e+01   3.5755436421241399e+01
   9.8000000000000000e+01   3.5972533826198102e+01
   9.9000000000000000e+01   3.6019046047666997e+01
   1.0000000000000000e+02   3.5897162408767997e+01
   1.0100000000000000e+02   3.5727239127292300e+01
   1.0200000000000000e+02   3.5885719283102802e+01
   1.0300000000000000e+02   3.5806585737170202e+01
   1.0400000000000000e+02   3.5731021238474099e+01
   1.0500000000000000e+02   3.5585844134399501e+01
   1.0600000000000000e+02   3.4941310842963702e+01
   1.0700000000000000e+02   3.4806457813697101e+01
   1.0800000000000000e+02   3.4653991558410603e+01
   1.0900000000000000e+02   3.4392887371165102e+01
   1.1000000000000000e+02   3.3827581973617797e+01
   1.1100000000000000e+02   3.3762817313066797e+01
   1.1200000000000000e+02   3.3760135053743099e+01
   1.1300000000000000e+02   3.3750901675514498e+01
   1.1400000000000000e+02   3.3815371038096501e+01
   1.1500000000000000e+02   3.3607073146471798e+01
   1.1600000000000000e+02   3.3617289194793699e+01
   1.1700000000000000e+02   3.4052666951020903e+01
   1.1800000000000000e+02   3.4348742060338402e+01
   1.1900000000000000e+02   3.4374867258015797e+01
   1.2000000000000000e+02   3.4220474848269902e+01
   1.2100000000000000e+02   3.4151942842565902e+01
   1.2200000000000000e+02   3.4598090458959597e+01
   1.2300000000000000e+02   3.4389500879886803e+01
   1.2400000000000000e+02   3.4477372075654799e+01
   1.2500000000000000e+02   3.4272195645106898e+01
   1.2600000000000000e+02   3.4283900008551100e+01
   1.2700000000000000e+02   3.4208594703153700e+01
   1.2800000000000000e+02   3.4219137704619300e+01
   1.2900000000000000e+02   3.4562826924615898e+01
   1.3000000000000000e+02   3.4206886246079598e+01
   1.3100000000000000e+02   3.4591684103530099e+01
   1.3200000000000000e+02   3.4987511749520500e+01
   1.3300000000000000e+02   3.4940136840648400e+01
   1.3400000000000000e+02   3.5222063369709403e+01
   1.3500000000000000e+02   3.5441194878482300e+01
   1.3600000000000000e+02   3.4619571918048798e+01
   1.3700000000000000e+02   3.4467375817841003e+01
   1.3800000000000000e+02   3.4942628919273403e+01
   1.3900000000000000e+02   3.4724478478861897e+01
   1.4000000000000000e+02   3.4538561341419502e+01
   1.4100000000000000e+02   3.4415913730188102e+01
   1.4200000000000000e+02   3.4086492316106799e+01
   1.4300000000000000e+02   3.4633799154130102e+01
   1.4400000000000000e+02   3.4347078594151597e+01
   1.4500000000000000e+02   3.4126748835594697e+01
   1.4600000000000000e+02   3.3655508227638997e+01
   1.4700000000000000e+02   3.3158957580107199e+01
   1.4800000000000000e+02   3.3672115477980597e+01
   1.4900000000000000e+02   3.3384088005386403e+01
   1.5000000000000000e+02   3.2646963112921000e+01
   1.5100000000000000e+02   3.2718530605441700e+01
   1.5200000000000000e+02   3.2154740067788801e+01
   1.5300000000000000e+02   3.2114895341382400e+01
   1.5400000000000000e+02   3.1896921813437601e+01
   1.5500000000000000e+02   3.1988363704446002e+01
   1.5600000000000000e+02   3.1321519291013001e+01
   1.5700000000000000e+02   3.1343964305795300e+01
   1.5800000000000000e+02   3.0695928283863399e+01
   1.5900000000000000e+02   3.0202217068209301e+01
   1.6000000000000000e+02   2.9730956794723699e+01
   1.6100000000000000e+02   2.9953076908924700e+01
   1.6200000000000000e+02   3.0017273627213001e+01
   1.6300000000000000e+02   2.9348977121768801e+01
   1.6400000000000000e+02   2.9069518871404700e+01
   1.6500000000000000e+02   2.8851683454277602e+01
   1.6600000000000000e+02   2.8402667301959699e+01
   1.6700000000000000e+02   2.8336874639143101e+01
   1.6800000000000000e+02   2.8132079698220402e+01
   1.6900000000000000e+02   2.7924977050474801e+01
   1.7000000000000000e+02   2.7991043419632899e+01
   1.7100000000000000e+02   2.7664676364798400e+01
   1.7200000000000000e+02   2.7414331442644801e+01
   1.7300000000000000e+02   2.7473205132903502e+01
   1.7400000000000000e+02   2.7503107236592999e+01
   1.7500000000000000e+02   2.7675311587214999e+01
   1.7600000000000000e+02   2.7296419221797400e+01
   1.7700000000000000e+02   2.7711289467780801e+01
   1.7800000000000000e+02   2.7601292279247101e+01
   1.7900000000000000e+02   2.7430699130348099e+01
   1.8000000000000000e+02   2.7542698057134700e+01
   1.8100000000000000e+02   2.7588836275401999e+01
   1.8200000000000000e+02   2.7127882696487099e+01
   1.8300000000000000e+02   2.6773629591733400e+01
   1.8400000000000000e+02   2.6438218352206000e+01
   1.8500000000000000e+02   2.6350992289151900e+01
   1.8600000000000000e+02   2.6278889155951401e+01
   1.8700000000000000e+02   2.5989818127703099e+01
   1.8800000000000000e+02   2.5861542886309199e+01
   1.8900000000000000e+02   2.6216561049411901e+01
   1.9000000000000000e+02   2.5840885400678800e+01
   1.9100000000000000e+02   2.6089428309355899e+01
   1.9200000000000000e+02   2.5841980056048001e+01
   1.9300000000000000e+02   2.5566674336782199e+01
   1.9400000000000000e+02   2.5142143335801698e+01
   1.9500000000000000e+02   2.5163276112812198e+01
   1.9600000000000000e+02   2.5707189115274701e+01
   1.9700000000000000e+02   2.5428508917429600e+01
   1.9800000000000000e+02   2.4866650255973301e+01
   1.9900000000000000e+02   2.4961396943872899e+01
   2.0000000000000000e+02   2.5066810877585699e+01
   2.0100000000000000e+02   2.5162239607028301e+01
   2.0200000000000000e+02   2.4840032056604901e+01
   2.0300000000000000e+02   2.5287038754286002e+01
   2.0400000000000000e+02   2.5312693245196701e+01
   2.0500000000000000e+02   2.5332668229310102e+01
   2.0600000000000000e+02   2.5420619695599001e+01
   2.0700000000000000e+02   2.5068301286265200e+01
   2.0800000000000000e+02   2.4633382949581701e+01
   2.0900000000000000e+02   2.4432588211964799e+01
   2.1000000000000000e+02   2.4538805105661300e+01
   2.1100000000000000e+02   2.4842369809763600e+01
   2.1200000000000000e+02   2.4489039007466499e+01
   2.1300000000000000e+02   2.4757567079283000e+01
   2.1400000000000000e+02   2.4949203202730601e+01
   2.1500000000000000e+02   2.4665797801718501e+01
   2.1600000000000000e+02   2.4215328672758101e+01
   2.1700000000000000e+02   2.4313205271960900e+01
   2.1800000000000000e+02   2.4223099247951801e+01
   2.1900000000000000e+02   2.3811305328625402e+01
   2.2000000000000000e+02   2.3688253287623802e+01
   2.2100000000000000e+02   2.3865652037345299e+01
   2.2200000000000000e+02   2.4248486040559602e+01
   2.2300000000000000e+02   2.4488852469713699e+01
   2.2400000000000000e+02   2.4081607637663101e+01
   2.2500000000000000e+02   2.3781392643381100e+01
   2.2600000000000000e+02   2.3803198353217500e+01
   2.2700000000000000e+02   2.3436770885635099e+01
   2.2800000000000000e+02   2.3044244001556400e+01
   2.2900000000000000e+02   2.2645705677848198e+01
   2.3000000000000000e+02   2.3025497400178100e+01
   2.3100000000000000e+02   2.3240350181441400e+01
   2.3200000000000000e+02   2.3308034214841300e+01
   2.3300000000000000e+02   2.3927211782320200e+01
   2.3400000000000000e+02   2.3386522376517402e+01
   2.3500000000000000e+02   2.3451154586887700e+01
   2.3600000000000000e+02   2.3660223469221101e+01
   2.3700000000000000e+02   2.2610336596370502e+01
   2.3800000000000000e+02   2.2483546110057802e+01
   2.3900000000000000e+02   2.2387367276816700e+01
   2.4000000000000000e+02   2.2421031167379400e+01
   2.4100000000000000e+02   2.2401067761916501e+01
   2.4200000000000000e+02   2.1786223745857999e+01
   2.4300000000000000e+02   2.1623918836713599e+01
   2.4400000000000000e+02   2.1293351277010000e+01
   2.4500000000000000e+02   2.0954974035188300e+01
   2.4600000000000000e+02   2.0824394680187201e+01
   2.4700000000000000e+02   2.0376485170902900e+01
   2.4800000000000000e+02   2.0328586726360300e+01
   2.4900000000000000e+02   1.9788414427299301e+01
   2.5000000000000000e+02   1.9625830871244801e+01
   2.5100000000000000e+02   1.9453707248225101e+01
   2.5200000000000000e+02   1.9022052305906598e+01
   2.5300000000000000e+02   1.8742436100737400e+01
   2.5400000000000000e+02   1.8645357371039800e+01
   2.5500000000000000e+02   1.7958373221224399e+01
   2.5600000000000000e+02   1.7724739408686400e+01
   2.5700000000000000e+02   1.6882996784258399e+01
   2.5800000000000000e+02   1.6520474806041101e+01
   2.5900000000000000e+02   1.5683212562035401e+01
   2.6000000000000000e+02   1.5562553345297900e+01
   2.6100000000000000e+02   1.4600291958487301e+01
   2.6200000000000000e+02   1.4857670838609300e+01
   2.6300000000000000e+02   1.4583714263786099e+01
   2.6400000000000000e+02   1.5060272265283899e+01
   2.6500000000000000e+02   1.5127226921810500e+01
   2.6600000000000000e+02   1.4412378832508001e+01
   2.6700000000000000e+02   1.3874903113723500e+01
   2.6800000000000000e+02   1.3415999477367400e+01
   2.6900000000000000e+02   1.3313600575895400e+01
   2.7000000000000000e+02   1.3109678185658399e+01
   2.7100000000000000e+02   1.2675060898012200e+01
   2.7200000000000000e+02   1.2807049829034000e+01
   2.7300000000000000e+02   1.2525679560569500e+01
   2.7400000000000000e+02   1.1925379305730599e+01
   2.7500000000000000e+02   1.1885665164441001e+01
   2.7600000000000000e+02   1.1516704171456100e+01
   2.7700000000000000e+02   1.1361665801691499e+01
   2.7800000000000000e+02   1.0645350982303400e+01
   2.7900000000000000e+02   1.0526296859208401e+01
   2.8000000000000000e+02   1.0225743028451500e+01
   2.8100000000000000e+02   9.6995873460162993e+00
   2.8200000000000000e+02   9.6820499753894804e+00
   2.8300000000000000e+02   9.8578385846416694e+00
   2.8400000000000000e+02   1.0314057656964200e+01
   2.8500000000000000e+02   9.6631352093454108e+00
   2.8600000000000000e+02   9.7150563560247392e+00
   2.8700000000000000e+02   9.6526175199324200e+00
   2.8800000000000000e+02   9.2974108205825896e+00
   2.8900000000000000e+02   9.4568473290389399e+00
   2.9000000000000000e+02   9.0493186856209995e+00
   2.9100000000000000e+02   8.1426831769327901e+00
   2.9200000000000000e+02   7.4816980793575398e+00
   2.9300000000000000e+02   7.3882250423252902e+00
   2.9400000000000000e+02   7.1364875698721697e+00
   2.9500000000000000e+02   7.0634364073042297e+00
   2.9600000000000000e+02   7.0336546258951502e+00
   2.9700000000000000e+02   6.6979494509998299e+00
   2.9800000000000000e+02   5.7134244132176901e+00
   2.9900000000000000e+02   5.7971298019843198e+00
   3.0000000000000000e+02   5.5993094188637702e+00
   3.0100000000000000e+02   4.9689903314205504e+00
   3.0200000000000000e+02   5.1960862083481096e+00
   3.0300000000000000e+02   5.0715967556203196e+00
   3.0400000000000000e+02   5.1414845417790804e+00
   3.0500000000000000e+02   5.5025812588405101e+00
   3.0600000000000000e+02   4.9568129524309299e+00
   3.0700000000000000e+02   4.7445727744760804e+00
   3.0800000000000000e+02   4.4672974768272704e+00
   3.0900000000000000e+02   4.5338191565371400e+00
   3.1000000000000000e+02   4.7238547724712596e+00
   3.1100000000000000e+02   4.2682735134085901e+00
   3.1200000000000000e+02   3.4541378719970401e+00
   3.1300000000000000e+02   3.4440007807724200e+00
   3.1400000000000000e+02   3.7233399355708099e+00
   3.1500000000000000e+02   3.2435763303075702e+00
   3.1600000000000000e+02   3.4849276682388299e+00
   3.1700000000000000e+02   3.1934868992259400e+00
   3.1800000000000000e+02   3.1916856910776001e+00
   3.1900000000000000e+02   2.5423708828523699e+00
   3.2000000000000000e+02   2.4720400003181200e+00
   3.2100000000000000e+02   2.6524080416497902e+00
   3.2200000000000000e+02   2.1313486625517601e+00
   3.2300000000000000e+02   2.4356358457448999e+00
   3.2400000000000000e+02   1.5469985622151601e+00
   3.2500000000000000e+02   5.4451388935510803e-01
   3.2600000000000000e+02   2.2780332557815300e-01
   3.2700000000000000e+02  -2.8440868932620600e-01
   3.2800000000000000e+02  -6.6960067069689400e-01
   3.2900000000000000e+02  -1.2540459574364000e+00
   3.3000000000000000e+02  -1.4948586255827800e+00
   3.3100000000000000e+02  -1.7739921189872800e+00
   3.3200000000000000e+02  -1.8540762064923000e+00
   3.3300000000000000e+02  -2.2693506760961402e+00
   3.3400000000000000e+02  -2.7423531194652702e+00
   3.3500000000000000e+02  -2.0446742025890599e+00
   3.3600000000000000e+02  -2.3472830029859399e+00
   3.3700000000000000e+02  -3.2348551786843500e+00
   3.3800000000000000e+02  -2.7087698731644898e+00
   3.3900000000000000e+02  -3.2164672567706001e+00
   3.4000000000000000e+02  -3.0316624730354902e+00
   3.4100000000000000e+02  -2.6614465732024501e+00
   3.4200000000000000e+02  -3.3927346054946801e+00
   3.4300000000000000e+02  -3.4696899235267802e+00
   3.4400000000000000e+02  -3.5833132373657102e+00
   3.4500000000000000e+02  -3.7122192221227399e+00
   3.4600000000000000e+02  -4.1336083903065299e+00
   3.4700000000000000e+02  -4.3592843437251698e+00
   3.4800000000000000e+02  -4.4789259808391000e+00
   3.4900000000000000e+02  -4.5772208753506902e+00
   3.5000000000000000e+02  -4.7004438207892001e+00
   3.5100000000000000e+02  -4.6624107220584001e+00
   3.5200000000000000e+02  -5.5044784981638397e+00
   3.5300000000000000e+02  -5.6456495607233501e+00
   3.5400000000000000e+02  -5.7526647374212203e+00
   3.5500000000000000e+02  -6.2580750129754703e+00
   3.5600000000000000e+02  -6.4671725769849804e+00
   3.5700000000000000e+02  -6.7515172639125698e+00
   3.5800000000000000e+02  -7.2409565941139302e+00
   3.5900000000000000e+02  -7.0354121961395597e+00
   3.6000000000000000e+02  -7.1888043375869097e+00
   3.6100000000000000e+02  -7.0385004663960498e+00
   3.6200000000000000e+02  -7.7833147842045003e+00
   3.6300000000000000e+02  -8.4190504377427402e+00
   3.6400000000000000e+02  -8.5078144369929607e+00
   3.6500000000000000e+02  -9.0063739080796097e+00
   3.6600000000000000e+02  -9.1483360413785402e+00
   3.6700000000000000e+02  -9.2811325343245201e+00
   3.6800000000000000e+02  -9.6102378666288306e+00
   3.6900000000000000e+02  -9.8735197458786992e+00
   3.7000000000000000e+02  -1.0500206747271500e+01
   3.7100000000000000e+02  -1.1225878602910999e+01
   3.7200000000000000e+02  -1.1758517692306400e+01
   3.7300000000000000e+02  -1.2227017963696300e+01
   3.7400000000000000e+02  -1.3080163585205501e+01
   3.7500000000000000e+02  -1.3388706197273700e+01
   3.7600000000000000e+02  -1.3709868804178001e+01
   3.7700000000000000e+02  -1.4350462327956700e+01
   3.7800000000000000e+02  -1.4754732489906401e+01
   3.7900000000000000e+02  -1.5548808062471499e+01
   3.8000000000000000e+02  -1.5782033678655100e+01
   3.8100000000000000e+02  -1.5518248835892599e+01
   3.8200000000000000e+02  -1.5878351591327601e+01
   3.8300000000000000e+02  -1.6699173620639300e+01
   3.8400000000000000e+02  -1.7395580620584301e+01
   3.8500000000000000e+02  -1.8355451333280300e+01
   3.8600000000000000e+02  -1.8874099797115701e+01
   3.8700000000000000e+02  -1.9630653558169001e+01
   3.8800000000000000e+02  -2.0054690696522499e+01
   3.8900000000000000e+02  -2.0675586675408400e+01
   3.9000000000000000e+02  -2.0688570801608201e+01
   3.9100000000000000e+02  -2.1460921780203002e+01
   3.9200000000000000e+02  -2.1729910189329999e+01
   3.9300000000000000e+02  -2.2084917332707999e+01
   3.9400000000000000e+02  -2.2482872731424600e+01
   3.9500000000000000e+02  -2.3046948310676498e+01
   3.9600000000000000e+02  -2.4013242094573801e+01
   3.9700000000000000e+02  -2.4883129284145799e+01
   3.9800000000000000e+02  -2.5010456763185299e+01
   3.9900000000000000e+02  -2.5730967419253599e+01
   4.0000000000000000e+02  -2.5728415393494402e+01
   4.0100000000000000e+02  -2.5742057632510001e+01
   4.0200000000000000e+02  -2.5941820902302599e+01
   4.0300000000000000e+02  -2.6435031215135901e+01
   4.0400000000000000e+02  -2.6791582709206502e+01
   4.0500000000000000e+02  -2.7979198171479698e+01
   4.0600000000000000e+02  -2.8373474676750099e+01
   4.0700000000000000e+02  -2.9045463540536801e+01
   4.0800000000000000e+02  -2.9920745572279401e+01
   4.0900000000000000e+02  -3.0764862669291301e+01
   4.1000000000000000e+02  -3.1386498910883201e+01
   4.1100000000000000e+02  -3.1931618631380800e+01
   4.1200000000000000e+02  -3.2667511866092902e+01
   4.1300000000000000e+02  -3.2780505590686701e+01
   4.1400000000000000e+02  -3.3272486514301903e+01
   4.1500000000000000e+02  -3.3734829468578702e+01
   4.1600000000000000e+02  -3.4448013084353697e+01
   4.1700000000000000e+02  -3.5437057318081997e+01
   4.1800000000000000e+02  -3.5898438134562298e+01
   4.1900000000000000e+02  -3.6819233146209697e+01
   4.2000000000000000e+02  -3.7319017380230299e+01
   4.2100000000000000e+02  -3.8573110633452401e+01
   4.2200000000000000e+02  -3.9350187059176797e+01
   4.2300000000000000e+02  -3.9980366193274101e+01
   4.2400000000000000e+02  -4.0838432555914203e+01
   4.2500000000000000e+02  -4.1506127299247403e+01
   4.2600000000000000e+02  -4.1727898110948999e+01
   4.2700000000000000e+02  -4.2235150566019698e+01
   4.2800000000000000e+02  -4.3151203813791497e+01
   4.2900000000000000e+02  -4.3242027599501597e+01
   4.3000000000000000e+02  -4.3743745204192201e+01
   4.3100000000000000e+02  -4.4274412840132001e+01
   4.3200000000000000e+02  -4.4923728678757300e+01
   4.3300000000000000e+02  -4.5659178979601997e+01
   4.3400000000000000e+02  -4.6195995972582203e+01
   4.3500000000000000e+02  -4.6650155944808901e+01
   4.3600000000000000e+02  -4.7660082422911401e+01
   4.3700000000000000e+02  -4.8423894531298302e+01
   4.3800000000000000e+02  -4.8776169438326200e+01
   4.3900000000000000e+02  -4.9548162223907703e+01
   4.4000000000000000e+02  -5.0542796459802801e+01
   4.4100000000000000e+02  -5.1435005732179000e+01
   4.4200000000000000e+02  -5.2027545894309903e+01
   4.4300000000000000e+02  -5.2675660930088000e+01
   4.4400000000000000e+02  -5.2935463990759096e+01
   4.4500000000000000e+02  -5.3271275331879202e+01
   4.4600000000000000e+02  -5.3076120927219300e+01
   4.4700000000000000e+02  -5.3676776916726098e+01
   4.4800000000000000e+02  -5.4331952545490303e+01
   4.4900000000000000e+02  -5.5515128927703998e+01
   4.5000000000000000e+02  -5.6006889793682099e+01
   4.5100000000000000e+02  -5.6996779091596999e+01
   4.5200000000000000e+02  -5.7748767144165100e+01
   4.5300000000000000e+02  -5.8501211332260603e+01
   4.5400000000000000e+02  -5.9054394673506003e+01
   4.5500000000000000e+02  -5.9584349688840902e+01
   4.5600000000000000e+02  -6.0411150070251502e+01
   4.5700000000000000e+02  -6.1049743844880602e+01
   4.5800000000000000e+02  -6.1902092412173801e+01
   4.5900000000000000e+02  -6.2157615732511402e+01
   4.6000000000000000e+02  -6.3203791310089500e+01
   4.6100000000000000e+02  -6.3464319303675801e+01
   4.6200000000000000e+02  -6.4586950949231294e+01
   4.6300000000000000e+02  -6.4944570462352999e+01
   4.6400000000000000e+02  -6.5280428834117899e+01
   4.6500000000000000e+02  -6.5569890375348507e+01
   4.6600000000000000e+02  -6.6287870737980597e+01
   4.6700000000000000e+02  -6.6544024970250902e+01
   4.6800000000000000e+02  -6.6637478278068201e+01
   4.6900000000000000e+02  -6.6933139380521695e+01
   4.7000000000000000e+02  -6.7873621613046495e+01
   4.7100000000000000e+02  -6.7849915304057703e+01
   4.7200000000000000e+02  -6.7945793289364502e+01
   4.7300000000000000e+02  -6.8543943250725803e+01
   4.7400000000000000e+02  -6.9212582671099497e+01
   4.7500000000000000e+02  -6.9089493597099107e+01
   4.7600000000000000e+02  -6.9636052904975898e+01
   4.7700000000000000e+02  -7.0381454120207195e+01
   4.7800000000000000e+02  -7.0710784241903795e+01
   4.7900000000000000e+02  -7.1306613188216900e+01
   4.8000000000000000e+02  -7.1826726617365694e+01
   4.8100000000000000e+02  -7.2267751853294399e+01
   4.8200000000000000e+02  -7.2342968138927006e+01
   4.8300000000000000e+02  -7.2664879442822297e+01
   4.8400000000000000e+02  -7.2661951937735694e+01
   4.8500000000000000e+02  -7.2977309650537194e+01
   4.8600000000000000e+02  -7.3318046811457407e+01
   4.8700000000000000e+02  -7.3518294147927193e+01
   4.8800000000000000e+02  -7.3345192318947895e+01
   4.8900000000000000e+02  -7.4057044931178794e+01
   4.9000000000000000e+02  -7.4141272702931900e+01
   4.9100000000000000e+02  -7.4179156286758101e+01
   4.9200000000000000e+02  -7.4193773623948303e+01
   4.9300000000000000e+02  -7.4442180821091000e+01
   4.9400000000000000e+02  -7.4920820687414903e+01
   4.9500000000000000e+02  -7.5006507837574603e+01
   4.9600000000000000e+02  -7.5267594176168998e+01
   4.9700000000000000e+02  -7.5434058185989898e+01
   4.9800000000000000e+02  -7.5908636634608399e+01
   4.9900000000000000e+02  -7.5816256645593100e+01
   5.0000000000000000e+02  -7.5816959689597894e+01
   5.0100000000000000e+02  -7.5974685462921002e+01
   5.0200000000000000e+02  -7.6072544722914500e+01
   5.0300000000000000e+02  -7.6180386676789396e+01
   5.0400000000000000e+02  -7.6538785558905502e+01
   5.0500000000000000e+02  -7.6638002465552702e+01
   5.0600000000000000e+02  -7.6344929951252695e+01
   5.0700000000000000e+02  -7.6493223610196594e+01
   5.0800000000000000e+02  -7.5890964996647398e+01
   5.0900000000000000e+02  -7.5481723764716804e+01
   5.1000000000000000e+02  -7.5518766985546094e+01
   5.1100000000000000e+02  -7.5969151315027304e+01
   5.1200000000000000e+02  -7.6683621729441995e+01
   5.1300000000000000e+02  -7.6505207868365204e+01
   5.1400000000000000e+02  -7.6328939829311096e+01
   5.1500000000000000e+02  -7.6415348594673503e+01
   5.1600000000000000e+02  -7.6382914452034598e+01
   5.1700000000000000e+02  -7.6198264718430394e+01
   5.1800000000000000e+02  -7.6224243216276406e+01
   5.1900000000000000e+02  -7.6575041100131799e+01
   5.2000000000000000e+02  -7.6715141898381205e+01
   5.2100000000000000e+02  -7.6563472626295606e+01
   5.2200000000000000e+02  -7.6118737153030906e+01
   5.2300000000000000e+02  -7.6244813706525207e+01
   5.2400000000000000e+02  -7.6247569414295597e+01
   5.2500000000000000e+02  -7.5810098611843898e+01
   5.2600000000000000e+02  -7.6139155252142800e+01
   5.2700000000000000e+02  -7.6311572929620695e+01
   5.2800000000000000e+02  -7.6234595926663900e+01
   5.2900000000000000e+02  -7.6109797824397504e+01
   5.3000000000000000e+02  -7.5719838730373496e+01
   5.3100000000000000e+02  -7.5382284197653206e+01
   5.3200000000000000e+02  -7.5249877669312596e+01
   5.3300000000000000e+02  -7.5706061749215607e+01
   5.3400000000000000e+02  -7.5274383336647205e+01
   5.3500000000000000e+02  -7.5829988070158194e+01
   5.3600000000000000e+02  -7.6116783135138604e+01
   5.3700000000000000e+02  -7.6004437502516495e+01
   5.3800000000000000e+02  -7.5794698836295694e+01
   5.3900000000000000e+02  -7.6012962849920598e+01
   5.4000000000000000e+02  -7.5685546266674294e+01
   5.4100000000000000e+02  -7.6427780016429907e+01
   5.4200000000000000e+02  -7.6049463692117598e+01
   5.4300000000000000e+02  -7.6045173495963198e+01
   5.4400000000000000e+02  -7.6000304469980705e+01
   5.4500000000000000e+02  -7.4833508025925397e+01
   5.4600000000000000e+02  -7.4997852875023298e+01
   5.4700000000000000e+02  -7.5149838843832697e+01
   5.4800000000000000e+02  -7.4715401216207994e+01
   5.4900000000000000e+02  -7.5014801731607307e+01
   5.5000000000000000e+02  -7.5011801245262603e+01
   5.5100000000000000e+02  -7.4863733021058295e+01
   5.5200000000000000e+02  -7.5152420546026207e+01
   5.5300000000000000e+02  -7.5366260933930903e+01
   5.5400000000000000e+02  -7.5181911012548397e+01
   5.5500000000000000e+02  -7.5156023747581798e+01
   5.5600000000000000e+02  -7.4588972825367705e+01
   5.5700000000000000e+02  -7.4718415166693006e+01
   5.5800000000000000e+02  -7.4763112392559904e+01
   5.5900000000000000e+02  -7.5145565747937894e+01
   5.6000000000000000e+02  -7.5487727623097300e+01
   5.6100000000000000e+02  -7.5654420008401701e+01
   5.6200000000000000e+02  -7.5027806448480106e+01
   5.6300000000000000e+02  -7.4473620848103806e+01
   5.6400000000000000e+02  -7.4521123678426505e+01
   5.6500000000000000e+02  -7.4424399690294706e+01
   5.6600000000000000e+02  -7.4738783328060194e+01
   5.6700000000000000e+02  -7.4204043782580698e+01
   5.6800000000000000e+02  -7.4802845254403096e+01
   5.6900000000000000e+02  -7.4685927913406502e+01
   5.7000000000000000e+02  -7.4540480289472200e+01
   5.7100000000000000e+02  -7.4775448656090603e+01
   5.7200000000000000e+02  -7.5395304049986294e+01
   5.7300000000000000e+02  -7.5323186416484404e+01
   5.7400000000000000e+02  -7.5659414199964601e+01
   5.7500000000000000e+02  -7.5623136731136398e+01
   5.7600000000000000e+02  -7.5569142942663603e+01
   5.7700000000000000e+02  -7.5129296296885997e+01
   5.7800000000000000e+02  -7.5143534401269306e+01
   5.7900000000000000e+02  -7.5395354359835693e+01
   5.8000000000000000e+02  -7.4796108540592599e+01
   5.8100000000000000e+02  -7.4762242089991503e+01
   5.8200000000000000e+02  -7.4967650133635701e+01
   5.8300000000000000e+02  -7.4775968696622698e+01
   5.8400000000000000e+02  -7.4252057057287800e+01
   5.8500000000000000e+02  -7.4193007890991694e+01
   5.8600000000000000e+02  -7.4085624585036300e+01
   5.8700000000000000e+02  -7.4120584855158498e+01
   5.8800000000000000e+02  -7.3996301055750195e+01
   5.8900000000000000e+02  -7.4120048055988093e+01
   5.9000000000000000e+02  -7.4117413729799694e+01
   5.9100000000000000e+02  -7.4132918181343996e+01
   5.9200000000000000e+02  -7.4376758459544007e+01
   5.9300000000000000e+02  -7.4463388694348794e+01
   5.9400000000000000e+02  -7.4362302086725705e+01
   5.9500000000000000e+02  -7.3903557305600302e+01
   5.9600000000000000e+02  -7.3216767707892501e+01
   5.9700000000000000e+02  -7.3463601827102806e+01
   5.9800000000000000e+02  -7.3865930740319001e+01
   5.9900000000000000e+02  -7.4103967879011606e+01
   6.0000000000000000e+02  -7.3923855789245707e+01
   6.0100000000000000e+02  -7.4067707487418105e+01
   6.0200000000000000e+02  -7.3647454172454005e+01
   6.0300000000000000e+02  -7.4175217896522796e+01
   6.0400000000000000e+02  -7.3820934727610805e+01
   6.0500000000000000e+02  -7.3761791571133401e+01
   6.0600000000000000e+02  -7.3445424642779301e+01
   6.0700000000000000e+02  -7.3380374635991203e+01
   6.0800000000000000e+02  -7.3499381799419297e+01
   6.0900000000000000e+02  -7.3697919475164596e+01
   6.1000000000000000e+02  -7.3693892543854702e+01
   6.1100000000000000e+02  -7.2932681120045103e+01
   6.1200000000000000e+02  -7.2861883333946295e+01
   6.1300000000000000e+02  -7.2636846531325006e+01
   6.1400000000000000e+02  -7.3187418302643096e+01
   6.1500000000000000e+02  -7.3078351628278895e+01
   6.1600000000000000e+02  -7.3287803646157798e+01
   6.1700000000000000e+02  -7.3079095217655905e+01
   6.1800000000000000e+02  -7.2908952700755606e+01
   6.1900000000000000e+02  -7.3024257963088900e+01
   6.2000000000000000e+02  -7.3149443779870595e+01
   6.2100000000000000e+02  -7.3454787773236802e+01
   6.2200000000000000e+02  -7.3413336381060702e+01
   6.2300000000000000e+02  -7.3460909164122000e+01
   6.2400000000000000e+02  -7.3237126064071802e+01
   6.2500000000000000e+02  -7.3008203047118101e+01
   6.2600000000000000e+02  -7.3204468828004806e+01
   6.2700000000000000e+02  -7.3357381514278103e+01
   6.2800000000000000e+02  -7.3762816251061906e+01
   6.2900000000000000e+02  -7.3434006685934506e+01
   6.3000000000000000e+02  -7.3541613875584602e+01
   6.3100000000000000e+02  -7.3413862019659803e+01
   6.3200000000000000e+02  -7.4250847996018194e+01
   6.3300000000000000e+02  -7.3812372602186997e+01
   6.3400000000000000e+02  -7.3238385780809395e+01
   6.3500000000000000e+02  -7.3237719279204399e+01
   6.3600000000000000e+02  -7.3138521484262597e+01
   6.3700000000000000e+02  -7.3003878758273103e+01
   6.3800000000000000e+02  -7.3135986071484595e+01
   6.3900000000000000e+02  -7.3523779354186303e+01
   6.4000000000000000e+02  -7.3728558715854305e+01
   6.4100000000000000e+02  -7.3958207442677207e+01
   6.4200000000000000e+02  -7.3538997119438804e+01
   6.4300000000000000e+02  -7.3820353818098596e+01
   6.4400000000000000e+02  -7.3618239087131300e+01
   6.4500000000000000e+02  -7.3125149933313907e+01
   6.4600000000000000e+02  -7.3073182925273201e+01
   6.4700000000000000e+02  -7.3918754353535704e+01
   6.4800000000000000e+02  -7.4084747182915194e+01
   6.4900000000000000e+02  -7.3965664641844299e+01
   6.5000000000000000e+02  -7.3753238441723298e+01
   6.5100000000000000e+02  -7.3615991587565702e+01
   6.5200000000000000e+02  -7.3802995951912806e+01
   6.5300000000000000e+02  -7.3905492263797001e+01
   6.5400000000000000e+02  -7.3266020849055195e+01
   6.5500000000000000e+02  -7.3370209986434105e+01
   6.5600000000000000e+02  -7.3218410229738296e+01
   6.5700000000000000e+02  -7.3277610491993798e+01
   6.5800000000000000e+02  -7.3155962960617401e+01
   6.5900000000000000e+02  -7.2933758148276596e+01
   6.6000000000000000e+02  -7.2796443363390907e+01
   6.6100000000000000e+02  -7.2525360845776603e+01
   6.6200000000000000e+02  -7.3009679286650396e+01
   6.6300000000000000e+02  -7.3189066452884603e+01
   6.6400000000000000e+02  -7.3161204355927296e+01
   6.6500000000000000e+02  -7.2763200438599895e+01
   6.6600000000000000e+02  -7.2745374676852805e+01
   6.6700000000000000e+02  -7.3066484147913499e+01
   6.6800000000000000e+02  -7.2997566048728999e+01
   6.6900000000000000e+02  -7.3172962733319807e+01
   6.7000000000000000e+02  -7.3972592022756203e+01
   6.7100000000000000e+02  -7.4299352245921995e+01
   6.7200000000000000e+02  -7.3702695437821603e+01
   6.7300000000000000e+02  -7.3439498002960093e+01
   6.7400000000000000e+02  -7.3706357586695006e+01
   6.7500000000000000e+02  -7.4107498917612006e+01
   6.7600000000000000e+02  -7.4710767532397696e+01
   6.7700000000000000e+02  -7.4961525654129900e+01
   6.7800000000000000e+02  -7.4975869281349404e+01
   6.7900000000000000e+02  -7.5072073659609899e+01
   6.8000000000000000e+02  -7.5024539231626903e+01
   6.8100000000000000e+02  -7.5092191652649106e+01
   6.8200000000000000e+02  -7.4926361901548304e+01
   6.8300000000000000e+02  -7.4783364647359306e+01
   6.8400000000000000e+02  -7.4506803455687006e+01
   6.8500000000000000e+02  -7.4681015659814094e+01
   6.8600000000000000e+02  -7.4620161508685797e+01
   6.8700000000000000e+02  -7.4677479206977793e+01
   6.8800000000000000e+02  -7.4858929845871103e+01
   6.8900000000000000e+02  -7.5029939492307193e+01
   6.9000000000000000e+02  -7.5169605247140794e+01
   6.9100000000000000e+02  -7.4943416449879095e+01
   6.9200000000000000e+02  -7.5281710851253493e+01
   6.9300000000000000e+02  -7.5183824399262406e+01
   6.9400000000000000e+02  -7.5093011832234197e+01
   6.9500000000000000e+02  -7.5290600130127700e+01
   6.9600000000000000e+02  -7.4960587859945605e+01
   6.9700000000000000e+02  -7.4824069781897705e+01
   6.9800000000000000e+02  -7.4632447763777407e+01
   6.9900000000000000e+02  -7.4356906956155896e+01
   7.0000000000000000e+02  -7.4514829874781199e+01
   7.0100000000000000e+02  -7.4634121448959206e+01
   7.0200000000000000e+02  -7.4904312508222006e+01
   7.0300000000000000e+02  -7.4660476584833603e+01
   7.0400000000000000e+02  -7.4494341967251302e+01
   7.0500000000000000e+02  -7.4323096412405306e+01
   7.0600000000000000e+02  -7.3969311774327807e+01
   7.0700000000000000e+02  -7.3674344493907398e+01
   7.0800000000000000e+02  -7.4179932895476995e+01
   7.0900000000000000e+02  -7.4294656030586296e+01
   7.1000000000000000e+02  -7.4356245067040305e+01
   7.1100000000000000e+02  -7.3692525810178793e+01
   7.1200000000000000e+02  -7.3768480544239296e+01
   7.1300000000000000e+02  -7.3752426969702896e+01
   7.1400000000000000e+02  -7.3716613600673398e+01
   7.1500000000000000e+02  -7.4357087853584602e+01
   7.1600000000000000e+02  -7.4080270317635893e+01
   7.1700000000000000e+02  -7.4178395744707800e+01
   7.1800000000000000e+02  -7.4145095728972706e+01
   7.1900000000000000e+02  -7.3938509317660603e+01
   7.2000000000000000e+02  -7.4059344258666698e+01
   7.2100000000000000e+02  -7.4679619202746395e+01
   7.2200000000000000e+02  -7.4696678168494898e+01
   7.2300000000000000e+02  -7.4533048788496799e+01
   7.2400000000000000e+02  -7.4318044660355795e+01
   7.2500000000000000e+02  -7.4309948513156996e+01
   7.2600000000000000e+02  -7.4185672353184799e+01
   7.2700000000000000e+02  -7.3678135859007000e+01
   7.2800000000000000e+02  -7.4200365767925405e+01
   7.2900000000000000e+02  -7.4121456033190995e+01
   7.3000000000000000e+02  -7.4277729057906996e+01
   7.3100000000000000e+02  -7.4422695537491194e+01
   7.3200000000000000e+02  -7.4359698351892305e+01
   7.3300000000000000e+02  -7.3779426869753607e+01
   7.3400000000000000e+02  -7.4183913548779799e+01
   7.3500000000000000e+02  -7.4139969016358506e+01
   7.3600000000000000e+02  -7.4312748899328199e+01
   7.3700000000000000e+02  -7.4196718431882999e+01
   7.3800000000000000e+02  -7.4105146732985801e+01
   7.3900000000000000e+02  -7.4508823728997996e+01
   7.4000000000000000e+02  -7.4836923914153502e+01
   7.4100000000000000e+02  -7.5382899764076299e+01
   7.4200000000000000e+02  -7.5415779774852695e+01
   7.4300000000000000e+02  -7.5203113291161998e+01
   7.4400000000000000e+02  -7.5326163518377498e+01
   7.4500000000000000e+02  -7.4973301315325898e+01
   7.4600000000000000e+02  -7.4728985327301800e+01
   7.4700000000000000e+02  -7.4617914851007896e+01
   7.4800000000000000e+02  -7.4197907694645906e+01
   7.4900000000000000e+02  -7.4190456044605696e+01
   7.5000000000000000e+02  -7.3841567027006406e+01
   7.5100000000000000e+02  -7.3477391342367994e+01
   7.5200000000000000e+02  -7.3201001131005398e+01
   7.5300000000000000e+02  -7.3749921651264003e+01
   7.5400000000000000e+02  -7.3731101762521405e+01
   7.5500000000000000e+02  -7.3971344311491706e+01
   7.5600000000000000e+02  -7.4036996611798301e+01
   7.5700000000000000e+02  -7.4418575244622204e+01
   7.5800000000000000e+02  -7.4505074879050596e+01
   7.5900000000000000e+02  -7.4418766888025800e+01
   7.6000000000000000e+02  -7.4619992882758794e+01
   7.6100000000000000e+02  -7.4788403211098199e+01
   7.6200000000000000e+02  -7.5075881057957702e+01
   7.6300000000000000e+02  -7.5359379866789993e+01
   7.6400000000000000e+02  -7.4807809710470195e+01
   7.6500000000000000e+02  -7.4506220710814901e+01
   7.6600000000000000e+02  -7.4714070264422205e+01
   7.6700000000000000e+02  -7.4457659506608195e+01
   7.6800000000000000e+02  -7.4003160888415906e+01
   7.6900000000000000e+02  -7.3813878488028706e+01
   7.7000000000000000e+02  -7.3460941672134695e+01
   7.7100000000000000e+02  -7.3458526197453594e+01
   7.7200000000000000e+02  -7.3230371003474701e+01
   7.7300000000000000e+02  -7.2860961334399306e+01
   7.7400000000000000e+02  -7.2420930434539997e+01
   7.7500000000000000e+02  -7.2062541638108598e+01
   7.7600000000000000e+02  -7.2286787910398402e+01
   7.7700000000000000e+02  -7.1953104673922894e+01
   7.7800000000000000e+02  -7.2273708360626600e+01
   7.7900000000000000e+02  -7.2136224045393703e+01
   7.8000000000000000e+02  -7.1910325432394501e+01
   7.8100000000000000e+02  -7.1668995683762702e+01
   7.8200000000000000e+02  -7.1966807476997104e+01
   7.8300000000000000e+02  -7.2601836827276998e+01
   7.8400000000000000e+02  -7.2734984850479293e+01
   7.8500000000000000e+02  -7.2936292992802706e+01
   7.8600000000000000e+02  -7.2905978994949805e+01
   7.8700000000000000e+02  -7.2974510584037503e+01
   7.8800000000000000e+02  -7.2623004542482803e+01
   7.8900000000000000e+02  -7.3260644461073696e+01
   7.9000000000000000e+02  -7.3339254132769398e+01
   7.9100000000000000e+02  -7.3382515224042905e+01
   7.9200000000000000e+02  -7.3684708186374095e+01
   7.9300000000000000e+02  -7.3824173344672005e+01
   7.9400000000000000e+02  -7.4169891691513797e+01
   7.9500000000000000e+02  -7.3944190483218705e+01
   7.9600000000000000e+02  -7.3940054697019406e+01
   7.9700000000000000e+02  -7.3641427781512704e+01
   7.9800000000000000e+02  -7.3692748835564004e+01
   7.9900000000000000e+02  -7.3852290073922106e+01
   8.0000000000000000e+02  -7.3912404183697106e+01
   8.0100000000000000e+02  -7.4288961292848398e+01
   8.0200000000000000e+02  -7.4061611869695895e+01
   8.0300000000000000e+02  -7.4103210832299894e+01
   8.0400000000000000e+02  -7.3946868956638397e+01
   8.0500000000000000e+02  -7.4133971915130999e+01
   8.0600000000000000e+02  -7.3581471077057202e+01
   8.0700000000000000e+02  -7.3493707854318302e+01
   8.0800000000000000e+02  -7.3572552226323197e+01
   8.0900000000000000e+02  -7.3712293307977603e+01
   8.1000000000000000e+02  -7.3428040553460704e+01
   8.1100000000000000e+02  -7.3202225958073299e+01
   8.1200000000000000e+02  -7.3314031814866993e+01
   8.1300000000000000e+02  -7.3451857794872296e+01
   8.1400000000000000e+02  -7.3444286769796804e+01
   8.1500000000000000e+02  -7.3134606828020296e+01
   8.1600000000000000e+02  -7.3058932726393195e+01
   8.1700000000000000e+02  -7.3079738264692807e+01
   8.1800000000000000e+02  -7.3251755559168302e+01
   8.1900000000000000e+02  -7.3102298898829702e+01
   8.2000000000000000e+02  -7.2879697943421107e+01
   8.2100000000000000e+02  -7.2954775243722295e+01
   8.2200000000000000e+02  -7.3063814553672202e+01
   8.2300000000000000e+02  -7.3057116733002402e+01
   8.2400000000000000e+02  -7.3175256441448894e+01
   8.2500000000000000e+02  -7.3058489732295797e+01
   8.2600000000000000e+02  -7.2769533043321204e+01
   8.2700000000000000e+02  -7.2728160711639205e+01
   8.2800000000000000e+02  -7.3194596431221697e+01
   8.2900000000000000e+02  -7.3398128370730106e+01
   8.3000000000000000e+02  -7.3700494038283296e+01
   8.3100000000000000e+02  -7.4085086145500796e+01
   8.3200000000000000e+02  -7.4255158165638605e+01
   8.3300000000000000e+02  -7.4361119775623806e+01
   8.3400000000000000e+02  -7.4559708853152898e+01
   8.3500000000000000e+02  -7.4870850815768904e+01
   8.3600000000000000e+02  -7.5064830349695995e+01
   8.3700000000000000e+02  -7.5168069093499099e+01
   8.3800000000000000e+02  -7.5257819768653306e+01
   8.3900000000000000e+02  -7.5439714051993207e+01
   8.4000000000000000e+02  -7.4707668626067999e+01
   8.4100000000000000e+02  -7.4640916890724995e+01
   8.4200000000000000e+02  -7.4841577284123105e+01
   8.4300000000000000e+02  -7.4681526096603505e+01
   8.4400000000000000e+02  -7.4397670570840106e+01
   8.4500000000000000e+02  -7.3920595966358107e+01
   8.4600000000000000e+02  -7.3773632680564305e+01
   8.4700000000000000e+02  -7.3582249678970996e+01
   8.4800000000000000e+02  -7.3043191794940199e+01
   8.4900000000000000e+02  -7.2950990354390598e+01
   8.5000000000000000e+02  -7.2831533117484994e+01
   8.5100000000000000e+02  -7.2804961389374796e+01
   8.5200000000000000e+02  -7.2467797199650505e+01
   8.5300000000000000e+02  -7.2399334953924196e+01
   8.5400000000000000e+02  -7.2491622078099795e+01
   8.5500000000000000e+02  -7.2063339992839403e+01
   8.5600000000000000e+02  -7.2037684692242294e+01
   8.5700000000000000e+02  -7.2555971396107097e+01
   8.5800000000000000e+02  -7.2690522631361105e+01
   8.5900000000000000e+02  -7.2193530799322602e+01
   8.6000000000000000e+02  -7.2653425871324998e+01
   8.6100000000000000e+02  -7.2641529805132294e+01
   8.6200000000000000e+02  -7.2399152235572899e+01
   8.6300000000000000e+02  -7.2154168058375404e+01
   8.6400000000000000e+02  -7.1981791041437205e+01
   8.6500000000000000e+02  -7.2394822931218698e+01
   8.6600000000000000e+02  -7.2198900188131702e+01
   8.6700000000000000e+02  -7.2222450602140796e+01
   8.6800000000000000e+02  -7.2008085165164402e+01
   8.6900000000000000e+02  -7.2244287116683495e+01
   8.7000000000000000e+02  -7.1716481328575895e+01
   8.7100000000000000e+02  -7.1501225775689093e+01
   8.7200000000000000e+02  -7.1585525338997897e+01
   8.7300000000000000e+02  -7.1555077733405895e+01
   8.7400000000000000e+02  -7.2141300001597301e+01
   8.7500000000000000e+02  -7.1784359089451101e+01
   8.7600000000000000e+02  -7.1922421257581703e+01
   8.7700000000000000e+02  -7.2202841474591594e+01
   8.7800000000000000e+02  -7.1904998698488100e+01
   8.7900000000000000e+02  -7.1624617345413697e+01
   8.8000000000000000e+02  -7.1844468797132393e+01
   8.8100000000000000e+02  -7.1278104619855100e+01
   8.8200000000000000e+02  -7.1161788026150802e+01
   8.8300000000000000e+02  -7.1124688344241804e+01
   8.8400000000000000e+02  -7.1420641457103201e+01
   8.8500000000000000e+02  -7.1405922302601894e+01
   8.8600000000000000e+02  -7.0970112124774005e+01
   8.8700000000000000e+02  -7.0492887086996703e+01
   8.8800000000000000e+02  -7.0973990353464202e+01
   8.8900000000000000e+02  -7.0585287745054600e+01
   8.9000000000000000e+02  -7.0520304477996703e+01
   8.9100000000000000e+02  -7.0728020884587806e+01
   8.9200000000000000e+02  -7.0447666042291402e+01
   8.9300000000000000e+02  -7.0235873060705600e+01
   8.9400000000000000e+02  -7.0205385500029905e+01
   8.9500000000000000e+02  -6.9897119670865493e+01
   8.9600000000000000e+02  -7.0245412616502904e+01
   8.9700000000000000e+02  -7.0067340127849405e+01
   8.9800000000000000e+02  -6.9643323467263002e+01
   8.9900000000000000e+02  -6.9559537158137402e+01
   9.0000000000000000e+02  -6.9793000368744302e+01
   9.0100000000000000e+02  -7.0114319327646399e+01
   9.0200000000000000e+02  -7.0290276321259000e+01
   9.0300000000000000e+02  -7.0396618876996200e+01
   9.0400000000000000e+02  -7.0112884569284603e+01
   9.0500000000000000e+02  -7.0314313973883799e+01
   9.0600000000000000e+02  -6.9995887359450705e+01
   9.0700000000000000e+02  -6.9948005936596005e+01
   9.0800000000000000e+02  -7.0097379593192002e+01
   9.0900000000000000e+02  -6.9916209870682493e+01
   9.1000000000000000e+02  -6.9743774428204205e+01
   9.1100000000000000e+02  -6.9999052613958895e+01
   9.1200000000000000e+02  -7.0088223170842497e+01
   9.1300000000000000e+02  -7.0053211834142203e+01
   9.1400000000000000e+02  -6.9961742905907002e+01
   9.1500000000000000e+02  -6.9787527765232198e+01
   9.1600000000000000e+02  -6.9502526055757897e+01
   9.1700000000000000e+02  -6.8864298436056302e+01
   9.1800000000000000e+02  -6.8585570742020494e+01
   9.1900000000000000e+02  -6.8517024481695202e+01
   9.2000000000000000e+02  -6.8095809664698095e+01
   9.2100000000000000e+02  -6.8795996720211505e+01
   9.2200000000000000e+02  -6.8920316029163502e+01
   9.2300000000000000e+02  -6.8985682999328304e+01
   9.2400000000000000e+02  -6.8872486728578707e+01
   9.2500000000000000e+02  -6.9206513177403394e+01
   9.2600000000000000e+02  -6.8925272459525800e+01
   9.2700000000000000e+02  -6.9125336223125899e+01
   9.2800000000000000e+02  -6.9389655577511107e+01
   9.2900000000000000e+02  -6.9690752117325104e+01
   9.3000000000000000e+02  -6.9769180194187797e+01
   9.3100000000000000e+02  -6.9786442953093697e+01
   9.3200000000000000e+02  -6.9747692160657394e+01
   9.3300000000000000e+02  -6.9990208328522499e+01
   9.3400000000000000e+02  -7.0228510881387606e+01
   9.3500000000000000e+02  -6.9984820930241199e+01
   9.3600000000000000e+02  -7.0212589993252095e+01
   9.3700000000000000e+02  -7.0749086755770094e+01
   9.3800000000000000e+02  -7.0147897827387794e+01
   9.3900000000000000e+02  -6.9006779291604005e+01
   9.4000000000000000e+02  -6.8706283541572006e+01
   9.4100000000000000e+02  -6.9319368480311894e+01
   9.4200000000000000e+02  -6.9652831652836497e+01
   9.4300000000000000e+02  -6.9459479184830798e+01
   9.4400000000000000e+02  -6.9895859445448295e+01
   9.4500000000000000e+02  -6.9801720306380105e+01
   9.4600000000000000e+02  -6.9736987547432705e+01
   9.4700000000000000e+02  -6.9862097367307399e+01
   9.4800000000000000e+02  -7.0432009002062699e+01
   9.4900000000000000e+02  -7.0371523647817895e+01
   9.5000000000000000e+02  -7.0095130174787897e+01
   9.5100000000000000e+02  -7.0172216030973701e+01
   9.5200000000000000e+02  -7.0582551993848000e+01
   9.5300000000000000e+02  -7.0694843270085101e+01
   9.5400000000000000e+02  -7.0789241807763602e+01
   9.5500000000000000e+02  -7.0527180874154297e+01
   9.5600000000000000e+02  -7.0771404448101407e+01
   9.5700000000000000e+02  -7.0796358250681095e+01
   9.5800000000000000e+02  -7.0844757180885196e+01
   9.5900000000000000e+02  -7.0450318012140897e+01
   9.6000000000000000e+02  -7.0704353916591799e+01
   9.6100000000000000e+02  -7.0494900113492093e+01
   9.6200000000000000e+02  -7.0437741196497498e+01
   9.6300000000000000e+02  -7.0409263075616707e+01
   9.6400000000000000e+02  -7.0295870992417903e+01
   9.6500000000000000e+02  -7.0482052352633403e+01
   9.6600000000000000e+02  -7.0606690895706507e+01
   9.6700000000000000e+02  -7.0557681219242795e+01
   9.6800000000000000e+02  -7.0216767385877304e+01
   9.6900000000000000e+02  -6.9792527166325002e+01
   9.7000000000000000e+02  -6.9412007867091802e+01
   9.7100000000000000e+02  -6.9523399631484594e+01
   9.7200000000000000e+02  -6.9858138776943093e+01
   9.7300000000000000e+02  -6.9775690334490207e+01
   9.7400000000000000e+02  -7.0133895384587703e+01
   9.7500000000000000e+02  -7.0214149376272601e+01
   9.7600000000000000e+02  -6.9976316081911094e+01
   9.7700000000000000e+02  -7.0199952411374298e+01
   9.7800000000000000e+02  -7.0314044507195405e+01
   9.7900000000000000e+02  -7.0426037946375303e+01
   9.8000000000000000e+02  -7.0359493921281100e+01
   9.8100000000000000e+02  -6.9915631018616395e+01
   9.8200000000000000e+02  -7.0155088863916902e+01
   9.8300000000000000e+02  -7.0372269051719300e+01
   9.8400000000000000e+02  -6.9898194122078394e+01
   9.8500000000000000e+02  -6.9116098165892595e+01
   9.8600000000000000e+02  -6.9091437506443498e+01
   9.8700000000000000e+02  -6.9624614057002105e+01
   9.8800000000000000e+02  -6.9119487184256300e+01
   9.8900000000000000e+02  -6.8901623066520699e+01
   9.9000000000000000e+02  -6.8710304740548807e+01
   9.9100000000000000e+02  -6.8633528201676498e+01
   9.9200000000000000e+02  -6.8744771010950402e+01
   9.9300000000000000e+02  -6.8648820009533594e+01
   9.9400000000000000e+02  -6.8594430522064997e+01
   9.9500000000000000e+02  -6.8879111077263204e+01
   9.9600000000000000e+02  -6.9231618897996398e+01
   9.9700000000000000e+02  -6.9356615864254593e+01
   9.9800000000000000e+02  -6.9512531356150006e+01
   9.9900000000000000e+02  -6.9665713487086506e+01
   1.0000000000000000e+03  -6.9517167862435400e+01
   1.0010000000000000e+03  -6.9090992966988694e+01
   1.0020000000000000e+03  -6.9222965410130300e+01
   1.0030000000000000e+03  -6.9791388151017898e+01
   1.0040000000000000e+03  -6.9933726269512505e+01
   1.0050000000000000e+03  -6.9717919204637894e+01
   1.0060000000000000e+03  -6.9815678458584799e+01
   1.0070000000000000e+03  -6.9537906025116399e+01
   1.0080000000000000e+03  -6.9234108834723102e+01
   1.0090000000000000e+03  -6.9048203607804894e+01
   1.0100000000000000e+03  -6.9064163182757497e+01
   1.0110000000000000e+03  -6.9085055668759793e+01
   1.0120000000000000e+03  -6.9055543110049101e+01
   1.0130000000000000e+03  -6.9108606151389907e+01
   1.0140000000000000e+03  -6.9289271005708201e+01
   1.0150000000000000e+03  -6.9460318218681195e+01
   1.0160000000000000e+03  -6.9551619690293293e+01
   1.0170000000000000e+03  -6.9631335235366905e+01
   1.0180000000000000e+03  -6.9574058665037001e+01
   1.0190000000000000e+03  -6.9810278913698895e+01
   1.0200000000000000e+03  -6.9645391967017900e+01
   1.0210000000000000e+03  -7.0069614984649803e+01
   1.0220000000000000e+03  -7.0089659445607694e+01
   1.0230000000000000e+03  -6.9834712004924995e+01
   1.0240000000000000e+03  -6.9460882093636798e+01
   1.0250000000000000e+03  -6.9835717009947402e+01
   1.0260000000000000e+03  -7.0258730080266801e+01
   1.0270000000000000e+03  -7.0067892871226107e+01
   1.0280000000000000e+03  -7.0328623834037501e+01
   1.0290000000000000e+03  -7.1233266359889200e+01
   1.0300000000000000e+03  -7.1059224414773198e+01
   1.0310000000000000e+03  -7.0650105912782195e+01
   1.0320000000000000e+03  -7.0047402430260703e+01
   1.0330000000000000e+03  -6.9760378586084499e+01
   1.0340000000000000e+03  -6.9470529401417394e+01
   1.0350000000000000e+03  -6.9707611909964598e+01
   1.0360000000000000e+03  -6.9396050649689798e+01
   1.0370000000000000e+03  -6.9112280088076304e+01
   1.0380000000000000e+03  -6.8838058514178996e+01
   1.0390000000000000e+03  -6.8217792072669297e+01
   1.0400000000000000e+03  -6.8571882731356197e+01
   1.0410000000000000e+03  -6.8567033971189403e+01
   1.0420000000000000e+03  -6.8217983169380204e+01
   1.0430000000000000e+03  -6.8279138769338203e+01
   1.0440000000000000e+03  -6.8179947943626999e+01
   1.0450000000000000e+03  -6.8385706111980895e+01
   1.0460000000000000e+03  -6.8165986095745396e+01
   1.0470000000000000e+03  -6.8441499109111305e+01
   1.0480000000000000e+03  -6.8354811677078004e+01
   1.0490000000000000e+03  -6.8294228079351996e+01
   1.0500000000000000e+03  -6.8348639923022901e+01
   1.0510000000000000e+03  -6.8162020086691598e+01
   1.0520000000000000e+03  -6.7923765189156697e+01
   1.0530000000000000e+03  -6.7539472646136602e+01
   1.0540000000000000e+03  -6.7207874365964699e+01
   1.0550000000000000e+03  -6.6801097812776405e+01
   1.0560000000000000e+03  -6.6715643525324097e+01
   1.0570000000000000e+03  -6.7036089593465306e+01
   1.0580000000000000e+03  -6.7029171521386203e+01
   1.0590000000000000e+03  -6.7252502308436704e+01
   1.0600000000000000e+03  -6.6967553041774195e+01
   1.0610000000000000e+03  -6.6804795834384095e+01
   1.0620000000000000e+03  -6.6692805292167193e+01
   1.0630000000000000e+03  -6.6549664564025406e+01
   1.0640000000000000e+03  -6.6746551273660103e+01
   1.0650000000000000e+03  -6.6439648196602207e+01
   1.0660000000000000e+03  -6.5974754693068704e+01
   1.0670000000000000e+03  -6.6048083052638006e+01
   1.0680000000000000e+03  -6.5923186190084095e+01
   1.0690000000000000e+03  -6.5418472015808604e+01
   1.0700000000000000e+03  -6.5145879682728193e+01
   1.0710000000000000e+03  -6.4532881432745299e+01
   1.0720000000000000e+03  -6.3986911788504003e+01
   1.0730000000000000e+03  -6.3029021100856198e+01
   1.0740000000000000e+03  -6.2032522861478697e+01
   1.0750000000000000e+03  -6.1411574015603897e+01
   1.0760000000000000e+03  -6.0400349402743103e+01
   1.0770000000000000e+03  -5.9209763187445503e+01
   1.0780000000000000e+03  -5.7034215375459297e+01
   1.0790000000000000e+03  -5.2901097669706800e+01
   1.0800000000000000e+03  -4.1370326353829398e+01
   1.0810000000000000e+03  -1.3124124481182800e+01
