  -1.0000000000000000e+02  -7.2252725102233796e+01
  -9.9000000000000000e+01  -7.2354854254223895e+01
  -9.8000000000000000e+01  -7.1765069408289705e+01
  -9.7000000000000000e+01  -7.1339947221496303e+01
  -9.6000000000000000e+01  -7.1367908809761403e+01
  -9.5000000000000000e+01  -7.1249562797754905e+01
  -9.4000000000000000e+01  -7.1042430092039098e+01
  -9.3000000000000000e+01  -7.0729410800875200e+01
  -9.2000000000000000e+01  -7.0765802901559496e+01
  -9.1000000000000000e+01  -7.0823855059296605e+01
  -9.0000000000000000e+01  -7.0790607897849796e+01
  -8.9000000000000000e+01  -7.1155784522629006e+01
  -8.8000000000000000e+01  -7.1232624507018599e+01
  -8.7000000000000000e+01  -7.1157685002948000e+01
  -8.6000000000000000e+01  -7.1131338354704795e+01
  -8.5000000000000000e+01  -7.1430265110310899e+01
  -8.4000000000000000e+01  -7.1138945854947096e+01
  -8.3000000000000000e+01  -7.1191306040062798e+01
  -8.2000000000000000e+01  -7.0900957843626202e+01
  -8.1000000000000000e+01  -7.0509988715813904e+01
  -8.0000000000000000e+01  -7.0406071264978706e+01
  -7.9000000000000000e+01  -7.0068526294471795e+01
  -7.8000000000000000e+01  -7.0032206784326206e+01
  -7.7000000000000000e+01  -7.0119018890382804e+01
  -7.6000000000000000e+01  -7.0122005058561896e+01
  -7.5000000000000000e+01  -6.9732518583551496e+01
  -7.4000000000000000e+01  -6.9850716433305607e+01
  -7.3000000000000000e+01  -7.0054445994115198e+01
  -7.2000000000000000e+01  -6.9901913113252306e+01
  -7.1000000000000000e+01  -7.0153511902326997e+01
  -7.0000000000000000e+01  -7.0266416641868403e+01
  -6.9000000000000000e+01  -6.9825057751104595e+01
  -6.8000000000000000e+01  -6.9828460711116307e+01
  -6.7000000000000000e+01  -6.9562559289168107e+01
  -6.6000000000000000e+01  -7.0075544378658293e+01
  -6.5000000000000000e+01  -6.9747273320158499e+01
  -6.4000000000000000e+01  -6.9715961073616299e+01
  -6.3000000000000000e+01  -6.9533893829694804e+01
  -6.2000000000000000e+01  -6.9623919581041505e+01
  -6.1000000000000000e+01  -6.9995818033165193e+01
  -6.0000000000000000e+01  -6.9935631723632298e+01
  -5.9000000000000000e+01  -6.9608638637496895e+01
  -5.8000000000000000e+01  -6.9910422671996002e+01
  -5.7000000000000000e+01  -6.9724715964916200e+01
  -5.6000000000000000e+01  -6.9764638674052904e+01
  -5.5000000000000000e+01  -6.9622464518418795e+01
  -5.4000000000000000e+01  -6.9705108812304402e+01
  -5.3000000000000000e+01  -6.9639717974936602e+01
  -5.2000000000000000e+01  -6.9949864673513005e+01
  -5.1000000000000000e+01  -7.0053084737587795e+01
  -5.0000000000000000e+01  -7.0510761995803605e+01
  -4.9000000000000000e+01  -7.0404026151994202e+01
  -4.8000000000000000e+01  -7.0459379429411499e+01
  -4.7000000000000000e+01  -7.0751346164308998e+01
  -4.6000000000000000e+01  -7.0720265167749702e+01
  -4.5000000000000000e+01  -7.0979485325025806e+01
  -4.4000000000000000e+01  -7.0639920384061796e+01
  -4.3000000000000000e+01  -7.0420293070918603e+01
  -4.2000000000000000e+01  -7.0376017829109202e+01
  -4.1000000000000000e+01  -7.0451893014381994e+01
  -4.0000000000000000e+01  -7.0421269955391494e+01
  -3.9000000000000000e+01  -7.0592023556912906e+01
  -3.8000000000000000e+01  -7.0205074978470094e+01
  -3.7000000000000000e+01  -6.9767213339405302e+01
  -3.6000000000000000e+01  -6.9285571146093403e+01
  -3.5000000000000000e+01  -6.9093552495267105e+01
  -3.4000000000000000e+01  -6.8735793174081294e+01
  -3.3000000000000000e+01  -6.8549896833917103e+01
  -3.2000000000000000e+01  -6.8582863182716395e+01
  -3.1000000000000000e+01  -6.8638747285829695e+01
  -3.0000000000000000e+01  -6.8943085335022502e+01
  -2.9000000000000000e+01  -6.8910168144559293e+01
  -2.8000000000000000e+01  -6.8096763834030995e+01
  -2.7000000000000000e+01  -6.7793679669643396e+01
  -2.6000000000000000e+01  -6.7808478855829506e+01
  -2.5000000000000000e+01  -6.8140337815798205e+01
  -2.4000000000000000e+01  -6.7731220073693905e+01
  -2.3000000000000000e+01  -6.7741853616071595e+01
  -2.2000000000000000e+01  -6.7627035239901403e+01
  -2.1000000000000000e+01  -6.7279094860144198e+01
  -2.0000000000000000e+01  -6.7133219783294706e+01
  -1.9000000000000000e+01  -6.6821952543969104e+01
  -1.8000000000000000e+01  -6.6986976220436503e+01
  -1.7000000000000000e+01  -6.6686261303166802e+01
  -1.6000000000000000e+01  -6.6663175962765195e+01
  -1.5000000000000000e+01  -6.6311658283049098e+01
  -1.4000000000000000e+01  -6.6430634552193098e+01
  -1.3000000000000000e+01  -6.6061064074153407e+01
  -1.2000000000000000e+01  -6.5296569112241599e+01
  -1.1000000000000000e+01  -6.4950362791232095e+01
  -1.0000000000000000e+01  -6.4289618850740496e+01
  -9.0000000000000000e+00  -6.3780244034509003e+01
  -8.0000000000000000e+00  -6.3113872317581801e+01
  -7.0000000000000000e+00  -6.2903606977893901e+01
  -6.0000000000000000e+00  -6.1459558247229097e+01
  -5.0000000000000000e+00  -6.0477574749550499e+01
  -4.0000000000000000e+00  -5.8444130736339197e+01
  -3.0000000000000000e+00  -5.5668447185681799e+01
  -2.0000000000000000e+00  -4.9986833738592402e+01
  -1.0000000000000000e+00  -3.1154441585533402e+01
   0.0000000000000000e+00  -6.7651396260087804e+00
   1.0000000000000000e+00   8.6047916658289694e+00
   2.0000000000000000e+00   1.6936198687821200e+01
   3.0000000000000000e+00   2.2014032429735700e+01
   4.0000000000000000e+00   2.4650857563794599e+01
   5.0000000000000000e+00   2.6208704554773501e+01
   6.0000000000000000e+00   2.6489492821309700e+01
   7.0000000000000000e+00   2.6820272064963600e+01
   8.0000000000000000e+00   2.7125472692708499e+01
   9.0000000000000000e+00   2.7085404264005600e+01
   1.0000000000000000e+01   2.7357807202567400e+01
   1.1000000000000000e+01   2.7695735231743100e+01
   1.2000000000000000e+01   2.8111808263384201e+01
   1.3000000000000000e+01   2.8402287117241801e+01
   1.4000000000000000e+01   2.9431887186902699e+01
   1.5000000000000000e+01   2.9556252256914700e+01
   1.6000000000000000e+01   2.9895364739368699e+01
   1.7000000000000000e+01   2.9950734246289699e+01
   1.8000000000000000e+01   3.0325688505847200e+01
   1.9000000000000000e+01   3.0261750792649000e+01
   2.0000000000000000e+01   3.0083157906280601e+01
   2.1000000000000000e+01   3.0583937905551899e+01
   2.2000000000000000e+01   3.1414986432565701e+01
   2.3000000000000000e+01   3.1287531414458201e+01
   2.4000000000000000e+01   3.0872373575440299e+01
   2.5000000000000000e+01   3.0872483149487500e+01
   2.6000000000000000e+01   3.1115221945613499e+01
   2.7000000000000000e+01   3.1119181407814700e+01
   2.8000000000000000e+01   3.0669645105322601e+01
   2.9000000000000000e+01   3.0617295762864600e+01
   3.0000000000000000e+01   3.0585206217441399e+01
   3.1000000000000000e+01   3.1398002332819601e+01
   3.2000000000000000e+01   3.1351420562707400e+01
   3.3000000000000000e+01   3.0939598053079600e+01
   3.4000000000000000e+01   3.0948088665700801e+01
   3.5000000000000000e+01   3.0842373669861601e+01
   3.6000000000000000e+01   3.0710054563498900e+01
   3.7000000000000000e+01   3.0919174504238701e+01
   3.8000000000000000e+01   3.1285494589330899e+01
   3.9000000000000000e+01   3.1765207859529198e+01
   4.0000000000000000e+01   3.2139866476304803e+01
   4.1000000000000000e+01   3.2008537406650802e+01
   4.2000000000000000e+01   3.2120329682554498e+01
   4.3000000000000000e+01   3.2374080724881402e+01
   4.4000000000000000e+01   3.2502823469072098e+01
   4.5000000000000000e+01   3.2830405846022799e+01
   4.6000000000000000e+01   3.3162065383380003e+01
   4.7000000000000000e+01   3.3195506557956001e+01
   4.8000000000000000e+01   3.3512029097141102e+01
   4.9000000000000000e+01   3.3860195093542202e+01
   5.0000000000000000e+01   3.4318946929301099e+01
   5.1000000000000000e+01   3.4539249926129102e+01
   5.2000000000000000e+01   3.4580624597848796e+01
   5.3000000000000000e+01   3.4691217168645203e+01
   5.4000000000000000e+01   3.5245440874236998e+01
   5.5000000000000000e+01   3.5338240387972498e+01
   5.6000000000000000e+01   3.5798277358545903e+01
   5.7000000000000000e+01   3.5589282037133302e+01
   5.8000000000000000e+01   3.5705857310176199e+01
   5.9000000000000000e+01   3.5447714784080397e+01
   6.0000000000000000e+01   3.5464761245445203e+01
   6.1000000000000000e+01   3.5899343044169697e+01
   6.2000000000000000e+01   3.6395410612553498e+01
   6.3000000000000000e+01   3.6308229841457198e+01
   6.4000000000000000e+01   3.6616073082577103e+01
   6.5000000000000000e+01   3.6578508413404997e+01
   6.6000000000000000e+01   3.6705375054187797e+01
   6.7000000000000000e+01   3.6926839465952199e+01
   6.8000000000000000e+01   3.6580271003993900e+01
   6.9000000000000000e+01   3.6839694253237298e+01
   7.0000000000000000e+01   3.6554480817091800e+01
   7.1000000000000000e+01   3.5827049555010802e+01
   7.2000000000000000e+01   3.6215972627829899e+01
   7.3000000000000000e+01   3.6297068139679702e+01
   7.4000000000000000e+01   3.6026363234115401e+01
   7.5000000000000000e+01   3.5990130405095201e+01
   7.6000000000000000e+01   3.5827499302278298e+01
   7.7000000000000000e+01   3.6118553744167301e+01
   7.8000000000000000e+01   3.5849651855107801e+01
   7.9000000000000000e+01   3.6349792222122502e+01
   8.0000000000000000e+01   3.5986275332785098e+01
   8.1000000000000000e+01   3.5852550575013503e+01
   8.2000000000000000e+01   3.5833677999030101e+01
   8.3000000000000000e+01   3.5478125987957903e+01
   8.4000000000000000e+01   3.5406854546272100e+01
   8.5000000000000000e+01   3.5543766951121299e+01
   8.6000000000000000e+01   3.6166985995132897e+01
   8.7000000000000000e+01   3.6601391065607501e+01
   8.8000000000000000e+01   3.6399925787630302e+01
   8.9000000000000000e+01   3.5744332920271297e+01
   9.0000000000000000e+01   3.5841629145494700e+01
   9.1000000000000000e+01   3.5682230474510398e+01
   9.2000000000000000e+01   3.5639451036279802e+01
   9.3000000000000000e+01   3.5736424716524802e+01
   9.4000000000000000e+01   3.5877180938819698e+01
   9.5000000000000000e+01   3.5880413420521798e+01
   9.6000000000000000e+01   3.5849422810505700e+01
   9.7000000000000000e+01   3.5413863905025202e+01
   9.8000000000000000e+01   3.5076896070549999e+01
   9.9000000000000000e+01   3.4872910547461700e+01
   1.0000000000000000e+02   3.4880786097636303e+01
   1.0100000000000000e+02   3.4815259235932800e+01
   1.0200000000000000e+02   3.4573174503482797e+01
   1.0300000000000000e+02   3.4589731809179597e+01
   1.0400000000000000e+02   3.4339293295214198e+01
   1.0500000000000000e+02   3.4272919023928402e+01
   1.0600000000000000e+02   3.4607173465053798e+01
   1.0700000000000000e+02   3.5034807405519203e+01
   1.0800000000000000e+02   3.4927303172029198e+01
   1.0900000000000000e+02   3.4849787990108098e+01
   1.1000000000000000e+02   3.5286823953634503e+01
   1.1100000000000000e+02   3.5934376821665303e+01
   1.1200000000000000e+02   3.6137252652721301e+01
   1.1300000000000000e+02   3.5902730912190698e+01
   1.1400000000000000e+02   3.5687897150318300e+01
   1.1500000000000000e+02   3.5124268093013498e+01
   1.1600000000000000e+02   3.5139716725099603e+01
   1.1700000000000000e+02   3.5357889103363703e+01
   1.1800000000000000e+02   3.5130768870309602e+01
   1.1900000000000000e+02   3.4911654791004203e+01
   1.2000000000000000e+02   3.4556247758866803e+01
   1.2100000000000000e+02   3.4311888384532899e+01
   1.2200000000000000e+02   3.4445200339266997e+01
   1.2300000000000000e+02   3.3516325444753299e+01
   1.2400000000000000e+02   3.3055662402692697e+01
   1.2500000000000000e+02   3.2805628429612803e+01
   1.2600000000000000e+02   3.2787953650236702e+01
   1.2700000000000000e+02   3.2337532104698099e+01
   1.2800000000000000e+02   3.2412083367606698e+01
   1.2900000000000000e+02   3.2624100173397203e+01
   1.3000000000000000e+02   3.2774800918150099e+01
   1.3100000000000000e+02   3.2655592077577197e+01
   1.3200000000000000e+02   3.2931478884559802e+01
   1.3300000000000000e+02   3.2583926423375601e+01
   1.3400000000000000e+02   3.3019002499573197e+01
   1.3500000000000000e+02   3.2773484055446900e+01
   1.3600000000000000e+02   3.2597016445417097e+01
   1.3700000000000000e+02   3.2842626878653903e+01
   1.3800000000000000e+02   3.2973878058990600e+01
   1.3900000000000000e+02   3.2501445032887403e+01
   1.4000000000000000e+02   3.2030162920270399e+01
   1.4100000000000000e+02   3.2186573718953397e+01
   1.4200000000000000e+02   3.2273312146360503e+01
   1.4300000000000000e+02   3.1730336074160402e+01
   1.4400000000000000e+02   3.1925478804249298e+01
   1.4500000000000000e+02   3.1836850345486798e+01
   1.4600000000000000e+02   3.1715595480981602e+01
   1.4700000000000000e+02   3.1067272780211301e+01
   1.4800000000000000e+02   3.0902726944980401e+01
   1.4900000000000000e+02   3.0393556864535000e+01
   1.5000000000000000e+02   3.0681620950138399e+01
   1.5100000000000000e+02   3.0237148520930798e+01
   1.5200000000000000e+02   3.0072257002676601e+01
   1.5300000000000000e+02   3.0125883636646101e+01
   1.5400000000000000e+02   3.0366054956079701e+01
   1.5500000000000000e+02   3.0389983154913800e+01
   1.5600000000000000e+02   3.0074890579755198e+01
   1.5700000000000000e+02   3.0498427147051000e+01
   1.5800000000000000e+02   3.0414170974064000e+01
   1.5900000000000000e+02   2.9835943220316299e+01
   1.6000000000000000e+02   2.9873725591551501e+01
   1.6100000000000000e+02   2.9616028772874500e+01
   1.6200000000000000e+02   2.9594027753869199e+01
   1.6300000000000000e+02   2.9778509256835999e+01
   1.6400000000000000e+02   2.9806599518855201e+01
   1.6500000000000000e+02   2.9853046699544201e+01
   1.6600000000000000e+02   2.9889875261167798e+01
   1.6700000000000000e+02   2.9610545380806101e+01
   1.6800000000000000e+02   2.9780816847690001e+01
   1.6900000000000000e+02   2.9581253624306299e+01
   1.7000000000000000e+02   2.9573871710778299e+01
   1.7100000000000000e+02   2.9150905943874701e+01
   1.7200000000000000e+02   2.9241099967765098e+01
   1.7300000000000000e+02   2.9528787204284701e+01
   1.7400000000000000e+02   2.9018027785611800e+01
   1.7500000000000000e+02   2.8751497336092999e+01
   1.7600000000000000e+02   2.9051207272476699e+01
   1.7700000000000000e+02   2.9295876881300000e+01
   1.7800000000000000e+02   2.9050644762025801e+01
   1.7900000000000000e+02   2.8495851460348899e+01
   1.8000000000000000e+02   2.8464156095153498e+01
   1.8100000000000000e+02   2.8535053636680601e+01
   1.8200000000000000e+02   2.8066898112349300e+01
   1.8300000000000000e+02   2.8044553496251101e+01
   1.8400000000000000e+02   2.7685008032673402e+01
   1.8500000000000000e+02   2.7477189057663100e+01
   1.8600000000000000e+02   2.7240096171074899e+01
   1.8700000000000000e+02   2.7274473639875200e+01
   1.8800000000000000e+02   2.6934796137216800e+01
   1.8900000000000000e+02   2.7291838659831502e+01
   1.9000000000000000e+02   2.7224638862449901e+01
   1.9100000000000000e+02   2.7556572554287499e+01
   1.9200000000000000e+02   2.6970208360670700e+01
   1.9300000000000000e+02   2.6776772605486400e+01
   1.9400000000000000e+02   2.6832556118383501e+01
   1.9500000000000000e+02   2.6474338155976600e+01
   1.9600000000000000e+02   2.5673476747655101e+01
   1.9700000000000000e+02   2.5189969829797700e+01
   1.9800000000000000e+02   2.5213367344168500e+01
   1.9900000000000000e+02   2.5011860855957000e+01
   2.0000000000000000e+02   2.4466373528745400e+01
   2.0100000000000000e+02   2.4483817844919500e+01
   2.0200000000000000e+02   2.4668116496468301e+01
   2.0300000000000000e+02   2.4698820548835300e+01
   2.0400000000000000e+02   2.4455480835068101e+01
   2.0500000000000000e+02   2.4743136953831598e+01
   2.0600000000000000e+02   2.4984176728840900e+01
   2.0700000000000000e+02   2.4616307312838899e+01
   2.0800000000000000e+02   2.4559388055109199e+01
   2.0900000000000000e+02   2.4007032393975301e+01
   2.1000000000000000e+02   2.4389863775688902e+01
   2.1100000000000000e+02   2.4513372544176399e+01
   2.1200000000000000e+02   2.4541625699397301e+01
   2.1300000000000000e+02   2.4287105808109800e+01
   2.1400000000000000e+02   2.4584372604296000e+01
   2.1500000000000000e+02   2.4886131582195802e+01
   2.1600000000000000e+02   2.4624125564034600e+01
   2.1700000000000000e+02   2.4431635110010401e+01
   2.1800000000000000e+02   2.4069612281766499e+01
   2.1900000000000000e+02   2.4344244137415401e+01
   2.2000000000000000e+02   2.4577477020069200e+01
   2.2100000000000000e+02   2.4372723625244600e+01
   2.2200000000000000e+02   2.4769081614017701e+01
   2.2300000000000000e+02   2.4154438851133001e+01
   2.2400000000000000e+02   2.3851273608212001e+01
   2.2500000000000000e+02   2.3772905558553902e+01
   2.2600000000000000e+02   2.3212131835608702e+01
   2.2700000000000000e+02   2.2754949938259401e+01
   2.2800000000000000e+02   2.2513412594070498e+01
   2.2900000000000000e+02   2.2169913955971101e+01
   2.3000000000000000e+02   2.2162880604462998e+01
   2.3100000000000000e+02   2.1792215803823801e+01
   2.3200000000000000e+02   2.1427587925008702e+01
   2.3300000000000000e+02   2.1151361434295300e+01
   2.3400000000000000e+02   2.1656242439090398e+01
   2.3500000000000000e+02   2.1505928493224602e+01
   2.3600000000000000e+02   2.1578650512595999e+01
   2.3700000000000000e+02   2.1491804332691199e+01
   2.3800000000000000e+02   2.1272321882806899e+01
   2.3900000000000000e+02   2.1292613329611900e+01
   2.4000000000000000e+02   2.0918176689334601e+01
   2.4100000000000000e+02   2.1091742013522602e+01
   2.4200000000000000e+02   2.1189512092193599e+01
   2.4300000000000000e+02   2.1430595040582599e+01
   2.4400000000000000e+02   2.1021663873020501e+01
   2.4500000000000000e+02   2.0599142167714501e+01
   2.4600000000000000e+02   2.0426680069945800e+01
   2.4700000000000000e+02   2.0087146939192198e+01
   2.4800000000000000e+02   1.9759730542638302e+01
   2.4900000000000000e+02   1.9544920922630499e+01
   2.5000000000000000e+02   1.9368336794476001e+01
   2.5100000000000000e+02   1.9209057271179301e+01
   2.5200000000000000e+02   1.8505863525998301e+01
   2.5300000000000000e+02   1.8110863524225898e+01
   2.5400000000000000e+02   1.8081844411777499e+01
   2.5500000000000000e+02   1.7873029266921300e+01
   2.5600000000000000e+02   1.7956749439383199e+01
   2.5700000000000000e+02   1.8267526068184601e+01
   2.5800000000000000e+02   1.8130215030276499e+01
   2.5900000000000000e+02   1.8180710100809701e+01
   2.6000000000000000e+02   1.8523420656869600e+01
   2.6100000000000000e+02   1.8245435461312798e+01
   2.6200000000000000e+02   1.8228733665572999e+01
   2.6300000000000000e+02   1.7994056196474599e+01
   2.6400000000000000e+02   1.8230305633449600e+01
   2.6500000000000000e+02   1.8301767991416099e+01
   2.6600000000000000e+02   1.8162846996025099e+01
   2.6700000000000000e+02   1.7914362931629100e+01
   2.6800000000000000e+02   1.8018006781001901e+01
   2.6900000000000000e+02   1.7628394656500198e+01
   2.7000000000000000e+02   1.7396008111514199e+01
   2.7100000000000000e+02   1.6889426863378301e+01
   2.7200000000000000e+02   1.6929549826629401e+01
   2.7300000000000000e+02   1.6610678251540602e+01
   2.7400000000000000e+02   1.5830292846196500e+01
   2.7500000000000000e+02   1.5794614837133899e+01
   2.7600000000000000e+02   1.5666299075001900e+01
   2.7700000000000000e+02   1.6226296884725400e+01
   2.7800000000000000e+02   1.6536999030893298e+01
   2.7900000000000000e+02   1.6741236627539099e+01
   2.8000000000000000e+02   1.6318430071148398e+01
   2.8100000000000000e+02   1.6106591217080499e+01
   2.8200000000000000e+02   1.5540210451853801e+01
   2.8300000000000000e+02   1.5121008234509400e+01
   2.8400000000000000e+02   1.4832485407996000e+01
   2.8500000000000000e+02   1.4629093431650899e+01
   2.8600000000000000e+02   1.4355426875023600e+01
   2.8700000000000000e+02   1.3479899457711801e+01
   2.8800000000000000e+02   1.3140111949448400e+01
   2.8900000000000000e+02   1.2771803144380300e+01
   2.9000000000000000e+02   1.2921118981410499e+01
   2.9100000000000000e+02   1.2643919351571199e+01
   2.9200000000000000e+02   1.2667334926424401e+01
   2.9300000000000000e+02   1.2437067588715600e+01
   2.9400000000000000e+02   1.1809515159879300e+01
   2.9500000000000000e+02   1.1930463593700200e+01
   2.9600000000000000e+02   1.1891735276129699e+01
   2.9700000000000000e+02   1.1430211950122199e+01
   2.9800000000000000e+02   1.1486031135755500e+01
   2.9900000000000000e+02   1.1098632668197199e+01
   3.0000000000000000e+02   1.0854176775650300e+01
   3.0100000000000000e+02   1.0674766507555701e+01
   3.0200000000000000e+02   1.0740709443542601e+01
   3.0300000000000000e+02   1.0317186061034500e+01
   3.0400000000000000e+02   9.8820135379331600e+00
   3.0500000000000000e+02   9.3182147103839004e+00
   3.0600000000000000e+02   9.0790805890208297e+00
   3.0700000000000000e+02   8.7455751761898401e+00
   3.0800000000000000e+02   8.6782864764600607e+00
   3.0900000000000000e+02   8.5242350212820401e+00
   3.1000000000000000e+02   7.9108799677885404e+00
   3.1100000000000000e+02   8.0322508275849902e+00
   3.1200000000000000e+02   8.0346491665582107e+00
   3.1300000000000000e+02   8.2473752323873999e+00
   3.1400000000000000e+02   7.9256611808424502e+00
   3.1500000000000000e+02   7.4638709937741803e+00
   3.1600000000000000e+02   7.2696238442436902e+00
   3.1700000000000000e+02   6.6625582779257302e+00
   3.1800000000000000e+02   6.0103765457735001e+00
   3.1900000000000000e+02   5.7825923187898498e+00
   3.2000000000000000e+02   5.1770640968502200e+00
   3.2100000000000000e+02   5.6010746087088004e+00
   3.2200000000000000e+02   5.7748649672905898e+00
   3.2300000000000000e+02   5.6483495928010896e+00
   3.2400000000000000e+02   4.9503643363923402e+00
   3.2500000000000000e+02   4.7664717580013098e+00
   3.2600000000000000e+02   4.6566819645464204e+00
   3.2700000000000000e+02   4.5502948599537003e+00
   3.2800000000000000e+02   4.4728530153125696e+00
   3.2900000000000000e+02   4.1135573725525303e+00
   3.3000000000000000e+02   3.9934302140942299e+00
   3.3100000000000000e+02   3.1057100827437800e+00
   3.3200000000000000e+02   2.8214979004051499e+00
   3.3300000000000000e+02   2.6403930262766901e+00
   3.3400000000000000e+02   2.4296135981315801e+00
   3.3500000000000000e+02   2.8463154496129199e+00
   3.3600000000000000e+02   2.4718751797448801e+00
   3.3700000000000000e+02   1.7354840778940499e+00
   3.3800000000000000e+02   1.5293416606903401e+00
   3.3900000000000000e+02   1.5431031950425600e+00
   3.4000000000000000e+02   1.2237461901283400e+00
   3.4100000000000000e+02   1.1499927828711900e+00
   3.4200000000000000e+02   8.4439823795490998e-01
   3.4300000000000000e+02   2.7663419412513801e-01
   3.4400000000000000e+02   2.3662936646947599e-01
   3.4500000000000000e+02  -2.7348372789939301e-01
   3.4600000000000000e+02  -6.4821818586770896e-01
   3.4700000000000000e+02  -8.2504350694311701e-01
   3.4800000000000000e+02  -1.4984708070725301e+00
   3.4900000000000000e+02  -2.1809652601673801e+00
   3.5000000000000000e+02  -2.4156445496653500e+00
   3.5100000000000000e+02  -2.6060576028862998e+00
   3.5200000000000000e+02  -3.2097147068626000e+00
   3.5300000000000000e+02  -3.2872834256047399e+00
   3.5400000000000000e+02  -3.5004920472485601e+00
   3.5500000000000000e+02  -3.9605655568153701e+00
   3.5600000000000000e+02  -4.1810832114071701e+00
   3.5700000000000000e+02  -4.6533939968366900e+00
   3.5800000000000000e+02  -4.4195182820321604e+00
   3.5900000000000000e+02  -4.7212019047970903e+00
   3.6000000000000000e+02  -5.1147000649017302e+00
   3.6100000000000000e+02  -5.5086819942635898e+00
   3.6200000000000000e+02  -5.6677184397443598e+00
   3.6300000000000000e+02  -6.1035367237515201e+00
   3.6400000000000000e+02  -6.5204808563462802e+00
   3.6500000000000000e+02  -7.2548528589627601e+00
   3.6600000000000000e+02  -7.2934211610526098e+00
   3.6700000000000000e+02  -7.8764736269012801e+00
   3.6800000000000000e+02  -8.1449860522910509e+00
   3.6900000000000000e+02  -8.4964359054556908e+00
   3.7000000000000000e+02  -8.6776566727637103e+00
   3.7100000000000000e+02  -9.5454695290862706e+00
   3.7200000000000000e+02  -9.9423574520665294e+00
   3.7300000000000000e+02  -1.0581754305940001e+01
   3.7400000000000000e+02  -1.0426309379932700e+01
   3.7500000000000000e+02  -1.0911187635275001e+01
   3.7600000000000000e+02  -1.1680151353857100e+01
   3.7700000000000000e+02  -1.1781384170493100e+01
   3.7800000000000000e+02  -1.2591266054028800e+01
   3.7900000000000000e+02  -1.2744544938089000e+01
   3.8000000000000000e+02  -1.3236126247493500e+01
   3.8100000000000000e+02  -1.3786507008880600e+01
   3.8200000000000000e+02  -1.4065966154581300e+01
   3.8300000000000000e+02  -1.4386234740911300e+01
   3.8400000000000000e+02  -1.5117651609499200e+01
   3.8500000000000000e+02  -1.5394016483952701e+01
   3.8600000000000000e+02  -1.5696236247083201e+01
   3.8700000000000000e+02  -1.5821877746037000e+01
   3.8800000000000000e+02  -1.6455911080134499e+01
   3.8900000000000000e+02  -1.6647595101652701e+01
   3.9000000000000000e+02  -1.7358087267947099e+01
   3.9100000000000000e+02  -1.7668991524164198e+01
   3.9200000000000000e+02  -1.8221679359283598e+01
   3.9300000000000000e+02  -1.8322063713780100e+01
   3.9400000000000000e+02  -1.8788145078363701e+01
   3.9500000000000000e+02  -1.9717008372498899e+01
   3.9600000000000000e+02  -1.9759301026573400e+01
   3.9700000000000000e+02  -2.0043732148781299e+01
   3.9800000000000000e+02  -2.0776384549972899e+01
   3.9900000000000000e+02  -2.1148867767340601e+01
   4.0000000000000000e+02  -2.1232957473946701e+01
   4.0100000000000000e+02  -2.1968607827974800e+01
   4.0200000000000000e+02  -2.2676913322045699e+01
   4.0300000000000000e+02  -2.2986432368152599e+01
   4.0400000000000000e+02  -2.3439259310881500e+01
   4.0500000000000000e+02  -2.3579547927219000e+01
   4.0600000000000000e+02  -2.4129481168803000e+01
   4.0700000000000000e+02  -2.4590827351769601e+01
   4.0800000000000000e+02  -2.5113804350914599e+01
   4.0900000000000000e+02  -2.6122171580060598e+01
   4.1000000000000000e+02  -2.6384504194544999e+01
   4.1100000000000000e+02  -2.7174976394474001e+01
   4.1200000000000000e+02  -2.7652492178903199e+01
   4.1300000000000000e+02  -2.8136231978032100e+01
   4.1400000000000000e+02  -2.8693833834405702e+01
   4.1500000000000000e+02  -2.8948989047229801e+01
   4.1600000000000000e+02  -2.9609332235278998e+01
   4.1700000000000000e+02  -2.9762466067771001e+01
   4.1800000000000000e+02  -3.0068683495168202e+01
   4.1900000000000000e+02  -3.0047251117138799e+01
   4.2000000000000000e+02  -3.0794123211325701e+01
   4.2100000000000000e+02  -3.1816995867694398e+01
   4.2200000000000000e+02  -3.2346752901455197e+01
   4.2300000000000000e+02  -3.3211031233721201e+01
   4.2400000000000000e+02  -3.3406804999897503e+01
   4.2500000000000000e+02  -3.4018176736093402e+01
   4.2600000000000000e+02  -3.4654362246251203e+01
   4.2700000000000000e+02  -3.5474595826911703e+01
   4.2800000000000000e+02  -3.5591651582641902e+01
   4.2900000000000000e+02  -3.6087784577144397e+01
   4.3000000000000000e+02  -3.6433289441514198e+01
   4.3100000000000000e+02  -3.7255712698174598e+01
   4.3200000000000000e+02  -3.7563074460397999e+01
   4.3300000000000000e+02  -3.8680020932663403e+01
   4.3400000000000000e+02  -3.9595307028243298e+01
   4.3500000000000000e+02  -4.0099981261563599e+01
   4.3600000000000000e+02  -4.1169086017436001e+01
   4.3700000000000000e+02  -4.1788050203060301e+01
   4.3800000000000000e+02  -4.2841815304167397e+01
   4.3900000000000000e+02  -4.3250239672873100e+01
   4.4000000000000000e+02  -4.3498172847415603e+01
   4.4100000000000000e+02  -4.4277571727180501e+01
   4.4200000000000000e+02  -4.5040756670471197e+01
   4.4300000000000000e+02  -4.5772266597942703e+01
   4.4400000000000000e+02  -4.6052497336075099e+01
   4.4500000000000000e+02  -4.6538257787742801e+01
   4.4600000000000000e+02  -4.7680078368023104e+01
   4.4700000000000000e+02  -4.8292863046999798e+01
   4.4800000000000000e+02  -4.8862839177330997e+01
   4.4900000000000000e+02  -4.9407613210591599e+01
   4.5000000000000000e+02  -5.0553240967893203e+01
   4.5100000000000000e+02  -5.0918237300978902e+01
   4.5200000000000000e+02  -5.0858973994039800e+01
   4.5300000000000000e+02  -5.1191632796700297e+01
   4.5400000000000000e+02  -5.1496959633065799e+01
   4.5500000000000000e+02  -5.2095778552502502e+01
   4.5600000000000000e+02  -5.2304779956551101e+01
   4.5700000000000000e+02  -5.3042487734839199e+01
   4.5800000000000000e+02  -5.3289058803987302e+01
   4.5900000000000000e+02  -5.3640897700354898e+01
   4.6000000000000000e+02  -5.4357153432393197e+01
   4.6100000000000000e+02  -5.4663130054486402e+01
   4.6200000000000000e+02  -5.5463060128106697e+01
   4.6300000000000000e+02  -5.5895134283213700e+01
   4.6400000000000000e+02  -5.6833919699276102e+01
   4.6500000000000000e+02  -5.7990638620041501e+01
   4.6600000000000000e+02  -5.8780963925084698e+01
   4.6700000000000000e+02  -5.8652315330054698e+01
   4.6800000000000000e+02  -5.9229224858516403e+01
   4.6900000000000000e+02  -5.9279239223203597e+01
   4.7000000000000000e+02  -5.9549983813342102e+01
   4.7100000000000000e+02  -6.0484234935940300e+01
   4.7200000000000000e+02  -6.0830960161084697e+01
   4.7300000000000000e+02  -6.1644046594661802e+01
   4.7400000000000000e+02  -6.2348980834290998e+01
   4.7500000000000000e+02  -6.3200048767231500e+01
   4.7600000000000000e+02  -6.3498763881303297e+01
   4.7700000000000000e+02  -6.4000062448686506e+01
   4.7800000000000000e+02  -6.4213746467940396e+01
   4.7900000000000000e+02  -6.4695648294838506e+01
   4.8000000000000000e+02  -6.4749062495085894e+01
   4.8100000000000000e+02  -6.4572596748366706e+01
   4.8200000000000000e+02  -6.5526515266207298e+01
   4.8300000000000000e+02  -6.5981363494890402e+01
   4.8400000000000000e+02  -6.6898650742890197e+01
   4.8500000000000000e+02  -6.7362704577121207e+01
   4.8600000000000000e+02  -6.7930265475351504e+01
   4.8700000000000000e+02  -6.8457711040644895e+01
   4.8800000000000000e+02  -6.9021177077589698e+01
   4.8900000000000000e+02  -6.9346553871852706e+01
   4.9000000000000000e+02  -6.9728310836158002e+01
   4.9100000000000000e+02  -7.0226368173822806e+01
   4.9200000000000000e+02  -6.9811183594556397e+01
   4.9300000000000000e+02  -7.0209781571229499e+01
   4.9400000000000000e+02  -7.0806473154819102e+01
   4.9500000000000000e+02  -7.1141832767460798e+01
   4.9600000000000000e+02  -7.1224819856790305e+01
   4.9700000000000000e+02  -7.1305548379187897e+01
   4.9800000000000000e+02  -7.1437581373101594e+01
   4.9900000000000000e+02  -7.1564719674948904e+01
   5.0000000000000000e+02  -7.2134475905271700e+01
   5.0100000000000000e+02  -7.2446103382033399e+01
   5.0200000000000000e+02  -7.2238798424513604e+01
   5.0300000000000000e+02  -7.2796446617164406e+01
   5.0400000000000000e+02  -7.3233162899794095e+01
   5.0500000000000000e+02  -7.3437138822662206e+01
   5.0600000000000000e+02  -7.3615727658387001e+01
   5.0700000000000000e+02  -7.3365677324393005e+01
   5.0800000000000000e+02  -7.3392866185806895e+01
   5.0900000000000000e+02  -7.3192298224195497e+01
   5.1000000000000000e+02  -7.3646432075747001e+01
   5.1100000000000000e+02  -7.3685413424623107e+01
   5.1200000000000000e+02  -7.3869848702732398e+01
   5.1300000000000000e+02  -7.4211613702161799e+01
   5.1400000000000000e+02  -7.4013795699378093e+01
   5.1500000000000000e+02  -7.4258615700967894e+01
   5.1600000000000000e+02  -7.4518372571267605e+01
   5.1700000000000000e+02  -7.5126314686084996e+01
   5.1800000000000000e+02  -7.5365519426890003e+01
   5.1900000000000000e+02  -7.5933631341573701e+01
   5.2000000000000000e+02  -7.6052298362443295e+01
   5.2100000000000000e+02  -7.6154370747392903e+01
   5.2200000000000000e+02  -7.6096542916823907e+01
   5.2300000000000000e+02  -7.5731591865751298e+01
   5.2400000000000000e+02  -7.5770996929179404e+01
   5.2500000000000000e+02  -7.5923450185175199e+01
   5.2600000000000000e+02  -7.5980915921360406e+01
   5.2700000000000000e+02  -7.5516641080762795e+01
   5.2800000000000000e+02  -7.5522775914756096e+01
   5.2900000000000000e+02  -7.5553034945953499e+01
   5.3000000000000000e+02  -7.5889071290752796e+01
   5.3100000000000000e+02  -7.5747919731620598e+01
   5.3200000000000000e+02  -7.5946598388647899e+01
   5.3300000000000000e+02  -7.5757955228298101e+01
   5.3400000000000000e+02  -7.6001906822666598e+01
   5.3500000000000000e+02  -7.5861536865007693e+01
   5.3600000000000000e+02  -7.6176179694813101e+01
   5.3700000000000000e+02  -7.5845535381937196e+01
   5.3800000000000000e+02  -7.5973657046058193e+01
   5.3900000000000000e+02  -7.5708181815732004e+01
   5.4000000000000000e+02  -7.5865436583173903e+01
   5.4100000000000000e+02  -7.6166570651551794e+01
   5.4200000000000000e+02  -7.6385970729210896e+01
   5.4300000000000000e+02  -7.6445911608930601e+01
   5.4400000000000000e+02  -7.6981258446695705e+01
   5.4500000000000000e+02  -7.6464912656704001e+01
   5.4600000000000000e+02  -7.6779060390252099e+01
   5.4700000000000000e+02  -7.6821456961645097e+01
   5.4800000000000000e+02  -7.7256440823180597e+01
   5.4900000000000000e+02  -7.7694584820142794e+01
   5.5000000000000000e+02  -7.7142032103443498e+01
   5.5100000000000000e+02  -7.7374637344722004e+01
   5.5200000000000000e+02  -7.8144359157607596e+01
   5.5300000000000000e+02  -7.7586123717957307e+01
   5.5400000000000000e+02  -7.7281106920896093e+01
   5.5500000000000000e+02  -7.7255484239878598e+01
   5.5600000000000000e+02  -7.8022308996846107e+01
   5.5700000000000000e+02  -7.8040993172488498e+01
   5.5800000000000000e+02  -7.8315874492875096e+01
   5.5900000000000000e+02  -7.8398444342430906e+01
   5.6000000000000000e+02  -7.8225314654050607e+01
   5.6100000000000000e+02  -7.8195899881214004e+01
   5.6200000000000000e+02  -7.8272691613030801e+01
   5.6300000000000000e+02  -7.7543493872713597e+01
   5.6400000000000000e+02  -7.6967925625489201e+01
   5.6500000000000000e+02  -7.6972877307955201e+01
   5.6600000000000000e+02  -7.6819395885023596e+01
   5.6700000000000000e+02  -7.7093872206134904e+01
   5.6800000000000000e+02  -7.6776024431590599e+01
   5.6900000000000000e+02  -7.6765419680889195e+01
   5.7000000000000000e+02  -7.6467583443179706e+01
   5.7100000000000000e+02  -7.6748139123012606e+01
   5.7200000000000000e+02  -7.6645968941483801e+01
   5.7300000000000000e+02  -7.6922501154353995e+01
   5.7400000000000000e+02  -7.6742045494265895e+01
   5.7500000000000000e+02  -7.6669617945236993e+01
   5.7600000000000000e+02  -7.6320479019440398e+01
   5.7700000000000000e+02  -7.6296112627295301e+01
   5.7800000000000000e+02  -7.6135138152780300e+01
   5.7900000000000000e+02  -7.5989501706759796e+01
   5.8000000000000000e+02  -7.6179951041943994e+01
   5.8100000000000000e+02  -7.6102633327561307e+01
   5.8200000000000000e+02  -7.5799958207227704e+01
   5.8300000000000000e+02  -7.5324463561242894e+01
   5.8400000000000000e+02  -7.5405334458948801e+01
   5.8500000000000000e+02  -7.5887120777330793e+01
   5.8600000000000000e+02  -7.6376149279249105e+01
   5.8700000000000000e+02  -7.6500279040505205e+01
   5.8800000000000000e+02  -7.6233149764127205e+01
   5.8900000000000000e+02  -7.6127231297178000e+01
   5.9000000000000000e+02  -7.6069671868985594e+01
   5.9100000000000000e+02  -7.6053375530839403e+01
   5.9200000000000000e+02  -7.5856685216070900e+01
   5.9300000000000000e+02  -7.6077979452892393e+01
   5.9400000000000000e+02  -7.6162461552121897e+01
   5.9500000000000000e+02  -7.5912661438574006e+01
   5.9600000000000000e+02  -7.6127692188085902e+01
   5.9700000000000000e+02  -7.5892772625148496e+01
   5.9800000000000000e+02  -7.5597243983213801e+01
   5.9900000000000000e+02  -7.6154511821146102e+01
   6.0000000000000000e+02  -7.5665426804343298e+01
   6.0100000000000000e+02  -7.5706160954927896e+01
   6.0200000000000000e+02  -7.5492768907602297e+01
   6.0300000000000000e+02  -7.5358560411774604e+01
   6.0400000000000000e+02  -7.5581842592534699e+01
   6.0500000000000000e+02  -7.5432258030765794e+01
   6.0600000000000000e+02  -7.5574149052938594e+01
   6.0700000000000000e+02  -7.6151776275360703e+01
   6.0800000000000000e+02  -7.6003473102103897e+01
   6.0900000000000000e+02  -7.5949571138665604e+01
   6.1000000000000000e+02  -7.5262450200405496e+01
   6.1100000000000000e+02  -7.5914510724175400e+01
   6.1200000000000000e+02  -7.5657620727505005e+01
   6.1300000000000000e+02  -7.5530985819304306e+01
   6.1400000000000000e+02  -7.5291873959995200e+01
   6.1500000000000000e+02  -7.5144278223346305e+01
   6.1600000000000000e+02  -7.5394524229365999e+01
   6.1700000000000000e+02  -7.5628660521292304e+01
   6.1800000000000000e+02  -7.5593328195658600e+01
   6.1900000000000000e+02  -7.5466649985855398e+01
   6.2000000000000000e+02  -7.5425477051918804e+01
   6.2100000000000000e+02  -7.5738682169163795e+01
   6.2200000000000000e+02  -7.6078542738362898e+01
   6.2300000000000000e+02  -7.5969663654451494e+01
   6.2400000000000000e+02  -7.6054576545812395e+01
   6.2500000000000000e+02  -7.5567409555144295e+01
   6.2600000000000000e+02  -7.5426582958653498e+01
   6.2700000000000000e+02  -7.4864678243449802e+01
   6.2800000000000000e+02  -7.4629066400441005e+01
   6.2900000000000000e+02  -7.4593594412715703e+01
   6.3000000000000000e+02  -7.4491925806420895e+01
   6.3100000000000000e+02  -7.4179917325006997e+01
   6.3200000000000000e+02  -7.3890116926001994e+01
   6.3300000000000000e+02  -7.3763462835603207e+01
   6.3400000000000000e+02  -7.4490106139987802e+01
   6.3500000000000000e+02  -7.4859217463144702e+01
   6.3600000000000000e+02  -7.4545873603882796e+01
   6.3700000000000000e+02  -7.4315463436455801e+01
   6.3800000000000000e+02  -7.4471146429079496e+01
   6.3900000000000000e+02  -7.4351679828061904e+01
   6.4000000000000000e+02  -7.4054126487714697e+01
   6.4100000000000000e+02  -7.4119887049752705e+01
   6.4200000000000000e+02  -7.3981556107504105e+01
   6.4300000000000000e+02  -7.4380418036272303e+01
   6.4400000000000000e+02  -7.4253123605398997e+01
   6.4500000000000000e+02  -7.4845880178161906e+01
   6.4600000000000000e+02  -7.5245357718386501e+01
   6.4700000000000000e+02  -7.5266623290176796e+01
   6.4800000000000000e+02  -7.4846483609168203e+01
   6.4900000000000000e+02  -7.4497042315499598e+01
   6.5000000000000000e+02  -7.4504800949777405e+01
   6.5100000000000000e+02  -7.4982929174046902e+01
   6.5200000000000000e+02  -7.5308111317332504e+01
   6.5300000000000000e+02  -7.4494428916353002e+01
   6.5400000000000000e+02  -7.3939339763544197e+01
   6.5500000000000000e+02  -7.4017282648828896e+01
   6.5600000000000000e+02  -7.4527968864066395e+01
   6.5700000000000000e+02  -7.4391465188812901e+01
   6.5800000000000000e+02  -7.4847527290622907e+01
   6.5900000000000000e+02  -7.4775872752809605e+01
   6.6000000000000000e+02  -7.4285006959442001e+01
   6.6100000000000000e+02  -7.4251166404098498e+01
   6.6200000000000000e+02  -7.3906381547594506e+01
   6.6300000000000000e+02  -7.3326398456475800e+01
   6.6400000000000000e+02  -7.3886254836142896e+01
   6.6500000000000000e+02  -7.3600056627464596e+01
   6.6600000000000000e+02  -7.3289410383050395e+01
   6.6700000000000000e+02  -7.3401569195909005e+01
   6.6800000000000000e+02  -7.2924671424395498e+01
   6.6900000000000000e+02  -7.3290587785953306e+01
   6.7000000000000000e+02  -7.2985587886558307e+01
   6.7100000000000000e+02  -7.2667761945656196e+01
   6.7200000000000000e+02  -7.2955497034594799e+01
   6.7300000000000000e+02  -7.2346006617529596e+01
   6.7400000000000000e+02  -7.2807189168027904e+01
   6.7500000000000000e+02  -7.2748561219522600e+01
   6.7600000000000000e+02  -7.2836141242303896e+01
   6.7700000000000000e+02  -7.2603369316435007e+01
   6.7800000000000000e+02  -7.2632863486832093e+01
   6.7900000000000000e+02  -7.2600092226053306e+01
   6.8000000000000000e+02  -7.2679052536951900e+01
   6.8100000000000000e+02  -7.3066452484122607e+01
   6.8200000000000000e+02  -7.2531847464325196e+01
   6.8300000000000000e+02  -7.2972363527947607e+01
   6.8400000000000000e+02  -7.2697670745119296e+01
   6.8500000000000000e+02  -7.2222834228597904e+01
   6.8600000000000000e+02  -7.2315783183366705e+01
   6.8700000000000000e+02  -7.2817321483963099e+01
   6.8800000000000000e+02  -7.3021917788251599e+01
   6.8900000000000000e+02  -7.2802939884078498e+01
   6.9000000000000000e+02  -7.3214674940724294e+01
   6.9100000000000000e+02  -7.3161329653463895e+01
   6.9200000000000000e+02  -7.3119878228048094e+01
   6.9300000000000000e+02  -7.3003405832613694e+01
   6.9400000000000000e+02  -7.2147275712288803e+01
   6.9500000000000000e+02  -7.1995724061162505e+01
   6.9600000000000000e+02  -7.1725864778229806e+01
   6.9700000000000000e+02  -7.1922539588535201e+01
   6.9800000000000000e+02  -7.1686502557081795e+01
   6.9900000000000000e+02  -7.1969864046744107e+01
   7.0000000000000000e+02  -7.1975587558294606e+01
   7.0100000000000000e+02  -7.1907599237849197e+01
   7.0200000000000000e+02  -7.1853027782074193e+01
   7.0300000000000000e+02  -7.1668159899460207e+01
   7.0400000000000000e+02  -7.2135518948505606e+01
   7.0500000000000000e+02  -7.1666273929207705e+01
   7.0600000000000000e+02  -7.2053793258574402e+01
   7.0700000000000000e+02  -7.1574101648729396e+01
   7.0800000000000000e+02  -7.1711535601587300e+01
   7.0900000000000000e+02  -7.1620315961969297e+01
   7.1000000000000000e+02  -7.2049935465252602e+01
   7.1100000000000000e+02  -7.2177621053836802e+01
   7.1200000000000000e+02  -7.1986248553749704e+01
   7.1300000000000000e+02  -7.1733530000186207e+01
   7.1400000000000000e+02  -7.2009252835763206e+01
   7.1500000000000000e+02  -7.2017534519364006e+01
   7.1600000000000000e+02  -7.2597108258100505e+01
   7.1700000000000000e+02  -7.2877272962742197e+01
   7.1800000000000000e+02  -7.3020224440476994e+01
   7.1900000000000000e+02  -7.2516048253309606e+01
   7.2000000000000000e+02  -7.2689916083486494e+01
   7.2100000000000000e+02  -7.2345383466546906e+01
   7.2200000000000000e+02  -7.2927245329742604e+01
   7.2300000000000000e+02  -7.3023329157443300e+01
   7.2400000000000000e+02  -7.2983734577766000e+01
   7.2500000000000000e+02  -7.2871846049466399e+01
   7.2600000000000000e+02  -7.2710647483664104e+01
   7.2700000000000000e+02  -7.3060864362976304e+01
   7.2800000000000000e+02  -7.2886343384599698e+01
   7.2900000000000000e+02  -7.2771736392097793e+01
   7.3000000000000000e+02  -7.2673176258637298e+01
   7.3100000000000000e+02  -7.3267543814300893e+01
   7.3200000000000000e+02  -7.3403669925113803e+01
   7.3300000000000000e+02  -7.3756946538509595e+01
   7.3400000000000000e+02  -7.4141760216990306e+01
   7.3500000000000000e+02  -7.4199897662461495e+01
   7.3600000000000000e+02  -7.3984363501771199e+01
   7.3700000000000000e+02  -7.4000717609148396e+01
   7.3800000000000000e+02  -7.3784846523895894e+01
   7.3900000000000000e+02  -7.3656881457642100e+01
   7.4000000000000000e+02  -7.3197282982205493e+01
   7.4100000000000000e+02  -7.3041745993584101e+01
   7.4200000000000000e+02  -7.2598341498863704e+01
   7.4300000000000000e+02  -7.2777690600259405e+01
   7.4400000000000000e+02  -7.2577143644923595e+01
   7.4500000000000000e+02  -7.2804554152698302e+01
   7.4600000000000000e+02  -7.3264407702499796e+01
   7.4700000000000000e+02  -7.3303477441055094e+01
   7.4800000000000000e+02  -7.3652085558408899e+01
   7.4900000000000000e+02  -7.3658009324526404e+01
   7.5000000000000000e+02  -7.3312935975126507e+01
   7.5100000000000000e+02  -7.3120140574177299e+01
   7.5200000000000000e+02  -7.3544250361932896e+01
   7.5300000000000000e+02  -7.3385599304877005e+01
   7.5400000000000000e+02  -7.3253832073257996e+01
   7.5500000000000000e+02  -7.3166432892828496e+01
   7.5600000000000000e+02  -7.3334270133754302e+01
   7.5700000000000000e+02  -7.3467386923797093e+01
   7.5800000000000000e+02  -7.3528761016303804e+01
   7.5900000000000000e+02  -7.3233876489908795e+01
   7.6000000000000000e+02  -7.3350993533222294e+01
   7.6100000000000000e+02  -7.3045178162552901e+01
   7.6200000000000000e+02  -7.2864559177694900e+01
   7.6300000000000000e+02  -7.2769300264435003e+01
   7.6400000000000000e+02  -7.3029874575296006e+01
   7.6500000000000000e+02  -7.3055076689969994e+01
   7.6600000000000000e+02  -7.3132571851864697e+01
   7.6700000000000000e+02  -7.3560409304905306e+01
   7.6800000000000000e+02  -7.3603104234357005e+01
   7.6900000000000000e+02  -7.3484117538173706e+01
   7.7000000000000000e+02  -7.3709155474768593e+01
   7.7100000000000000e+02  -7.4347274322547605e+01
   7.7200000000000000e+02  -7.4128538760645796e+01
   7.7300000000000000e+02  -7.3976545160914398e+01
   7.7400000000000000e+02  -7.4346671467175895e+01
   7.7500000000000000e+02  -7.4354809426684994e+01
   7.7600000000000000e+02  -7.4379301489644803e+01
   7.7700000000000000e+02  -7.4339399550996404e+01
   7.7800000000000000e+02  -7.4629383259203607e+01
   7.7900000000000000e+02  -7.4162520880583500e+01
   7.8000000000000000e+02  -7.4340503212177893e+01
   7.8100000000000000e+02  -7.5010760377402306e+01
   7.8200000000000000e+02  -7.4583570829034500e+01
   7.8300000000000000e+02  -7.4450635697179194e+01
   7.8400000000000000e+02  -7.4664711182102806e+01
   7.8500000000000000e+02  -7.4320490152885100e+01
   7.8600000000000000e+02  -7.4283715812912703e+01
   7.8700000000000000e+02  -7.4401448364243393e+01
   7.8800000000000000e+02  -7.4593343154467405e+01
   7.8900000000000000e+02  -7.4506852440151405e+01
   7.9000000000000000e+02  -7.4203307870120597e+01
   7.9100000000000000e+02  -7.4035621138197101e+01
   7.9200000000000000e+02  -7.3890941678868003e+01
   7.9300000000000000e+02  -7.4164457229244803e+01
   7.9400000000000000e+02  -7.4511858209337305e+01
   7.9500000000000000e+02  -7.4477062553069501e+01
   7.9600000000000000e+02  -7.4417266722343001e+01
   7.9700000000000000e+02  -7.4000066917868196e+01
   7.9800000000000000e+02  -7.3500532434112699e+01
   7.9900000000000000e+02  -7.3781386183217904e+01
   8.0000000000000000e+02  -7.3847413977748005e+01
   8.0100000000000000e+02  -7.3923709230844906e+01
   8.0200000000000000e+02  -7.3534842261403995e+01
   8.0300000000000000e+02  -7.3396505254882300e+01
   8.0400000000000000e+02  -7.4086648196047193e+01
   8.0500000000000000e+02  -7.3861764147085495e+01
   8.0600000000000000e+02  -7.3734599431415205e+01
   8.0700000000000000e+02  -7.3822357784311706e+01
   8.0800000000000000e+02  -7.3737638814195606e+01
   8.0900000000000000e+02  -7.3444898280177895e+01
   8.1000000000000000e+02  -7.3607262281191893e+01
   8.1100000000000000e+02  -7.3796486524808202e+01
   8.1200000000000000e+02  -7.3649618438762104e+01
   8.1300000000000000e+02  -7.4026816151387905e+01
   8.1400000000000000e+02  -7.4167375331535993e+01
   8.1500000000000000e+02  -7.4524263722240804e+01
   8.1600000000000000e+02  -7.4146671708363996e+01
   8.1700000000000000e+02  -7.4373246091958805e+01
   8.1800000000000000e+02  -7.4219159931852104e+01
   8.1900000000000000e+02  -7.4274095769098295e+01
   8.2000000000000000e+02  -7.4339094476969805e+01
   8.2100000000000000e+02  -7.4620946051160999e+01
   8.2200000000000000e+02  -7.4237179299563607e+01
   8.2300000000000000e+02  -7.4352928983088006e+01
   8.2400000000000000e+02  -7.4199925022812707e+01
   8.2500000000000000e+02  -7.4156887541120994e+01
   8.2600000000000000e+02  -7.4264869024458207e+01
   8.2700000000000000e+02  -7.4344905245172299e+01
   8.2800000000000000e+02  -7.4555788785779399e+01
   8.2900000000000000e+02  -7.5032390708140099e+01
   8.3000000000000000e+02  -7.4724920214664806e+01
   8.3100000000000000e+02  -7.4609393791871398e+01
   8.3200000000000000e+02  -7.4573561846485603e+01
   8.3300000000000000e+02  -7.4495680021381801e+01
   8.3400000000000000e+02  -7.4263218641794097e+01
   8.3500000000000000e+02  -7.4077787675393907e+01
   8.3600000000000000e+02  -7.3551505502354203e+01
   8.3700000000000000e+02  -7.3365277125787401e+01
   8.3800000000000000e+02  -7.3060809758586998e+01
   8.3900000000000000e+02  -7.2977411552239801e+01
   8.4000000000000000e+02  -7.2869260236948506e+01
   8.4100000000000000e+02  -7.3205823708548806e+01
   8.4200000000000000e+02  -7.2688704900288300e+01
   8.4300000000000000e+02  -7.2434692727872005e+01
   8.4400000000000000e+02  -7.2686929445544493e+01
   8.4500000000000000e+02  -7.2061054887109407e+01
   8.4600000000000000e+02  -7.2356177897419897e+01
   8.4700000000000000e+02  -7.2202828047806506e+01
   8.4800000000000000e+02  -7.1915351218896205e+01
   8.4900000000000000e+02  -7.1751588612089904e+01
   8.5000000000000000e+02  -7.1736139823982995e+01
   8.5100000000000000e+02  -7.1460862066650293e+01
   8.5200000000000000e+02  -7.1796954275654997e+01
   8.5300000000000000e+02  -7.1501804903231601e+01
   8.5400000000000000e+02  -7.1733412893478700e+01
   8.5500000000000000e+02  -7.1042203911595195e+01
   8.5600000000000000e+02  -7.0257660153759900e+01
   8.5700000000000000e+02  -6.9930589107176402e+01
   8.5800000000000000e+02  -6.9354212549558895e+01
   8.5900000000000000e+02  -6.8997402292357705e+01
   8.6000000000000000e+02  -6.8384243614290398e+01
   8.6100000000000000e+02  -6.8282846216930693e+01
   8.6200000000000000e+02  -6.8533937860814802e+01
   8.6300000000000000e+02  -6.8516053339610806e+01
   8.6400000000000000e+02  -6.8733613098107000e+01
   8.6500000000000000e+02  -6.8624300793478696e+01
   8.6600000000000000e+02  -6.8394869829081301e+01
   8.6700000000000000e+02  -6.8423442975035300e+01
   8.6800000000000000e+02  -6.8754472909754895e+01
   8.6900000000000000e+02  -6.8835452950858595e+01
   8.7000000000000000e+02  -6.9341912420980194e+01
   8.7100000000000000e+02  -6.9670169930913303e+01
   8.7200000000000000e+02  -6.9479313099992396e+01
   8.7300000000000000e+02  -6.9197474938617802e+01
   8.7400000000000000e+02  -6.8986576877312999e+01
   8.7500000000000000e+02  -6.9037557136272099e+01
   8.7600000000000000e+02  -6.9388471822261394e+01
   8.7700000000000000e+02  -6.9008280442654396e+01
   8.7800000000000000e+02  -6.8672113468424001e+01
   8.7900000000000000e+02  -6.9061965809694300e+01
   8.8000000000000000e+02  -6.9075775715884603e+01
   8.8100000000000000e+02  -6.8280452996851295e+01
   8.8200000000000000e+02  -6.8171100631776298e+01
   8.8300000000000000e+02  -6.8150573901154104e+01
   8.8400000000000000e+02  -6.8735460475489205e+01
   8.8500000000000000e+02  -6.8319806790700696e+01
   8.8600000000000000e+02  -6.8886722451636103e+01
   8.8700000000000000e+02  -6.8189997939673205e+01
   8.8800000000000000e+02  -6.8306131033338900e+01
   8.8900000000000000e+02  -6.8773645526137798e+01
   8.9000000000000000e+02  -6.8089071328448597e+01
   8.9100000000000000e+02  -6.8233500727594901e+01
   8.9200000000000000e+02  -6.8153598584868206e+01
   8.9300000000000000e+02  -6.8324956927131694e+01
   8.9400000000000000e+02  -6.8035315746819407e+01
   8.9500000000000000e+02  -6.7316058710153996e+01
   8.9600000000000000e+02  -6.6416021632103195e+01
   8.9700000000000000e+02  -6.5689455415840698e+01
   8.9800000000000000e+02  -6.5893755583296397e+01
   8.9900000000000000e+02  -6.5554458237041501e+01
   9.0000000000000000e+02  -6.5877944576144699e+01
   9.0100000000000000e+02  -6.5426518463615295e+01
   9.0200000000000000e+02  -6.5129981070658303e+01
   9.0300000000000000e+02  -6.4700729096080707e+01
   9.0400000000000000e+02  -6.4540017847414006e+01
   9.0500000000000000e+02  -6.4102176772484498e+01
   9.0600000000000000e+02  -6.3621550514172398e+01
   9.0700000000000000e+02  -6.3403765534384803e+01
   9.0800000000000000e+02  -6.2592370101186397e+01
   9.0900000000000000e+02  -6.1834823026369101e+01
   9.1000000000000000e+02  -6.1089858450457001e+01
   9.1100000000000000e+02  -6.0279296792441500e+01
   9.1200000000000000e+02  -5.8920648637995903e+01
   9.1300000000000000e+02  -5.7663485343885597e+01
   9.1400000000000000e+02  -5.4841226014180400e+01
   9.1500000000000000e+02  -5.0059499961223800e+01
   9.1600000000000000e+02  -3.6044388087757902e+01
   9.1700000000000000e+02  -1.3489511442060000e+01
