  -1.0000000000000000e+02  -7.4510889750602800e+01
  -9.9000000000000000e+01  -7.4598861470813404e+01
  -9.8000000000000000e+01  -7.4217622202219403e+01
  -9.7000000000000000e+01  -7.3958651430045904e+01
  -9.6000000000000000e+01  -7.4359096505989996e+01
  -9.5000000000000000e+01  -7.4542191592432701e+01
  -9.4000000000000000e+01  -7.4333802748289799e+01
  -9.3000000000000000e+01  -7.3828115017799007e+01
  -9.2000000000000000e+01  -7.3670769194245906e+01
  -9.1000000000000000e+01  -7.3200646510232900e+01
  -9.0000000000000000e+01  -7.2802377165990293e+01
  -8.9000000000000000e+01  -7.2835369303490296e+01
  -8.8000000000000000e+01  -7.2240241792662502e+01
  -8.7000000000000000e+01  -7.2110276133340093e+01
  -8.6000000000000000e+01  -7.2410863418972596e+01
  -8.5000000000000000e+01  -7.2790443444943406e+01
  -8.4000000000000000e+01  -7.2692970421046795e+01
  -8.3000000000000000e+01  -7.2155691006935101e+01
  -8.2000000000000000e+01  -7.1640398263160407e+01
  -8.1000000000000000e+01  -7.1289870674220197e+01
  -8.0000000000000000e+01  -7.1500416023322799e+01
  -7.9000000000000000e+01  -7.1163236041863101e+01
  -7.8000000000000000e+01  -7.1089365419253298e+01
  -7.7000000000000000e+01  -7.0900240146495904e+01
  -7.6000000000000000e+01  -7.1005634330256797e+01
  -7.5000000000000000e+01  -7.0523075714406502e+01
  -7.4000000000000000e+01  -7.0540908462576098e+01
  -7.3000000000000000e+01  -7.0534111401968303e+01
  -7.2000000000000000e+01  -7.0834205317785404e+01
  -7.1000000000000000e+01  -7.1034938748512801e+01
  -7.0000000000000000e+01  -7.1219850432610002e+01
  -6.9000000000000000e+01  -7.1194374921055299e+01
  -6.8000000000000000e+01  -7.0909708678955397e+01
  -6.7000000000000000e+01  -7.0622350614067301e+01
  -6.6000000000000000e+01  -7.0085466498682493e+01
  -6.5000000000000000e+01  -6.9582009317355997e+01
  -6.4000000000000000e+01  -6.9554262544456407e+01
  -6.3000000000000000e+01  -6.9563180217150503e+01
  -6.2000000000000000e+01  -6.9175070883166597e+01
  -6.1000000000000000e+01  -6.9419605049341200e+01
  -6.0000000000000000e+01  -6.9221269822216499e+01
  -5.9000000000000000e+01  -6.9393774826642499e+01
  -5.8000000000000000e+01  -6.9295494674658300e+01
  -5.7000000000000000e+01  -6.9258263588904597e+01
  -5.6000000000000000e+01  -6.8334281402646099e+01
  -5.5000000000000000e+01  -6.8154726832541002e+01
  -5.4000000000000000e+01  -6.8231249213737001e+01
  -5.3000000000000000e+01  -6.8285171580196106e+01
  -5.2000000000000000e+01  -6.8248206616363703e+01
  -5.1000000000000000e+01  -6.8450015045082495e+01
  -5.0000000000000000e+01  -6.8380859160963695e+01
  -4.9000000000000000e+01  -6.8479718014898907e+01
  -4.8000000000000000e+01  -6.8491568145013503e+01
  -4.7000000000000000e+01  -6.8070066869040701e+01
  -4.6000000000000000e+01  -6.8459542368860895e+01
  -4.5000000000000000e+01  -6.8500432349662503e+01
  -4.4000000000000000e+01  -6.8695194230043398e+01
  -4.3000000000000000e+01  -6.8816270452573704e+01
  -4.2000000000000000e+01  -6.8724610776246294e+01
  -4.1000000000000000e+01  -6.8360255554484695e+01
  -4.0000000000000000e+01  -6.8276949328752295e+01
  -3.9000000000000000e+01  -6.8492122533427306e+01
  -3.8000000000000000e+01  -6.8887816826011701e+01
  -3.7000000000000000e+01  -6.9165553397502606e+01
  -3.6000000000000000e+01  -6.8977346571698007e+01
  -3.5000000000000000e+01  -6.8750894253700906e+01
  -3.4000000000000000e+01  -6.8769424692388895e+01
  -3.3000000000000000e+01  -6.8937956531809803e+01
  -3.2000000000000000e+01  -6.8554232532639503e+01
  -3.1000000000000000e+01  -6.8393459705525203e+01
  -3.0000000000000000e+01  -6.8316650149379498e+01
  -2.9000000000000000e+01  -6.8044546882394101e+01
  -2.8000000000000000e+01  -6.7978389874211899e+01
  -2.7000000000000000e+01  -6.7285867777759705e+01
  -2.6000000000000000e+01  -6.7372080270354900e+01
  -2.5000000000000000e+01  -6.7535471127338397e+01
  -2.4000000000000000e+01  -6.7544188912906293e+01
  -2.3000000000000000e+01  -6.6702772833179395e+01
  -2.2000000000000000e+01  -6.6217820115762805e+01
  -2.1000000000000000e+01  -6.6523529103697001e+01
  -2.0000000000000000e+01  -6.6484859641140005e+01
  -1.9000000000000000e+01  -6.6854203846736596e+01
  -1.8000000000000000e+01  -6.7167974513757898e+01
  -1.7000000000000000e+01  -6.6578049778745296e+01
  -1.6000000000000000e+01  -6.6154813557438104e+01
  -1.5000000000000000e+01  -6.6342796440862102e+01
  -1.4000000000000000e+01  -6.5538577019651001e+01
  -1.3000000000000000e+01  -6.5272019913937200e+01
  -1.2000000000000000e+01  -6.4850547965324196e+01
  -1.1000000000000000e+01  -6.4291901569949005e+01
  -1.0000000000000000e+01  -6.3506965888909498e+01
  -9.0000000000000000e+00  -6.2818777632816399e+01
  -8.0000000000000000e+00  -6.2781749822933101e+01
  -7.0000000000000000e+00  -6.2187456680795400e+01
  -6.0000000000000000e+00  -6.1205011956900101e+01
  -5.0000000000000000e+00  -5.9962655457845401e+01
  -4.0000000000000000e+00  -5.7939090913676203e+01
  -3.0000000000000000e+00  -5.5070639166042596e+01
  -2.0000000000000000e+00  -4.9276679853792103e+01
  -1.0000000000000000e+00  -3.0475324500357001e+01
   0.0000000000000000e+00  -8.0318184988470005e+00
   1.0000000000000000e+00   7.7208820955295101e+00
   2.0000000000000000e+00   1.6825518976719401e+01
   3.0000000000000000e+00   2.1803795381937601e+01
   4.0000000000000000e+00   2.4740130326896999e+01
   5.0000000000000000e+00   2.6217913189576102e+01
   6.0000000000000000e+00   2.6888034151471199e+01
   7.0000000000000000e+00   2.6608729222849401e+01
   8.0000000000000000e+00   2.6617464321932601e+01
   9.0000000000000000e+00   2.6968234667009401e+01
   1.0000000000000000e+01   2.7091366126673901e+01
   1.1000000000000000e+01   2.7653864670316501e+01
   1.2000000000000000e+01   2.8151149585457500e+01
   1.3000000000000000e+01   2.8698858383552299e+01
   1.4000000000000000e+01   2.9063019724495700e+01
   1.5000000000000000e+01   2.9528813857627998e+01
   1.6000000000000000e+01   2.9533495135116802e+01
   1.7000000000000000e+01   2.9774399225764199e+01
   1.8000000000000000e+01   2.9676280160639099e+01
   1.9000000000000000e+01   2.9463032647005399e+01
   2.0000000000000000e+01   2.9929518776704601e+01
   2.1000000000000000e+01   3.0014596697939801e+01
   2.2000000000000000e+01   3.0126304094482101e+01
   2.3000000000000000e+01   3.0129522578712201e+01
   2.4000000000000000e+01   3.0381710327339100e+01
   2.5000000000000000e+01   3.0964039172883101e+01
   2.6000000000000000e+01   3.0594463882433701e+01
   2.7000000000000000e+01   3.0383506387387801e+01
   2.8000000000000000e+01   3.0280916691935900e+01
   2.9000000000000000e+01   3.0344782521152698e+01
   3.0000000000000000e+01   3.0132806079395401e+01
   3.1000000000000000e+01   3.0121589831166698e+01
   3.2000000000000000e+01   3.0357636263526100e+01
   3.3000000000000000e+01   3.0233507014090399e+01
   3.4000000000000000e+01   2.9954918881634100e+01
   3.5000000000000000e+01   2.9985121406928702e+01
   3.6000000000000000e+01   3.0277112430563200e+01
   3.7000000000000000e+01   3.0439414375399899e+01
   3.8000000000000000e+01   3.0409158041278801e+01
   3.9000000000000000e+01   3.1162018619769199e+01
   4.0000000000000000e+01   3.1356668672652699e+01
   4.1000000000000000e+01   3.1826040504285299e+01
   4.2000000000000000e+01   3.1537262834301199e+01
   4.3000000000000000e+01   3.1650222190146600e+01
   4.4000000000000000e+01   3.1957055362376000e+01
   4.5000000000000000e+01   3.1872195058372402e+01
   4.6000000000000000e+01   3.1786909961001601e+01
   4.7000000000000000e+01   3.2038417082497098e+01
   4.8000000000000000e+01   3.2258309367763800e+01
   4.9000000000000000e+01   3.2389820670238699e+01
   5.0000000000000000e+01   3.2534520439690297e+01
   5.1000000000000000e+01   3.2524133572396899e+01
   5.2000000000000000e+01   3.3313573300312100e+01
   5.3000000000000000e+01   3.3315477359658900e+01
   5.4000000000000000e+01   3.4028980872807502e+01
   5.5000000000000000e+01   3.4189538531465701e+01
   5.6000000000000000e+01   3.4600571465908800e+01
   5.7000000000000000e+01   3.4652187408495003e+01
   5.8000000000000000e+01   3.4543641835621898e+01
   5.9000000000000000e+01   3.4624650924755599e+01
   6.0000000000000000e+01   3.5329358532365198e+01
   6.1000000000000000e+01   3.5525862992843798e+01
   6.2000000000000000e+01   3.5618686431700397e+01
   6.3000000000000000e+01   3.5214711199906901e+01
   6.4000000000000000e+01   3.5418604003755497e+01
   6.5000000000000000e+01   3.5779979032777000e+01
   6.6000000000000000e+01   3.5593612422392802e+01
   6.7000000000000000e+01   3.5656894347783101e+01
   6.8000000000000000e+01   3.5932893566597002e+01
   6.9000000000000000e+01   3.5743535539028102e+01
   7.0000000000000000e+01   3.5792262070399801e+01
   7.1000000000000000e+01   3.5990128295521700e+01
   7.2000000000000000e+01   3.6023934724222002e+01
   7.3000000000000000e+01   3.5567781418753903e+01
   7.4000000000000000e+01   3.5886069031012198e+01
   7.5000000000000000e+01   3.5117897368447700e+01
   7.6000000000000000e+01   3.5526616375553900e+01
   7.7000000000000000e+01   3.5697783195259902e+01
   7.8000000000000000e+01   3.6425735021424600e+01
   7.9000000000000000e+01   3.6210427313589499e+01
   8.0000000000000000e+01   3.5536539063305398e+01
   8.1000000000000000e+01   3.5241590665602502e+01
   8.2000000000000000e+01   3.5575378641878899e+01
   8.3000000000000000e+01   3.5718153643820301e+01
   8.4000000000000000e+01   3.5749367289646003e+01
   8.5000000000000000e+01   3.5558263020568702e+01
   8.6000000000000000e+01   3.5602217661156999e+01
   8.7000000000000000e+01   3.5455760714685702e+01
   8.8000000000000000e+01   3.5333886138323798e+01
   8.9000000000000000e+01   3.5365313435105300e+01
   9.0000000000000000e+01   3.5571077556907802e+01
   9.1000000000000000e+01   3.6079482449946099e+01
   9.2000000000000000e+01   3.6024207338441897e+01
   9.3000000000000000e+01   3.5806954127520598e+01
   9.4000000000000000e+01   3.5657678731872601e+01
   9.5000000000000000e+01   3.5631748069658698e+01
   9.6000000000000000e+01   3.5410602724940198e+01
   9.7000000000000000e+01   3.5691913956701796e+01
   9.8000000000000000e+01   3.6292716161405401e+01
   9.9000000000000000e+01   3.6227576966137200e+01
   1.0000000000000000e+02   3.6415914790879697e+01
   1.0100000000000000e+02   3.6564817905088397e+01
   1.0200000000000000e+02   3.5731929941518501e+01
   1.0300000000000000e+02   3.5384893368029402e+01
   1.0400000000000000e+02   3.5571795543754803e+01
   1.0500000000000000e+02   3.5907753459207299e+01
   1.0600000000000000e+02   3.5419154600838901e+01
   1.0700000000000000e+02   3.5363604937350601e+01
   1.0800000000000000e+02   3.5241972230000002e+01
   1.0900000000000000e+02   3.5207542017476200e+01
   1.1000000000000000e+02   3.4680326636702901e+01
   1.1100000000000000e+02   3.4427370690593598e+01
   1.1200000000000000e+02   3.4332911062439699e+01
   1.1300000000000000e+02   3.4377879680188499e+01
   1.1400000000000000e+02   3.4850377002618302e+01
   1.1500000000000000e+02   3.4563510385782998e+01
   1.1600000000000000e+02   3.4680738544433900e+01
   1.1700000000000000e+02   3.4451174326682199e+01
   1.1800000000000000e+02   3.4529761204369599e+01
   1.1900000000000000e+02   3.4482898457752697e+01
   1.2000000000000000e+02   3.4114165447934603e+01
   1.2100000000000000e+02   3.4046950187102802e+01
   1.2200000000000000e+02   3.3746606281306001e+01
   1.2300000000000000e+02   3.3443261190629698e+01
   1.2400000000000000e+02   3.3362831960398204e+01
   1.2500000000000000e+02   3.3417812999648199e+01
   1.2600000000000000e+02   3.3381858740513202e+01
   1.2700000000000000e+02   3.2672590696522498e+01
   1.2800000000000000e+02   3.2651250994220298e+01
   1.2900000000000000e+02   3.2445409743433203e+01
   1.3000000000000000e+02   3.2272703723978402e+01
   1.3100000000000000e+02   3.2101362678740003e+01
   1.3200000000000000e+02   3.2424380526426397e+01
   1.3300000000000000e+02   3.2322115418488202e+01
   1.3400000000000000e+02   3.1807273615674099e+01
   1.3500000000000000e+02   3.1780443673991801e+01
   1.3600000000000000e+02   3.2122107719821898e+01
   1.3700000000000000e+02   3.1669728059305800e+01
   1.3800000000000000e+02   3.2115998459055099e+01
   1.3900000000000000e+02   3.1607624464630302e+01
   1.4000000000000000e+02   3.1585019624594299e+01
   1.4100000000000000e+02   3.2066610786321498e+01
   1.4200000000000000e+02   3.2093614383048397e+01
   1.4300000000000000e+02   3.1687790366485501e+01
   1.4400000000000000e+02   3.1802986017759899e+01
   1.4500000000000000e+02   3.2003386291616799e+01
   1.4600000000000000e+02   3.1957644129557899e+01
   1.4700000000000000e+02   3.1865897518830600e+01
   1.4800000000000000e+02   3.1718599016517601e+01
   1.4900000000000000e+02   3.1738958406550399e+01
   1.5000000000000000e+02   3.1532430507134801e+01
   1.5100000000000000e+02   3.1099754856592401e+01
   1.5200000000000000e+02   3.0821263898278801e+01
   1.5300000000000000e+02   2.9722003125148500e+01
   1.5400000000000000e+02   2.9479703675473100e+01
   1.5500000000000000e+02   2.9787549767783801e+01
   1.5600000000000000e+02   2.9241403300948900e+01
   1.5700000000000000e+02   2.9497540725534002e+01
   1.5800000000000000e+02   2.9572583204828799e+01
   1.5900000000000000e+02   2.9764563917554799e+01
   1.6000000000000000e+02   2.9492471681955500e+01
   1.6100000000000000e+02   2.9334392110849802e+01
   1.6200000000000000e+02   2.9513922337096901e+01
   1.6300000000000000e+02   2.9498429324483499e+01
   1.6400000000000000e+02   2.9286108032574599e+01
   1.6500000000000000e+02   2.9046656091098001e+01
   1.6600000000000000e+02   2.8840422722327801e+01
   1.6700000000000000e+02   2.8266250897629700e+01
   1.6800000000000000e+02   2.8234036715257499e+01
   1.6900000000000000e+02   2.8009730477458799e+01
   1.7000000000000000e+02   2.7293257886553100e+01
   1.7100000000000000e+02   2.7129045145774501e+01
   1.7200000000000000e+02   2.7202951055902801e+01
   1.7300000000000000e+02   2.6724806992342799e+01
   1.7400000000000000e+02   2.7239934250450599e+01
   1.7500000000000000e+02   2.7503630496715299e+01
   1.7600000000000000e+02   2.7673325825406401e+01
   1.7700000000000000e+02   2.7385599377333200e+01
   1.7800000000000000e+02   2.7619742020526299e+01
   1.7900000000000000e+02   2.7191218652180599e+01
   1.8000000000000000e+02   2.6741382873706598e+01
   1.8100000000000000e+02   2.6117113299590098e+01
   1.8200000000000000e+02   2.6047089887278801e+01
   1.8300000000000000e+02   2.6014305176293799e+01
   1.8400000000000000e+02   2.5932895190397900e+01
   1.8500000000000000e+02   2.5928294937093799e+01
   1.8600000000000000e+02   2.5637997396443300e+01
   1.8700000000000000e+02   2.5555773976101001e+01
   1.8800000000000000e+02   2.5527152232028900e+01
   1.8900000000000000e+02   2.6159947303576001e+01
   1.9000000000000000e+02   2.6061113393895202e+01
   1.9100000000000000e+02   2.5599842046102999e+01
   1.9200000000000000e+02   2.5765057357887400e+01
   1.9300000000000000e+02   2.5256260164658901e+01
   1.9400000000000000e+02   2.5402408271423500e+01
   1.9500000000000000e+02   2.5482286168162599e+01
   1.9600000000000000e+02   2.5281092860178099e+01
   1.9700000000000000e+02   2.5186231101501999e+01
   1.9800000000000000e+02   2.5185811221180501e+01
   1.9900000000000000e+02   2.4760326089974001e+01
   2.0000000000000000e+02   2.5119703496713001e+01
   2.0100000000000000e+02   2.5340044173586300e+01
   2.0200000000000000e+02   2.5205452263263702e+01
   2.0300000000000000e+02   2.5006765655905198e+01
   2.0400000000000000e+02   2.5002287042268101e+01
   2.0500000000000000e+02   2.5141748499931300e+01
   2.0600000000000000e+02   2.5279459162517799e+01
   2.0700000000000000e+02   2.4967370314128299e+01
   2.0800000000000000e+02   2.4682122176109601e+01
   2.0900000000000000e+02   2.4272561532371700e+01
   2.1000000000000000e+02   2.4127376545993901e+01
   2.1100000000000000e+02   2.3995430918916298e+01
   2.1200000000000000e+02   2.4232017973548800e+01
   2.1300000000000000e+02   2.4436048146078601e+01
   2.1400000000000000e+02   2.3820053766034999e+01
   2.1500000000000000e+02   2.3358071021091600e+01
   2.1600000000000000e+02   2.3370703970942500e+01
   2.1700000000000000e+02   2.2555032799815400e+01
   2.1800000000000000e+02   2.1937250588094201e+01
   2.1900000000000000e+02   2.2003478787124902e+01
   2.2000000000000000e+02   2.1658676726564000e+01
   2.2100000000000000e+02   2.1494144960594198e+01
   2.2200000000000000e+02   2.1137603664286001e+01
   2.2300000000000000e+02   2.0695410684908801e+01
   2.2400000000000000e+02   2.0386380085893499e+01
   2.2500000000000000e+02   2.0039830476437299e+01
   2.2600000000000000e+02   1.9959655833418399e+01
   2.2700000000000000e+02   1.9762868549042199e+01
   2.2800000000000000e+02   2.0141477065665800e+01
   2.2900000000000000e+02   2.0345831380466400e+01
   2.3000000000000000e+02   2.0178281885443901e+01
   2.3100000000000000e+02   1.9484445290722299e+01
   2.3200000000000000e+02   1.8840497338843701e+01
   2.3300000000000000e+02   1.8913586411908302e+01
   2.3400000000000000e+02   1.8585232474150601e+01
   2.3500000000000000e+02   1.8522606917349499e+01
   2.3600000000000000e+02   1.8825085490119701e+01
   2.3700000000000000e+02   1.8603545062839100e+01
   2.3800000000000000e+02   1.8072573325290900e+01
   2.3900000000000000e+02   1.7252368194857400e+01
   2.4000000000000000e+02   1.7404234785087400e+01
   2.4100000000000000e+02   1.7089389487443700e+01
   2.4200000000000000e+02   1.7061787666207000e+01
   2.4300000000000000e+02   1.7320513172887502e+01
   2.4400000000000000e+02   1.7222870647897199e+01
   2.4500000000000000e+02   1.7308485977652900e+01
   2.4600000000000000e+02   1.7188369328560999e+01
   2.4700000000000000e+02   1.7004671910498502e+01
   2.4800000000000000e+02   1.6640980196154299e+01
   2.4900000000000000e+02   1.6146208601310200e+01
   2.5000000000000000e+02   1.5875275540391000e+01
   2.5100000000000000e+02   1.5162182553601300e+01
   2.5200000000000000e+02   1.5096510026899701e+01
   2.5300000000000000e+02   1.4553729909126700e+01
   2.5400000000000000e+02   1.4509554934475601e+01
   2.5500000000000000e+02   1.4780061569997599e+01
   2.5600000000000000e+02   1.4096419272418800e+01
   2.5700000000000000e+02   1.4178298436156400e+01
   2.5800000000000000e+02   1.4318221310293399e+01
   2.5900000000000000e+02   1.3673280980728300e+01
   2.6000000000000000e+02   1.3917159331150000e+01
   2.6100000000000000e+02   1.3831068029428501e+01
   2.6200000000000000e+02   1.3006266531008800e+01
   2.6300000000000000e+02   1.2833595959488100e+01
   2.6400000000000000e+02   1.2682951446803800e+01
   2.6500000000000000e+02   1.2150755947537400e+01
   2.6600000000000000e+02   1.2178197159789301e+01
   2.6700000000000000e+02   1.2446228787672100e+01
   2.6800000000000000e+02   1.2518221831523700e+01
   2.6900000000000000e+02   1.1609658477284000e+01
   2.7000000000000000e+02   1.1974001221646200e+01
   2.7100000000000000e+02   1.1948785375699300e+01
   2.7200000000000000e+02   1.2466690314276899e+01
   2.7300000000000000e+02   1.2607685667771900e+01
   2.7400000000000000e+02   1.2447673596942799e+01
   2.7500000000000000e+02   1.1851868346854200e+01
   2.7600000000000000e+02   1.1509302334962801e+01
   2.7700000000000000e+02   1.1749910395666600e+01
   2.7800000000000000e+02   1.1554356616063600e+01
   2.7900000000000000e+02   1.1558273088321300e+01
   2.8000000000000000e+02   1.1038746168156800e+01
   2.8100000000000000e+02   1.0871344363862599e+01
   2.8200000000000000e+02   1.0561516505305899e+01
   2.8300000000000000e+02   1.0657806768327100e+01
   2.8400000000000000e+02   1.1073005805060600e+01
   2.8500000000000000e+02   1.0591008665369699e+01
   2.8600000000000000e+02   9.9233689900094095e+00
   2.8700000000000000e+02   1.0031542864439100e+01
   2.8800000000000000e+02   1.0158763116537999e+01
   2.8900000000000000e+02   1.0230273110357899e+01
   2.9000000000000000e+02   1.0000094675988100e+01
   2.9100000000000000e+02   9.0640027493943993e+00
   2.9200000000000000e+02   8.9226340136064799e+00
   2.9300000000000000e+02   8.8845552627210598e+00
   2.9400000000000000e+02   8.5004832592923396e+00
   2.9500000000000000e+02   8.1141183564277704e+00
   2.9600000000000000e+02   7.7239419827434999e+00
   2.9700000000000000e+02   7.3767775262160704e+00
   2.9800000000000000e+02   7.2693700575545499e+00
   2.9900000000000000e+02   7.4693949857598998e+00
   3.0000000000000000e+02   8.0006180497296508e+00
   3.0100000000000000e+02   7.9970810970843802e+00
   3.0200000000000000e+02   7.5118322974456104e+00
   3.0300000000000000e+02   7.6296249866982597e+00
   3.0400000000000000e+02   7.3087980660748899e+00
   3.0500000000000000e+02   6.8745662176053601e+00
   3.0600000000000000e+02   6.6765787525682496e+00
   3.0700000000000000e+02   6.3159836198615098e+00
   3.0800000000000000e+02   6.1701885512658601e+00
   3.0900000000000000e+02   5.7810667355109997e+00
   3.1000000000000000e+02   5.7284614084025796e+00
   3.1100000000000000e+02   5.7638236058651398e+00
   3.1200000000000000e+02   5.3299460239078904e+00
   3.1300000000000000e+02   4.7700107009783501e+00
   3.1400000000000000e+02   4.8313747608586004e+00
   3.1500000000000000e+02   4.5258831239501500e+00
   3.1600000000000000e+02   4.3929819330619200e+00
   3.1700000000000000e+02   4.7727464975583898e+00
   3.1800000000000000e+02   4.1472094113038400e+00
   3.1900000000000000e+02   3.9417875154295401e+00
   3.2000000000000000e+02   3.3450983440812698e+00
   3.2100000000000000e+02   3.2983727407754402e+00
   3.2200000000000000e+02   3.0882413283791599e+00
   3.2300000000000000e+02   3.2418936627381600e+00
   3.2400000000000000e+02   3.2608893890720099e+00
   3.2500000000000000e+02   2.5865051856982602e+00
   3.2600000000000000e+02   2.8440880608521901e+00
   3.2700000000000000e+02   3.0373358442944500e+00
   3.2800000000000000e+02   2.8269570885559898e+00
   3.2900000000000000e+02   2.1472974968240699e+00
   3.3000000000000000e+02   1.7387408070421599e+00
   3.3100000000000000e+02   1.3534978874442001e+00
   3.3200000000000000e+02   4.3808100491049301e-01
   3.3300000000000000e+02   5.8096937455628599e-02
   3.3400000000000000e+02  -1.1986803163052000e-01
   3.3500000000000000e+02  -4.9491046693298302e-01
   3.3600000000000000e+02  -5.8561279184941395e-01
   3.3700000000000000e+02  -1.5149879960412500e+00
   3.3800000000000000e+02  -1.5347132502377001e+00
   3.3900000000000000e+02  -2.1180476732806399e+00
   3.4000000000000000e+02  -2.2695191042836398e+00
   3.4100000000000000e+02  -2.5845091023968298e+00
   3.4200000000000000e+02  -2.8534093507689402e+00
   3.4300000000000000e+02  -3.3543517794807101e+00
   3.4400000000000000e+02  -3.6075967977210701e+00
   3.4500000000000000e+02  -4.1887152337394404e+00
   3.4600000000000000e+02  -4.8295549152489201e+00
   3.4700000000000000e+02  -5.0313959492168498e+00
   3.4800000000000000e+02  -5.5907317811625798e+00
   3.4900000000000000e+02  -5.8588527128475301e+00
   3.5000000000000000e+02  -5.8090687876248701e+00
   3.5100000000000000e+02  -5.8109744149669398e+00
   3.5200000000000000e+02  -6.4573803172240103e+00
   3.5300000000000000e+02  -6.6542003230749698e+00
   3.5400000000000000e+02  -7.1499401224157202e+00
   3.5500000000000000e+02  -7.0729064348975701e+00
   3.5600000000000000e+02  -7.5944904481054101e+00
   3.5700000000000000e+02  -7.9269218571575104e+00
   3.5800000000000000e+02  -8.3151460125977792e+00
   3.5900000000000000e+02  -9.0292525612499492e+00
   3.6000000000000000e+02  -9.0735331464522400e+00
   3.6100000000000000e+02  -9.3776970135799704e+00
   3.6200000000000000e+02  -9.7348671149501609e+00
   3.6300000000000000e+02  -9.3522220286022808e+00
   3.6400000000000000e+02  -9.4842810005743203e+00
   3.6500000000000000e+02  -9.9220441301957507e+00
   3.6600000000000000e+02  -1.0095629310245799e+01
   3.6700000000000000e+02  -1.0540743933279300e+01
   3.6800000000000000e+02  -1.0604297169156499e+01
   3.6900000000000000e+02  -1.1361637945278400e+01
   3.7000000000000000e+02  -1.1556424948084899e+01
   3.7100000000000000e+02  -1.1796690553653900e+01
   3.7200000000000000e+02  -1.2041275085114400e+01
   3.7300000000000000e+02  -1.2144950489294200e+01
   3.7400000000000000e+02  -1.2229123190573700e+01
   3.7500000000000000e+02  -1.2546287492299300e+01
   3.7600000000000000e+02  -1.2615209905226900e+01
   3.7700000000000000e+02  -1.2956490542871700e+01
   3.7800000000000000e+02  -1.3348888371194001e+01
   3.7900000000000000e+02  -1.3581150800980200e+01
   3.8000000000000000e+02  -1.4301482888789700e+01
   3.8100000000000000e+02  -1.4547518357687000e+01
   3.8200000000000000e+02  -1.5113829818056001e+01
   3.8300000000000000e+02  -1.5516705756445900e+01
   3.8400000000000000e+02  -1.5938518064344500e+01
   3.8500000000000000e+02  -1.6418780646423102e+01
   3.8600000000000000e+02  -1.7097222982299801e+01
   3.8700000000000000e+02  -1.7618334220845799e+01
   3.8800000000000000e+02  -1.8010020629324401e+01
   3.8900000000000000e+02  -1.8541181965990202e+01
   3.9000000000000000e+02  -1.9039929460471001e+01
   3.9100000000000000e+02  -1.9212485656475099e+01
   3.9200000000000000e+02  -1.9781953428525199e+01
   3.9300000000000000e+02  -2.0212823378347800e+01
   3.9400000000000000e+02  -2.0511536282604300e+01
   3.9500000000000000e+02  -2.1220181498799001e+01
   3.9600000000000000e+02  -2.1146794114593899e+01
   3.9700000000000000e+02  -2.1549968099431101e+01
   3.9800000000000000e+02  -2.2077148143364202e+01
   3.9900000000000000e+02  -2.2541655566400401e+01
   4.0000000000000000e+02  -2.3525282261716900e+01
   4.0100000000000000e+02  -2.3614919023173400e+01
   4.0200000000000000e+02  -2.3705054010281600e+01
   4.0300000000000000e+02  -2.4310738763101899e+01
   4.0400000000000000e+02  -2.4672420591639199e+01
   4.0500000000000000e+02  -2.5044913607625801e+01
   4.0600000000000000e+02  -2.5375287662686201e+01
   4.0700000000000000e+02  -2.6081095733738302e+01
   4.0800000000000000e+02  -2.6436432686880501e+01
   4.0900000000000000e+02  -2.6843613916354300e+01
   4.1000000000000000e+02  -2.7511714377268401e+01
   4.1100000000000000e+02  -2.8276223625069399e+01
   4.1200000000000000e+02  -2.8868303721314099e+01
   4.1300000000000000e+02  -2.9600578964301000e+01
   4.1400000000000000e+02  -3.0112212546205601e+01
   4.1500000000000000e+02  -3.0501790372964798e+01
   4.1600000000000000e+02  -3.1061301025180200e+01
   4.1700000000000000e+02  -3.1500318892797100e+01
   4.1800000000000000e+02  -3.1874367174618900e+01
   4.1900000000000000e+02  -3.2388904475064500e+01
   4.2000000000000000e+02  -3.2798582609282001e+01
   4.2100000000000000e+02  -3.3831049043439201e+01
   4.2200000000000000e+02  -3.3919475825840898e+01
   4.2300000000000000e+02  -3.4626083393484699e+01
   4.2400000000000000e+02  -3.5349650290956497e+01
   4.2500000000000000e+02  -3.5858650258367298e+01
   4.2600000000000000e+02  -3.6602734392159498e+01
   4.2700000000000000e+02  -3.7438500507365497e+01
   4.2800000000000000e+02  -3.7856612587937597e+01
   4.2900000000000000e+02  -3.8665450646442800e+01
   4.3000000000000000e+02  -3.9142009960248402e+01
   4.3100000000000000e+02  -3.9525897954154203e+01
   4.3200000000000000e+02  -3.9970932319571297e+01
   4.3300000000000000e+02  -4.0473526108574703e+01
   4.3400000000000000e+02  -4.0711644569638700e+01
   4.3500000000000000e+02  -4.1149367755850200e+01
   4.3600000000000000e+02  -4.1817202925598401e+01
   4.3700000000000000e+02  -4.2107659714339697e+01
   4.3800000000000000e+02  -4.2326942539307197e+01
   4.3900000000000000e+02  -4.3126936929323200e+01
   4.4000000000000000e+02  -4.3574189264602197e+01
   4.4100000000000000e+02  -4.4684793728386303e+01
   4.4200000000000000e+02  -4.4943770437818600e+01
   4.4300000000000000e+02  -4.5346156248592898e+01
   4.4400000000000000e+02  -4.5370881390291103e+01
   4.4500000000000000e+02  -4.5717273277917897e+01
   4.4600000000000000e+02  -4.5809453507827399e+01
   4.4700000000000000e+02  -4.6644285290027398e+01
   4.4800000000000000e+02  -4.6757018544810101e+01
   4.4900000000000000e+02  -4.7442539795210500e+01
   4.5000000000000000e+02  -4.8397579695225801e+01
   4.5100000000000000e+02  -4.9174810332547501e+01
   4.5200000000000000e+02  -4.9433485956685402e+01
   4.5300000000000000e+02  -4.9589142132442198e+01
   4.5400000000000000e+02  -5.0062153003503397e+01
   4.5500000000000000e+02  -5.0976374065125000e+01
   4.5600000000000000e+02  -5.1645428316222102e+01
   4.5700000000000000e+02  -5.2746237676537397e+01
   4.5800000000000000e+02  -5.3665361342814698e+01
   4.5900000000000000e+02  -5.4611574327411802e+01
   4.6000000000000000e+02  -5.5327114355213297e+01
   4.6100000000000000e+02  -5.5670630812761097e+01
   4.6200000000000000e+02  -5.5960521187753400e+01
   4.6300000000000000e+02  -5.6253558359511601e+01
   4.6400000000000000e+02  -5.6748045539921897e+01
   4.6500000000000000e+02  -5.7206374740728300e+01
   4.6600000000000000e+02  -5.8018020843667003e+01
   4.6700000000000000e+02  -5.8620898934739301e+01
   4.6800000000000000e+02  -5.8935742403856302e+01
   4.6900000000000000e+02  -5.9513578834355400e+01
   4.7000000000000000e+02  -6.0353208176891300e+01
   4.7100000000000000e+02  -6.0767017505002400e+01
   4.7200000000000000e+02  -6.1293986727487400e+01
   4.7300000000000000e+02  -6.1253576078780000e+01
   4.7400000000000000e+02  -6.1746705707665299e+01
   4.7500000000000000e+02  -6.2404416935023100e+01
   4.7600000000000000e+02  -6.2919739115773403e+01
   4.7700000000000000e+02  -6.4140268636299695e+01
   4.7800000000000000e+02  -6.4281645245961798e+01
   4.7900000000000000e+02  -6.4275564877616802e+01
   4.8000000000000000e+02  -6.5130672190488397e+01
   4.8100000000000000e+02  -6.5904512670378793e+01
   4.8200000000000000e+02  -6.6699915208498098e+01
   4.8300000000000000e+02  -6.6735894938425403e+01
   4.8400000000000000e+02  -6.7055036005426004e+01
   4.8500000000000000e+02  -6.7261146476227907e+01
   4.8600000000000000e+02  -6.7762389823607705e+01
   4.8700000000000000e+02  -6.8280780208600305e+01
   4.8800000000000000e+02  -6.8712517840436803e+01
   4.8900000000000000e+02  -6.8779559259713906e+01
   4.9000000000000000e+02  -6.9037819535202900e+01
   4.9100000000000000e+02  -6.9832836712609193e+01
   4.9200000000000000e+02  -6.9870131682784702e+01
   4.9300000000000000e+02  -6.9930318914447099e+01
   4.9400000000000000e+02  -7.0606320591496498e+01
   4.9500000000000000e+02  -7.0971401093468501e+01
   4.9600000000000000e+02  -7.0493566511929203e+01
   4.9700000000000000e+02  -7.0735351685250393e+01
   4.9800000000000000e+02  -7.1576744456994803e+01
   4.9900000000000000e+02  -7.2210436234799502e+01
   5.0000000000000000e+02  -7.2000121202415201e+01
   5.0100000000000000e+02  -7.2188239400581907e+01
   5.0200000000000000e+02  -7.2803554269536804e+01
   5.0300000000000000e+02  -7.2835504443144302e+01
   5.0400000000000000e+02  -7.2887697101770101e+01
   5.0500000000000000e+02  -7.3116716255608196e+01
   5.0600000000000000e+02  -7.2826789821282603e+01
   5.0700000000000000e+02  -7.3242329810362605e+01
   5.0800000000000000e+02  -7.3233822354048002e+01
   5.0900000000000000e+02  -7.3408891631204000e+01
   5.1000000000000000e+02  -7.3681759813034901e+01
   5.1100000000000000e+02  -7.3621141892649902e+01
   5.1200000000000000e+02  -7.3191534462971902e+01
   5.1300000000000000e+02  -7.3413853650158103e+01
   5.1400000000000000e+02  -7.4127324007473803e+01
   5.1500000000000000e+02  -7.4372618823220606e+01
   5.1600000000000000e+02  -7.4592397122616205e+01
   5.1700000000000000e+02  -7.4835459601787605e+01
   5.1800000000000000e+02  -7.5050889887243400e+01
   5.1900000000000000e+02  -7.5095902040034503e+01
   5.2000000000000000e+02  -7.5228836446242696e+01
   5.2100000000000000e+02  -7.5195901190332805e+01
   5.2200000000000000e+02  -7.5010334080602405e+01
   5.2300000000000000e+02  -7.5028382007567600e+01
   5.2400000000000000e+02  -7.4627414483638006e+01
   5.2500000000000000e+02  -7.4591576782651302e+01
   5.2600000000000000e+02  -7.4483094922372203e+01
   5.2700000000000000e+02  -7.4572363522044398e+01
   5.2800000000000000e+02  -7.4394278750169605e+01
   5.2900000000000000e+02  -7.4393809635224301e+01
   5.3000000000000000e+02  -7.4535876967664706e+01
   5.3100000000000000e+02  -7.4419638379211804e+01
   5.3200000000000000e+02  -7.4742931896263599e+01
   5.3300000000000000e+02  -7.4425417563554802e+01
   5.3400000000000000e+02  -7.4437274567586996e+01
   5.3500000000000000e+02  -7.4874208849461894e+01
   5.3600000000000000e+02  -7.4742352838756702e+01
   5.3700000000000000e+02  -7.4439128484646005e+01
   5.3800000000000000e+02  -7.4394431382644498e+01
   5.3900000000000000e+02  -7.4417397814336894e+01
   5.4000000000000000e+02  -7.4764772017722905e+01
   5.4100000000000000e+02  -7.4680087773835794e+01
   5.4200000000000000e+02  -7.5114172991862006e+01
   5.4300000000000000e+02  -7.5064766815682205e+01
   5.4400000000000000e+02  -7.5143822778300503e+01
   5.4500000000000000e+02  -7.5105003271786600e+01
   5.4600000000000000e+02  -7.4951529767638206e+01
   5.4700000000000000e+02  -7.5036728633274194e+01
   5.4800000000000000e+02  -7.5147739880306702e+01
   5.4900000000000000e+02  -7.4869978893338697e+01
   5.5000000000000000e+02  -7.4918774902922607e+01
   5.5100000000000000e+02  -7.4482072059971500e+01
   5.5200000000000000e+02  -7.4627181039583803e+01
   5.5300000000000000e+02  -7.4716629443530607e+01
   5.5400000000000000e+02  -7.4757048047875202e+01
   5.5500000000000000e+02  -7.5099382892767395e+01
   5.5600000000000000e+02  -7.5085492657998302e+01
   5.5700000000000000e+02  -7.5021133994576005e+01
   5.5800000000000000e+02  -7.5499042032030502e+01
   5.5900000000000000e+02  -7.5784469100568998e+01
   5.6000000000000000e+02  -7.5784800743643501e+01
   5.6100000000000000e+02  -7.5814644013737194e+01
   5.6200000000000000e+02  -7.6094025435651702e+01
   5.6300000000000000e+02  -7.6316456374390000e+01
   5.6400000000000000e+02  -7.6285633665093499e+01
   5.6500000000000000e+02  -7.6224799792762695e+01
   5.6600000000000000e+02  -7.6674057100751398e+01
   5.6700000000000000e+02  -7.6772242170964404e+01
   5.6800000000000000e+02  -7.6482301328997096e+01
   5.6900000000000000e+02  -7.6303745366600396e+01
   5.7000000000000000e+02  -7.6151128949937998e+01
   5.7100000000000000e+02  -7.6359973838151802e+01
   5.7200000000000000e+02  -7.6297320905247304e+01
   5.7300000000000000e+02  -7.6316134523854302e+01
   5.7400000000000000e+02  -7.6085829744298096e+01
   5.7500000000000000e+02  -7.6371624407451506e+01
   5.7600000000000000e+02  -7.6544599948211300e+01
   5.7700000000000000e+02  -7.6218641448173599e+01
   5.7800000000000000e+02  -7.5569576778654806e+01
   5.7900000000000000e+02  -7.5586177874735000e+01
   5.8000000000000000e+02  -7.6146813502919400e+01
   5.8100000000000000e+02  -7.6079523422669197e+01
   5.8200000000000000e+02  -7.6092908950574000e+01
   5.8300000000000000e+02  -7.6236187744960205e+01
   5.8400000000000000e+02  -7.6045518351207093e+01
   5.8500000000000000e+02  -7.6139281670368405e+01
   5.8600000000000000e+02  -7.6313238396303603e+01
   5.8700000000000000e+02  -7.6070485601238900e+01
   5.8800000000000000e+02  -7.6117636212094197e+01
   5.8900000000000000e+02  -7.6227395035257999e+01
   5.9000000000000000e+02  -7.6134751200938197e+01
   5.9100000000000000e+02  -7.6320097296127997e+01
   5.9200000000000000e+02  -7.6950696186141698e+01
   5.9300000000000000e+02  -7.7092011412389198e+01
   5.9400000000000000e+02  -7.7289996892266203e+01
   5.9500000000000000e+02  -7.7449266982188306e+01
   5.9600000000000000e+02  -7.7981997526438207e+01
   5.9700000000000000e+02  -7.7865768641233601e+01
   5.9800000000000000e+02  -7.7496478200174195e+01
   5.9900000000000000e+02  -7.7161512518288305e+01
   6.0000000000000000e+02  -7.7134773821777699e+01
   6.0100000000000000e+02  -7.6943747327125493e+01
   6.0200000000000000e+02  -7.7036582274795904e+01
   6.0300000000000000e+02  -7.7333215092108404e+01
   6.0400000000000000e+02  -7.7548792248441401e+01
   6.0500000000000000e+02  -7.7218846375816497e+01
   6.0600000000000000e+02  -7.7294855578856200e+01
   6.0700000000000000e+02  -7.6900431657064800e+01
   6.0800000000000000e+02  -7.6858304263708703e+01
   6.0900000000000000e+02  -7.6363730927397199e+01
   6.1000000000000000e+02  -7.6288679468967402e+01
   6.1100000000000000e+02  -7.6994654085906106e+01
   6.1200000000000000e+02  -7.6858257045608795e+01
   6.1300000000000000e+02  -7.6838975894061406e+01
   6.1400000000000000e+02  -7.7153514216890599e+01
   6.1500000000000000e+02  -7.6732917693841102e+01
   6.1600000000000000e+02  -7.6664329094186598e+01
   6.1700000000000000e+02  -7.6631630505103800e+01
   6.1800000000000000e+02  -7.6892007810238596e+01
   6.1900000000000000e+02  -7.6655264680994094e+01
   6.2000000000000000e+02  -7.6341258429031299e+01
   6.2100000000000000e+02  -7.6564422687973902e+01
   6.2200000000000000e+02  -7.6507157929566603e+01
   6.2300000000000000e+02  -7.6050394069546101e+01
   6.2400000000000000e+02  -7.5955502132398607e+01
   6.2500000000000000e+02  -7.5891261996284499e+01
   6.2600000000000000e+02  -7.5874182451305998e+01
   6.2700000000000000e+02  -7.5875110756821300e+01
   6.2800000000000000e+02  -7.6239213694729401e+01
   6.2900000000000000e+02  -7.5685591950976999e+01
   6.3000000000000000e+02  -7.5879286943138695e+01
   6.3100000000000000e+02  -7.5602448331488404e+01
   6.3200000000000000e+02  -7.5617164568234102e+01
   6.3300000000000000e+02  -7.5570293612327404e+01
   6.3400000000000000e+02  -7.5500564172209906e+01
   6.3500000000000000e+02  -7.5411502276485294e+01
   6.3600000000000000e+02  -7.5565316326377399e+01
   6.3700000000000000e+02  -7.5831889484775999e+01
   6.3800000000000000e+02  -7.5710770929432798e+01
   6.3900000000000000e+02  -7.6104953815246702e+01
   6.4000000000000000e+02  -7.6498641892185603e+01
   6.4100000000000000e+02  -7.6888557493313002e+01
   6.4200000000000000e+02  -7.6523421855017901e+01
   6.4300000000000000e+02  -7.7022982541390206e+01
   6.4400000000000000e+02  -7.6612306916213697e+01
   6.4500000000000000e+02  -7.6445053206030593e+01
   6.4600000000000000e+02  -7.6425896061801893e+01
   6.4700000000000000e+02  -7.6516577331284694e+01
   6.4800000000000000e+02  -7.6502379050808599e+01
   6.4900000000000000e+02  -7.6417506175828095e+01
   6.5000000000000000e+02  -7.5552486920624801e+01
   6.5100000000000000e+02  -7.5412352559207605e+01
   6.5200000000000000e+02  -7.5571539627390294e+01
   6.5300000000000000e+02  -7.5225028248189403e+01
   6.5400000000000000e+02  -7.4997395868131093e+01
   6.5500000000000000e+02  -7.5330844142856606e+01
   6.5600000000000000e+02  -7.5523353186785599e+01
   6.5700000000000000e+02  -7.5573017947941693e+01
   6.5800000000000000e+02  -7.5322938820142497e+01
   6.5900000000000000e+02  -7.5417156627442793e+01
   6.6000000000000000e+02  -7.5532626489715597e+01
   6.6100000000000000e+02  -7.6071712813916093e+01
   6.6200000000000000e+02  -7.5660870464945106e+01
   6.6300000000000000e+02  -7.5484603079796599e+01
   6.6400000000000000e+02  -7.5354044908311096e+01
   6.6500000000000000e+02  -7.5250576366614496e+01
   6.6600000000000000e+02  -7.5514833124330195e+01
   6.6700000000000000e+02  -7.5839182661392996e+01
   6.6800000000000000e+02  -7.5768999642889398e+01
   6.6900000000000000e+02  -7.5564873878822794e+01
   6.7000000000000000e+02  -7.5151524251743595e+01
   6.7100000000000000e+02  -7.5198945538854105e+01
   6.7200000000000000e+02  -7.4969499912686302e+01
   6.7300000000000000e+02  -7.5164970309920193e+01
   6.7400000000000000e+02  -7.4790018884800006e+01
   6.7500000000000000e+02  -7.4900667461978003e+01
   6.7600000000000000e+02  -7.4536065957661194e+01
   6.7700000000000000e+02  -7.3849910129228604e+01
   6.7800000000000000e+02  -7.4332414401240797e+01
   6.7900000000000000e+02  -7.4379597972466698e+01
   6.8000000000000000e+02  -7.4120165585093403e+01
   6.8100000000000000e+02  -7.4546379621943700e+01
   6.8200000000000000e+02  -7.4710998232383005e+01
   6.8300000000000000e+02  -7.5106519721564098e+01
   6.8400000000000000e+02  -7.5013143236744099e+01
   6.8500000000000000e+02  -7.4805068670952593e+01
   6.8600000000000000e+02  -7.5025339577799798e+01
   6.8700000000000000e+02  -7.5073743232381801e+01
   6.8800000000000000e+02  -7.5325448878251905e+01
   6.8900000000000000e+02  -7.5187451114268598e+01
   6.9000000000000000e+02  -7.4489990292276104e+01
   6.9100000000000000e+02  -7.5073183387514405e+01
   6.9200000000000000e+02  -7.4765411863992398e+01
   6.9300000000000000e+02  -7.4913098988168102e+01
   6.9400000000000000e+02  -7.4678168165889105e+01
   6.9500000000000000e+02  -7.4150144665749707e+01
   6.9600000000000000e+02  -7.4208908402745095e+01
   6.9700000000000000e+02  -7.3857415325298106e+01
   6.9800000000000000e+02  -7.3580605403397300e+01
   6.9900000000000000e+02  -7.3779252216799506e+01
   7.0000000000000000e+02  -7.3959320335653302e+01
   7.0100000000000000e+02  -7.4461137220597394e+01
   7.0200000000000000e+02  -7.4437612485812593e+01
   7.0300000000000000e+02  -7.4631019720766105e+01
   7.0400000000000000e+02  -7.4858290887487499e+01
   7.0500000000000000e+02  -7.4646055881701301e+01
   7.0600000000000000e+02  -7.4148009895169295e+01
   7.0700000000000000e+02  -7.4551505149534094e+01
   7.0800000000000000e+02  -7.4632483122576303e+01
   7.0900000000000000e+02  -7.4724688451654401e+01
   7.1000000000000000e+02  -7.5041404698626096e+01
   7.1100000000000000e+02  -7.5067738187558106e+01
   7.1200000000000000e+02  -7.5162460645764099e+01
   7.1300000000000000e+02  -7.4929836802916597e+01
   7.1400000000000000e+02  -7.4886657587978604e+01
   7.1500000000000000e+02  -7.4868362763438000e+01
   7.1600000000000000e+02  -7.4862458417363996e+01
   7.1700000000000000e+02  -7.4938239749204200e+01
   7.1800000000000000e+02  -7.5340328584910395e+01
   7.1900000000000000e+02  -7.4755091446716605e+01
   7.2000000000000000e+02  -7.4579560642842907e+01
   7.2100000000000000e+02  -7.4850962791499299e+01
   7.2200000000000000e+02  -7.4701877882014202e+01
   7.2300000000000000e+02  -7.4696286095332198e+01
   7.2400000000000000e+02  -7.4645890533756202e+01
   7.2500000000000000e+02  -7.4624182570822995e+01
   7.2600000000000000e+02  -7.4426127563577495e+01
   7.2700000000000000e+02  -7.4403733054732498e+01
   7.2800000000000000e+02  -7.3897995965202199e+01
   7.2900000000000000e+02  -7.3804483646470104e+01
   7.3000000000000000e+02  -7.3868798261151497e+01
   7.3100000000000000e+02  -7.4015903237524199e+01
   7.3200000000000000e+02  -7.4163057955295400e+01
   7.3300000000000000e+02  -7.4452276763650204e+01
   7.3400000000000000e+02  -7.4456984309296004e+01
   7.3500000000000000e+02  -7.4257565181831694e+01
   7.3600000000000000e+02  -7.3936130600225695e+01
   7.3700000000000000e+02  -7.4187720083589994e+01
   7.3800000000000000e+02  -7.4079208438929498e+01
   7.3900000000000000e+02  -7.4501603792651395e+01
   7.4000000000000000e+02  -7.4402500137393702e+01
   7.4100000000000000e+02  -7.4839097219645097e+01
   7.4200000000000000e+02  -7.4265045282783603e+01
   7.4300000000000000e+02  -7.4030305197762402e+01
   7.4400000000000000e+02  -7.3878005919310098e+01
   7.4500000000000000e+02  -7.3629834232118696e+01
   7.4600000000000000e+02  -7.3553114741746995e+01
   7.4700000000000000e+02  -7.3710329106503295e+01
   7.4800000000000000e+02  -7.3537839167997205e+01
   7.4900000000000000e+02  -7.3535492487593999e+01
   7.5000000000000000e+02  -7.3786729555773903e+01
   7.5100000000000000e+02  -7.3583064947051199e+01
   7.5200000000000000e+02  -7.3665640733748106e+01
   7.5300000000000000e+02  -7.3514026185560596e+01
   7.5400000000000000e+02  -7.3568332670375398e+01
   7.5500000000000000e+02  -7.3796111591373503e+01
   7.5600000000000000e+02  -7.4287890562983094e+01
   7.5700000000000000e+02  -7.4524028129402694e+01
   7.5800000000000000e+02  -7.4999177953511804e+01
   7.5900000000000000e+02  -7.5186098511920704e+01
   7.6000000000000000e+02  -7.5337333830876702e+01
   7.6100000000000000e+02  -7.5431318483419702e+01
   7.6200000000000000e+02  -7.5227531262290796e+01
   7.6300000000000000e+02  -7.5131278819824502e+01
   7.6400000000000000e+02  -7.4626246611678695e+01
   7.6500000000000000e+02  -7.4728260157421403e+01
   7.6600000000000000e+02  -7.4680451429157500e+01
   7.6700000000000000e+02  -7.4925216460501503e+01
   7.6800000000000000e+02  -7.4749352739880294e+01
   7.6900000000000000e+02  -7.5399507878631994e+01
   7.7000000000000000e+02  -7.5136198415099003e+01
   7.7100000000000000e+02  -7.4866273829087604e+01
   7.7200000000000000e+02  -7.5118457737316305e+01
   7.7300000000000000e+02  -7.5464833280250502e+01
   7.7400000000000000e+02  -7.5892867578723497e+01
   7.7500000000000000e+02  -7.5875689185353806e+01
   7.7600000000000000e+02  -7.5848108145061701e+01
   7.7700000000000000e+02  -7.6125775250084601e+01
   7.7800000000000000e+02  -7.5887543873228694e+01
   7.7900000000000000e+02  -7.5791185488396195e+01
   7.8000000000000000e+02  -7.5309450600726294e+01
   7.8100000000000000e+02  -7.5223492542337496e+01
   7.8200000000000000e+02  -7.5051078047651401e+01
   7.8300000000000000e+02  -7.5186109281923905e+01
   7.8400000000000000e+02  -7.4841539777129199e+01
   7.8500000000000000e+02  -7.4396277430523298e+01
   7.8600000000000000e+02  -7.4353444314946302e+01
   7.8700000000000000e+02  -7.4388140627670893e+01
   7.8800000000000000e+02  -7.4726266718469205e+01
   7.8900000000000000e+02  -7.5072107560922504e+01
   7.9000000000000000e+02  -7.4647965802334895e+01
   7.9100000000000000e+02  -7.4508034854827997e+01
   7.9200000000000000e+02  -7.3978709926327397e+01
   7.9300000000000000e+02  -7.3724325936437197e+01
   7.9400000000000000e+02  -7.3735512568270906e+01
   7.9500000000000000e+02  -7.3497692051623204e+01
   7.9600000000000000e+02  -7.3143693563527904e+01
   7.9700000000000000e+02  -7.3123552333881904e+01
   7.9800000000000000e+02  -7.3154274444073195e+01
   7.9900000000000000e+02  -7.3375930684906706e+01
   8.0000000000000000e+02  -7.3065382739465605e+01
   8.0100000000000000e+02  -7.3242314538595295e+01
   8.0200000000000000e+02  -7.3180055412937193e+01
   8.0300000000000000e+02  -7.3236433287371298e+01
   8.0400000000000000e+02  -7.3452270597329104e+01
   8.0500000000000000e+02  -7.2940146931821403e+01
   8.0600000000000000e+02  -7.3142597444258399e+01
   8.0700000000000000e+02  -7.2872701131578793e+01
   8.0800000000000000e+02  -7.2930921829450796e+01
   8.0900000000000000e+02  -7.2739130859940701e+01
   8.1000000000000000e+02  -7.2412354562091593e+01
   8.1100000000000000e+02  -7.2501106738837606e+01
   8.1200000000000000e+02  -7.2521631012252300e+01
   8.1300000000000000e+02  -7.2717801522469202e+01
   8.1400000000000000e+02  -7.2229249203812003e+01
   8.1500000000000000e+02  -7.1837651565369697e+01
   8.1600000000000000e+02  -7.1252797338783395e+01
   8.1700000000000000e+02  -7.1174144276647596e+01
   8.1800000000000000e+02  -7.1372311829756597e+01
   8.1900000000000000e+02  -7.1131965248412300e+01
   8.2000000000000000e+02  -7.1097135258498895e+01
   8.2100000000000000e+02  -7.0962813245195505e+01
   8.2200000000000000e+02  -7.1086073818566803e+01
   8.2300000000000000e+02  -7.1164774432439103e+01
   8.2400000000000000e+02  -7.1161931857921203e+01
   8.2500000000000000e+02  -7.0994906456516503e+01
   8.2600000000000000e+02  -7.1202741218470806e+01
   8.2700000000000000e+02  -7.0853616002530998e+01
   8.2800000000000000e+02  -7.0360794792064894e+01
   8.2900000000000000e+02  -7.0155433998882202e+01
   8.3000000000000000e+02  -7.0018519635367397e+01
   8.3100000000000000e+02  -6.9853002758258697e+01
   8.3200000000000000e+02  -6.9332316408313801e+01
   8.3300000000000000e+02  -6.8700951629775204e+01
   8.3400000000000000e+02  -6.8901272091153203e+01
   8.3500000000000000e+02  -6.9061799144597501e+01
   8.3600000000000000e+02  -6.9200883281979202e+01
   8.3700000000000000e+02  -6.8723072614494399e+01
   8.3800000000000000e+02  -6.9106403120664496e+01
   8.3900000000000000e+02  -6.9642330752096001e+01
   8.4000000000000000e+02  -6.9699973074117807e+01
   8.4100000000000000e+02  -7.0105481135127107e+01
   8.4200000000000000e+02  -7.0189070611214206e+01
   8.4300000000000000e+02  -7.0360280329141702e+01
   8.4400000000000000e+02  -7.0198078486113602e+01
   8.4500000000000000e+02  -7.0106755403144902e+01
   8.4600000000000000e+02  -6.9482517000539900e+01
   8.4700000000000000e+02  -6.9586566134486802e+01
   8.4800000000000000e+02  -6.9305619492882599e+01
   8.4900000000000000e+02  -6.9320091597675500e+01
   8.5000000000000000e+02  -6.9342682901415003e+01
   8.5100000000000000e+02  -6.9292741382850593e+01
   8.5200000000000000e+02  -6.9328845037729195e+01
   8.5300000000000000e+02  -6.9167725623458097e+01
   8.5400000000000000e+02  -6.9409483520189895e+01
   8.5500000000000000e+02  -6.9521329141601996e+01
   8.5600000000000000e+02  -6.8719485172311096e+01
   8.5700000000000000e+02  -6.8938279543680906e+01
   8.5800000000000000e+02  -6.8095690620034404e+01
   8.5900000000000000e+02  -6.8517786783550605e+01
   8.6000000000000000e+02  -6.8380178597189200e+01
   8.6100000000000000e+02  -6.8375296545240602e+01
   8.6200000000000000e+02  -6.7831497310538595e+01
   8.6300000000000000e+02  -6.7772210976775497e+01
   8.6400000000000000e+02  -6.7404340975758103e+01
   8.6500000000000000e+02  -6.7212941396092702e+01
   8.6600000000000000e+02  -6.6779994601901194e+01
   8.6700000000000000e+02  -6.6689461010305706e+01
   8.6800000000000000e+02  -6.6778841167499806e+01
   8.6900000000000000e+02  -6.6674530040308994e+01
   8.7000000000000000e+02  -6.6424685359904004e+01
   8.7100000000000000e+02  -6.5870594501329407e+01
   8.7200000000000000e+02  -6.5904578520491796e+01
   8.7300000000000000e+02  -6.5754668210179702e+01
   8.7400000000000000e+02  -6.5320471302516594e+01
   8.7500000000000000e+02  -6.5090220528216093e+01
   8.7600000000000000e+02  -6.4735283313922096e+01
   8.7700000000000000e+02  -6.4921816118218302e+01
   8.7800000000000000e+02  -6.4393995929780701e+01
   8.7900000000000000e+02  -6.4191796416122898e+01
   8.8000000000000000e+02  -6.3186063768568999e+01
   8.8100000000000000e+02  -6.2431571826961999e+01
   8.8200000000000000e+02  -6.1143361660246299e+01
   8.8300000000000000e+02  -5.9819457526880001e+01
   8.8400000000000000e+02  -5.8192657455419997e+01
   8.8500000000000000e+02  -5.6420830387689399e+01
   8.8600000000000000e+02  -5.2720431045479401e+01
   8.8700000000000000e+02  -4.4777796496930698e+01
   8.8800000000000000e+02  -2.3357501907578101e+01
