  -1.0000000000000000e+02  -7.4257125433065895e+01
  -9.9000000000000000e+01  -7.4125705267070600e+01
  -9.8000000000000000e+01  -7.4010948219628901e+01
  -9.7000000000000000e+01  -7.4363016375756303e+01
  -9.6000000000000000e+01  -7.3948917866484706e+01
  -9.5000000000000000e+01  -7.4054513689669605e+01
  -9.4000000000000000e+01  -7.4047282759859200e+01
  -9.3000000000000000e+01  -7.3979465514377097e+01
  -9.2000000000000000e+01  -7.3757572521258794e+01
  -9.1000000000000000e+01  -7.3332258070015698e+01
  -9.0000000000000000e+01  -7.3534141389656099e+01
  -8.9000000000000000e+01  -7.3805988461963807e+01
  -8.8000000000000000e+01  -7.3670667435275206e+01
  -8.7000000000000000e+01  -7.4504567405846004e+01
  -8.6000000000000000e+01  -7.4441659568264697e+01
  -8.5000000000000000e+01  -7.4314030707729600e+01
  -8.4000000000000000e+01  -7.3878254932326996e+01
  -8.3000000000000000e+01  -7.3890927324702801e+01
  -8.2000000000000000e+01  -7.3566924943562000e+01
  -8.1000000000000000e+01  -7.3443513500144306e+01
  -8.0000000000000000e+01  -7.3684980195038904e+01
  -7.9000000000000000e+01  -7.2922255590539706e+01
  -7.8000000000000000e+01  -7.3035161290615093e+01
  -7.7000000000000000e+01  -7.3044943291629394e+01
  -7.6000000000000000e+01  -7.2731698149046096e+01
  -7.5000000000000000e+01  -7.2390799474284506e+01
  -7.4000000000000000e+01  -7.3405548459348395e+01
  -7.3000000000000000e+01  -7.3324313021982604e+01
  -7.2000000000000000e+01  -7.3199470789396599e+01
  -7.1000000000000000e+01  -7.3248187841247500e+01
  -7.0000000000000000e+01  -7.3041002808929804e+01
  -6.9000000000000000e+01  -7.2865422828261899e+01
  -6.8000000000000000e+01  -7.3447344094678499e+01
  -6.7000000000000000e+01  -7.3393377980677101e+01
  -6.6000000000000000e+01  -7.3482604508595401e+01
  -6.5000000000000000e+01  -7.3724897912650903e+01
  -6.4000000000000000e+01  -7.3941082363754504e+01
  -6.3000000000000000e+01  -7.3788628782593904e+01
  -6.2000000000000000e+01  -7.3400284724593405e+01
  -6.1000000000000000e+01  -7.3294305865321704e+01
  -6.0000000000000000e+01  -7.2691143112630598e+01
  -5.9000000000000000e+01  -7.2487184200769903e+01
  -5.8000000000000000e+01  -7.2434005615247997e+01
  -5.7000000000000000e+01  -7.2239118598819502e+01
  -5.6000000000000000e+01  -7.2862169062751903e+01
  -5.5000000000000000e+01  -7.2966173394195806e+01
  -5.4000000000000000e+01  -7.2615778419720897e+01
  -5.3000000000000000e+01  -7.2370721808226605e+01
  -5.2000000000000000e+01  -7.2426938248229604e+01
  -5.1000000000000000e+01  -7.2404379567904400e+01
  -5.0000000000000000e+01  -7.2558380266032202e+01
  -4.9000000000000000e+01  -7.2076304895351697e+01
  -4.8000000000000000e+01  -7.1999541105576498e+01
  -4.7000000000000000e+01  -7.1868274802827898e+01
  -4.6000000000000000e+01  -7.1664726173385603e+01
  -4.5000000000000000e+01  -7.1630143897600405e+01
  -4.4000000000000000e+01  -7.1452868460108505e+01
  -4.3000000000000000e+01  -7.1267224619629900e+01
  -4.2000000000000000e+01  -7.1017710593136997e+01
  -4.1000000000000000e+01  -7.0715572438451503e+01
  -4.0000000000000000e+01  -7.0700804764316999e+01
  -3.9000000000000000e+01  -7.0561195274675796e+01
  -3.8000000000000000e+01  -7.0114661509233599e+01
  -3.7000000000000000e+01  -6.9811037604794194e+01
  -3.6000000000000000e+01  -7.0411325382464497e+01
  -3.5000000000000000e+01  -7.0387016923176006e+01
  -3.4000000000000000e+01  -7.0344604164601705e+01
  -3.3000000000000000e+01  -7.0326629603660095e+01
  -3.2000000000000000e+01  -6.9849559920757102e+01
  -3.1000000000000000e+01  -6.9611242191670200e+01
  -3.0000000000000000e+01  -6.9281443894820299e+01
  -2.9000000000000000e+01  -6.9168524107182506e+01
  -2.8000000000000000e+01  -6.8681020704276193e+01
  -2.7000000000000000e+01  -6.8677771076793306e+01
  -2.6000000000000000e+01  -6.8557796718275696e+01
  -2.5000000000000000e+01  -6.8203319563957706e+01
  -2.4000000000000000e+01  -6.7833181119897901e+01
  -2.3000000000000000e+01  -6.7518543050269002e+01
  -2.2000000000000000e+01  -6.7170655020779094e+01
  -2.1000000000000000e+01  -6.7070708901901298e+01
  -2.0000000000000000e+01  -6.6831010191469304e+01
  -1.9000000000000000e+01  -6.6782218343474895e+01
  -1.8000000000000000e+01  -6.6908550687790395e+01
  -1.7000000000000000e+01  -6.6794972468691697e+01
  -1.6000000000000000e+01  -6.6600398149873698e+01
  -1.5000000000000000e+01  -6.6281104079681100e+01
  -1.4000000000000000e+01  -6.6424523379135394e+01
  -1.3000000000000000e+01  -6.5960056625238295e+01
  -1.2000000000000000e+01  -6.5630654461866101e+01
  -1.1000000000000000e+01  -6.5170327493618998e+01
  -1.0000000000000000e+01  -6.4664188323340994e+01
  -9.0000000000000000e+00  -6.3848409884610597e+01
  -8.0000000000000000e+00  -6.3715230772628999e+01
  -7.0000000000000000e+00  -6.2964058810358800e+01
  -6.0000000000000000e+00  -6.2367214925471899e+01
  -5.0000000000000000e+00  -6.1238671909708302e+01
  -4.0000000000000000e+00  -5.9465061227685098e+01
  -3.0000000000000000e+00  -5.7570636644075002e+01
  -2.0000000000000000e+00  -5.4264861524569397e+01
  -1.0000000000000000e+00  -4.6376256370933902e+01
   0.0000000000000000e+00  -2.1029879410899699e+01
   1.0000000000000000e+00  -1.1317091279577700e+00
   2.0000000000000000e+00   1.2158359807956900e+01
   3.0000000000000000e+00   1.9177470745405699e+01
   4.0000000000000000e+00   2.3087406363424300e+01
   5.0000000000000000e+00   2.5176001875611700e+01
   6.0000000000000000e+00   2.6025012049021701e+01
   7.0000000000000000e+00   2.5830515179021599e+01
   8.0000000000000000e+00   2.6392914117957901e+01
   9.0000000000000000e+00   2.6920988596279400e+01
   1.0000000000000000e+01   2.6884621306093301e+01
   1.1000000000000000e+01   2.7609449190636902e+01
   1.2000000000000000e+01   2.7959952855754501e+01
   1.3000000000000000e+01   2.8191377248486202e+01
   1.4000000000000000e+01   2.8204651400048999e+01
   1.5000000000000000e+01   2.8740470478092998e+01
   1.6000000000000000e+01   2.9477044827231300e+01
   1.7000000000000000e+01   2.9398612493549301e+01
   1.8000000000000000e+01   2.9881517607018399e+01
   1.9000000000000000e+01   3.0286165739497299e+01
   2.0000000000000000e+01   3.0342688459443501e+01
   2.1000000000000000e+01   3.0699008405209600e+01
   2.2000000000000000e+01   3.0819625122439600e+01
   2.3000000000000000e+01   3.0822239083724799e+01
   2.4000000000000000e+01   3.0663649193606300e+01
   2.5000000000000000e+01   3.0138311444317200e+01
   2.6000000000000000e+01   2.9967603306824198e+01
   2.7000000000000000e+01   3.0698786271106599e+01
   2.8000000000000000e+01   3.0923749595973000e+01
   2.9000000000000000e+01   3.1475444665341200e+01
   3.0000000000000000e+01   3.1296021402890901e+01
   3.1000000000000000e+01   3.1209496000512800e+01
   3.2000000000000000e+01   3.1061913024736999e+01
   3.3000000000000000e+01   3.1337904562616501e+01
   3.4000000000000000e+01   3.1564259963712100e+01
   3.5000000000000000e+01   3.1561406010641001e+01
   3.6000000000000000e+01   3.1593749886351699e+01
   3.7000000000000000e+01   3.1133038914273200e+01
   3.8000000000000000e+01   3.0860981320797901e+01
   3.9000000000000000e+01   3.1071343022445902e+01
   4.0000000000000000e+01   3.1280144954697999e+01
   4.1000000000000000e+01   3.1931906427415498e+01
   4.2000000000000000e+01   3.2264730750629603e+01
   4.3000000000000000e+01   3.2393907521872002e+01
   4.4000000000000000e+01   3.2637377159307597e+01
   4.5000000000000000e+01   3.2498809919403797e+01
   4.6000000000000000e+01   3.3023071460495601e+01
   4.7000000000000000e+01   3.2788910345743503e+01
   4.8000000000000000e+01   3.2997161611820900e+01
   4.9000000000000000e+01   3.3298486323821002e+01
   5.0000000000000000e+01   3.3247838074190000e+01
   5.1000000000000000e+01   3.3159162956205599e+01
   5.2000000000000000e+01   3.3171709729791097e+01
   5.3000000000000000e+01   3.3447557635268403e+01
   5.4000000000000000e+01   3.3288578942469002e+01
   5.5000000000000000e+01   3.3004115343296597e+01
   5.6000000000000000e+01   3.2725264389091798e+01
   5.7000000000000000e+01   3.3911563540499003e+01
   5.8000000000000000e+01   3.4123442678339700e+01
   5.9000000000000000e+01   3.3882398189887901e+01
   6.0000000000000000e+01   3.3919235308511198e+01
   6.1000000000000000e+01   3.4333522466069802e+01
   6.2000000000000000e+01   3.4234192277634499e+01
   6.3000000000000000e+01   3.4846319041432700e+01
   6.4000000000000000e+01   3.4878141740561098e+01
   6.5000000000000000e+01   3.5299100841497001e+01
   6.6000000000000000e+01   3.5420209099222802e+01
   6.7000000000000000e+01   3.5781724060469401e+01
   6.8000000000000000e+01   3.4995815205920898e+01
   6.9000000000000000e+01   3.4934591184961000e+01
   7.0000000000000000e+01   3.5349008753385803e+01
   7.1000000000000000e+01   3.5332465210184701e+01
   7.2000000000000000e+01   3.5179737001673402e+01
   7.3000000000000000e+01   3.5245345735770996e+01
   7.4000000000000000e+01   3.5325745725887899e+01
   7.5000000000000000e+01   3.5624083463016099e+01
   7.6000000000000000e+01   3.5782566144009202e+01
   7.7000000000000000e+01   3.5614125669420297e+01
   7.8000000000000000e+01   3.5289014106763403e+01
   7.9000000000000000e+01   3.5441884583903501e+01
   8.0000000000000000e+01   3.5651488534380903e+01
   8.1000000000000000e+01   3.5653810599034301e+01
   8.2000000000000000e+01   3.5429360256390297e+01
   8.3000000000000000e+01   3.5393966176731702e+01
   8.4000000000000000e+01   3.5530684475758903e+01
   8.5000000000000000e+01   3.5536404322532597e+01
   8.6000000000000000e+01   3.5636139335723598e+01
   8.7000000000000000e+01   3.5256524361664297e+01
   8.8000000000000000e+01   3.5199910733309899e+01
   8.9000000000000000e+01   3.5065841621599901e+01
   9.0000000000000000e+01   3.5689502269324898e+01
   9.1000000000000000e+01   3.5999094722896899e+01
   9.2000000000000000e+01   3.5805501527740503e+01
   9.3000000000000000e+01   3.6295270133472897e+01
   9.4000000000000000e+01   3.6100202175161300e+01
   9.5000000000000000e+01   3.6649227103304000e+01
   9.6000000000000000e+01   3.6687002410812298e+01
   9.7000000000000000e+01   3.6829326387508203e+01
   9.8000000000000000e+01   3.7374551522706803e+01
   9.9000000000000000e+01   3.7488572369664702e+01
   1.0000000000000000e+02   3.7028752879359203e+01
   1.0100000000000000e+02   3.6651747711827298e+01
   1.0200000000000000e+02   3.6790458427561703e+01
   1.0300000000000000e+02   3.6728583058043398e+01
   1.0400000000000000e+02   3.6624335697157797e+01
   1.0500000000000000e+02   3.7136811421388401e+01
   1.0600000000000000e+02   3.6552710883064400e+01
   1.0700000000000000e+02   3.6304099322955601e+01
   1.0800000000000000e+02   3.6540609845687101e+01
   1.0900000000000000e+02   3.6108026732192897e+01
   1.1000000000000000e+02   3.5759058144615501e+01
   1.1100000000000000e+02   3.5254130549877800e+01
   1.1200000000000000e+02   3.5069438600942703e+01
   1.1300000000000000e+02   3.5106053883778301e+01
   1.1400000000000000e+02   3.4721281243710699e+01
   1.1500000000000000e+02   3.5070631463740703e+01
   1.1600000000000000e+02   3.5170215970430299e+01
   1.1700000000000000e+02   3.4878158169099898e+01
   1.1800000000000000e+02   3.5102862055512603e+01
   1.1900000000000000e+02   3.5379831295767403e+01
   1.2000000000000000e+02   3.5217613234681799e+01
   1.2100000000000000e+02   3.5293683780844503e+01
   1.2200000000000000e+02   3.5229378487668498e+01
   1.2300000000000000e+02   3.5694272249177700e+01
   1.2400000000000000e+02   3.5540476648978597e+01
   1.2500000000000000e+02   3.5354018688477701e+01
   1.2600000000000000e+02   3.5555360687312302e+01
   1.2700000000000000e+02   3.5618395389650900e+01
   1.2800000000000000e+02   3.5460665237449497e+01
   1.2900000000000000e+02   3.5917325335328599e+01
   1.3000000000000000e+02   3.6256008195738801e+01
   1.3100000000000000e+02   3.6609450617570303e+01
   1.3200000000000000e+02   3.6501366373363403e+01
   1.3300000000000000e+02   3.6470852880452398e+01
   1.3400000000000000e+02   3.6399966474756198e+01
   1.3500000000000000e+02   3.6513225509143197e+01
   1.3600000000000000e+02   3.7152934122817499e+01
   1.3700000000000000e+02   3.6762640561028100e+01
   1.3800000000000000e+02   3.6186237293839802e+01
   1.3900000000000000e+02   3.6329590837722002e+01
   1.4000000000000000e+02   3.6457739107471099e+01
   1.4100000000000000e+02   3.5948739147389297e+01
   1.4200000000000000e+02   3.5726378378826901e+01
   1.4300000000000000e+02   3.5716460620014900e+01
   1.4400000000000000e+02   3.5946135263518698e+01
   1.4500000000000000e+02   3.5205044583844597e+01
   1.4600000000000000e+02   3.5297393468979500e+01
   1.4700000000000000e+02   3.4860786048451899e+01
   1.4800000000000000e+02   3.4949315112809401e+01
   1.4900000000000000e+02   3.4656847067701001e+01
   1.5000000000000000e+02   3.4508279017972001e+01
   1.5100000000000000e+02   3.4161109070416799e+01
   1.5200000000000000e+02   3.4491363475291998e+01
   1.5300000000000000e+02   3.5156069167567701e+01
   1.5400000000000000e+02   3.5200428851420398e+01
   1.5500000000000000e+02   3.5013258556622098e+01
   1.5600000000000000e+02   3.4547589238790898e+01
   1.5700000000000000e+02   3.3991059014298600e+01
   1.5800000000000000e+02   3.3711365107366198e+01
   1.5900000000000000e+02   3.2884730940818201e+01
   1.6000000000000000e+02   3.2757283595581498e+01
   1.6100000000000000e+02   3.2382308413972702e+01
   1.6200000000000000e+02   3.1773693789841300e+01
   1.6300000000000000e+02   3.1865427044294901e+01
   1.6400000000000000e+02   3.2060436177980698e+01
   1.6500000000000000e+02   3.1940898268633799e+01
   1.6600000000000000e+02   3.2258383322504500e+01
   1.6700000000000000e+02   3.2148714040771601e+01
   1.6800000000000000e+02   3.2296800040338397e+01
   1.6900000000000000e+02   3.2294801866256400e+01
   1.7000000000000000e+02   3.1884293149721099e+01
   1.7100000000000000e+02   3.1241712468076202e+01
   1.7200000000000000e+02   3.0818132635238200e+01
   1.7300000000000000e+02   3.0251071026570500e+01
   1.7400000000000000e+02   3.0168088969159900e+01
   1.7500000000000000e+02   3.0399163555001000e+01
   1.7600000000000000e+02   3.0243849988610201e+01
   1.7700000000000000e+02   3.0098734720155200e+01
   1.7800000000000000e+02   2.9202299033371599e+01
   1.7900000000000000e+02   2.9371661356498699e+01
   1.8000000000000000e+02   2.9018525684688701e+01
   1.8100000000000000e+02   2.8712811237295099e+01
   1.8200000000000000e+02   2.8306896337983499e+01
   1.8300000000000000e+02   2.8209136950391301e+01
   1.8400000000000000e+02   2.8161271777780001e+01
   1.8500000000000000e+02   2.8356890461036201e+01
   1.8600000000000000e+02   2.8135727320541299e+01
   1.8700000000000000e+02   2.8131954061269699e+01
   1.8800000000000000e+02   2.7924459943846500e+01
   1.8900000000000000e+02   2.8075338343821699e+01
   1.9000000000000000e+02   2.8301250941755800e+01
   1.9100000000000000e+02   2.8125601885299400e+01
   1.9200000000000000e+02   2.7762855361198199e+01
   1.9300000000000000e+02   2.7214093898033799e+01
   1.9400000000000000e+02   2.6778451210345999e+01
   1.9500000000000000e+02   2.6857997929367400e+01
   1.9600000000000000e+02   2.6948226422352199e+01
   1.9700000000000000e+02   2.6668214590575399e+01
   1.9800000000000000e+02   2.6540141976999902e+01
   1.9900000000000000e+02   2.6365370959372498e+01
   2.0000000000000000e+02   2.6372016399700499e+01
   2.0100000000000000e+02   2.5990598517184299e+01
   2.0200000000000000e+02   2.5937138932658399e+01
   2.0300000000000000e+02   2.5309203575101101e+01
   2.0400000000000000e+02   2.5130898068055298e+01
   2.0500000000000000e+02   2.4350969518354599e+01
   2.0600000000000000e+02   2.4607908581811099e+01
   2.0700000000000000e+02   2.4768979692119700e+01
   2.0800000000000000e+02   2.4846515637248601e+01
   2.0900000000000000e+02   2.5062026609977099e+01
   2.1000000000000000e+02   2.4258876244043201e+01
   2.1100000000000000e+02   2.4168676902199401e+01
   2.1200000000000000e+02   2.3889644877178299e+01
   2.1300000000000000e+02   2.3844007517379399e+01
   2.1400000000000000e+02   2.3678414459457599e+01
   2.1500000000000000e+02   2.3002175579849599e+01
   2.1600000000000000e+02   2.2941459177963200e+01
   2.1700000000000000e+02   2.2773226062848199e+01
   2.1800000000000000e+02   2.2645325467910201e+01
   2.1900000000000000e+02   2.2521212391237899e+01
   2.2000000000000000e+02   2.2457227319560999e+01
   2.2100000000000000e+02   2.2799572045112900e+01
   2.2200000000000000e+02   2.2294402844513101e+01
   2.2300000000000000e+02   2.2333959811212701e+01
   2.2400000000000000e+02   2.2719774116056801e+01
   2.2500000000000000e+02   2.2631149996123199e+01
   2.2600000000000000e+02   2.2558203077071600e+01
   2.2700000000000000e+02   2.2328712119463699e+01
   2.2800000000000000e+02   2.2247113324205301e+01
   2.2900000000000000e+02   2.2104568788923000e+01
   2.3000000000000000e+02   2.2494667219265999e+01
   2.3100000000000000e+02   2.2187110852234099e+01
   2.3200000000000000e+02   2.2122390720825500e+01
   2.3300000000000000e+02   2.1991254498967500e+01
   2.3400000000000000e+02   2.2055113291823901e+01
   2.3500000000000000e+02   2.1724028421400401e+01
   2.3600000000000000e+02   2.1401332634195999e+01
   2.3700000000000000e+02   2.1158744991420200e+01
   2.3800000000000000e+02   2.0453548600420500e+01
   2.3900000000000000e+02   2.0722793712421300e+01
   2.4000000000000000e+02   2.1113841889829501e+01
   2.4100000000000000e+02   2.0896419254112502e+01
   2.4200000000000000e+02   2.0982717198191398e+01
   2.4300000000000000e+02   2.0902512002567601e+01
   2.4400000000000000e+02   2.0585494817138699e+01
   2.4500000000000000e+02   2.0433373587419101e+01
   2.4600000000000000e+02   2.0636875120249201e+01
   2.4700000000000000e+02   2.0202675115297598e+01
   2.4800000000000000e+02   2.0309519618091802e+01
   2.4900000000000000e+02   2.0501040106967800e+01
   2.5000000000000000e+02   2.0433790082375001e+01
   2.5100000000000000e+02   2.0381858732282002e+01
   2.5200000000000000e+02   2.0203087184745900e+01
   2.5300000000000000e+02   1.9655290307492901e+01
   2.5400000000000000e+02   1.9169731017394099e+01
   2.5500000000000000e+02   1.8775542403176502e+01
   2.5600000000000000e+02   1.8400680060428598e+01
   2.5700000000000000e+02   1.8430965777065701e+01
   2.5800000000000000e+02   1.8259701760654899e+01
   2.5900000000000000e+02   1.7527776290748001e+01
   2.6000000000000000e+02   1.7580230107548200e+01
   2.6100000000000000e+02   1.6967429548908100e+01
   2.6200000000000000e+02   1.6768519594409000e+01
   2.6300000000000000e+02   1.6727847056262899e+01
   2.6400000000000000e+02   1.6443947077697000e+01
   2.6500000000000000e+02   1.5751615030134101e+01
   2.6600000000000000e+02   1.5745462031315300e+01
   2.6700000000000000e+02   1.5743417730140701e+01
   2.6800000000000000e+02   1.5465623423773801e+01
   2.6900000000000000e+02   1.5222419130278899e+01
   2.7000000000000000e+02   1.4961228177069801e+01
   2.7100000000000000e+02   1.5142193417551500e+01
   2.7200000000000000e+02   1.5007906249039600e+01
   2.7300000000000000e+02   1.4821196027029201e+01
   2.7400000000000000e+02   1.5120918514172500e+01
   2.7500000000000000e+02   1.5342659787575901e+01
   2.7600000000000000e+02   1.5797761100294400e+01
   2.7700000000000000e+02   1.5221528997491401e+01
   2.7800000000000000e+02   1.4787685879090199e+01
   2.7900000000000000e+02   1.4775801598007600e+01
   2.8000000000000000e+02   1.4745374867028801e+01
   2.8100000000000000e+02   1.4598730487480600e+01
   2.8200000000000000e+02   1.4550983480944501e+01
   2.8300000000000000e+02   1.4315190187976899e+01
   2.8400000000000000e+02   1.4237888864541500e+01
   2.8500000000000000e+02   1.4372055868405401e+01
   2.8600000000000000e+02   1.4282645499394899e+01
   2.8700000000000000e+02   1.4564441601637800e+01
   2.8800000000000000e+02   1.4770599481046100e+01
   2.8900000000000000e+02   1.4066934285455201e+01
   2.9000000000000000e+02   1.3849095054848901e+01
   2.9100000000000000e+02   1.3467529996976699e+01
   2.9200000000000000e+02   1.3134868712256800e+01
   2.9300000000000000e+02   1.3089111242044799e+01
   2.9400000000000000e+02   1.2756942745536101e+01
   2.9500000000000000e+02   1.2172912481203101e+01
   2.9600000000000000e+02   1.2311497450349799e+01
   2.9700000000000000e+02   1.1967058079448501e+01
   2.9800000000000000e+02   1.1560402809267600e+01
   2.9900000000000000e+02   1.1272841438007200e+01
   3.0000000000000000e+02   1.1438899438050701e+01
   3.0100000000000000e+02   1.1403858372995000e+01
   3.0200000000000000e+02   1.0839992018972699e+01
   3.0300000000000000e+02   1.0792348346864101e+01
   3.0400000000000000e+02   9.8855990912598397e+00
   3.0500000000000000e+02   9.2966935813068208e+00
   3.0600000000000000e+02   8.9555405218491995e+00
   3.0700000000000000e+02   8.8780614251909409e+00
   3.0800000000000000e+02   8.3321424648121596e+00
   3.0900000000000000e+02   7.8294664372478202e+00
   3.1000000000000000e+02   7.4267294880807899e+00
   3.1100000000000000e+02   7.3555438484378604e+00
   3.1200000000000000e+02   7.4723350303181197e+00
   3.1300000000000000e+02   6.7120528773226598e+00
   3.1400000000000000e+02   6.4258495486571903e+00
   3.1500000000000000e+02   6.3605102937763798e+00
   3.1600000000000000e+02   6.0450660740147102e+00
   3.1700000000000000e+02   6.2710527971775303e+00
   3.1800000000000000e+02   5.8742312353159498e+00
   3.1900000000000000e+02   5.8417551244695201e+00
   3.2000000000000000e+02   5.1621070666208597e+00
   3.2100000000000000e+02   4.6493077116696000e+00
   3.2200000000000000e+02   4.5389966395600503e+00
   3.2300000000000000e+02   4.7626724579304396e+00
   3.2400000000000000e+02   4.1924234420971001e+00
   3.2500000000000000e+02   4.5431972219737196e+00
   3.2600000000000000e+02   4.1975083137866900e+00
   3.2700000000000000e+02   3.9640494039702401e+00
   3.2800000000000000e+02   3.8025518774298299e+00
   3.2900000000000000e+02   3.6023511780172699e+00
   3.3000000000000000e+02   2.3558702338166002e+00
   3.3100000000000000e+02   2.2302034875618699e+00
   3.3200000000000000e+02   1.6623021349377300e+00
   3.3300000000000000e+02   1.3237957615881599e+00
   3.3400000000000000e+02   1.6503425525297699e+00
   3.3500000000000000e+02   1.9756373592240200e+00
   3.3600000000000000e+02   1.1993451397523101e+00
   3.3700000000000000e+02   1.1955152139395999e+00
   3.3800000000000000e+02   9.1571208942160298e-01
   3.3900000000000000e+02   1.0084355859217600e+00
   3.4000000000000000e+02   2.9995307955342698e-01
   3.4100000000000000e+02  -2.3336946144325499e-01
   3.4200000000000000e+02  -7.1177317610066404e-01
   3.4300000000000000e+02  -1.5634587267168401e+00
   3.4400000000000000e+02  -1.7020636862630001e+00
   3.4500000000000000e+02  -1.7212075752650799e+00
   3.4600000000000000e+02  -2.1540194734561902e+00
   3.4700000000000000e+02  -2.4266147740662301e+00
   3.4800000000000000e+02  -2.0376740538048401e+00
   3.4900000000000000e+02  -1.9179471846636200e+00
   3.5000000000000000e+02  -2.7580775357285900e+00
   3.5100000000000000e+02  -3.2146166865951198e+00
   3.5200000000000000e+02  -4.1972531143345497e+00
   3.5300000000000000e+02  -4.4575951751382403e+00
   3.5400000000000000e+02  -4.8717786817699800e+00
   3.5500000000000000e+02  -5.3083984406434999e+00
   3.5600000000000000e+02  -5.5728386006416599e+00
   3.5700000000000000e+02  -5.3868071251636502e+00
   3.5800000000000000e+02  -5.5984636222725097e+00
   3.5900000000000000e+02  -5.3889379567348001e+00
   3.6000000000000000e+02  -5.5243769604805903e+00
   3.6100000000000000e+02  -6.2345525534242698e+00
   3.6200000000000000e+02  -6.6806751788723400e+00
   3.6300000000000000e+02  -7.0296196029441802e+00
   3.6400000000000000e+02  -6.9615371470865099e+00
   3.6500000000000000e+02  -7.1531322167102198e+00
   3.6600000000000000e+02  -6.8338552902541299e+00
   3.6700000000000000e+02  -7.4347726239168699e+00
   3.6800000000000000e+02  -7.5100519736481903e+00
   3.6900000000000000e+02  -7.8899368736851603e+00
   3.7000000000000000e+02  -8.1228107867305308e+00
   3.7100000000000000e+02  -8.1758829518214000e+00
   3.7200000000000000e+02  -8.0945344754535409e+00
   3.7300000000000000e+02  -8.8699749864181996e+00
   3.7400000000000000e+02  -9.4213301923910606e+00
   3.7500000000000000e+02  -9.3507630334369001e+00
   3.7600000000000000e+02  -9.4219491594119802e+00
   3.7700000000000000e+02  -9.6124346935962794e+00
   3.7800000000000000e+02  -9.7568917583841799e+00
   3.7900000000000000e+02  -9.7119865109748602e+00
   3.8000000000000000e+02  -9.8136718867993107e+00
   3.8100000000000000e+02  -1.0475377654400299e+01
   3.8200000000000000e+02  -1.0827704604080500e+01
   3.8300000000000000e+02  -1.1334042010276100e+01
   3.8400000000000000e+02  -1.1573763753076101e+01
   3.8500000000000000e+02  -1.1778808900724799e+01
   3.8600000000000000e+02  -1.2246449761462401e+01
   3.8700000000000000e+02  -1.2190555458597300e+01
   3.8800000000000000e+02  -1.2600318896926201e+01
   3.8900000000000000e+02  -1.2618543966247900e+01
   3.9000000000000000e+02  -1.3367279006256499e+01
   3.9100000000000000e+02  -1.3539485842212800e+01
   3.9200000000000000e+02  -1.3856534365118900e+01
   3.9300000000000000e+02  -1.4275411796764701e+01
   3.9400000000000000e+02  -1.4860304809529000e+01
   3.9500000000000000e+02  -1.5017348218803400e+01
   3.9600000000000000e+02  -1.5454646320166599e+01
   3.9700000000000000e+02  -1.6131616572074599e+01
   3.9800000000000000e+02  -1.6286014278458701e+01
   3.9900000000000000e+02  -1.6150683243263298e+01
   4.0000000000000000e+02  -1.6242044582607999e+01
   4.0100000000000000e+02  -1.7234381596262899e+01
   4.0200000000000000e+02  -1.7635656940300699e+01
   4.0300000000000000e+02  -1.8465159062286901e+01
   4.0400000000000000e+02  -1.8711029558537302e+01
   4.0500000000000000e+02  -1.9295109498456899e+01
   4.0600000000000000e+02  -1.9749249084159700e+01
   4.0700000000000000e+02  -2.0551362531219802e+01
   4.0800000000000000e+02  -2.0722103520676999e+01
   4.0900000000000000e+02  -2.1296987372867299e+01
   4.1000000000000000e+02  -2.1963441757498199e+01
   4.1100000000000000e+02  -2.2682007748084200e+01
   4.1200000000000000e+02  -2.2929142653274901e+01
   4.1300000000000000e+02  -2.3402718444942700e+01
   4.1400000000000000e+02  -2.3843624829044600e+01
   4.1500000000000000e+02  -2.4382625404551501e+01
   4.1600000000000000e+02  -2.4462807438823500e+01
   4.1700000000000000e+02  -2.4457359038498499e+01
   4.1800000000000000e+02  -2.4719398919817699e+01
   4.1900000000000000e+02  -2.4925989562586700e+01
   4.2000000000000000e+02  -2.5871308274835201e+01
   4.2100000000000000e+02  -2.6738630787386501e+01
   4.2200000000000000e+02  -2.7173426033583201e+01
   4.2300000000000000e+02  -2.7884118470471101e+01
   4.2400000000000000e+02  -2.8654653526868302e+01
   4.2500000000000000e+02  -2.8765972983871499e+01
   4.2600000000000000e+02  -2.9215064841722199e+01
   4.2700000000000000e+02  -3.0375211699560300e+01
   4.2800000000000000e+02  -3.0497136239263899e+01
   4.2900000000000000e+02  -3.0883284083764899e+01
   4.3000000000000000e+02  -3.1698755434604600e+01
   4.3100000000000000e+02  -3.1791775080930400e+01
   4.3200000000000000e+02  -3.2334537136754498e+01
   4.3300000000000000e+02  -3.3015699178165796e+01
   4.3400000000000000e+02  -3.3663454125207600e+01
   4.3500000000000000e+02  -3.3706964760661698e+01
   4.3600000000000000e+02  -3.4114673150391198e+01
   4.3700000000000000e+02  -3.4258370694083197e+01
   4.3800000000000000e+02  -3.4127668525757002e+01
   4.3900000000000000e+02  -3.5417455037713999e+01
   4.4000000000000000e+02  -3.6101057742076001e+01
   4.4100000000000000e+02  -3.6314959413620599e+01
   4.4200000000000000e+02  -3.7014793028082700e+01
   4.4300000000000000e+02  -3.7605527276540798e+01
   4.4400000000000000e+02  -3.8288296846820700e+01
   4.4500000000000000e+02  -3.8831123524792702e+01
   4.4600000000000000e+02  -3.9050003004866703e+01
   4.4700000000000000e+02  -3.9417845570507097e+01
   4.4800000000000000e+02  -4.0036424366568902e+01
   4.4900000000000000e+02  -4.0931866549343802e+01
   4.5000000000000000e+02  -4.1075014932104800e+01
   4.5100000000000000e+02  -4.1262658975796001e+01
   4.5200000000000000e+02  -4.1767963539888200e+01
   4.5300000000000000e+02  -4.2484435095275501e+01
   4.5400000000000000e+02  -4.3398114058694702e+01
   4.5500000000000000e+02  -4.3776142850812100e+01
   4.5600000000000000e+02  -4.4493266594195298e+01
   4.5700000000000000e+02  -4.5469115881307197e+01
   4.5800000000000000e+02  -4.6159823152046997e+01
   4.5900000000000000e+02  -4.6595976500669899e+01
   4.6000000000000000e+02  -4.6960013259116700e+01
   4.6100000000000000e+02  -4.6873571794501203e+01
   4.6200000000000000e+02  -4.7434589776391398e+01
   4.6300000000000000e+02  -4.7823959511986601e+01
   4.6400000000000000e+02  -4.7930165201780298e+01
   4.6500000000000000e+02  -4.8367660469966602e+01
   4.6600000000000000e+02  -4.8963565177131301e+01
   4.6700000000000000e+02  -4.8960598855656301e+01
   4.6800000000000000e+02  -4.9357613618953501e+01
   4.6900000000000000e+02  -4.9734098780024098e+01
   4.7000000000000000e+02  -5.0132073958754802e+01
   4.7100000000000000e+02  -5.0444323579900299e+01
   4.7200000000000000e+02  -5.0858711682955402e+01
   4.7300000000000000e+02  -5.1655152676427100e+01
   4.7400000000000000e+02  -5.2611851968220499e+01
   4.7500000000000000e+02  -5.3096253114156703e+01
   4.7600000000000000e+02  -5.3440773538039899e+01
   4.7700000000000000e+02  -5.3979784322704099e+01
   4.7800000000000000e+02  -5.4273685509679602e+01
   4.7900000000000000e+02  -5.4593946721616703e+01
   4.8000000000000000e+02  -5.5136626653700503e+01
   4.8100000000000000e+02  -5.5784741386539103e+01
   4.8200000000000000e+02  -5.5965357955057002e+01
   4.8300000000000000e+02  -5.6677108280461098e+01
   4.8400000000000000e+02  -5.7161685880744400e+01
   4.8500000000000000e+02  -5.7454012690770099e+01
   4.8600000000000000e+02  -5.7749418068367902e+01
   4.8700000000000000e+02  -5.8689487289770597e+01
   4.8800000000000000e+02  -5.9264113349270197e+01
   4.8900000000000000e+02  -5.9506516217986700e+01
   4.9000000000000000e+02  -6.0087265986912399e+01
   4.9100000000000000e+02  -6.0149042315053102e+01
   4.9200000000000000e+02  -6.0881607076414703e+01
   4.9300000000000000e+02  -6.1623882384508299e+01
   4.9400000000000000e+02  -6.1556847979814698e+01
   4.9500000000000000e+02  -6.2180596827268502e+01
   4.9600000000000000e+02  -6.2629152779241700e+01
   4.9700000000000000e+02  -6.2833516902719602e+01
   4.9800000000000000e+02  -6.2447679137398197e+01
   4.9900000000000000e+02  -6.3592681054027601e+01
   5.0000000000000000e+02  -6.4117616651749799e+01
   5.0100000000000000e+02  -6.3994689855483799e+01
   5.0200000000000000e+02  -6.4063852115557097e+01
   5.0300000000000000e+02  -6.4822358123467893e+01
   5.0400000000000000e+02  -6.4425008956665906e+01
   5.0500000000000000e+02  -6.5059537469686802e+01
   5.0600000000000000e+02  -6.5670132460845196e+01
   5.0700000000000000e+02  -6.6408349480631600e+01
   5.0800000000000000e+02  -6.6480330877797897e+01
   5.0900000000000000e+02  -6.7233095334287000e+01
   5.1000000000000000e+02  -6.7735232637265000e+01
   5.1100000000000000e+02  -6.7486346456095205e+01
   5.1200000000000000e+02  -6.7786093158694200e+01
   5.1300000000000000e+02  -6.8527723456594103e+01
   5.1400000000000000e+02  -6.8697858067706505e+01
   5.1500000000000000e+02  -6.8576040885228394e+01
   5.1600000000000000e+02  -6.8652628809157207e+01
   5.1700000000000000e+02  -6.8963594458161197e+01
   5.1800000000000000e+02  -6.9568838086430105e+01
   5.1900000000000000e+02  -6.9646080447076400e+01
   5.2000000000000000e+02  -7.0148054265763307e+01
   5.2100000000000000e+02  -7.0791792886749406e+01
   5.2200000000000000e+02  -7.0919656695122697e+01
   5.2300000000000000e+02  -7.1067182197397699e+01
   5.2400000000000000e+02  -7.1303649011130403e+01
   5.2500000000000000e+02  -7.1657348924754899e+01
   5.2600000000000000e+02  -7.1728042616990606e+01
   5.2700000000000000e+02  -7.1950443817896499e+01
   5.2800000000000000e+02  -7.2354352840788295e+01
   5.2900000000000000e+02  -7.2133039682535397e+01
   5.3000000000000000e+02  -7.2709914971095401e+01
   5.3100000000000000e+02  -7.2906472053799703e+01
   5.3200000000000000e+02  -7.2967021540261499e+01
   5.3300000000000000e+02  -7.3179329878176105e+01
   5.3400000000000000e+02  -7.3452276000056699e+01
   5.3500000000000000e+02  -7.3857593094523097e+01
   5.3600000000000000e+02  -7.3972183560896795e+01
   5.3700000000000000e+02  -7.4574845742040196e+01
   5.3800000000000000e+02  -7.4909291224922598e+01
   5.3900000000000000e+02  -7.5231468597535994e+01
   5.4000000000000000e+02  -7.5671078321799996e+01
   5.4100000000000000e+02  -7.4994333634248704e+01
   5.4200000000000000e+02  -7.5223207967403894e+01
   5.4300000000000000e+02  -7.5165007818237797e+01
   5.4400000000000000e+02  -7.5272740645661898e+01
   5.4500000000000000e+02  -7.5106007906828793e+01
   5.4600000000000000e+02  -7.5334509828837895e+01
   5.4700000000000000e+02  -7.5576377128639905e+01
   5.4800000000000000e+02  -7.5886964192291103e+01
   5.4900000000000000e+02  -7.5777044131202103e+01
   5.5000000000000000e+02  -7.6030235898845802e+01
   5.5100000000000000e+02  -7.5920730476855596e+01
   5.5200000000000000e+02  -7.6070814576065601e+01
   5.5300000000000000e+02  -7.6141483093186295e+01
   5.5400000000000000e+02  -7.6108172644103604e+01
   5.5500000000000000e+02  -7.6262825534537996e+01
   5.5600000000000000e+02  -7.6143411303950103e+01
   5.5700000000000000e+02  -7.6470228770908605e+01
   5.5800000000000000e+02  -7.6599820605623805e+01
   5.5900000000000000e+02  -7.6643171830427704e+01
   5.6000000000000000e+02  -7.7241489169146504e+01
   5.6100000000000000e+02  -7.7218253729553595e+01
   5.6200000000000000e+02  -7.7388558341429302e+01
   5.6300000000000000e+02  -7.7377474797162293e+01
   5.6400000000000000e+02  -7.7299194389720896e+01
   5.6500000000000000e+02  -7.7511929362106599e+01
   5.6600000000000000e+02  -7.7336097729039906e+01
   5.6700000000000000e+02  -7.7342463172640095e+01
   5.6800000000000000e+02  -7.7461763156608995e+01
   5.6900000000000000e+02  -7.7284718040216504e+01
   5.7000000000000000e+02  -7.7986395444652004e+01
   5.7100000000000000e+02  -7.8233956413614905e+01
   5.7200000000000000e+02  -7.8300570334145505e+01
   5.7300000000000000e+02  -7.8156952923605900e+01
   5.7400000000000000e+02  -7.8249179908177894e+01
   5.7500000000000000e+02  -7.7899404840194507e+01
   5.7600000000000000e+02  -7.7227386493500504e+01
   5.7700000000000000e+02  -7.7079360448707504e+01
   5.7800000000000000e+02  -7.6972492951353601e+01
   5.7900000000000000e+02  -7.6359088608563894e+01
   5.8000000000000000e+02  -7.6524810934105005e+01
   5.8100000000000000e+02  -7.6392778730655195e+01
   5.8200000000000000e+02  -7.6203884242817495e+01
   5.8300000000000000e+02  -7.6193551683540505e+01
   5.8400000000000000e+02  -7.6315107894726196e+01
   5.8500000000000000e+02  -7.6301588544225197e+01
   5.8600000000000000e+02  -7.6181818681366593e+01
   5.8700000000000000e+02  -7.5792379002960701e+01
   5.8800000000000000e+02  -7.5504490419817003e+01
   5.8900000000000000e+02  -7.5600412663855295e+01
   5.9000000000000000e+02  -7.5857945607418998e+01
   5.9100000000000000e+02  -7.5411843036118697e+01
   5.9200000000000000e+02  -7.5186104218118899e+01
   5.9300000000000000e+02  -7.5334192979018596e+01
   5.9400000000000000e+02  -7.5356173627838402e+01
   5.9500000000000000e+02  -7.5582963427975102e+01
   5.9600000000000000e+02  -7.5334320732504807e+01
   5.9700000000000000e+02  -7.5787707064980395e+01
   5.9800000000000000e+02  -7.5876559214897995e+01
   5.9900000000000000e+02  -7.5653383688956694e+01
   6.0000000000000000e+02  -7.5731778238927106e+01
   6.0100000000000000e+02  -7.5850290361165307e+01
   6.0200000000000000e+02  -7.6477163628119399e+01
   6.0300000000000000e+02  -7.5653269408454506e+01
   6.0400000000000000e+02  -7.5715253462964398e+01
   6.0500000000000000e+02  -7.5917134055737804e+01
   6.0600000000000000e+02  -7.5853638771084604e+01
   6.0700000000000000e+02  -7.6036785169206894e+01
   6.0800000000000000e+02  -7.6407018749285896e+01
   6.0900000000000000e+02  -7.6156208260551594e+01
   6.1000000000000000e+02  -7.5907814892833599e+01
   6.1100000000000000e+02  -7.5944567285183695e+01
   6.1200000000000000e+02  -7.5939889843954901e+01
   6.1300000000000000e+02  -7.5449594152182598e+01
   6.1400000000000000e+02  -7.5638235955260498e+01
   6.1500000000000000e+02  -7.6077674468416006e+01
   6.1600000000000000e+02  -7.6364318684293707e+01
   6.1700000000000000e+02  -7.6416431642312901e+01
   6.1800000000000000e+02  -7.6134892449025102e+01
   6.1900000000000000e+02  -7.6165611142318099e+01
   6.2000000000000000e+02  -7.6003677952958398e+01
   6.2100000000000000e+02  -7.5755399310519294e+01
   6.2200000000000000e+02  -7.5553932342120405e+01
   6.2300000000000000e+02  -7.6058332686837204e+01
   6.2400000000000000e+02  -7.5910228756139105e+01
   6.2500000000000000e+02  -7.5712074489525307e+01
   6.2600000000000000e+02  -7.5723367691830106e+01
   6.2700000000000000e+02  -7.5526246115299202e+01
   6.2800000000000000e+02  -7.4990713916475300e+01
   6.2900000000000000e+02  -7.5017518224280906e+01
   6.3000000000000000e+02  -7.4417229175969396e+01
   6.3100000000000000e+02  -7.4468040358764995e+01
   6.3200000000000000e+02  -7.4392665999471404e+01
   6.3300000000000000e+02  -7.4277804868885596e+01
   6.3400000000000000e+02  -7.4187428740049697e+01
   6.3500000000000000e+02  -7.3785747863618894e+01
   6.3600000000000000e+02  -7.4425066921329005e+01
   6.3700000000000000e+02  -7.4699510298143295e+01
   6.3800000000000000e+02  -7.5097742842053094e+01
   6.3900000000000000e+02  -7.5251848418476698e+01
   6.4000000000000000e+02  -7.5203292465345697e+01
   6.4100000000000000e+02  -7.5900410390232395e+01
   6.4200000000000000e+02  -7.5750519899149396e+01
   6.4300000000000000e+02  -7.5858828804940799e+01
   6.4400000000000000e+02  -7.5888093038293903e+01
   6.4500000000000000e+02  -7.5773310049057798e+01
   6.4600000000000000e+02  -7.5702839404588403e+01
   6.4700000000000000e+02  -7.5451911006737205e+01
   6.4800000000000000e+02  -7.5525618373394906e+01
   6.4900000000000000e+02  -7.5489076759608494e+01
   6.5000000000000000e+02  -7.5653083249060103e+01
   6.5100000000000000e+02  -7.5435596670580793e+01
   6.5200000000000000e+02  -7.5113940444599805e+01
   6.5300000000000000e+02  -7.4867581977617306e+01
   6.5400000000000000e+02  -7.4667305934848102e+01
   6.5500000000000000e+02  -7.4223494788324004e+01
   6.5600000000000000e+02  -7.3990664995783305e+01
   6.5700000000000000e+02  -7.4069742114847799e+01
   6.5800000000000000e+02  -7.3913553902315499e+01
   6.5900000000000000e+02  -7.4012266472748294e+01
   6.6000000000000000e+02  -7.4486840650590594e+01
   6.6100000000000000e+02  -7.4748192759474705e+01
   6.6200000000000000e+02  -7.4720734289479097e+01
   6.6300000000000000e+02  -7.4901158406088399e+01
   6.6400000000000000e+02  -7.4533010373307803e+01
   6.6500000000000000e+02  -7.3988387435028002e+01
   6.6600000000000000e+02  -7.3861807944192904e+01
   6.6700000000000000e+02  -7.3551171393785197e+01
   6.6800000000000000e+02  -7.3772075635964001e+01
   6.6900000000000000e+02  -7.3760408158550305e+01
   6.7000000000000000e+02  -7.3897635067720401e+01
   6.7100000000000000e+02  -7.4033114003073706e+01
   6.7200000000000000e+02  -7.4545730428553100e+01
   6.7300000000000000e+02  -7.3822470408728904e+01
   6.7400000000000000e+02  -7.3587521850392804e+01
   6.7500000000000000e+02  -7.3707220693301295e+01
   6.7600000000000000e+02  -7.3535933326733300e+01
   6.7700000000000000e+02  -7.3544607156880602e+01
   6.7800000000000000e+02  -7.3270228391196000e+01
   6.7900000000000000e+02  -7.3822299800683098e+01
   6.8000000000000000e+02  -7.3366135216612193e+01
   6.8100000000000000e+02  -7.3282363678419003e+01
   6.8200000000000000e+02  -7.3242644745485705e+01
   6.8300000000000000e+02  -7.3117648134820300e+01
   6.8400000000000000e+02  -7.3684709248988497e+01
   6.8500000000000000e+02  -7.3478343604826904e+01
   6.8600000000000000e+02  -7.3509776383489296e+01
   6.8700000000000000e+02  -7.3869224997838302e+01
   6.8800000000000000e+02  -7.3685902196116203e+01
   6.8900000000000000e+02  -7.3686525640172704e+01
   6.9000000000000000e+02  -7.3575283711300699e+01
   6.9100000000000000e+02  -7.3749516350859196e+01
   6.9200000000000000e+02  -7.3712909067760293e+01
   6.9300000000000000e+02  -7.3717920828346394e+01
   6.9400000000000000e+02  -7.3958647020074494e+01
   6.9500000000000000e+02  -7.4251094667674593e+01
   6.9600000000000000e+02  -7.4728597649730304e+01
   6.9700000000000000e+02  -7.4552056035145995e+01
   6.9800000000000000e+02  -7.4551311379147705e+01
   6.9900000000000000e+02  -7.4533202954165304e+01
   7.0000000000000000e+02  -7.4575140979271893e+01
   7.0100000000000000e+02  -7.4719849958087096e+01
   7.0200000000000000e+02  -7.4585839573656997e+01
   7.0300000000000000e+02  -7.4160003961368403e+01
   7.0400000000000000e+02  -7.4360632021653402e+01
   7.0500000000000000e+02  -7.4440183458609098e+01
   7.0600000000000000e+02  -7.4762442941547604e+01
   7.0700000000000000e+02  -7.4980971069517693e+01
   7.0800000000000000e+02  -7.5029970480852896e+01
   7.0900000000000000e+02  -7.5145287975351295e+01
   7.1000000000000000e+02  -7.5290756682389897e+01
   7.1100000000000000e+02  -7.5636236940052598e+01
   7.1200000000000000e+02  -7.6044280659932596e+01
   7.1300000000000000e+02  -7.5771125981145104e+01
   7.1400000000000000e+02  -7.5887726778810205e+01
   7.1500000000000000e+02  -7.6130752600139900e+01
   7.1600000000000000e+02  -7.6261016616201502e+01
   7.1700000000000000e+02  -7.5946363009250703e+01
   7.1800000000000000e+02  -7.6101926116604304e+01
   7.1900000000000000e+02  -7.5650472747322297e+01
   7.2000000000000000e+02  -7.5677839458590697e+01
   7.2100000000000000e+02  -7.6044226047730305e+01
   7.2200000000000000e+02  -7.6176977395892393e+01
   7.2300000000000000e+02  -7.5998629624791107e+01
   7.2400000000000000e+02  -7.5754252681254698e+01
   7.2500000000000000e+02  -7.5450318950605094e+01
   7.2600000000000000e+02  -7.4740956783765895e+01
   7.2700000000000000e+02  -7.4412548743650802e+01
   7.2800000000000000e+02  -7.3996950561102494e+01
   7.2900000000000000e+02  -7.4092940685038698e+01
   7.3000000000000000e+02  -7.4277140779075594e+01
   7.3100000000000000e+02  -7.3990472480724605e+01
   7.3200000000000000e+02  -7.3640875632446793e+01
   7.3300000000000000e+02  -7.3499427457339706e+01
   7.3400000000000000e+02  -7.3795420939706901e+01
   7.3500000000000000e+02  -7.3865520636775500e+01
   7.3600000000000000e+02  -7.3689866923564196e+01
   7.3700000000000000e+02  -7.3567717302523704e+01
   7.3800000000000000e+02  -7.3867693762842293e+01
   7.3900000000000000e+02  -7.4127543660561599e+01
   7.4000000000000000e+02  -7.3795508659444906e+01
   7.4100000000000000e+02  -7.3486795546033804e+01
   7.4200000000000000e+02  -7.3692680501715401e+01
   7.4300000000000000e+02  -7.3478414130727401e+01
   7.4400000000000000e+02  -7.3538512212906298e+01
   7.4500000000000000e+02  -7.3116582523544196e+01
   7.4600000000000000e+02  -7.2868950477029699e+01
   7.4700000000000000e+02  -7.3422028716582702e+01
   7.4800000000000000e+02  -7.3126198943480503e+01
   7.4900000000000000e+02  -7.3255287193851302e+01
   7.5000000000000000e+02  -7.3297336107100705e+01
   7.5100000000000000e+02  -7.3800754062984396e+01
   7.5200000000000000e+02  -7.3688731805729901e+01
   7.5300000000000000e+02  -7.3676801296455494e+01
   7.5400000000000000e+02  -7.4121233434921294e+01
   7.5500000000000000e+02  -7.4218995623034004e+01
   7.5600000000000000e+02  -7.4298244928193995e+01
   7.5700000000000000e+02  -7.4663342751024004e+01
   7.5800000000000000e+02  -7.4588295040895900e+01
   7.5900000000000000e+02  -7.4565601403149103e+01
   7.6000000000000000e+02  -7.4360762816726094e+01
   7.6100000000000000e+02  -7.3970280222282895e+01
   7.6200000000000000e+02  -7.3711652542563797e+01
   7.6300000000000000e+02  -7.3571087613926807e+01
   7.6400000000000000e+02  -7.4065010772568897e+01
   7.6500000000000000e+02  -7.4014970453545402e+01
   7.6600000000000000e+02  -7.3805520394808795e+01
   7.6700000000000000e+02  -7.3745454164438598e+01
   7.6800000000000000e+02  -7.3237611327040099e+01
   7.6900000000000000e+02  -7.3465316772046094e+01
   7.7000000000000000e+02  -7.3433553709693797e+01
   7.7100000000000000e+02  -7.3499043374273697e+01
   7.7200000000000000e+02  -7.3849571491190900e+01
   7.7300000000000000e+02  -7.3372572355115594e+01
   7.7400000000000000e+02  -7.3251648604900495e+01
   7.7500000000000000e+02  -7.3297388102632794e+01
   7.7600000000000000e+02  -7.3176068502522398e+01
   7.7700000000000000e+02  -7.3230676215855596e+01
   7.7800000000000000e+02  -7.3191682207486494e+01
   7.7900000000000000e+02  -7.3427751834688706e+01
   7.8000000000000000e+02  -7.3630121157899893e+01
   7.8100000000000000e+02  -7.3656275308868899e+01
   7.8200000000000000e+02  -7.3306584445268200e+01
   7.8300000000000000e+02  -7.3412360338533105e+01
   7.8400000000000000e+02  -7.3476919113574894e+01
   7.8500000000000000e+02  -7.2986115554196900e+01
   7.8600000000000000e+02  -7.3008501590851694e+01
   7.8700000000000000e+02  -7.3286341469728001e+01
   7.8800000000000000e+02  -7.3231982599719004e+01
   7.8900000000000000e+02  -7.2698792168471101e+01
   7.9000000000000000e+02  -7.2614024905114405e+01
   7.9100000000000000e+02  -7.2527781510128705e+01
   7.9200000000000000e+02  -7.2169191168104604e+01
   7.9300000000000000e+02  -7.2039157507979098e+01
   7.9400000000000000e+02  -7.1716247961108905e+01
   7.9500000000000000e+02  -7.1580917983835903e+01
   7.9600000000000000e+02  -7.1375059860033303e+01
   7.9700000000000000e+02  -7.1469537938599998e+01
   7.9800000000000000e+02  -7.1551240109525196e+01
   7.9900000000000000e+02  -7.1811018873456405e+01
   8.0000000000000000e+02  -7.1797477510502304e+01
   8.0100000000000000e+02  -7.2078069935230801e+01
   8.0200000000000000e+02  -7.1945268203013200e+01
   8.0300000000000000e+02  -7.1491712531349805e+01
   8.0400000000000000e+02  -7.1800990290909297e+01
   8.0500000000000000e+02  -7.1706192516113802e+01
   8.0600000000000000e+02  -7.1888310942604605e+01
   8.0700000000000000e+02  -7.1921062918418301e+01
   8.0800000000000000e+02  -7.1659061817971093e+01
   8.0900000000000000e+02  -7.1225039926376894e+01
   8.1000000000000000e+02  -7.1090970355503899e+01
   8.1100000000000000e+02  -7.1400316162209606e+01
   8.1200000000000000e+02  -7.1597345639101405e+01
   8.1300000000000000e+02  -7.1444983925160003e+01
   8.1400000000000000e+02  -7.1461153577252603e+01
   8.1500000000000000e+02  -7.1537650122688106e+01
   8.1600000000000000e+02  -7.1878077563265705e+01
   8.1700000000000000e+02  -7.1593255910309793e+01
   8.1800000000000000e+02  -7.1453854981899298e+01
   8.1900000000000000e+02  -7.1292288252342004e+01
   8.2000000000000000e+02  -7.1821572481504603e+01
   8.2100000000000000e+02  -7.1606695624238398e+01
   8.2200000000000000e+02  -7.1754392644056793e+01
   8.2300000000000000e+02  -7.1593362914232301e+01
   8.2400000000000000e+02  -7.2018972115351900e+01
   8.2500000000000000e+02  -7.2529272432791103e+01
   8.2600000000000000e+02  -7.2251529968495007e+01
   8.2700000000000000e+02  -7.2088551108465197e+01
   8.2800000000000000e+02  -7.2220443384279704e+01
   8.2900000000000000e+02  -7.1932204549573697e+01
   8.3000000000000000e+02  -7.1730877381173102e+01
   8.3100000000000000e+02  -7.1961466135269404e+01
   8.3200000000000000e+02  -7.2052834676970093e+01
   8.3300000000000000e+02  -7.2136938832757494e+01
   8.3400000000000000e+02  -7.2665110818991096e+01
   8.3500000000000000e+02  -7.2948743508790699e+01
   8.3600000000000000e+02  -7.2618713305496200e+01
   8.3700000000000000e+02  -7.2949572184268902e+01
   8.3800000000000000e+02  -7.3181540162035105e+01
   8.3900000000000000e+02  -7.2811182556633597e+01
   8.4000000000000000e+02  -7.2665611136967996e+01
   8.4100000000000000e+02  -7.2248065890392596e+01
   8.4200000000000000e+02  -7.2293459024584394e+01
   8.4300000000000000e+02  -7.2470507511633997e+01
   8.4400000000000000e+02  -7.2154792231175605e+01
   8.4500000000000000e+02  -7.2809391447544698e+01
   8.4600000000000000e+02  -7.3192986326613394e+01
   8.4700000000000000e+02  -7.3870956095125194e+01
   8.4800000000000000e+02  -7.3863844840275505e+01
   8.4900000000000000e+02  -7.4157161699867700e+01
   8.5000000000000000e+02  -7.4312300792539901e+01
   8.5100000000000000e+02  -7.4444909952572900e+01
   8.5200000000000000e+02  -7.4336153345214697e+01
   8.5300000000000000e+02  -7.4469122224522707e+01
   8.5400000000000000e+02  -7.4130894477849296e+01
   8.5500000000000000e+02  -7.3699698350014202e+01
   8.5600000000000000e+02  -7.3447422072710296e+01
   8.5700000000000000e+02  -7.3370983536102301e+01
   8.5800000000000000e+02  -7.3936715003177895e+01
   8.5900000000000000e+02  -7.4431759774276301e+01
   8.6000000000000000e+02  -7.4962104185495903e+01
   8.6100000000000000e+02  -7.4771109795893295e+01
   8.6200000000000000e+02  -7.4806396296785707e+01
   8.6300000000000000e+02  -7.4748157347555804e+01
   8.6400000000000000e+02  -7.4869492516662703e+01
   8.6500000000000000e+02  -7.4844540860220206e+01
   8.6600000000000000e+02  -7.5063985907972906e+01
   8.6700000000000000e+02  -7.4835764911472296e+01
   8.6800000000000000e+02  -7.4583132088079296e+01
   8.6900000000000000e+02  -7.4853578832536996e+01
   8.7000000000000000e+02  -7.4890925306987896e+01
   8.7100000000000000e+02  -7.4650135606222506e+01
   8.7200000000000000e+02  -7.4640117276553497e+01
   8.7300000000000000e+02  -7.4833936507703797e+01
   8.7400000000000000e+02  -7.4798645121395097e+01
   8.7500000000000000e+02  -7.4848368663271998e+01
   8.7600000000000000e+02  -7.4419507484481102e+01
   8.7700000000000000e+02  -7.3766913537533597e+01
   8.7800000000000000e+02  -7.4051016898658801e+01
   8.7900000000000000e+02  -7.4247976635518597e+01
   8.8000000000000000e+02  -7.4517199687682094e+01
   8.8100000000000000e+02  -7.4448704048848995e+01
   8.8200000000000000e+02  -7.3549743979040002e+01
   8.8300000000000000e+02  -7.3962966186507202e+01
   8.8400000000000000e+02  -7.4206481921758396e+01
   8.8500000000000000e+02  -7.4652244721027003e+01
   8.8600000000000000e+02  -7.4806433138616697e+01
   8.8700000000000000e+02  -7.4966130099189897e+01
   8.8800000000000000e+02  -7.5211639501867793e+01
   8.8900000000000000e+02  -7.4937101342645605e+01
   8.9000000000000000e+02  -7.4829013787009700e+01
   8.9100000000000000e+02  -7.4810501682759707e+01
   8.9200000000000000e+02  -7.5032494885033103e+01
   8.9300000000000000e+02  -7.4409554731546194e+01
   8.9400000000000000e+02  -7.4606844850776795e+01
   8.9500000000000000e+02  -7.4759310225553094e+01
   8.9600000000000000e+02  -7.4723790926724703e+01
   8.9700000000000000e+02  -7.5167952349197805e+01
   8.9800000000000000e+02  -7.5235970085822700e+01
   8.9900000000000000e+02  -7.5577491268185497e+01
   9.0000000000000000e+02  -7.5820082446758406e+01
   9.0100000000000000e+02  -7.6117370109556802e+01
   9.0200000000000000e+02  -7.6297594705313401e+01
   9.0300000000000000e+02  -7.6072628227439495e+01
   9.0400000000000000e+02  -7.6015071895838403e+01
   9.0500000000000000e+02  -7.6091345916604794e+01
   9.0600000000000000e+02  -7.5831564589432702e+01
   9.0700000000000000e+02  -7.5728341866356502e+01
   9.0800000000000000e+02  -7.5982710924399896e+01
   9.0900000000000000e+02  -7.6340666482494299e+01
   9.1000000000000000e+02  -7.6485616501973794e+01
   9.1100000000000000e+02  -7.7015053424796903e+01
   9.1200000000000000e+02  -7.7026091154044195e+01
   9.1300000000000000e+02  -7.7215883960838198e+01
   9.1400000000000000e+02  -7.7195656283232196e+01
   9.1500000000000000e+02  -7.6892550247805005e+01
   9.1600000000000000e+02  -7.6727857538734696e+01
   9.1700000000000000e+02  -7.6635349985178493e+01
   9.1800000000000000e+02  -7.6714745524726496e+01
   9.1900000000000000e+02  -7.6694552904918297e+01
   9.2000000000000000e+02  -7.6951493385848593e+01
   9.2100000000000000e+02  -7.6611359496744996e+01
   9.2200000000000000e+02  -7.5849541087522994e+01
   9.2300000000000000e+02  -7.5560369504733998e+01
   9.2400000000000000e+02  -7.5569137851046705e+01
   9.2500000000000000e+02  -7.5274152242681694e+01
   9.2600000000000000e+02  -7.4604114893902903e+01
   9.2700000000000000e+02  -7.4510389142030505e+01
   9.2800000000000000e+02  -7.4886926860558503e+01
   9.2900000000000000e+02  -7.5415439516427000e+01
   9.3000000000000000e+02  -7.5073997301518403e+01
   9.3100000000000000e+02  -7.4927454869625805e+01
   9.3200000000000000e+02  -7.4745733359265301e+01
   9.3300000000000000e+02  -7.4850629559582600e+01
   9.3400000000000000e+02  -7.4762383746808396e+01
   9.3500000000000000e+02  -7.4297458586619499e+01
   9.3600000000000000e+02  -7.4228376044567000e+01
   9.3700000000000000e+02  -7.3849333128483096e+01
   9.3800000000000000e+02  -7.3981023385275094e+01
   9.3900000000000000e+02  -7.4257221177997494e+01
   9.4000000000000000e+02  -7.4659965384154006e+01
   9.4100000000000000e+02  -7.4457924882704106e+01
   9.4200000000000000e+02  -7.4109770763320299e+01
   9.4300000000000000e+02  -7.3984343888162897e+01
   9.4400000000000000e+02  -7.4173550448840302e+01
   9.4500000000000000e+02  -7.4590520644676801e+01
   9.4600000000000000e+02  -7.4417664045355593e+01
   9.4700000000000000e+02  -7.4551079031789300e+01
   9.4800000000000000e+02  -7.4725935896919296e+01
   9.4900000000000000e+02  -7.4340201554472600e+01
   9.5000000000000000e+02  -7.4603994767306702e+01
   9.5100000000000000e+02  -7.4196712335929703e+01
   9.5200000000000000e+02  -7.3717241317809993e+01
   9.5300000000000000e+02  -7.3866212006751098e+01
   9.5400000000000000e+02  -7.4003557926006906e+01
   9.5500000000000000e+02  -7.3711914037714195e+01
   9.5600000000000000e+02  -7.3620578156049206e+01
   9.5700000000000000e+02  -7.3729168227180807e+01
   9.5800000000000000e+02  -7.3316133862428501e+01
   9.5900000000000000e+02  -7.3227072412594893e+01
   9.6000000000000000e+02  -7.3139397133118806e+01
   9.6100000000000000e+02  -7.3212657827667300e+01
   9.6200000000000000e+02  -7.3018713993283299e+01
   9.6300000000000000e+02  -7.2787762897517197e+01
   9.6400000000000000e+02  -7.2583178104471699e+01
   9.6500000000000000e+02  -7.2171446858877800e+01
   9.6600000000000000e+02  -7.1932451727030298e+01
   9.6700000000000000e+02  -7.2290058231435495e+01
   9.6800000000000000e+02  -7.2107811414487301e+01
   9.6900000000000000e+02  -7.1983472703646001e+01
   9.7000000000000000e+02  -7.1697251016579600e+01
   9.7100000000000000e+02  -7.2216098078799405e+01
   9.7200000000000000e+02  -7.2389794385989504e+01
   9.7300000000000000e+02  -7.2833510541258804e+01
   9.7400000000000000e+02  -7.3107178607626295e+01
   9.7500000000000000e+02  -7.3126486569804001e+01
   9.7600000000000000e+02  -7.3729741411254807e+01
   9.7700000000000000e+02  -7.3760274245862107e+01
   9.7800000000000000e+02  -7.3531370207884905e+01
   9.7900000000000000e+02  -7.3484840295548906e+01
   9.8000000000000000e+02  -7.3400794436002002e+01
   9.8100000000000000e+02  -7.3770638834350507e+01
   9.8200000000000000e+02  -7.3826112603760293e+01
   9.8300000000000000e+02  -7.3887699047845501e+01
   9.8400000000000000e+02  -7.4100591876863604e+01
   9.8500000000000000e+02  -7.3639146918518193e+01
   9.8600000000000000e+02  -7.3237747339743905e+01
   9.8700000000000000e+02  -7.3609010221998005e+01
   9.8800000000000000e+02  -7.3783420116317203e+01
   9.8900000000000000e+02  -7.3430946821539706e+01
   9.9000000000000000e+02  -7.3197922138936804e+01
   9.9100000000000000e+02  -7.3210709321758898e+01
   9.9200000000000000e+02  -7.3488561733386305e+01
   9.9300000000000000e+02  -7.2952066519506104e+01
   9.9400000000000000e+02  -7.2931166957809495e+01
   9.9500000000000000e+02  -7.3179055237182396e+01
   9.9600000000000000e+02  -7.3227771273158496e+01
   9.9700000000000000e+02  -7.3441357500421603e+01
   9.9800000000000000e+02  -7.3181499420452994e+01
   9.9900000000000000e+02  -7.3288328067054906e+01
   1.0000000000000000e+03  -7.3652885943912807e+01
   1.0010000000000000e+03  -7.3543926951655806e+01
   1.0020000000000000e+03  -7.3403447033935706e+01
   1.0030000000000000e+03  -7.3183375306946999e+01
   1.0040000000000000e+03  -7.3476722331755795e+01
   1.0050000000000000e+03  -7.3714679296585800e+01
   1.0060000000000000e+03  -7.3500422832597195e+01
   1.0070000000000000e+03  -7.3267104058806794e+01
   1.0080000000000000e+03  -7.2645218668962400e+01
   1.0090000000000000e+03  -7.2690497349796800e+01
   1.0100000000000000e+03  -7.2575339825142507e+01
   1.0110000000000000e+03  -7.2881443644374599e+01
   1.0120000000000000e+03  -7.2523265549918094e+01
   1.0130000000000000e+03  -7.2190065912370500e+01
   1.0140000000000000e+03  -7.1793835650419894e+01
   1.0150000000000000e+03  -7.1689357632262798e+01
   1.0160000000000000e+03  -7.1828649373192206e+01
   1.0170000000000000e+03  -7.1734476806633893e+01
   1.0180000000000000e+03  -7.2308672197056893e+01
   1.0190000000000000e+03  -7.2171118987678994e+01
   1.0200000000000000e+03  -7.2017088328450896e+01
   1.0210000000000000e+03  -7.2493664933656405e+01
   1.0220000000000000e+03  -7.2479549784116898e+01
   1.0230000000000000e+03  -7.2124114479255994e+01
   1.0240000000000000e+03  -7.2685747096810204e+01
   1.0250000000000000e+03  -7.2532865359764997e+01
   1.0260000000000000e+03  -7.2311130153922704e+01
   1.0270000000000000e+03  -7.2189578228222700e+01
   1.0280000000000000e+03  -7.2117282295392201e+01
   1.0290000000000000e+03  -7.2204394327894903e+01
   1.0300000000000000e+03  -7.2061001693703403e+01
   1.0310000000000000e+03  -7.2201043584420106e+01
   1.0320000000000000e+03  -7.1955341625927900e+01
   1.0330000000000000e+03  -7.2284489325180601e+01
   1.0340000000000000e+03  -7.1860880319949004e+01
   1.0350000000000000e+03  -7.1755324934897502e+01
   1.0360000000000000e+03  -7.1640410588166503e+01
   1.0370000000000000e+03  -7.1960964654165906e+01
   1.0380000000000000e+03  -7.1842098351097505e+01
   1.0390000000000000e+03  -7.1492057537978397e+01
   1.0400000000000000e+03  -7.1335175718721501e+01
   1.0410000000000000e+03  -7.1506182914863302e+01
   1.0420000000000000e+03  -7.1246621633598906e+01
   1.0430000000000000e+03  -7.0991400868093194e+01
   1.0440000000000000e+03  -7.0882050692939600e+01
   1.0450000000000000e+03  -7.1490653375695402e+01
   1.0460000000000000e+03  -7.1050060212542604e+01
   1.0470000000000000e+03  -7.0749893986542702e+01
   1.0480000000000000e+03  -7.0984228875279001e+01
   1.0490000000000000e+03  -7.0646210394751407e+01
   1.0500000000000000e+03  -7.0585647602218700e+01
   1.0510000000000000e+03  -7.0852069756586403e+01
   1.0520000000000000e+03  -7.0587471111911000e+01
   1.0530000000000000e+03  -7.0433316255205696e+01
   1.0540000000000000e+03  -7.0694651088743200e+01
   1.0550000000000000e+03  -7.0752223011642599e+01
   1.0560000000000000e+03  -7.0830634730369994e+01
   1.0570000000000000e+03  -7.1031220852999496e+01
   1.0580000000000000e+03  -7.0748298594207697e+01
   1.0590000000000000e+03  -7.0225019920295495e+01
   1.0600000000000000e+03  -6.9657789995445199e+01
   1.0610000000000000e+03  -6.9572866557611704e+01
   1.0620000000000000e+03  -6.8975084821976694e+01
   1.0630000000000000e+03  -6.9090707314058093e+01
   1.0640000000000000e+03  -6.9390157977212596e+01
   1.0650000000000000e+03  -6.9256283994442796e+01
   1.0660000000000000e+03  -6.9525580643708196e+01
   1.0670000000000000e+03  -6.9513296105565800e+01
   1.0680000000000000e+03  -6.9041505578998994e+01
   1.0690000000000000e+03  -6.8657223467221399e+01
   1.0700000000000000e+03  -6.8154198150963893e+01
   1.0710000000000000e+03  -6.8278336053999595e+01
   1.0720000000000000e+03  -6.8225048903731604e+01
   1.0730000000000000e+03  -6.7774494444663105e+01
   1.0740000000000000e+03  -6.7393589167416806e+01
   1.0750000000000000e+03  -6.7302556975783403e+01
   1.0760000000000000e+03  -6.7514393259931794e+01
   1.0770000000000000e+03  -6.7343641945496202e+01
   1.0780000000000000e+03  -6.7175534491112899e+01
   1.0790000000000000e+03  -6.7092393673795399e+01
   1.0800000000000000e+03  -6.6602385286508095e+01
   1.0810000000000000e+03  -6.6463873483790806e+01
   1.0820000000000000e+03  -6.6012701895738402e+01
   1.0830000000000000e+03  -6.5972801718741195e+01
   1.0840000000000000e+03  -6.5170007826627497e+01
   1.0850000000000000e+03  -6.4367650336388493e+01
   1.0860000000000000e+03  -6.3789968479931098e+01
   1.0870000000000000e+03  -6.3068783437118000e+01
   1.0880000000000000e+03  -6.2313614526232300e+01
   1.0890000000000000e+03  -6.0913727029447699e+01
   1.0900000000000000e+03  -5.9124249831561997e+01
   1.0910000000000000e+03  -5.6923638140034299e+01
   1.0920000000000000e+03  -5.2555922006648103e+01
   1.0930000000000000e+03  -3.8850609052587501e+01
   1.0940000000000000e+03  -8.8875711570063007e+00
