  -1.0000000000000000e+02  -7.3584479054788304e+01
  -9.9000000000000000e+01  -7.3577267224939604e+01
  -9.8000000000000000e+01  -7.3203219057705695e+01
  -9.7000000000000000e+01  -7.3269870285591296e+01
  -9.6000000000000000e+01  -7.3809425312114200e+01
  -9.5000000000000000e+01  -7.3935289745846006e+01
  -9.4000000000000000e+01  -7.4194350633222498e+01
  -9.3000000000000000e+01  -7.4190123027180405e+01
  -9.2000000000000000e+01  -7.4216583780253998e+01
  -9.1000000000000000e+01  -7.3860907972639893e+01
  -9.0000000000000000e+01  -7.3849780813817205e+01
  -8.9000000000000000e+01  -7.3560776371278806e+01
  -8.8000000000000000e+01  -7.3233510187607493e+01
  -8.7000000000000000e+01  -7.3632993331860504e+01
  -8.6000000000000000e+01  -7.3685319977735205e+01
  -8.5000000000000000e+01  -7.3891531699680101e+01
  -8.4000000000000000e+01  -7.3896063809568304e+01
  -8.3000000000000000e+01  -7.3778537863398995e+01
  -8.2000000000000000e+01  -7.3253945366978897e+01
  -8.1000000000000000e+01  -7.3065553293527103e+01
  -8.0000000000000000e+01  -7.2985827091744895e+01
  -7.9000000000000000e+01  -7.2484968323355503e+01
  -7.8000000000000000e+01  -7.2930007335938896e+01
  -7.7000000000000000e+01  -7.2527884519784806e+01
  -7.6000000000000000e+01  -7.2601858771566796e+01
  -7.5000000000000000e+01  -7.2277539729390000e+01
  -7.4000000000000000e+01  -7.2248681698416803e+01
  -7.3000000000000000e+01  -7.1998238939624102e+01
  -7.2000000000000000e+01  -7.1894299681560796e+01
  -7.1000000000000000e+01  -7.2198470424202299e+01
  -7.0000000000000000e+01  -7.2135956619358794e+01
  -6.9000000000000000e+01  -7.1785042441113205e+01
  -6.8000000000000000e+01  -7.1675181391612199e+01
  -6.7000000000000000e+01  -7.1122809776525500e+01
  -6.6000000000000000e+01  -7.0674344336221594e+01
  -6.5000000000000000e+01  -7.1250164195639996e+01
  -6.4000000000000000e+01  -7.0911962057045599e+01
  -6.3000000000000000e+01  -7.1103573203763801e+01
  -6.2000000000000000e+01  -7.0666289454202797e+01
  -6.1000000000000000e+01  -7.0891305778660595e+01
  -6.0000000000000000e+01  -7.1034606969119395e+01
  -5.9000000000000000e+01  -7.0811644627243098e+01
  -5.8000000000000000e+01  -7.0556381328694400e+01
  -5.7000000000000000e+01  -7.0513685837950305e+01
  -5.6000000000000000e+01  -7.0240653746136502e+01
  -5.5000000000000000e+01  -7.0086684887978706e+01
  -5.4000000000000000e+01  -7.0557350706111706e+01
  -5.3000000000000000e+01  -7.0565120096074494e+01
  -5.2000000000000000e+01  -7.0380302281547102e+01
  -5.1000000000000000e+01  -7.0072585345414495e+01
  -5.0000000000000000e+01  -7.0036451798750207e+01
  -4.9000000000000000e+01  -7.0385187390414700e+01
  -4.8000000000000000e+01  -6.9903158286288004e+01
  -4.7000000000000000e+01  -6.9927180942448899e+01
  -4.6000000000000000e+01  -7.0294156078736705e+01
  -4.5000000000000000e+01  -7.0210123897161793e+01
  -4.4000000000000000e+01  -7.0023293495561106e+01
  -4.3000000000000000e+01  -6.9819509670773797e+01
  -4.2000000000000000e+01  -6.9883747464412494e+01
  -4.1000000000000000e+01  -6.9536178562704293e+01
  -4.0000000000000000e+01  -6.9464801849813000e+01
  -3.9000000000000000e+01  -6.9464208477525801e+01
  -3.8000000000000000e+01  -6.9240318087845296e+01
  -3.7000000000000000e+01  -6.9178991014671297e+01
  -3.6000000000000000e+01  -6.9568594987664099e+01
  -3.5000000000000000e+01  -6.9220570138399097e+01
  -3.4000000000000000e+01  -6.9065653945130094e+01
  -3.3000000000000000e+01  -6.8783964544067999e+01
  -3.2000000000000000e+01  -6.8993368238375794e+01
  -3.1000000000000000e+01  -6.8976954501795703e+01
  -3.0000000000000000e+01  -6.8802810338664699e+01
  -2.9000000000000000e+01  -6.8482481514822894e+01
  -2.8000000000000000e+01  -6.8192866786446004e+01
  -2.7000000000000000e+01  -6.7893525872376301e+01
  -2.6000000000000000e+01  -6.7971071784260801e+01
  -2.5000000000000000e+01  -6.7924048793287596e+01
  -2.4000000000000000e+01  -6.7876243597782207e+01
  -2.3000000000000000e+01  -6.7711303729809003e+01
  -2.2000000000000000e+01  -6.7679732401083996e+01
  -2.1000000000000000e+01  -6.7526036684421598e+01
  -2.0000000000000000e+01  -6.7132447950866805e+01
  -1.9000000000000000e+01  -6.6991759318006004e+01
  -1.8000000000000000e+01  -6.6874248608697002e+01
  -1.7000000000000000e+01  -6.6510524008618404e+01
  -1.6000000000000000e+01  -6.5893075339012995e+01
  -1.5000000000000000e+01  -6.5146171021216404e+01
  -1.4000000000000000e+01  -6.4715201881870598e+01
  -1.3000000000000000e+01  -6.4757960557792600e+01
  -1.2000000000000000e+01  -6.4474814357415994e+01
  -1.1000000000000000e+01  -6.4274906944470601e+01
  -1.0000000000000000e+01  -6.3407973460472100e+01
  -9.0000000000000000e+00  -6.2966527330245299e+01
  -8.0000000000000000e+00  -6.2695674250577298e+01
  -7.0000000000000000e+00  -6.1839515645582502e+01
  -6.0000000000000000e+00  -6.1181548402439802e+01
  -5.0000000000000000e+00  -6.0147595622514402e+01
  -4.0000000000000000e+00  -5.8380890891039897e+01
  -3.0000000000000000e+00  -5.5460166927748197e+01
  -2.0000000000000000e+00  -5.0882644601607900e+01
  -1.0000000000000000e+00  -3.6822912407054602e+01
   0.0000000000000000e+00  -1.2101452025967999e+01
   1.0000000000000000e+00   4.4881663043878204e+00
   2.0000000000000000e+00   1.4485489020441999e+01
   3.0000000000000000e+00   2.0086220819225499e+01
   4.0000000000000000e+00   2.3820266903081500e+01
   5.0000000000000000e+00   2.5125443106587898e+01
   6.0000000000000000e+00   2.5744351779551199e+01
   7.0000000000000000e+00   2.6601831738002900e+01
   8.0000000000000000e+00   2.7038262589205299e+01
   9.0000000000000000e+00   2.7785934573503400e+01
   1.0000000000000000e+01   2.7995651217589199e+01
   1.1000000000000000e+01   2.7997616270129800e+01
   1.2000000000000000e+01   2.7913825371896401e+01
   1.3000000000000000e+01   2.8247851139198101e+01
   1.4000000000000000e+01   2.8886896671050899e+01
   1.5000000000000000e+01   2.9171456073428502e+01
   1.6000000000000000e+01   2.9383472747539901e+01
   1.7000000000000000e+01   2.9960047005925102e+01
   1.8000000000000000e+01   3.0181686933270100e+01
   1.9000000000000000e+01   3.0395480163004699e+01
   2.0000000000000000e+01   3.0370197614281601e+01
   2.1000000000000000e+01   3.0726470424263599e+01
   2.2000000000000000e+01   3.0659813062469802e+01
   2.3000000000000000e+01   3.0466239891861100e+01
   2.4000000000000000e+01   3.0624378446497701e+01
   2.5000000000000000e+01   3.0681018583755300e+01
   2.6000000000000000e+01   3.0374835577118098e+01
   2.7000000000000000e+01   3.0297105251245000e+01
   2.8000000000000000e+01   3.0430326426817800e+01
   2.9000000000000000e+01   3.0615981516889999e+01
   3.0000000000000000e+01   3.0851853703731301e+01
   3.1000000000000000e+01   3.0814188897295999e+01
   3.2000000000000000e+01   3.0638225566777098e+01
   3.3000000000000000e+01   3.0399337069827599e+01
   3.4000000000000000e+01   3.0445730371951299e+01
   3.5000000000000000e+01   3.0576759966511698e+01
   3.6000000000000000e+01   3.0745475475186499e+01
   3.7000000000000000e+01   3.0563590299992399e+01
   3.8000000000000000e+01   3.1025632463496802e+01
   3.9000000000000000e+01   3.1577093282433601e+01
   4.0000000000000000e+01   3.1591169934866599e+01
   4.1000000000000000e+01   3.1809228296289000e+01
   4.2000000000000000e+01   3.2386744508347697e+01
   4.3000000000000000e+01   3.2624746607084397e+01
   4.4000000000000000e+01   3.2684007215447203e+01
   4.5000000000000000e+01   3.2946668531816002e+01
   4.6000000000000000e+01   3.3062217369081900e+01
   4.7000000000000000e+01   3.3267895417854703e+01
   4.8000000000000000e+01   3.3266667629943598e+01
   4.9000000000000000e+01   3.3311795966557597e+01
   5.0000000000000000e+01   3.3081367227474900e+01
   5.1000000000000000e+01   3.2655213959935899e+01
   5.2000000000000000e+01   3.2873084001698601e+01
   5.3000000000000000e+01   3.3033265180372901e+01
   5.4000000000000000e+01   3.3178371670393901e+01
   5.5000000000000000e+01   3.3255464604709097e+01
   5.6000000000000000e+01   3.3454600706630998e+01
   5.7000000000000000e+01   3.3780178147908103e+01
   5.8000000000000000e+01   3.3953798748399301e+01
   5.9000000000000000e+01   3.4183609190075998e+01
   6.0000000000000000e+01   3.4291353338120402e+01
   6.1000000000000000e+01   3.4115256263996699e+01
   6.2000000000000000e+01   3.4322957969012101e+01
   6.3000000000000000e+01   3.4274608123071602e+01
   6.4000000000000000e+01   3.4239556045828003e+01
   6.5000000000000000e+01   3.4707238765367102e+01
   6.6000000000000000e+01   3.4795973340079797e+01
   6.7000000000000000e+01   3.4747415013308299e+01
   6.8000000000000000e+01   3.4654621361526402e+01
   6.9000000000000000e+01   3.4722418956230001e+01
   7.0000000000000000e+01   3.4924040349497901e+01
   7.1000000000000000e+01   3.5121584964095597e+01
   7.2000000000000000e+01   3.5501376582781603e+01
   7.3000000000000000e+01   3.5312852826032398e+01
   7.4000000000000000e+01   3.5435359330132599e+01
   7.5000000000000000e+01   3.5676227998562901e+01
   7.6000000000000000e+01   3.5689887550375097e+01
   7.7000000000000000e+01   3.5993779779973103e+01
   7.8000000000000000e+01   3.6384372357049301e+01
   7.9000000000000000e+01   3.6147967704989902e+01
   8.0000000000000000e+01   3.6161918626937300e+01
   8.1000000000000000e+01   3.5986016779516802e+01
   8.2000000000000000e+01   3.6156717589177902e+01
   8.3000000000000000e+01   3.6135378607514099e+01
   8.4000000000000000e+01   3.5687138344644502e+01
   8.5000000000000000e+01   3.5182425118478200e+01
   8.6000000000000000e+01   3.5147825059097400e+01
   8.7000000000000000e+01   3.5349760579805100e+01
   8.8000000000000000e+01   3.5584361395308697e+01
   8.9000000000000000e+01   3.5274528212607201e+01
   9.0000000000000000e+01   3.5196266843887003e+01
   9.1000000000000000e+01   3.5361920178177400e+01
   9.2000000000000000e+01   3.5575799027508403e+01
   9.3000000000000000e+01   3.5460547598626697e+01
   9.4000000000000000e+01   3.5274091465570301e+01
   9.5000000000000000e+01   3.5017586605427802e+01
   9.6000000000000000e+01   3.5074241348066998e+01
   9.7000000000000000e+01   3.4743277319908600e+01
   9.8000000000000000e+01   3.4615100292561699e+01
   9.9000000000000000e+01   3.4515206783822499e+01
   1.0000000000000000e+02   3.4174650678312098e+01
   1.0100000000000000e+02   3.3797862874380201e+01
   1.0200000000000000e+02   3.3607163197790200e+01
   1.0300000000000000e+02   3.3444945062458203e+01
   1.0400000000000000e+02   3.3799662047301602e+01
   1.0500000000000000e+02   3.4057660449792898e+01
   1.0600000000000000e+02   3.3793336885144001e+01
   1.0700000000000000e+02   3.3622607606872400e+01
   1.0800000000000000e+02   3.3644349451490697e+01
   1.0900000000000000e+02   3.3396605218315898e+01
   1.1000000000000000e+02   3.3479968878108700e+01
   1.1100000000000000e+02   3.3520597266933997e+01
   1.1200000000000000e+02   3.3641301984562602e+01
   1.1300000000000000e+02   3.3748468087237200e+01
   1.1400000000000000e+02   3.3698984177980400e+01
   1.1500000000000000e+02   3.3778977870090301e+01
   1.1600000000000000e+02   3.2998770344256300e+01
   1.1700000000000000e+02   3.3151966369108600e+01
   1.1800000000000000e+02   3.2620476718893201e+01
   1.1900000000000000e+02   3.3052362039089900e+01
   1.2000000000000000e+02   3.2744355495716498e+01
   1.2100000000000000e+02   3.2928989849042502e+01
   1.2200000000000000e+02   3.3019985285104603e+01
   1.2300000000000000e+02   3.3184335317346502e+01
   1.2400000000000000e+02   3.2257736291552298e+01
   1.2500000000000000e+02   3.3151458490418698e+01
   1.2600000000000000e+02   3.2953076296040500e+01
   1.2700000000000000e+02   3.3013102357503797e+01
   1.2800000000000000e+02   3.3040923897601701e+01
   1.2900000000000000e+02   3.3078417148321101e+01
   1.3000000000000000e+02   3.2627714592827800e+01
   1.3100000000000000e+02   3.2848830785822699e+01
   1.3200000000000000e+02   3.2690360042703503e+01
   1.3300000000000000e+02   3.2237184261155399e+01
   1.3400000000000000e+02   3.1339504415351499e+01
   1.3500000000000000e+02   3.1053354174067199e+01
   1.3600000000000000e+02   3.1488028131879901e+01
   1.3700000000000000e+02   3.1490855449181499e+01
   1.3800000000000000e+02   3.0918772806128199e+01
   1.3900000000000000e+02   3.0542973756363700e+01
   1.4000000000000000e+02   3.0427254425786501e+01
   1.4100000000000000e+02   3.0376544053543000e+01
   1.4200000000000000e+02   2.9511439970279199e+01
   1.4300000000000000e+02   2.9222430828060201e+01
   1.4400000000000000e+02   2.9657298994900898e+01
   1.4500000000000000e+02   2.9427577629790800e+01
   1.4600000000000000e+02   2.9494620270797899e+01
   1.4700000000000000e+02   2.8694572075900901e+01
   1.4800000000000000e+02   2.9467067398073102e+01
   1.4900000000000000e+02   2.8809872342052799e+01
   1.5000000000000000e+02   2.8750839002274699e+01
   1.5100000000000000e+02   2.8843631950581500e+01
   1.5200000000000000e+02   2.9039394995858800e+01
   1.5300000000000000e+02   2.9215509433573999e+01
   1.5400000000000000e+02   2.9002347600148500e+01
   1.5500000000000000e+02   2.9178841886914402e+01
   1.5600000000000000e+02   2.9270767285238101e+01
   1.5700000000000000e+02   2.9542463449101199e+01
   1.5800000000000000e+02   2.9515957167175500e+01
   1.5900000000000000e+02   2.9579084469592800e+01
   1.6000000000000000e+02   2.9668465891388099e+01
   1.6100000000000000e+02   2.9697494213710200e+01
   1.6200000000000000e+02   2.9895201831571999e+01
   1.6300000000000000e+02   3.0526699162475200e+01
   1.6400000000000000e+02   2.9950116406409599e+01
   1.6500000000000000e+02   3.0143987153042399e+01
   1.6600000000000000e+02   3.0158494792528899e+01
   1.6700000000000000e+02   3.0211427340937298e+01
   1.6800000000000000e+02   3.0900438965987000e+01
   1.6900000000000000e+02   3.0958043289841900e+01
   1.7000000000000000e+02   3.0671505365929999e+01
   1.7100000000000000e+02   3.0568705458278501e+01
   1.7200000000000000e+02   3.0550725001796000e+01
   1.7300000000000000e+02   3.0744004509150599e+01
   1.7400000000000000e+02   3.0392205354754800e+01
   1.7500000000000000e+02   2.9815164341871899e+01
   1.7600000000000000e+02   3.0407023281082001e+01
   1.7700000000000000e+02   3.0399274095026801e+01
   1.7800000000000000e+02   3.0440522460319698e+01
   1.7900000000000000e+02   2.9793622777916099e+01
   1.8000000000000000e+02   2.9637866099149299e+01
   1.8100000000000000e+02   2.9526938683789300e+01
   1.8200000000000000e+02   2.9233305249787101e+01
   1.8300000000000000e+02   2.9730900058870301e+01
   1.8400000000000000e+02   2.9326836195730799e+01
   1.8500000000000000e+02   2.9426858155857399e+01
   1.8600000000000000e+02   2.9410895279556900e+01
   1.8700000000000000e+02   2.9320911022109598e+01
   1.8800000000000000e+02   2.8735832214119299e+01
   1.8900000000000000e+02   2.8465874877588799e+01
   1.9000000000000000e+02   2.8062864698573300e+01
   1.9100000000000000e+02   2.7997031576264501e+01
   1.9200000000000000e+02   2.7984755970312701e+01
   1.9300000000000000e+02   2.7608861502257600e+01
   1.9400000000000000e+02   2.7583025313773302e+01
   1.9500000000000000e+02   2.6934892291088701e+01
   1.9600000000000000e+02   2.7429950246918199e+01
   1.9700000000000000e+02   2.7315599523527801e+01
   1.9800000000000000e+02   2.7366189117210400e+01
   1.9900000000000000e+02   2.6685443124450298e+01
   2.0000000000000000e+02   2.6418563585004200e+01
   2.0100000000000000e+02   2.6429916890705201e+01
   2.0200000000000000e+02   2.5948652278806499e+01
   2.0300000000000000e+02   2.5827776456981599e+01
   2.0400000000000000e+02   2.6271348242684201e+01
   2.0500000000000000e+02   2.6242124189549699e+01
   2.0600000000000000e+02   2.5460488335154299e+01
   2.0700000000000000e+02   2.5240771277112401e+01
   2.0800000000000000e+02   2.4871431099859102e+01
   2.0900000000000000e+02   2.4875460985484700e+01
   2.1000000000000000e+02   2.4768005822385199e+01
   2.1100000000000000e+02   2.4714424439375101e+01
   2.1200000000000000e+02   2.4548961349489201e+01
   2.1300000000000000e+02   2.4445565654780900e+01
   2.1400000000000000e+02   2.4628736427051699e+01
   2.1500000000000000e+02   2.3949364079471700e+01
   2.1600000000000000e+02   2.3776688920213701e+01
   2.1700000000000000e+02   2.3588215022217600e+01
   2.1800000000000000e+02   2.3858121516064401e+01
   2.1900000000000000e+02   2.3884782019286298e+01
   2.2000000000000000e+02   2.3851032409256799e+01
   2.2100000000000000e+02   2.3513206966836599e+01
   2.2200000000000000e+02   2.3301653889839500e+01
   2.2300000000000000e+02   2.3308531689949600e+01
   2.2400000000000000e+02   2.3647749175450699e+01
   2.2500000000000000e+02   2.3420598837016399e+01
   2.2600000000000000e+02   2.2727079851898299e+01
   2.2700000000000000e+02   2.2656348356184299e+01
   2.2800000000000000e+02   2.3078102914040201e+01
   2.2900000000000000e+02   2.2865632923643801e+01
   2.3000000000000000e+02   2.2821488821163499e+01
   2.3100000000000000e+02   2.2690837586864401e+01
   2.3200000000000000e+02   2.2545632187904801e+01
   2.3300000000000000e+02   2.2204796619770899e+01
   2.3400000000000000e+02   2.2203353309577000e+01
   2.3500000000000000e+02   2.2698415683503001e+01
   2.3600000000000000e+02   2.2694772441741801e+01
   2.3700000000000000e+02   2.2591661864096100e+01
   2.3800000000000000e+02   2.2112214825063599e+01
   2.3900000000000000e+02   2.1947473246259300e+01
   2.4000000000000000e+02   2.2281246158465301e+01
   2.4100000000000000e+02   2.1935701357806799e+01
   2.4200000000000000e+02   2.1847919931658701e+01
   2.4300000000000000e+02   2.2134292749092101e+01
   2.4400000000000000e+02   2.2428370813027200e+01
   2.4500000000000000e+02   2.2391524993694901e+01
   2.4600000000000000e+02   2.2267490422431500e+01
   2.4700000000000000e+02   2.2593566822224201e+01
   2.4800000000000000e+02   2.2193189512701199e+01
   2.4900000000000000e+02   2.1651710387244002e+01
   2.5000000000000000e+02   2.1097896675486101e+01
   2.5100000000000000e+02   2.0969878766341999e+01
   2.5200000000000000e+02   2.1022127976008299e+01
   2.5300000000000000e+02   2.0721535058497299e+01
   2.5400000000000000e+02   2.0863510285594501e+01
   2.5500000000000000e+02   2.0776793820992800e+01
   2.5600000000000000e+02   2.0218936568760899e+01
   2.5700000000000000e+02   1.9984902603464299e+01
   2.5800000000000000e+02   1.9382018647832702e+01
   2.5900000000000000e+02   1.8688908240423299e+01
   2.6000000000000000e+02   1.7942052671620601e+01
   2.6100000000000000e+02   1.7733606464489700e+01
   2.6200000000000000e+02   1.7711424435042002e+01
   2.6300000000000000e+02   1.7285694338310002e+01
   2.6400000000000000e+02   1.6775056748211700e+01
   2.6500000000000000e+02   1.6464091406340000e+01
   2.6600000000000000e+02   1.5939257567049699e+01
   2.6700000000000000e+02   1.5447513948064900e+01
   2.6800000000000000e+02   1.5241188134269199e+01
   2.6900000000000000e+02   1.5197520379599800e+01
   2.7000000000000000e+02   1.5030982608493300e+01
   2.7100000000000000e+02   1.4981283122768200e+01
   2.7200000000000000e+02   1.4875162412574300e+01
   2.7300000000000000e+02   1.5046114078140500e+01
   2.7400000000000000e+02   1.4620631826893300e+01
   2.7500000000000000e+02   1.4551334563316001e+01
   2.7600000000000000e+02   1.3827111190052101e+01
   2.7700000000000000e+02   1.3616355473848699e+01
   2.7800000000000000e+02   1.3502085475907201e+01
   2.7900000000000000e+02   1.3593834234290400e+01
   2.8000000000000000e+02   1.3619902066309599e+01
   2.8100000000000000e+02   1.3420991098281400e+01
   2.8200000000000000e+02   1.3448786407841800e+01
   2.8300000000000000e+02   1.2999566375393901e+01
   2.8400000000000000e+02   1.3349295020576900e+01
   2.8500000000000000e+02   1.3353020492013201e+01
   2.8600000000000000e+02   1.3419156897103001e+01
   2.8700000000000000e+02   1.3409303201677300e+01
   2.8800000000000000e+02   1.3170617966842700e+01
   2.8900000000000000e+02   1.2874006852206699e+01
   2.9000000000000000e+02   1.2664919254927200e+01
   2.9100000000000000e+02   1.2324366417541800e+01
   2.9200000000000000e+02   1.1979272549720701e+01
   2.9300000000000000e+02   1.2119152960778999e+01
   2.9400000000000000e+02   1.1961160984683900e+01
   2.9500000000000000e+02   1.1212199836200799e+01
   2.9600000000000000e+02   1.1065238166276901e+01
   2.9700000000000000e+02   1.0693265641907900e+01
   2.9800000000000000e+02   1.0581046546681000e+01
   2.9900000000000000e+02   1.0873920948751200e+01
   3.0000000000000000e+02   1.0851895263928601e+01
   3.0100000000000000e+02   1.0318794561743999e+01
   3.0200000000000000e+02   1.0352874327235400e+01
   3.0300000000000000e+02   1.0446703941401200e+01
   3.0400000000000000e+02   1.0498527751909100e+01
   3.0500000000000000e+02   1.0861129290994100e+01
   3.0600000000000000e+02   1.0292013539605099e+01
   3.0700000000000000e+02   1.0077502961332200e+01
   3.0800000000000000e+02   1.0022401539898100e+01
   3.0900000000000000e+02   9.3941521481788204e+00
   3.1000000000000000e+02   9.3937832919399007e+00
   3.1100000000000000e+02   8.8913634716572201e+00
   3.1200000000000000e+02   8.3205401492897106e+00
   3.1300000000000000e+02   8.4184778585145494e+00
   3.1400000000000000e+02   8.5108662455180593e+00
   3.1500000000000000e+02   8.4179971070761592e+00
   3.1600000000000000e+02   7.8447769038617103e+00
   3.1700000000000000e+02   7.7641877134175203e+00
   3.1800000000000000e+02   8.1200238114454706e+00
   3.1900000000000000e+02   8.0877234215639007e+00
   3.2000000000000000e+02   7.6293943942769102e+00
   3.2100000000000000e+02   7.2566776295684097e+00
   3.2200000000000000e+02   6.5633413923157997e+00
   3.2300000000000000e+02   6.7745713145025999e+00
   3.2400000000000000e+02   7.0044766206282096e+00
   3.2500000000000000e+02   6.9920508904808996e+00
   3.2600000000000000e+02   6.5888109746247396e+00
   3.2700000000000000e+02   6.3589176197904500e+00
   3.2800000000000000e+02   5.6789721716200701e+00
   3.2900000000000000e+02   4.8471601949313099e+00
   3.3000000000000000e+02   4.5139961310710897e+00
   3.3100000000000000e+02   4.3384736393056498e+00
   3.3200000000000000e+02   4.0409559354388103e+00
   3.3300000000000000e+02   3.5161282950160202e+00
   3.3400000000000000e+02   3.1465241116726599e+00
   3.3500000000000000e+02   2.7627676025550199e+00
   3.3600000000000000e+02   2.2716187877967600e+00
   3.3700000000000000e+02   2.0314596395667901e+00
   3.3800000000000000e+02   1.2206033819071000e+00
   3.3900000000000000e+02   1.3781305965212900e+00
   3.4000000000000000e+02   1.3000469186287500e+00
   3.4100000000000000e+02   1.5246459015479199e+00
   3.4200000000000000e+02   1.3031403365750100e+00
   3.4300000000000000e+02   5.8055397527767505e-01
   3.4400000000000000e+02  -1.3511780852468699e-01
   3.4500000000000000e+02   1.0328773649987200e-01
   3.4600000000000000e+02  -1.8189786602904301e-01
   3.4700000000000000e+02  -5.4015975349112400e-01
   3.4800000000000000e+02  -9.7321298061523498e-01
   3.4900000000000000e+02  -1.2377864430791801e+00
   3.5000000000000000e+02  -1.6066975141200801e+00
   3.5100000000000000e+02  -2.0740164741646798e+00
   3.5200000000000000e+02  -2.0991731322367899e+00
   3.5300000000000000e+02  -2.3068600226004299e+00
   3.5400000000000000e+02  -2.1767655726643298e+00
   3.5500000000000000e+02  -2.7462754198274402e+00
   3.5600000000000000e+02  -2.9293060817054899e+00
   3.5700000000000000e+02  -2.5144026962160302e+00
   3.5800000000000000e+02  -2.7882694154400598e+00
   3.5900000000000000e+02  -3.4021158905067099e+00
   3.6000000000000000e+02  -3.6561587782160299e+00
   3.6100000000000000e+02  -3.5966046685715298e+00
   3.6200000000000000e+02  -3.8574723611644099e+00
   3.6300000000000000e+02  -4.0029490746590799e+00
   3.6400000000000000e+02  -4.6671862545575502e+00
   3.6500000000000000e+02  -5.3040100986443202e+00
   3.6600000000000000e+02  -5.4209909910873897e+00
   3.6700000000000000e+02  -5.4589688886919596e+00
   3.6800000000000000e+02  -5.7451121934721803e+00
   3.6900000000000000e+02  -6.3415765921560698e+00
   3.7000000000000000e+02  -6.3901503054659496e+00
   3.7100000000000000e+02  -7.2453004990137302e+00
   3.7200000000000000e+02  -7.5944726309995296e+00
   3.7300000000000000e+02  -8.2066110183966092e+00
   3.7400000000000000e+02  -8.9519576178281994e+00
   3.7500000000000000e+02  -8.7624510051886109e+00
   3.7600000000000000e+02  -8.9462754838138494e+00
   3.7700000000000000e+02  -9.3720299583398408e+00
   3.7800000000000000e+02  -9.4956929351533308e+00
   3.7900000000000000e+02  -9.6145260622598698e+00
   3.8000000000000000e+02  -1.0217238190729001e+01
   3.8100000000000000e+02  -1.0865374222314999e+01
   3.8200000000000000e+02  -1.0936107483713700e+01
   3.8300000000000000e+02  -1.1118849747734400e+01
   3.8400000000000000e+02  -1.1221605755658601e+01
   3.8500000000000000e+02  -1.1982603883526100e+01
   3.8600000000000000e+02  -1.1858787702428399e+01
   3.8700000000000000e+02  -1.1690240576821100e+01
   3.8800000000000000e+02  -1.2177966859217101e+01
   3.8900000000000000e+02  -1.2778993553964700e+01
   3.9000000000000000e+02  -1.3210737946801499e+01
   3.9100000000000000e+02  -1.3754124041715301e+01
   3.9200000000000000e+02  -1.4663429607072500e+01
   3.9300000000000000e+02  -1.5071622400267801e+01
   3.9400000000000000e+02  -1.5450808267325600e+01
   3.9500000000000000e+02  -1.5959082878868800e+01
   3.9600000000000000e+02  -1.6479837650749499e+01
   3.9700000000000000e+02  -1.7335120647289099e+01
   3.9800000000000000e+02  -1.8107712653123500e+01
   3.9900000000000000e+02  -1.7794845425264800e+01
   4.0000000000000000e+02  -1.7912848645840700e+01
   4.0100000000000000e+02  -1.8325540246027099e+01
   4.0200000000000000e+02  -1.8850146930709599e+01
   4.0300000000000000e+02  -1.9532761574317899e+01
   4.0400000000000000e+02  -2.0205272353302401e+01
   4.0500000000000000e+02  -2.0810788474906399e+01
   4.0600000000000000e+02  -2.0563022500150801e+01
   4.0700000000000000e+02  -2.0591470059947401e+01
   4.0800000000000000e+02  -2.1110437838281701e+01
   4.0900000000000000e+02  -2.1633330691292699e+01
   4.1000000000000000e+02  -2.2650191169332299e+01
   4.1100000000000000e+02  -2.3297041342039702e+01
   4.1200000000000000e+02  -2.3631290519472600e+01
   4.1300000000000000e+02  -2.4175285225775198e+01
   4.1400000000000000e+02  -2.4751015820357100e+01
   4.1500000000000000e+02  -2.5154190910962200e+01
   4.1600000000000000e+02  -2.5853153432919299e+01
   4.1700000000000000e+02  -2.6051521247833900e+01
   4.1800000000000000e+02  -2.6970323858111801e+01
   4.1900000000000000e+02  -2.7407700764226298e+01
   4.2000000000000000e+02  -2.7623411705031799e+01
   4.2100000000000000e+02  -2.7833034100412601e+01
   4.2200000000000000e+02  -2.8163181931309602e+01
   4.2300000000000000e+02  -2.9269128424939201e+01
   4.2400000000000000e+02  -2.9767744968400699e+01
   4.2500000000000000e+02  -3.0244378171934901e+01
   4.2600000000000000e+02  -3.0623519842955101e+01
   4.2700000000000000e+02  -3.1229636065221900e+01
   4.2800000000000000e+02  -3.1754428598511101e+01
   4.2900000000000000e+02  -3.2222817243658803e+01
   4.3000000000000000e+02  -3.2549222988845898e+01
   4.3100000000000000e+02  -3.3759511290764003e+01
   4.3200000000000000e+02  -3.4360214916403997e+01
   4.3300000000000000e+02  -3.4959247037467399e+01
   4.3400000000000000e+02  -3.5787436195901400e+01
   4.3500000000000000e+02  -3.6640055618007999e+01
   4.3600000000000000e+02  -3.7354719136166302e+01
   4.3700000000000000e+02  -3.7866761123736303e+01
   4.3800000000000000e+02  -3.8504334104600801e+01
   4.3900000000000000e+02  -3.9141608372541398e+01
   4.4000000000000000e+02  -3.9304761028374301e+01
   4.4100000000000000e+02  -3.9414045914667398e+01
   4.4200000000000000e+02  -3.9961390884396899e+01
   4.4300000000000000e+02  -4.0188293024946901e+01
   4.4400000000000000e+02  -4.0635489833787197e+01
   4.4500000000000000e+02  -4.1391087785043503e+01
   4.4600000000000000e+02  -4.1779425756878602e+01
   4.4700000000000000e+02  -4.2346440561708597e+01
   4.4800000000000000e+02  -4.2506077933585502e+01
   4.4900000000000000e+02  -4.3206969402180199e+01
   4.5000000000000000e+02  -4.3223046560100400e+01
   4.5100000000000000e+02  -4.3847276662853197e+01
   4.5200000000000000e+02  -4.4489950698332002e+01
   4.5300000000000000e+02  -4.4854582345628501e+01
   4.5400000000000000e+02  -4.5474372105486800e+01
   4.5500000000000000e+02  -4.5572296798239101e+01
   4.5600000000000000e+02  -4.6158969059810197e+01
   4.5700000000000000e+02  -4.6577977974724703e+01
   4.5800000000000000e+02  -4.6762173871190697e+01
   4.5900000000000000e+02  -4.7286002675100399e+01
   4.6000000000000000e+02  -4.7785370655155603e+01
   4.6100000000000000e+02  -4.8106482262782002e+01
   4.6200000000000000e+02  -4.8246838117469203e+01
   4.6300000000000000e+02  -4.9007720337007100e+01
   4.6400000000000000e+02  -4.8936942412315602e+01
   4.6500000000000000e+02  -4.8770662970959499e+01
   4.6600000000000000e+02  -4.9854736153402300e+01
   4.6700000000000000e+02  -4.9757825249823398e+01
   4.6800000000000000e+02  -4.9895059451427898e+01
   4.6900000000000000e+02  -5.0204925838085799e+01
   4.7000000000000000e+02  -5.0520573441823998e+01
   4.7100000000000000e+02  -5.1027084480496100e+01
   4.7200000000000000e+02  -5.1820951179761202e+01
   4.7300000000000000e+02  -5.2037637680996397e+01
   4.7400000000000000e+02  -5.2705723583458003e+01
   4.7500000000000000e+02  -5.2964078492378299e+01
   4.7600000000000000e+02  -5.3450889660251299e+01
   4.7700000000000000e+02  -5.4169387681922800e+01
   4.7800000000000000e+02  -5.4934514907100201e+01
   4.7900000000000000e+02  -5.5941825983775303e+01
   4.8000000000000000e+02  -5.6504977047762303e+01
   4.8100000000000000e+02  -5.6869386002965001e+01
   4.8200000000000000e+02  -5.7127609642727698e+01
   4.8300000000000000e+02  -5.7477814720139101e+01
   4.8400000000000000e+02  -5.8542789879328403e+01
   4.8500000000000000e+02  -5.8572226589254100e+01
   4.8600000000000000e+02  -5.9046485108811503e+01
   4.8700000000000000e+02  -5.9369931048662004e+01
   4.8800000000000000e+02  -5.9956541709971702e+01
   4.8900000000000000e+02  -6.0277780453628701e+01
   4.9000000000000000e+02  -6.0900079747068801e+01
   4.9100000000000000e+02  -6.0918733949931401e+01
   4.9200000000000000e+02  -6.1671619132022698e+01
   4.9300000000000000e+02  -6.2101090209109003e+01
   4.9400000000000000e+02  -6.2173604118417401e+01
   4.9500000000000000e+02  -6.2818930946707603e+01
   4.9600000000000000e+02  -6.3108032551175697e+01
   4.9700000000000000e+02  -6.3697246063398602e+01
   4.9800000000000000e+02  -6.3440753031467899e+01
   4.9900000000000000e+02  -6.3623764107593701e+01
   5.0000000000000000e+02  -6.3667021945132099e+01
   5.0100000000000000e+02  -6.4472101067257199e+01
   5.0200000000000000e+02  -6.4901502420188706e+01
   5.0300000000000000e+02  -6.5736539976166299e+01
   5.0400000000000000e+02  -6.6096064638748402e+01
   5.0500000000000000e+02  -6.6075398244883402e+01
   5.0600000000000000e+02  -6.5967198425114304e+01
   5.0700000000000000e+02  -6.6146801686539405e+01
   5.0800000000000000e+02  -6.6426733403951800e+01
   5.0900000000000000e+02  -6.6188918649355401e+01
   5.1000000000000000e+02  -6.6933017777359197e+01
   5.1100000000000000e+02  -6.7126506486997499e+01
   5.1200000000000000e+02  -6.7401656647974903e+01
   5.1300000000000000e+02  -6.7834881774309395e+01
   5.1400000000000000e+02  -6.7767192545822695e+01
   5.1500000000000000e+02  -6.8010138293071606e+01
   5.1600000000000000e+02  -6.7960822647942507e+01
   5.1700000000000000e+02  -6.8077397533812999e+01
   5.1800000000000000e+02  -6.8251226187274099e+01
   5.1900000000000000e+02  -6.8563407211715003e+01
   5.2000000000000000e+02  -6.8846902864321194e+01
   5.2100000000000000e+02  -6.9233189708645199e+01
   5.2200000000000000e+02  -6.9646019915053898e+01
   5.2300000000000000e+02  -6.9503839628748295e+01
   5.2400000000000000e+02  -7.0105547060611698e+01
   5.2500000000000000e+02  -7.0708881977912597e+01
   5.2600000000000000e+02  -7.0864962108113104e+01
   5.2700000000000000e+02  -7.1179498590644897e+01
   5.2800000000000000e+02  -7.1282661424794497e+01
   5.2900000000000000e+02  -7.1538282006425007e+01
   5.3000000000000000e+02  -7.1873281081049498e+01
   5.3100000000000000e+02  -7.2061098464322896e+01
   5.3200000000000000e+02  -7.1955704772619001e+01
   5.3300000000000000e+02  -7.2656705641860597e+01
   5.3400000000000000e+02  -7.3125420514679902e+01
   5.3500000000000000e+02  -7.2972864034814506e+01
   5.3600000000000000e+02  -7.3572889594162106e+01
   5.3700000000000000e+02  -7.3613124026595102e+01
   5.3800000000000000e+02  -7.3791713848299196e+01
   5.3900000000000000e+02  -7.3907062718820100e+01
   5.4000000000000000e+02  -7.4130069469169797e+01
   5.4100000000000000e+02  -7.3994224724446099e+01
   5.4200000000000000e+02  -7.4476408501039401e+01
   5.4300000000000000e+02  -7.4223206558485600e+01
   5.4400000000000000e+02  -7.4015554148745096e+01
   5.4500000000000000e+02  -7.3742860928255695e+01
   5.4600000000000000e+02  -7.3529155256093702e+01
   5.4700000000000000e+02  -7.3484446181561793e+01
   5.4800000000000000e+02  -7.3313050679236198e+01
   5.4900000000000000e+02  -7.3479628061406203e+01
   5.5000000000000000e+02  -7.3521434806019101e+01
   5.5100000000000000e+02  -7.3601708619951694e+01
   5.5200000000000000e+02  -7.3894729605852305e+01
   5.5300000000000000e+02  -7.3926779679660896e+01
   5.5400000000000000e+02  -7.4296391775897305e+01
   5.5500000000000000e+02  -7.4601173611211706e+01
   5.5600000000000000e+02  -7.4277589263314397e+01
   5.5700000000000000e+02  -7.3918989026779400e+01
   5.5800000000000000e+02  -7.4317314358339203e+01
   5.5900000000000000e+02  -7.4403996478746905e+01
   5.6000000000000000e+02  -7.4507543861119103e+01
   5.6100000000000000e+02  -7.5085654555216806e+01
   5.6200000000000000e+02  -7.4936161187266904e+01
   5.6300000000000000e+02  -7.5456551879595096e+01
   5.6400000000000000e+02  -7.5867770893719495e+01
   5.6500000000000000e+02  -7.6352709672933202e+01
   5.6600000000000000e+02  -7.6189042734253704e+01
   5.6700000000000000e+02  -7.6564772103451304e+01
   5.6800000000000000e+02  -7.6519560420506096e+01
   5.6900000000000000e+02  -7.6177483848829297e+01
   5.7000000000000000e+02  -7.6297828017111101e+01
   5.7100000000000000e+02  -7.6835952187073502e+01
   5.7200000000000000e+02  -7.7012514438454701e+01
   5.7300000000000000e+02  -7.6907994746368203e+01
   5.7400000000000000e+02  -7.7214323004293405e+01
   5.7500000000000000e+02  -7.7171155547517699e+01
   5.7600000000000000e+02  -7.6447301735513193e+01
   5.7700000000000000e+02  -7.6693009840687694e+01
   5.7800000000000000e+02  -7.6637622691212101e+01
   5.7900000000000000e+02  -7.6407831360249901e+01
   5.8000000000000000e+02  -7.6458820722826900e+01
   5.8100000000000000e+02  -7.6301412988708194e+01
   5.8200000000000000e+02  -7.6602827051409406e+01
   5.8300000000000000e+02  -7.6758877442039207e+01
   5.8400000000000000e+02  -7.6811864867899601e+01
   5.8500000000000000e+02  -7.6731086389772898e+01
   5.8600000000000000e+02  -7.6688939695171499e+01
   5.8700000000000000e+02  -7.6767698320825900e+01
   5.8800000000000000e+02  -7.6836386454127705e+01
   5.8900000000000000e+02  -7.6744176166921307e+01
   5.9000000000000000e+02  -7.6490077375922695e+01
   5.9100000000000000e+02  -7.6755858689485905e+01
   5.9200000000000000e+02  -7.6870283666379194e+01
   5.9300000000000000e+02  -7.6567456883525907e+01
   5.9400000000000000e+02  -7.6674916324077103e+01
   5.9500000000000000e+02  -7.6419045472806005e+01
   5.9600000000000000e+02  -7.6372684537853402e+01
   5.9700000000000000e+02  -7.6386316123112493e+01
   5.9800000000000000e+02  -7.6154455048139994e+01
   5.9900000000000000e+02  -7.5867642689648505e+01
   6.0000000000000000e+02  -7.5571360192645599e+01
   6.0100000000000000e+02  -7.5270013851573694e+01
   6.0200000000000000e+02  -7.4962064457517698e+01
   6.0300000000000000e+02  -7.5143900288208698e+01
   6.0400000000000000e+02  -7.5115734111497602e+01
   6.0500000000000000e+02  -7.5416096489426295e+01
   6.0600000000000000e+02  -7.5610986622532494e+01
   6.0700000000000000e+02  -7.5183224754256798e+01
   6.0800000000000000e+02  -7.5214228265418896e+01
   6.0900000000000000e+02  -7.4958165959645399e+01
   6.1000000000000000e+02  -7.5198025474233305e+01
   6.1100000000000000e+02  -7.5309344917726406e+01
   6.1200000000000000e+02  -7.5351176955836394e+01
   6.1300000000000000e+02  -7.4972135657158304e+01
   6.1400000000000000e+02  -7.4559203648313698e+01
   6.1500000000000000e+02  -7.4644866624880393e+01
   6.1600000000000000e+02  -7.3879388794984195e+01
   6.1700000000000000e+02  -7.3926417444877600e+01
   6.1800000000000000e+02  -7.4345158451008700e+01
   6.1900000000000000e+02  -7.4699150209256899e+01
   6.2000000000000000e+02  -7.4607405107835305e+01
   6.2100000000000000e+02  -7.5266184316659903e+01
   6.2200000000000000e+02  -7.5616567646002096e+01
   6.2300000000000000e+02  -7.5458280399505895e+01
   6.2400000000000000e+02  -7.5556668744136402e+01
   6.2500000000000000e+02  -7.6123034414880706e+01
   6.2600000000000000e+02  -7.5807892904123705e+01
   6.2700000000000000e+02  -7.5897275733538706e+01
   6.2800000000000000e+02  -7.5513644022373597e+01
   6.2900000000000000e+02  -7.5395232828466604e+01
   6.3000000000000000e+02  -7.5435247548033701e+01
   6.3100000000000000e+02  -7.5618686073012995e+01
   6.3200000000000000e+02  -7.6124154516544095e+01
   6.3300000000000000e+02  -7.6750437865097794e+01
   6.3400000000000000e+02  -7.6613990431603099e+01
   6.3500000000000000e+02  -7.6894249902966607e+01
   6.3600000000000000e+02  -7.6638038063598799e+01
   6.3700000000000000e+02  -7.6697843093033200e+01
   6.3800000000000000e+02  -7.6464300347044500e+01
   6.3900000000000000e+02  -7.6311774028916503e+01
   6.4000000000000000e+02  -7.6844737217134707e+01
   6.4100000000000000e+02  -7.6870043639775304e+01
   6.4200000000000000e+02  -7.7184490457045499e+01
   6.4300000000000000e+02  -7.7175443641445995e+01
   6.4400000000000000e+02  -7.7271019218406295e+01
   6.4500000000000000e+02  -7.7155782886288407e+01
   6.4600000000000000e+02  -7.7315547143588603e+01
   6.4700000000000000e+02  -7.7983351219943899e+01
   6.4800000000000000e+02  -7.8080426806484198e+01
   6.4900000000000000e+02  -7.7599651822102004e+01
   6.5000000000000000e+02  -7.7062731883477497e+01
   6.5100000000000000e+02  -7.6674197074129196e+01
   6.5200000000000000e+02  -7.6794209450325894e+01
   6.5300000000000000e+02  -7.6359503760881097e+01
   6.5400000000000000e+02  -7.6245961569476904e+01
   6.5500000000000000e+02  -7.5601354929731599e+01
   6.5600000000000000e+02  -7.5833026948873695e+01
   6.5700000000000000e+02  -7.5148559401012605e+01
   6.5800000000000000e+02  -7.5343601613536094e+01
   6.5900000000000000e+02  -7.4590872415262794e+01
   6.6000000000000000e+02  -7.4470937048212406e+01
   6.6100000000000000e+02  -7.4500257132542103e+01
   6.6200000000000000e+02  -7.4655409957765400e+01
   6.6300000000000000e+02  -7.4628215262033095e+01
   6.6400000000000000e+02  -7.4960336927560505e+01
   6.6500000000000000e+02  -7.5461542223213101e+01
   6.6600000000000000e+02  -7.5637447464239798e+01
   6.6700000000000000e+02  -7.5224648901844205e+01
   6.6800000000000000e+02  -7.5649215865515600e+01
   6.6900000000000000e+02  -7.5129571922977405e+01
   6.7000000000000000e+02  -7.4829353090024199e+01
   6.7100000000000000e+02  -7.4843389713837695e+01
   6.7200000000000000e+02  -7.5326966623825598e+01
   6.7300000000000000e+02  -7.5479011644655202e+01
   6.7400000000000000e+02  -7.5265882718328797e+01
   6.7500000000000000e+02  -7.5628613706322099e+01
   6.7600000000000000e+02  -7.5605261665530506e+01
   6.7700000000000000e+02  -7.5747505570390402e+01
   6.7800000000000000e+02  -7.5545164645096605e+01
   6.7900000000000000e+02  -7.5637828971707194e+01
   6.8000000000000000e+02  -7.5231989121863606e+01
   6.8100000000000000e+02  -7.5090332806501806e+01
   6.8200000000000000e+02  -7.5341425572693694e+01
   6.8300000000000000e+02  -7.4955028691367801e+01
   6.8400000000000000e+02  -7.4882603020863797e+01
   6.8500000000000000e+02  -7.4923014817215602e+01
   6.8600000000000000e+02  -7.5082632111957395e+01
   6.8700000000000000e+02  -7.5011089045194794e+01
   6.8800000000000000e+02  -7.5008096606923701e+01
   6.8900000000000000e+02  -7.4923893939455397e+01
   6.9000000000000000e+02  -7.4688324734834595e+01
   6.9100000000000000e+02  -7.4800810650876699e+01
   6.9200000000000000e+02  -7.4811275377173899e+01
   6.9300000000000000e+02  -7.5233387222661804e+01
   6.9400000000000000e+02  -7.5320482370036700e+01
   6.9500000000000000e+02  -7.5108439894585700e+01
   6.9600000000000000e+02  -7.5786567436819098e+01
   6.9700000000000000e+02  -7.5647983500873494e+01
   6.9800000000000000e+02  -7.5687719642000303e+01
   6.9900000000000000e+02  -7.5471908828060506e+01
   7.0000000000000000e+02  -7.5129637128974593e+01
   7.0100000000000000e+02  -7.5031274557458303e+01
   7.0200000000000000e+02  -7.5041873769010905e+01
   7.0300000000000000e+02  -7.4954801266610403e+01
   7.0400000000000000e+02  -7.4907709999587993e+01
   7.0500000000000000e+02  -7.4450071566109202e+01
   7.0600000000000000e+02  -7.4015803722434200e+01
   7.0700000000000000e+02  -7.4424016645708207e+01
   7.0800000000000000e+02  -7.4538970816850707e+01
   7.0900000000000000e+02  -7.5317969660124305e+01
   7.1000000000000000e+02  -7.4889157740021304e+01
   7.1100000000000000e+02  -7.5108053740309600e+01
   7.1200000000000000e+02  -7.5035814026625403e+01
   7.1300000000000000e+02  -7.5047768931511300e+01
   7.1400000000000000e+02  -7.4325457710299602e+01
   7.1500000000000000e+02  -7.4258357980434994e+01
   7.1600000000000000e+02  -7.4149396515339305e+01
   7.1700000000000000e+02  -7.4309169034902098e+01
   7.1800000000000000e+02  -7.4371928589401193e+01
   7.1900000000000000e+02  -7.4684163924089503e+01
   7.2000000000000000e+02  -7.4665200237855501e+01
   7.2100000000000000e+02  -7.4799672825950495e+01
   7.2200000000000000e+02  -7.4833313779962296e+01
   7.2300000000000000e+02  -7.4382456118395993e+01
   7.2400000000000000e+02  -7.4617977483597599e+01
   7.2500000000000000e+02  -7.4622927158775596e+01
   7.2600000000000000e+02  -7.4634707583806303e+01
   7.2700000000000000e+02  -7.4543060934645297e+01
   7.2800000000000000e+02  -7.4513384185793001e+01
   7.2900000000000000e+02  -7.4792485005790695e+01
   7.3000000000000000e+02  -7.5121224845946301e+01
   7.3100000000000000e+02  -7.5415000492239201e+01
   7.3200000000000000e+02  -7.5951330656674799e+01
   7.3300000000000000e+02  -7.6065543696803203e+01
   7.3400000000000000e+02  -7.6129591525276595e+01
   7.3500000000000000e+02  -7.5864438526655306e+01
   7.3600000000000000e+02  -7.6235835614641502e+01
   7.3700000000000000e+02  -7.5549318137755904e+01
   7.3800000000000000e+02  -7.5718482954383504e+01
   7.3900000000000000e+02  -7.5920569978429697e+01
   7.4000000000000000e+02  -7.4842622508914999e+01
   7.4100000000000000e+02  -7.5170586539111895e+01
   7.4200000000000000e+02  -7.4847861141589703e+01
   7.4300000000000000e+02  -7.4932924188240804e+01
   7.4400000000000000e+02  -7.4930446252571898e+01
   7.4500000000000000e+02  -7.5547975833481601e+01
   7.4600000000000000e+02  -7.5205286588271207e+01
   7.4700000000000000e+02  -7.5295056454550505e+01
   7.4800000000000000e+02  -7.5222338891832095e+01
   7.4900000000000000e+02  -7.5102758397771396e+01
   7.5000000000000000e+02  -7.5051017358573205e+01
   7.5100000000000000e+02  -7.5171021464122305e+01
   7.5200000000000000e+02  -7.5049134634183204e+01
   7.5300000000000000e+02  -7.4903911486942704e+01
   7.5400000000000000e+02  -7.5487431689296002e+01
   7.5500000000000000e+02  -7.5711532006029898e+01
   7.5600000000000000e+02  -7.6079299620702301e+01
   7.5700000000000000e+02  -7.6452665419646806e+01
   7.5800000000000000e+02  -7.6576563277272300e+01
   7.5900000000000000e+02  -7.6329274791491599e+01
   7.6000000000000000e+02  -7.6384251625858894e+01
   7.6100000000000000e+02  -7.6055549788481002e+01
   7.6200000000000000e+02  -7.6104941165181700e+01
   7.6300000000000000e+02  -7.5806757618877000e+01
   7.6400000000000000e+02  -7.5739200876315806e+01
   7.6500000000000000e+02  -7.5538998263513193e+01
   7.6600000000000000e+02  -7.6273610630102695e+01
   7.6700000000000000e+02  -7.6524916867771694e+01
   7.6800000000000000e+02  -7.6732422463484497e+01
   7.6900000000000000e+02  -7.6721064000368401e+01
   7.7000000000000000e+02  -7.6673439822587099e+01
   7.7100000000000000e+02  -7.7277727614836607e+01
   7.7200000000000000e+02  -7.7239072678753701e+01
   7.7300000000000000e+02  -7.7100097320188894e+01
   7.7400000000000000e+02  -7.7210653543816605e+01
   7.7500000000000000e+02  -7.6700146683190695e+01
   7.7600000000000000e+02  -7.7162068022568604e+01
   7.7700000000000000e+02  -7.7555077759392006e+01
   7.7800000000000000e+02  -7.8013773724518700e+01
   7.7900000000000000e+02  -7.8481369039933298e+01
   7.8000000000000000e+02  -7.7948855138978104e+01
   7.8100000000000000e+02  -7.8380897372673004e+01
   7.8200000000000000e+02  -7.8560558556029605e+01
   7.8300000000000000e+02  -7.8708281834674295e+01
   7.8400000000000000e+02  -7.8455700924453595e+01
   7.8500000000000000e+02  -7.8385498104417593e+01
   7.8600000000000000e+02  -7.8330862555655003e+01
   7.8700000000000000e+02  -7.8469915367162798e+01
   7.8800000000000000e+02  -7.7887447313522699e+01
   7.8900000000000000e+02  -7.7602043970207106e+01
   7.9000000000000000e+02  -7.7623183524326905e+01
   7.9100000000000000e+02  -7.7400868570184301e+01
   7.9200000000000000e+02  -7.7425755873755804e+01
   7.9300000000000000e+02  -7.7049954597236095e+01
   7.9400000000000000e+02  -7.6680785015978898e+01
   7.9500000000000000e+02  -7.6369106562499695e+01
   7.9600000000000000e+02  -7.6063846649122794e+01
   7.9700000000000000e+02  -7.6292243142228301e+01
   7.9800000000000000e+02  -7.6265064079017506e+01
   7.9900000000000000e+02  -7.5736242300833396e+01
   8.0000000000000000e+02  -7.5726238256549294e+01
   8.0100000000000000e+02  -7.5759429098118005e+01
   8.0200000000000000e+02  -7.6138279939585402e+01
   8.0300000000000000e+02  -7.6383669932468806e+01
   8.0400000000000000e+02  -7.6060592348271896e+01
   8.0500000000000000e+02  -7.5806557082409597e+01
   8.0600000000000000e+02  -7.5522696973792407e+01
   8.0700000000000000e+02  -7.5692842330421698e+01
   8.0800000000000000e+02  -7.5889680000795906e+01
   8.0900000000000000e+02  -7.5911638719188602e+01
   8.1000000000000000e+02  -7.5765675585265200e+01
   8.1100000000000000e+02  -7.5689231321435400e+01
   8.1200000000000000e+02  -7.5342160480623903e+01
   8.1300000000000000e+02  -7.5442859993398699e+01
   8.1400000000000000e+02  -7.5482061200836498e+01
   8.1500000000000000e+02  -7.5604136708015204e+01
   8.1600000000000000e+02  -7.5689991372539495e+01
   8.1700000000000000e+02  -7.5364030368104196e+01
   8.1800000000000000e+02  -7.5226904957697499e+01
   8.1900000000000000e+02  -7.4848220475205196e+01
   8.2000000000000000e+02  -7.4313417968272503e+01
   8.2100000000000000e+02  -7.4018508778890705e+01
   8.2200000000000000e+02  -7.3984498848837404e+01
   8.2300000000000000e+02  -7.3823846806629305e+01
   8.2400000000000000e+02  -7.4314637603776305e+01
   8.2500000000000000e+02  -7.4638647941010007e+01
   8.2600000000000000e+02  -7.4961034531137102e+01
   8.2700000000000000e+02  -7.4974264129751404e+01
   8.2800000000000000e+02  -7.5338031819816194e+01
   8.2900000000000000e+02  -7.5015202541396206e+01
   8.3000000000000000e+02  -7.4250009476071298e+01
   8.3100000000000000e+02  -7.4145490674328002e+01
   8.3200000000000000e+02  -7.4297857624087598e+01
   8.3300000000000000e+02  -7.4505655628751498e+01
   8.3400000000000000e+02  -7.4250053895432998e+01
   8.3500000000000000e+02  -7.4239427307670695e+01
   8.3600000000000000e+02  -7.4412850454461307e+01
   8.3700000000000000e+02  -7.4659420617860505e+01
   8.3800000000000000e+02  -7.4833858538467297e+01
   8.3900000000000000e+02  -7.4905104378419793e+01
   8.4000000000000000e+02  -7.4839966929376999e+01
   8.4100000000000000e+02  -7.4734393298327007e+01
   8.4200000000000000e+02  -7.4739460520076904e+01
   8.4300000000000000e+02  -7.4631122791442607e+01
   8.4400000000000000e+02  -7.4459408051318803e+01
   8.4500000000000000e+02  -7.4256216080163497e+01
   8.4600000000000000e+02  -7.4250499711841798e+01
   8.4700000000000000e+02  -7.4245831284306405e+01
   8.4800000000000000e+02  -7.4236007263799493e+01
   8.4900000000000000e+02  -7.4257476557314305e+01
   8.5000000000000000e+02  -7.4538769127757504e+01
   8.5100000000000000e+02  -7.4180967936300107e+01
   8.5200000000000000e+02  -7.3825732741666997e+01
   8.5300000000000000e+02  -7.3589552124807398e+01
   8.5400000000000000e+02  -7.3585617736308606e+01
   8.5500000000000000e+02  -7.4020326346287703e+01
   8.5600000000000000e+02  -7.4195743768597495e+01
   8.5700000000000000e+02  -7.4362945688597407e+01
   8.5800000000000000e+02  -7.4403901815680499e+01
   8.5900000000000000e+02  -7.4217679534740199e+01
   8.6000000000000000e+02  -7.4816876747770493e+01
   8.6100000000000000e+02  -7.5205088318610805e+01
   8.6200000000000000e+02  -7.4601742975332400e+01
   8.6300000000000000e+02  -7.4273932202170201e+01
   8.6400000000000000e+02  -7.4141817211262705e+01
   8.6500000000000000e+02  -7.4077414154189000e+01
   8.6600000000000000e+02  -7.3901854223982994e+01
   8.6700000000000000e+02  -7.3698612341520402e+01
   8.6800000000000000e+02  -7.3458394487163403e+01
   8.6900000000000000e+02  -7.3235774165408998e+01
   8.7000000000000000e+02  -7.3598625178882202e+01
   8.7100000000000000e+02  -7.3701958999318904e+01
   8.7200000000000000e+02  -7.3627769516377001e+01
   8.7300000000000000e+02  -7.4021324142471798e+01
   8.7400000000000000e+02  -7.4279744762080000e+01
   8.7500000000000000e+02  -7.4102067793555705e+01
   8.7600000000000000e+02  -7.3976281186267101e+01
   8.7700000000000000e+02  -7.3799167811205905e+01
   8.7800000000000000e+02  -7.3402127824146305e+01
   8.7900000000000000e+02  -7.3443573839916695e+01
   8.8000000000000000e+02  -7.2710817203573001e+01
   8.8100000000000000e+02  -7.2620315762515304e+01
   8.8200000000000000e+02  -7.2474501834495499e+01
   8.8300000000000000e+02  -7.2640395757364303e+01
   8.8400000000000000e+02  -7.2218233295203405e+01
   8.8500000000000000e+02  -7.2845156537109006e+01
   8.8600000000000000e+02  -7.2968408656946806e+01
   8.8700000000000000e+02  -7.2725416249624203e+01
   8.8800000000000000e+02  -7.3047901337649705e+01
   8.8900000000000000e+02  -7.3477261620445105e+01
   8.9000000000000000e+02  -7.3569615848864501e+01
   8.9100000000000000e+02  -7.4406314480105905e+01
   8.9200000000000000e+02  -7.4096029225346200e+01
   8.9300000000000000e+02  -7.4326903204059207e+01
   8.9400000000000000e+02  -7.4650722595203803e+01
   8.9500000000000000e+02  -7.4356851697848199e+01
   8.9600000000000000e+02  -7.4341907753655605e+01
   8.9700000000000000e+02  -7.4696390579180303e+01
   8.9800000000000000e+02  -7.4661493441342898e+01
   8.9900000000000000e+02  -7.4080263182588098e+01
   9.0000000000000000e+02  -7.3842676166707506e+01
   9.0100000000000000e+02  -7.3943875990698800e+01
   9.0200000000000000e+02  -7.3808935652872407e+01
   9.0300000000000000e+02  -7.3347018488110805e+01
   9.0400000000000000e+02  -7.3214469301975399e+01
   9.0500000000000000e+02  -7.3944292056863304e+01
   9.0600000000000000e+02  -7.3935826819830993e+01
   9.0700000000000000e+02  -7.3543165254524496e+01
   9.0800000000000000e+02  -7.3236730211424600e+01
   9.0900000000000000e+02  -7.3227410311063295e+01
   9.1000000000000000e+02  -7.4089137370813106e+01
   9.1100000000000000e+02  -7.4581234348733005e+01
   9.1200000000000000e+02  -7.4847379269993397e+01
   9.1300000000000000e+02  -7.4588928868134204e+01
   9.1400000000000000e+02  -7.4498455984569006e+01
   9.1500000000000000e+02  -7.4680423936445706e+01
   9.1600000000000000e+02  -7.4723736237946000e+01
   9.1700000000000000e+02  -7.4404713627270596e+01
   9.1800000000000000e+02  -7.4495876812557597e+01
   9.1900000000000000e+02  -7.4144458946976798e+01
   9.2000000000000000e+02  -7.4156694735506704e+01
   9.2100000000000000e+02  -7.4252813842730404e+01
   9.2200000000000000e+02  -7.4261090492099797e+01
   9.2300000000000000e+02  -7.3936928912075601e+01
   9.2400000000000000e+02  -7.3802505582747898e+01
   9.2500000000000000e+02  -7.3588695966579195e+01
   9.2600000000000000e+02  -7.3003559062238494e+01
   9.2700000000000000e+02  -7.2758824277416394e+01
   9.2800000000000000e+02  -7.2705662167104606e+01
   9.2900000000000000e+02  -7.2662628806345495e+01
   9.3000000000000000e+02  -7.2170422506230196e+01
   9.3100000000000000e+02  -7.2348893240037995e+01
   9.3200000000000000e+02  -7.1984866325406699e+01
   9.3300000000000000e+02  -7.2285141820349295e+01
   9.3400000000000000e+02  -7.2507405494254300e+01
   9.3500000000000000e+02  -7.2833539402184996e+01
   9.3600000000000000e+02  -7.3091934245233901e+01
   9.3700000000000000e+02  -7.2883133367164902e+01
   9.3800000000000000e+02  -7.2553889680368997e+01
   9.3900000000000000e+02  -7.2528132553737905e+01
   9.4000000000000000e+02  -7.2915657685580896e+01
   9.4100000000000000e+02  -7.2513256013869196e+01
   9.4200000000000000e+02  -7.2607499059881306e+01
   9.4300000000000000e+02  -7.2498586193551304e+01
   9.4400000000000000e+02  -7.2210553228508203e+01
   9.4500000000000000e+02  -7.2368363227060698e+01
   9.4600000000000000e+02  -7.2619392187645005e+01
   9.4700000000000000e+02  -7.2714954024142401e+01
   9.4800000000000000e+02  -7.2688241255714800e+01
   9.4900000000000000e+02  -7.2586396609102295e+01
   9.5000000000000000e+02  -7.2870413240741598e+01
   9.5100000000000000e+02  -7.2980768581337600e+01
   9.5200000000000000e+02  -7.3078385537770998e+01
   9.5300000000000000e+02  -7.3379940270497798e+01
   9.5400000000000000e+02  -7.2960873749287998e+01
   9.5500000000000000e+02  -7.2599786989094397e+01
   9.5600000000000000e+02  -7.2099623953991596e+01
   9.5700000000000000e+02  -7.1932833764213399e+01
   9.5800000000000000e+02  -7.1875405885948297e+01
   9.5900000000000000e+02  -7.1927476914675495e+01
   9.6000000000000000e+02  -7.1736374705777607e+01
   9.6100000000000000e+02  -7.1266357127786307e+01
   9.6200000000000000e+02  -7.0602334263338605e+01
   9.6300000000000000e+02  -7.0545534628313803e+01
   9.6400000000000000e+02  -7.0116647692893395e+01
   9.6500000000000000e+02  -6.9518104859641994e+01
   9.6600000000000000e+02  -6.9703284965253602e+01
   9.6700000000000000e+02  -6.9269317067480202e+01
   9.6800000000000000e+02  -6.9351353201060903e+01
   9.6900000000000000e+02  -6.8969016737095600e+01
   9.7000000000000000e+02  -6.8931057064292403e+01
   9.7100000000000000e+02  -6.8681697007434593e+01
   9.7200000000000000e+02  -6.8727124834260593e+01
   9.7300000000000000e+02  -6.8326769936633497e+01
   9.7400000000000000e+02  -6.8556104572873807e+01
   9.7500000000000000e+02  -6.8322314427243299e+01
   9.7600000000000000e+02  -6.8057152286482506e+01
   9.7700000000000000e+02  -6.7668587874783597e+01
   9.7800000000000000e+02  -6.7556864260297303e+01
   9.7900000000000000e+02  -6.7449183924985903e+01
   9.8000000000000000e+02  -6.7493130675909498e+01
   9.8100000000000000e+02  -6.7097614271676903e+01
   9.8200000000000000e+02  -6.6983154185462993e+01
   9.8300000000000000e+02  -6.6785045341749097e+01
   9.8400000000000000e+02  -6.6513049918456105e+01
   9.8500000000000000e+02  -6.6495417230529100e+01
   9.8600000000000000e+02  -6.6292957411917001e+01
   9.8700000000000000e+02  -6.6075759823295499e+01
   9.8800000000000000e+02  -6.6056656647007998e+01
   9.8900000000000000e+02  -6.5754495658187807e+01
   9.9000000000000000e+02  -6.5711032588503500e+01
   9.9100000000000000e+02  -6.5261554236226004e+01
   9.9200000000000000e+02  -6.4710603865753399e+01
   9.9300000000000000e+02  -6.3644134758364501e+01
   9.9400000000000000e+02  -6.3286241358362702e+01
   9.9500000000000000e+02  -6.2347505539722803e+01
   9.9600000000000000e+02  -6.1154283484885902e+01
   9.9700000000000000e+02  -6.0169288102601897e+01
   9.9800000000000000e+02  -5.8159797574787099e+01
   9.9900000000000000e+02  -5.5638330352336801e+01
   1.0000000000000000e+03  -4.9266754185792301e+01
   1.0010000000000000e+03  -2.7718206009027501e+01
