  -1.0000000000000000e+02  -7.3516403536224402e+01
  -9.9000000000000000e+01  -7.2714315675646304e+01
  -9.8000000000000000e+01  -7.2885564172198002e+01
  -9.7000000000000000e+01  -7.3127118213381607e+01
  -9.6000000000000000e+01  -7.2769096845824194e+01
  -9.5000000000000000e+01  -7.2855200921690894e+01
  -9.4000000000000000e+01  -7.2929310084057406e+01
  -9.3000000000000000e+01  -7.2805200692191207e+01
  -9.2000000000000000e+01  -7.2325481883582896e+01
  -9.1000000000000000e+01  -7.2239526849766406e+01
  -9.0000000000000000e+01  -7.1894107530715999e+01
  -8.9000000000000000e+01  -7.1942538294587294e+01
  -8.8000000000000000e+01  -7.1207719444906203e+01
  -8.7000000000000000e+01  -7.0975547900795206e+01
  -8.6000000000000000e+01  -7.0821739911027393e+01
  -8.5000000000000000e+01  -7.0794196852370007e+01
  -8.4000000000000000e+01  -7.0681438978907707e+01
  -8.3000000000000000e+01  -7.1103673276804798e+01
  -8.2000000000000000e+01  -7.1754269193795096e+01
  -8.1000000000000000e+01  -7.1896151585843597e+01
  -8.0000000000000000e+01  -7.1813422593503105e+01
  -7.9000000000000000e+01  -7.1739362995134101e+01
  -7.8000000000000000e+01  -7.1892893179796403e+01
  -7.7000000000000000e+01  -7.1798911943453206e+01
  -7.6000000000000000e+01  -7.1548463198447195e+01
  -7.5000000000000000e+01  -7.2186352405745495e+01
  -7.4000000000000000e+01  -7.2396693443931795e+01
  -7.3000000000000000e+01  -7.2218303456767998e+01
  -7.2000000000000000e+01  -7.2367116433632702e+01
  -7.1000000000000000e+01  -7.2030188627620205e+01
  -7.0000000000000000e+01  -7.2295402056719993e+01
  -6.9000000000000000e+01  -7.2103606633298895e+01
  -6.8000000000000000e+01  -7.2225436221885602e+01
  -6.7000000000000000e+01  -7.2277799537494403e+01
  -6.6000000000000000e+01  -7.2706513192537997e+01
  -6.5000000000000000e+01  -7.2825038853347905e+01
  -6.4000000000000000e+01  -7.2374280064261299e+01
  -6.3000000000000000e+01  -7.2442376265052999e+01
  -6.2000000000000000e+01  -7.2455002777180596e+01
  -6.1000000000000000e+01  -7.2069286416707300e+01
  -6.0000000000000000e+01  -7.2284679212071495e+01
  -5.9000000000000000e+01  -7.1819376529298196e+01
  -5.8000000000000000e+01  -7.1758284868838999e+01
  -5.7000000000000000e+01  -7.1639407634683906e+01
  -5.6000000000000000e+01  -7.1284220239794607e+01
  -5.5000000000000000e+01  -7.1129280259190807e+01
  -5.4000000000000000e+01  -7.0909028246525594e+01
  -5.3000000000000000e+01  -7.0827093552749005e+01
  -5.2000000000000000e+01  -7.0483226849500198e+01
  -5.1000000000000000e+01  -7.0746331805132897e+01
  -5.0000000000000000e+01  -7.0146316264634805e+01
  -4.9000000000000000e+01  -6.9979907770512497e+01
  -4.8000000000000000e+01  -6.9740813343417301e+01
  -4.7000000000000000e+01  -6.9971486538241393e+01
  -4.6000000000000000e+01  -6.9562536304014003e+01
  -4.5000000000000000e+01  -6.9507033333437306e+01
  -4.4000000000000000e+01  -6.9250142500469707e+01
  -4.3000000000000000e+01  -6.9205078557485507e+01
  -4.2000000000000000e+01  -6.9102440698626793e+01
  -4.1000000000000000e+01  -6.9596921319063199e+01
  -4.0000000000000000e+01  -6.9649203183787805e+01
  -3.9000000000000000e+01  -6.9322559918365499e+01
  -3.8000000000000000e+01  -6.9250272050806302e+01
  -3.7000000000000000e+01  -6.9435141956978896e+01
  -3.6000000000000000e+01  -6.9689717527600806e+01
  -3.5000000000000000e+01  -6.9700973285205507e+01
  -3.4000000000000000e+01  -6.9916742600394599e+01
  -3.3000000000000000e+01  -6.9539102482008104e+01
  -3.2000000000000000e+01  -6.9318977136660905e+01
  -3.1000000000000000e+01  -6.9354331783440799e+01
  -3.0000000000000000e+01  -6.9090052515527802e+01
  -2.9000000000000000e+01  -6.9425397202016001e+01
  -2.8000000000000000e+01  -6.8575630325447605e+01
  -2.7000000000000000e+01  -6.8658363275815205e+01
  -2.6000000000000000e+01  -6.8693151503691297e+01
  -2.5000000000000000e+01  -6.8375093611803507e+01
  -2.4000000000000000e+01  -6.8009172572632906e+01
  -2.3000000000000000e+01  -6.7781211255760198e+01
  -2.2000000000000000e+01  -6.7502953118140994e+01
  -2.1000000000000000e+01  -6.6831361290358501e+01
  -2.0000000000000000e+01  -6.6971315590547505e+01
  -1.9000000000000000e+01  -6.7480787097073005e+01
  -1.8000000000000000e+01  -6.7294307487909194e+01
  -1.7000000000000000e+01  -6.6740654449057104e+01
  -1.6000000000000000e+01  -6.6184453194805499e+01
  -1.5000000000000000e+01  -6.5633850018231399e+01
  -1.4000000000000000e+01  -6.4980534522574999e+01
  -1.3000000000000000e+01  -6.4909423043649696e+01
  -1.2000000000000000e+01  -6.4525709285538696e+01
  -1.1000000000000000e+01  -6.3940255861248602e+01
  -1.0000000000000000e+01  -6.3762152055910597e+01
  -9.0000000000000000e+00  -6.3021816814892603e+01
  -8.0000000000000000e+00  -6.2421268660973197e+01
  -7.0000000000000000e+00  -6.1289251738388899e+01
  -6.0000000000000000e+00  -6.0405197041791602e+01
  -5.0000000000000000e+00  -5.8842622598206603e+01
  -4.0000000000000000e+00  -5.7355475973169597e+01
  -3.0000000000000000e+00  -5.4907800241940400e+01
  -2.0000000000000000e+00  -5.0450376375861303e+01
  -1.0000000000000000e+00  -3.6394316871519202e+01
   0.0000000000000000e+00  -1.3258924028805600e+01
   1.0000000000000000e+00   3.6217725696462999e+00
   2.0000000000000000e+00   1.4526903017276901e+01
   3.0000000000000000e+00   1.9867409000171399e+01
   4.0000000000000000e+00   2.2975280656913998e+01
   5.0000000000000000e+00   2.4826449087915002e+01
   6.0000000000000000e+00   2.5448803430156602e+01
   7.0000000000000000e+00   2.6131050482134700e+01
   8.0000000000000000e+00   2.6367387313790001e+01
   9.0000000000000000e+00   2.6712720813724300e+01
   1.0000000000000000e+01   2.7203803713966700e+01
   1.1000000000000000e+01   2.7209900613489499e+01
   1.2000000000000000e+01   2.6814877859047598e+01
   1.3000000000000000e+01   2.6994582926770601e+01
   1.4000000000000000e+01   2.7528769290831299e+01
   1.5000000000000000e+01   2.7868513529623101e+01
   1.6000000000000000e+01   2.8919414418978700e+01
   1.7000000000000000e+01   2.9418359153533601e+01
   1.8000000000000000e+01   2.9270537732877301e+01
   1.9000000000000000e+01   2.9333792227887699e+01
   2.0000000000000000e+01   2.9624588615884701e+01
   2.1000000000000000e+01   2.9701962530783401e+01
   2.2000000000000000e+01   3.0102238006146099e+01
   2.3000000000000000e+01   3.0414029984400798e+01
   2.4000000000000000e+01   3.0435481827552302e+01
   2.5000000000000000e+01   3.0359135730927100e+01
   2.6000000000000000e+01   3.0043544049873201e+01
   2.7000000000000000e+01   2.9710917122413800e+01
   2.8000000000000000e+01   2.9878919116824001e+01
   2.9000000000000000e+01   2.9999987562581200e+01
   3.0000000000000000e+01   2.9833796535792100e+01
   3.1000000000000000e+01   3.0267844410403999e+01
   3.2000000000000000e+01   3.0612550897770198e+01
   3.3000000000000000e+01   3.0491789685177402e+01
   3.4000000000000000e+01   3.0589621546972900e+01
   3.5000000000000000e+01   3.0371338135702800e+01
   3.6000000000000000e+01   3.0833845787794800e+01
   3.7000000000000000e+01   3.0938075593115698e+01
   3.8000000000000000e+01   3.0921905926236100e+01
   3.9000000000000000e+01   3.1307326206564301e+01
   4.0000000000000000e+01   3.1343522576219900e+01
   4.1000000000000000e+01   3.1406802997251500e+01
   4.2000000000000000e+01   3.1281834373477398e+01
   4.3000000000000000e+01   3.1561011930184701e+01
   4.4000000000000000e+01   3.1829962207378401e+01
   4.5000000000000000e+01   3.1729397863269199e+01
   4.6000000000000000e+01   3.1676497814527501e+01
   4.7000000000000000e+01   3.1586575903102901e+01
   4.8000000000000000e+01   3.1418953307808199e+01
   4.9000000000000000e+01   3.1392892760803999e+01
   5.0000000000000000e+01   3.1726788725187500e+01
   5.1000000000000000e+01   3.1961117482633899e+01
   5.2000000000000000e+01   3.2245730303897503e+01
   5.3000000000000000e+01   3.2411059265160297e+01
   5.4000000000000000e+01   3.2731040571254297e+01
   5.5000000000000000e+01   3.2397405323456603e+01
   5.6000000000000000e+01   3.2165792633002297e+01
   5.7000000000000000e+01   3.2424447479922300e+01
   5.8000000000000000e+01   3.2457322723320800e+01
   5.9000000000000000e+01   3.2884193118029302e+01
   6.0000000000000000e+01   3.3156216175493597e+01
   6.1000000000000000e+01   3.3208082494038898e+01
   6.2000000000000000e+01   3.3346321443914100e+01
   6.3000000000000000e+01   3.2936983926894101e+01
   6.4000000000000000e+01   3.3012621496085799e+01
   6.5000000000000000e+01   3.3404921520951703e+01
   6.6000000000000000e+01   3.4025068984661701e+01
   6.7000000000000000e+01   3.3942564567946100e+01
   6.8000000000000000e+01   3.4562361552411403e+01
   6.9000000000000000e+01   3.4945075135287702e+01
   7.0000000000000000e+01   3.4635847195356803e+01
   7.1000000000000000e+01   3.4701189253255002e+01
   7.2000000000000000e+01   3.4821575257144097e+01
   7.3000000000000000e+01   3.4939922256629302e+01
   7.4000000000000000e+01   3.4372571971081797e+01
   7.5000000000000000e+01   3.4913930220361301e+01
   7.6000000000000000e+01   3.4989881250447297e+01
   7.7000000000000000e+01   3.4917882505431400e+01
   7.8000000000000000e+01   3.5274952962519897e+01
   7.9000000000000000e+01   3.5246640469880901e+01
   8.0000000000000000e+01   3.5174715526807198e+01
   8.1000000000000000e+01   3.5010468985195097e+01
   8.2000000000000000e+01   3.4874809648157999e+01
   8.3000000000000000e+01   3.4833763198222300e+01
   8.4000000000000000e+01   3.4764120679868903e+01
   8.5000000000000000e+01   3.4890175040881402e+01
   8.6000000000000000e+01   3.4631512817739903e+01
   8.7000000000000000e+01   3.4829537219396599e+01
   8.8000000000000000e+01   3.4639529252534999e+01
   8.9000000000000000e+01   3.3522770241636501e+01
   9.0000000000000000e+01   3.3717617403873597e+01
   9.1000000000000000e+01   3.4125167198853497e+01
   9.2000000000000000e+01   3.3836965629853502e+01
   9.3000000000000000e+01   3.3827941839387400e+01
   9.4000000000000000e+01   3.4043016123563703e+01
   9.5000000000000000e+01   3.4020103470421802e+01
   9.6000000000000000e+01   3.4011147054211300e+01
   9.7000000000000000e+01   3.4214654678088500e+01
   9.8000000000000000e+01   3.4149763759888600e+01
   9.9000000000000000e+01   3.4614176473901402e+01
   1.0000000000000000e+02   3.4316578382783597e+01
   1.0100000000000000e+02   3.4387988150574500e+01
   1.0200000000000000e+02   3.4234305129108897e+01
   1.0300000000000000e+02   3.4185695809514797e+01
   1.0400000000000000e+02   3.4354100908199698e+01
   1.0500000000000000e+02   3.4399063379991297e+01
   1.0600000000000000e+02   3.4692140704078597e+01
   1.0700000000000000e+02   3.4264167961104498e+01
   1.0800000000000000e+02   3.4503156119620698e+01
   1.0900000000000000e+02   3.4652258661618198e+01
   1.1000000000000000e+02   3.4544510015470202e+01
   1.1100000000000000e+02   3.4873601449441999e+01
   1.1200000000000000e+02   3.4342721732306202e+01
   1.1300000000000000e+02   3.4322102979066798e+01
   1.1400000000000000e+02   3.4392763786191502e+01
   1.1500000000000000e+02   3.4259767195000698e+01
   1.1600000000000000e+02   3.4571802975107403e+01
   1.1700000000000000e+02   3.4664671271727698e+01
   1.1800000000000000e+02   3.4450315808625902e+01
   1.1900000000000000e+02   3.4289574298013903e+01
   1.2000000000000000e+02   3.4418572246461899e+01
   1.2100000000000000e+02   3.4148331094748599e+01
   1.2200000000000000e+02   3.4462873470460003e+01
   1.2300000000000000e+02   3.4044227336581898e+01
   1.2400000000000000e+02   3.4300862138909501e+01
   1.2500000000000000e+02   3.4190984110593597e+01
   1.2600000000000000e+02   3.4288320091670599e+01
   1.2700000000000000e+02   3.4069640508519001e+01
   1.2800000000000000e+02   3.3932833631525497e+01
   1.2900000000000000e+02   3.4429589734281201e+01
   1.3000000000000000e+02   3.4548168543255500e+01
   1.3100000000000000e+02   3.4594643155696502e+01
   1.3200000000000000e+02   3.4152624925023098e+01
   1.3300000000000000e+02   3.3925220786852002e+01
   1.3400000000000000e+02   3.3763617027945600e+01
   1.3500000000000000e+02   3.3892980185889698e+01
   1.3600000000000000e+02   3.3977750381543800e+01
   1.3700000000000000e+02   3.3764363846330397e+01
   1.3800000000000000e+02   3.4158099032654398e+01
   1.3900000000000000e+02   3.3895722179916703e+01
   1.4000000000000000e+02   3.3712347526821603e+01
   1.4100000000000000e+02   3.3904593155286797e+01
   1.4200000000000000e+02   3.3793060067209296e+01
   1.4300000000000000e+02   3.3754143294303297e+01
   1.4400000000000000e+02   3.3564985981100598e+01
   1.4500000000000000e+02   3.3387683903749803e+01
   1.4600000000000000e+02   3.2971503485226599e+01
   1.4700000000000000e+02   3.3018779383534103e+01
   1.4800000000000000e+02   3.3689515973066499e+01
   1.4900000000000000e+02   3.3443879477369698e+01
   1.5000000000000000e+02   3.3465340381291597e+01
   1.5100000000000000e+02   3.3442937289992997e+01
   1.5200000000000000e+02   3.4032479926096997e+01
   1.5300000000000000e+02   3.4105298491923200e+01
   1.5400000000000000e+02   3.4125770103826802e+01
   1.5500000000000000e+02   3.3433844338539700e+01
   1.5600000000000000e+02   3.3012914779695201e+01
   1.5700000000000000e+02   3.2528394602775499e+01
   1.5800000000000000e+02   3.2736024235149500e+01
   1.5900000000000000e+02   3.2817633993965998e+01
   1.6000000000000000e+02   3.2460312143362998e+01
   1.6100000000000000e+02   3.2748131636168203e+01
   1.6200000000000000e+02   3.2099287893951903e+01
   1.6300000000000000e+02   3.1825593042251199e+01
   1.6400000000000000e+02   3.1533432497822901e+01
   1.6500000000000000e+02   3.1529813020061500e+01
   1.6600000000000000e+02   3.1002462983369998e+01
   1.6700000000000000e+02   3.1001770799303301e+01
   1.6800000000000000e+02   3.0357048833236099e+01
   1.6900000000000000e+02   3.0451121667399200e+01
   1.7000000000000000e+02   3.0825226204973301e+01
   1.7100000000000000e+02   3.0069773449961001e+01
   1.7200000000000000e+02   2.9934804611760701e+01
   1.7300000000000000e+02   2.9734674709907800e+01
   1.7400000000000000e+02   2.9390879219551000e+01
   1.7500000000000000e+02   2.9003477607582401e+01
   1.7600000000000000e+02   2.8804911184546299e+01
   1.7700000000000000e+02   2.8565242608818899e+01
   1.7800000000000000e+02   2.8374832526595299e+01
   1.7900000000000000e+02   2.8558931062867099e+01
   1.8000000000000000e+02   2.8188464257435701e+01
   1.8100000000000000e+02   2.8051108978035099e+01
   1.8200000000000000e+02   2.8027363233970000e+01
   1.8300000000000000e+02   2.7673529355464801e+01
   1.8400000000000000e+02   2.7332339343326900e+01
   1.8500000000000000e+02   2.7025793476380400e+01
   1.8600000000000000e+02   2.6497347965759399e+01
   1.8700000000000000e+02   2.6097577381776599e+01
   1.8800000000000000e+02   2.6089502104916701e+01
   1.8900000000000000e+02   2.5748902167379399e+01
   1.9000000000000000e+02   2.5429017701590499e+01
   1.9100000000000000e+02   2.5099986612763001e+01
   1.9200000000000000e+02   2.5001195575709001e+01
   1.9300000000000000e+02   2.4903571116323899e+01
   1.9400000000000000e+02   2.4721207488653899e+01
   1.9500000000000000e+02   2.4286765102046701e+01
   1.9600000000000000e+02   2.4038023780139600e+01
   1.9700000000000000e+02   2.3750398287705501e+01
   1.9800000000000000e+02   2.3492419017203900e+01
   1.9900000000000000e+02   2.3435332909337902e+01
   2.0000000000000000e+02   2.3286990787331700e+01
   2.0100000000000000e+02   2.3533470667838301e+01
   2.0200000000000000e+02   2.3726902138746802e+01
   2.0300000000000000e+02   2.3316033637494101e+01
   2.0400000000000000e+02   2.3566807575858402e+01
   2.0500000000000000e+02   2.3928077410696599e+01
   2.0600000000000000e+02   2.3897519378272701e+01
   2.0700000000000000e+02   2.3221791572766801e+01
   2.0800000000000000e+02   2.3125696346758801e+01
   2.0900000000000000e+02   2.2898125573983201e+01
   2.1000000000000000e+02   2.2430177774701001e+01
   2.1100000000000000e+02   2.1946429119300198e+01
   2.1200000000000000e+02   2.1415889296197701e+01
   2.1300000000000000e+02   2.1578242002012001e+01
   2.1400000000000000e+02   2.1207865249855800e+01
   2.1500000000000000e+02   2.1019941395378201e+01
   2.1600000000000000e+02   2.0279434887784799e+01
   2.1700000000000000e+02   2.0292761952792901e+01
   2.1800000000000000e+02   1.9624234226582800e+01
   2.1900000000000000e+02   1.9334767314807401e+01
   2.2000000000000000e+02   1.9330437986969098e+01
   2.2100000000000000e+02   1.9192123668296400e+01
   2.2200000000000000e+02   1.9255788544595301e+01
   2.2300000000000000e+02   1.9424083515602899e+01
   2.2400000000000000e+02   1.9320367501429299e+01
   2.2500000000000000e+02   1.9446293796971901e+01
   2.2600000000000000e+02   1.8646348432116302e+01
   2.2700000000000000e+02   1.8980172909951801e+01
   2.2800000000000000e+02   1.9594324677976399e+01
   2.2900000000000000e+02   1.9519775693904499e+01
   2.3000000000000000e+02   1.9670740556936799e+01
   2.3100000000000000e+02   1.9990148866313099e+01
   2.3200000000000000e+02   1.9488984101287102e+01
   2.3300000000000000e+02   1.9322597633574699e+01
   2.3400000000000000e+02   1.9558472395631600e+01
   2.3500000000000000e+02   1.9861992912535499e+01
   2.3600000000000000e+02   1.9704462839591301e+01
   2.3700000000000000e+02   1.9648725603632801e+01
   2.3800000000000000e+02   1.9580153577770300e+01
   2.3900000000000000e+02   1.9349501830540198e+01
   2.4000000000000000e+02   1.9310987940474099e+01
   2.4100000000000000e+02   1.9177201723658001e+01
   2.4200000000000000e+02   1.8845731208413500e+01
   2.4300000000000000e+02   1.9109695607727499e+01
   2.4400000000000000e+02   1.9043548226603299e+01
   2.4500000000000000e+02   1.9112043212367901e+01
   2.4600000000000000e+02   1.9271881721493202e+01
   2.4700000000000000e+02   1.9175526615794301e+01
   2.4800000000000000e+02   1.9195304714910002e+01
   2.4900000000000000e+02   1.9420489786402399e+01
   2.5000000000000000e+02   1.9342152722006698e+01
   2.5100000000000000e+02   1.8907354594217100e+01
   2.5200000000000000e+02   1.8496735326712301e+01
   2.5300000000000000e+02   1.8378310332567800e+01
   2.5400000000000000e+02   1.8111786513660299e+01
   2.5500000000000000e+02   1.7375138775208200e+01
   2.5600000000000000e+02   1.7302878364795500e+01
   2.5700000000000000e+02   1.7392991760995400e+01
   2.5800000000000000e+02   1.6863480335839800e+01
   2.5900000000000000e+02   1.7004184997147600e+01
   2.6000000000000000e+02   1.6843747606002498e+01
   2.6100000000000000e+02   1.6728629741855300e+01
   2.6200000000000000e+02   1.6878185879236199e+01
   2.6300000000000000e+02   1.6954238865805898e+01
   2.6400000000000000e+02   1.6618743432027799e+01
   2.6500000000000000e+02   1.6193261269705200e+01
   2.6600000000000000e+02   1.6139293593434399e+01
   2.6700000000000000e+02   1.5924087434082900e+01
   2.6800000000000000e+02   1.5976348677360599e+01
   2.6900000000000000e+02   1.5651709246343700e+01
   2.7000000000000000e+02   1.5302608316000800e+01
   2.7100000000000000e+02   1.5020646165868699e+01
   2.7200000000000000e+02   1.5306931114619999e+01
   2.7300000000000000e+02   1.4466297708985600e+01
   2.7400000000000000e+02   1.4262595931020700e+01
   2.7500000000000000e+02   1.3776517444489199e+01
   2.7600000000000000e+02   1.4312295411783900e+01
   2.7700000000000000e+02   1.4411122238366399e+01
   2.7800000000000000e+02   1.4118369504045900e+01
   2.7900000000000000e+02   1.4093449809821200e+01
   2.8000000000000000e+02   1.3248048730314100e+01
   2.8100000000000000e+02   1.2904995538980900e+01
   2.8200000000000000e+02   1.3054287822832000e+01
   2.8300000000000000e+02   1.2818037241968099e+01
   2.8400000000000000e+02   1.2917426485247800e+01
   2.8500000000000000e+02   1.2986243015227499e+01
   2.8600000000000000e+02   1.3154943382410000e+01
   2.8700000000000000e+02   1.3080335453298201e+01
   2.8800000000000000e+02   1.2622603330652000e+01
   2.8900000000000000e+02   1.2702815798122300e+01
   2.9000000000000000e+02   1.2754858394444399e+01
   2.9100000000000000e+02   1.2166961762560900e+01
   2.9200000000000000e+02   1.1833636252375900e+01
   2.9300000000000000e+02   1.1409088906719800e+01
   2.9400000000000000e+02   1.1007395240280699e+01
   2.9500000000000000e+02   1.0855471268629699e+01
   2.9600000000000000e+02   1.0850969469543999e+01
   2.9700000000000000e+02   1.0380053179351201e+01
   2.9800000000000000e+02   9.7688274110604691e+00
   2.9900000000000000e+02   9.2755211814847502e+00
   3.0000000000000000e+02   9.2212575323392407e+00
   3.0100000000000000e+02   8.6797009139003194e+00
   3.0200000000000000e+02   8.6029079976440102e+00
   3.0300000000000000e+02   8.2678836925626005e+00
   3.0400000000000000e+02   8.1137159651602602e+00
   3.0500000000000000e+02   8.1829394427044804e+00
   3.0600000000000000e+02   7.8335412597155898e+00
   3.0700000000000000e+02   7.2468883576631100e+00
   3.0800000000000000e+02   7.3863961613306897e+00
   3.0900000000000000e+02   6.7523494366168197e+00
   3.1000000000000000e+02   6.6448051865772797e+00
   3.1100000000000000e+02   6.4149128763093097e+00
   3.1200000000000000e+02   6.3550065030997702e+00
   3.1300000000000000e+02   6.7343027121198897e+00
   3.1400000000000000e+02   6.3563225932951202e+00
   3.1500000000000000e+02   5.8827151814862502e+00
   3.1600000000000000e+02   5.4903070983811899e+00
   3.1700000000000000e+02   5.0905475952301904e+00
   3.1800000000000000e+02   4.5816548512675501e+00
   3.1900000000000000e+02   4.6925196145482904e+00
   3.2000000000000000e+02   4.0273271688707997e+00
   3.2100000000000000e+02   4.0194462132950202e+00
   3.2200000000000000e+02   3.8495770113324799e+00
   3.2300000000000000e+02   3.6746399647535402e+00
   3.2400000000000000e+02   3.3870628272376799e+00
   3.2500000000000000e+02   3.3001974177086599e+00
   3.2600000000000000e+02   3.8226041978145502e+00
   3.2700000000000000e+02   2.7581122065708601e+00
   3.2800000000000000e+02   2.4639215203928000e+00
   3.2900000000000000e+02   1.9108951759982400e+00
   3.3000000000000000e+02   1.7181861500586699e+00
   3.3100000000000000e+02   1.6219611251036199e+00
   3.3200000000000000e+02   1.7226147378106600e+00
   3.3300000000000000e+02   1.9260391934277199e+00
   3.3400000000000000e+02   1.5157531542836600e+00
   3.3500000000000000e+02   1.4558066627796900e+00
   3.3600000000000000e+02   1.0991726330222700e+00
   3.3700000000000000e+02   1.2085674999233900e+00
   3.3800000000000000e+02   6.3263296377177103e-01
   3.3900000000000000e+02   6.0336937222504501e-02
   3.4000000000000000e+02   2.8468642834050001e-01
   3.4100000000000000e+02  -3.8504894923350901e-02
   3.4200000000000000e+02  -3.2549089204163600e-01
   3.4300000000000000e+02  -5.8623891678833795e-01
   3.4400000000000000e+02  -7.6505067409654604e-01
   3.4500000000000000e+02  -1.1144348213543200e+00
   3.4600000000000000e+02  -1.1508399790085100e+00
   3.4700000000000000e+02  -1.1302960471649901e+00
   3.4800000000000000e+02  -1.5512384677487701e+00
   3.4900000000000000e+02  -2.5527425046309502e+00
   3.5000000000000000e+02  -2.5494677196963802e+00
   3.5100000000000000e+02  -2.6330547115229401e+00
   3.5200000000000000e+02  -2.3248157323151899e+00
   3.5300000000000000e+02  -2.7233376414869199e+00
   3.5400000000000000e+02  -2.7187234582881201e+00
   3.5500000000000000e+02  -3.6339578236258299e+00
   3.5600000000000000e+02  -4.0958467510059000e+00
   3.5700000000000000e+02  -4.3133161313831501e+00
   3.5800000000000000e+02  -4.7819178352918499e+00
   3.5900000000000000e+02  -4.5175582701580499e+00
   3.6000000000000000e+02  -4.6853220757273197e+00
   3.6100000000000000e+02  -4.8484700310351698e+00
   3.6200000000000000e+02  -5.0696856783244799e+00
   3.6300000000000000e+02  -5.4143642097194897e+00
   3.6400000000000000e+02  -5.5925178537222697e+00
   3.6500000000000000e+02  -5.5828069820729702e+00
   3.6600000000000000e+02  -5.8427928666752900e+00
   3.6700000000000000e+02  -6.3069934679183604e+00
   3.6800000000000000e+02  -6.8217407739679796e+00
   3.6900000000000000e+02  -7.1151345559954304e+00
   3.7000000000000000e+02  -7.8464489911168496e+00
   3.7100000000000000e+02  -8.1851116382376397e+00
   3.7200000000000000e+02  -8.6828495055975292e+00
   3.7300000000000000e+02  -9.1934552975090504e+00
   3.7400000000000000e+02  -9.8801863081008001e+00
   3.7500000000000000e+02  -1.0425726830271801e+01
   3.7600000000000000e+02  -1.0925173147028501e+01
   3.7700000000000000e+02  -1.1191666388922300e+01
   3.7800000000000000e+02  -1.1393315659502800e+01
   3.7900000000000000e+02  -1.1004361780889200e+01
   3.8000000000000000e+02  -1.1796615922499599e+01
   3.8100000000000000e+02  -1.1951633601741401e+01
   3.8200000000000000e+02  -1.2877233585794301e+01
   3.8300000000000000e+02  -1.3558565577396600e+01
   3.8400000000000000e+02  -1.4473953681541699e+01
   3.8500000000000000e+02  -1.4483592829322900e+01
   3.8600000000000000e+02  -1.5458057380600099e+01
   3.8700000000000000e+02  -1.5730131754327900e+01
   3.8800000000000000e+02  -1.6185232499647199e+01
   3.8900000000000000e+02  -1.6786019202940000e+01
   3.9000000000000000e+02  -1.7886710580270801e+01
   3.9100000000000000e+02  -1.8494979662873501e+01
   3.9200000000000000e+02  -1.8794094070162199e+01
   3.9300000000000000e+02  -1.8607759259475301e+01
   3.9400000000000000e+02  -1.8615286099136899e+01
   3.9500000000000000e+02  -1.8758865352969099e+01
   3.9600000000000000e+02  -1.9473589672006401e+01
   3.9700000000000000e+02  -2.0166072725605499e+01
   3.9800000000000000e+02  -2.0836980750944399e+01
   3.9900000000000000e+02  -2.1607726599143302e+01
   4.0000000000000000e+02  -2.2147682605046001e+01
   4.0100000000000000e+02  -2.2727560974324700e+01
   4.0200000000000000e+02  -2.3139485892490999e+01
   4.0300000000000000e+02  -2.3582724036003398e+01
   4.0400000000000000e+02  -2.3844398128988502e+01
   4.0500000000000000e+02  -2.4179124795558700e+01
   4.0600000000000000e+02  -2.4554314227609598e+01
   4.0700000000000000e+02  -2.5176781825867899e+01
   4.0800000000000000e+02  -2.5689464080546600e+01
   4.0900000000000000e+02  -2.6465879983137000e+01
   4.1000000000000000e+02  -2.6740775776294701e+01
   4.1100000000000000e+02  -2.6871934100843301e+01
   4.1200000000000000e+02  -2.7297403052590500e+01
   4.1300000000000000e+02  -2.8050492351180999e+01
   4.1400000000000000e+02  -2.8125305005250500e+01
   4.1500000000000000e+02  -2.8744039611450201e+01
   4.1600000000000000e+02  -2.9063659070879499e+01
   4.1700000000000000e+02  -2.9892568373239101e+01
   4.1800000000000000e+02  -3.0579852630932901e+01
   4.1900000000000000e+02  -3.1013992904506100e+01
   4.2000000000000000e+02  -3.1979818314532299e+01
   4.2100000000000000e+02  -3.2244532561793100e+01
   4.2200000000000000e+02  -3.3362624317524400e+01
   4.2300000000000000e+02  -3.3549614765335903e+01
   4.2400000000000000e+02  -3.3898184349567302e+01
   4.2500000000000000e+02  -3.3805417113296301e+01
   4.2600000000000000e+02  -3.4141972981011001e+01
   4.2700000000000000e+02  -3.4263558527270199e+01
   4.2800000000000000e+02  -3.4904806519014798e+01
   4.2900000000000000e+02  -3.5435016156147803e+01
   4.3000000000000000e+02  -3.5449332467725199e+01
   4.3100000000000000e+02  -3.6051496908072799e+01
   4.3200000000000000e+02  -3.6533062097449800e+01
   4.3300000000000000e+02  -3.7066375007677699e+01
   4.3400000000000000e+02  -3.7638786283831003e+01
   4.3500000000000000e+02  -3.7950652727807601e+01
   4.3600000000000000e+02  -3.8409578378758901e+01
   4.3700000000000000e+02  -3.8844755402046303e+01
   4.3800000000000000e+02  -3.8889870543857398e+01
   4.3900000000000000e+02  -3.9337692728880199e+01
   4.4000000000000000e+02  -3.9720694993557203e+01
   4.4100000000000000e+02  -3.9902309151421903e+01
   4.4200000000000000e+02  -4.0839045839997098e+01
   4.4300000000000000e+02  -4.1844292164638503e+01
   4.4400000000000000e+02  -4.2693912359268197e+01
   4.4500000000000000e+02  -4.2745438453751198e+01
   4.4600000000000000e+02  -4.2762068497479497e+01
   4.4700000000000000e+02  -4.3716487343019601e+01
   4.4800000000000000e+02  -4.4623426687593302e+01
   4.4900000000000000e+02  -4.4804609472743103e+01
   4.5000000000000000e+02  -4.4674568512143601e+01
   4.5100000000000000e+02  -4.5282472094721797e+01
   4.5200000000000000e+02  -4.5569207020449497e+01
   4.5300000000000000e+02  -4.6100847475860000e+01
   4.5400000000000000e+02  -4.6812904830053100e+01
   4.5500000000000000e+02  -4.7790610314297801e+01
   4.5600000000000000e+02  -4.9218596310496800e+01
   4.5700000000000000e+02  -5.0101182375112899e+01
   4.5800000000000000e+02  -5.0928251610389303e+01
   4.5900000000000000e+02  -5.1831651588922703e+01
   4.6000000000000000e+02  -5.2350803943754102e+01
   4.6100000000000000e+02  -5.3123765645969598e+01
   4.6200000000000000e+02  -5.3714636641219400e+01
   4.6300000000000000e+02  -5.4510183385095303e+01
   4.6400000000000000e+02  -5.5288012998884398e+01
   4.6500000000000000e+02  -5.5743647682404998e+01
   4.6600000000000000e+02  -5.6227069324799501e+01
   4.6700000000000000e+02  -5.6516316576727398e+01
   4.6800000000000000e+02  -5.6698533706947899e+01
   4.6900000000000000e+02  -5.7616174726560203e+01
   4.7000000000000000e+02  -5.8042372340384297e+01
   4.7100000000000000e+02  -5.8721344875833999e+01
   4.7200000000000000e+02  -5.8825512925374703e+01
   4.7300000000000000e+02  -5.9261936422119000e+01
   4.7400000000000000e+02  -5.9693337604640298e+01
   4.7500000000000000e+02  -6.0520561637988600e+01
   4.7600000000000000e+02  -6.1033900120751198e+01
   4.7700000000000000e+02  -6.1452183896595400e+01
   4.7800000000000000e+02  -6.1197054394113003e+01
   4.7900000000000000e+02  -6.1310313362591899e+01
   4.8000000000000000e+02  -6.2189344919421998e+01
   4.8100000000000000e+02  -6.2979669948197198e+01
   4.8200000000000000e+02  -6.3375821674217498e+01
   4.8300000000000000e+02  -6.3812231744076300e+01
   4.8400000000000000e+02  -6.3802677230179903e+01
   4.8500000000000000e+02  -6.4542222362971202e+01
   4.8600000000000000e+02  -6.4785750115758105e+01
   4.8700000000000000e+02  -6.5378158128861898e+01
   4.8800000000000000e+02  -6.5927955867778607e+01
   4.8900000000000000e+02  -6.6465175411298503e+01
   4.9000000000000000e+02  -6.6857339453732905e+01
   4.9100000000000000e+02  -6.7279081841206093e+01
   4.9200000000000000e+02  -6.7766771169983897e+01
   4.9300000000000000e+02  -6.7229917113793206e+01
   4.9400000000000000e+02  -6.8340125158452594e+01
   4.9500000000000000e+02  -6.8510322334891299e+01
   4.9600000000000000e+02  -6.8457571950198201e+01
   4.9700000000000000e+02  -6.8789069566206194e+01
   4.9800000000000000e+02  -6.8724366718546605e+01
   4.9900000000000000e+02  -6.9101823499814600e+01
   5.0000000000000000e+02  -6.9655800644692306e+01
   5.0100000000000000e+02  -7.0342588144662898e+01
   5.0200000000000000e+02  -7.0593382227345998e+01
   5.0300000000000000e+02  -7.0822000345013393e+01
   5.0400000000000000e+02  -7.1588273097471102e+01
   5.0500000000000000e+02  -7.1763810638674798e+01
   5.0600000000000000e+02  -7.2080193219968095e+01
   5.0700000000000000e+02  -7.2336469535976704e+01
   5.0800000000000000e+02  -7.2546985855227206e+01
   5.0900000000000000e+02  -7.2720719900275796e+01
   5.1000000000000000e+02  -7.2765092024296607e+01
   5.1100000000000000e+02  -7.2588263461940400e+01
   5.1200000000000000e+02  -7.3110463867459401e+01
   5.1300000000000000e+02  -7.3080286962096693e+01
   5.1400000000000000e+02  -7.2892845816502202e+01
   5.1500000000000000e+02  -7.2482590038996193e+01
   5.1600000000000000e+02  -7.2248781199784204e+01
   5.1700000000000000e+02  -7.1916640432547496e+01
   5.1800000000000000e+02  -7.1838805057871497e+01
   5.1900000000000000e+02  -7.1822123699088294e+01
   5.2000000000000000e+02  -7.1656593702759807e+01
   5.2100000000000000e+02  -7.1544687043251898e+01
   5.2200000000000000e+02  -7.2298202541595202e+01
   5.2300000000000000e+02  -7.2719630983969395e+01
   5.2400000000000000e+02  -7.3122707695393501e+01
   5.2500000000000000e+02  -7.3226836660260005e+01
   5.2600000000000000e+02  -7.3050318394473095e+01
   5.2700000000000000e+02  -7.3464971556904999e+01
   5.2800000000000000e+02  -7.3457186733156306e+01
   5.2900000000000000e+02  -7.3485734058410202e+01
   5.3000000000000000e+02  -7.3274755509766294e+01
   5.3100000000000000e+02  -7.3835089177140603e+01
   5.3200000000000000e+02  -7.3987655032532402e+01
   5.3300000000000000e+02  -7.4245093298507399e+01
   5.3400000000000000e+02  -7.4288026676496202e+01
   5.3500000000000000e+02  -7.4028578807511394e+01
   5.3600000000000000e+02  -7.3969953218075702e+01
   5.3700000000000000e+02  -7.3696179592281993e+01
   5.3800000000000000e+02  -7.3763208198309201e+01
   5.3900000000000000e+02  -7.4323923801348101e+01
   5.4000000000000000e+02  -7.4475433049363104e+01
   5.4100000000000000e+02  -7.4568053242303094e+01
   5.4200000000000000e+02  -7.5053406205762201e+01
   5.4300000000000000e+02  -7.4503301348186596e+01
   5.4400000000000000e+02  -7.4788069368352296e+01
   5.4500000000000000e+02  -7.4670008930958204e+01
   5.4600000000000000e+02  -7.4738405541484795e+01
   5.4700000000000000e+02  -7.4620098878256499e+01
   5.4800000000000000e+02  -7.4361600744041496e+01
   5.4900000000000000e+02  -7.4595302720871800e+01
   5.5000000000000000e+02  -7.5047342362268495e+01
   5.5100000000000000e+02  -7.4637153224098199e+01
   5.5200000000000000e+02  -7.4734729521991596e+01
   5.5300000000000000e+02  -7.4368550597037000e+01
   5.5400000000000000e+02  -7.4337339862129099e+01
   5.5500000000000000e+02  -7.4001452041472206e+01
   5.5600000000000000e+02  -7.4100264411356505e+01
   5.5700000000000000e+02  -7.4059032016431900e+01
   5.5800000000000000e+02  -7.3880301802394300e+01
   5.5900000000000000e+02  -7.4182122463242194e+01
   5.6000000000000000e+02  -7.4222915715740797e+01
   5.6100000000000000e+02  -7.4559508370537699e+01
   5.6200000000000000e+02  -7.3746405182157403e+01
   5.6300000000000000e+02  -7.3801416071626605e+01
   5.6400000000000000e+02  -7.3648876598286506e+01
   5.6500000000000000e+02  -7.3959421361067598e+01
   5.6600000000000000e+02  -7.4014199510467606e+01
   5.6700000000000000e+02  -7.4385988594908298e+01
   5.6800000000000000e+02  -7.4367960451539403e+01
   5.6900000000000000e+02  -7.4137073444589106e+01
   5.7000000000000000e+02  -7.3946491005778000e+01
   5.7100000000000000e+02  -7.3839240625943503e+01
   5.7200000000000000e+02  -7.3855570729726296e+01
   5.7300000000000000e+02  -7.3728815817642499e+01
   5.7400000000000000e+02  -7.3587558550457004e+01
   5.7500000000000000e+02  -7.3467222028131800e+01
   5.7600000000000000e+02  -7.3799556916290001e+01
   5.7700000000000000e+02  -7.4267044170687996e+01
   5.7800000000000000e+02  -7.4693791986132197e+01
   5.7900000000000000e+02  -7.4483781334105103e+01
   5.8000000000000000e+02  -7.4192219188365797e+01
   5.8100000000000000e+02  -7.4343989748805996e+01
   5.8200000000000000e+02  -7.3870142356583202e+01
   5.8300000000000000e+02  -7.3989202896346001e+01
   5.8400000000000000e+02  -7.3545513650337398e+01
   5.8500000000000000e+02  -7.3788731321625505e+01
   5.8600000000000000e+02  -7.3563224921058605e+01
   5.8700000000000000e+02  -7.3682170241710693e+01
   5.8800000000000000e+02  -7.3667141084530599e+01
   5.8900000000000000e+02  -7.3589136437997794e+01
   5.9000000000000000e+02  -7.3464628632244995e+01
   5.9100000000000000e+02  -7.3630232779983004e+01
   5.9200000000000000e+02  -7.3518850254693803e+01
   5.9300000000000000e+02  -7.3723685099353801e+01
   5.9400000000000000e+02  -7.3474995062820000e+01
   5.9500000000000000e+02  -7.3411853977890701e+01
   5.9600000000000000e+02  -7.3110447906884403e+01
   5.9700000000000000e+02  -7.3422928296748097e+01
   5.9800000000000000e+02  -7.3625489931963600e+01
   5.9900000000000000e+02  -7.3396063044940902e+01
   6.0000000000000000e+02  -7.3366899114860203e+01
   6.0100000000000000e+02  -7.3431230340851997e+01
   6.0200000000000000e+02  -7.3727998618256706e+01
   6.0300000000000000e+02  -7.3626589565029605e+01
   6.0400000000000000e+02  -7.3507611829962897e+01
   6.0500000000000000e+02  -7.3307659281438504e+01
   6.0600000000000000e+02  -7.3403018022482598e+01
   6.0700000000000000e+02  -7.3653509350078906e+01
   6.0800000000000000e+02  -7.3792718145100594e+01
   6.0900000000000000e+02  -7.3718737824596005e+01
   6.1000000000000000e+02  -7.3704680163785994e+01
   6.1100000000000000e+02  -7.4068096049356001e+01
   6.1200000000000000e+02  -7.3719437729408597e+01
   6.1300000000000000e+02  -7.3554490905818099e+01
   6.1400000000000000e+02  -7.4290911449676500e+01
   6.1500000000000000e+02  -7.4354029430243699e+01
   6.1600000000000000e+02  -7.3908404348752995e+01
   6.1700000000000000e+02  -7.3766435135802396e+01
   6.1800000000000000e+02  -7.4145132457301898e+01
   6.1900000000000000e+02  -7.4179521206825697e+01
   6.2000000000000000e+02  -7.4472092379723605e+01
   6.2100000000000000e+02  -7.4371404075980706e+01
   6.2200000000000000e+02  -7.4303166707856306e+01
   6.2300000000000000e+02  -7.4360509480317504e+01
   6.2400000000000000e+02  -7.4034840540101101e+01
   6.2500000000000000e+02  -7.4112583648644502e+01
   6.2600000000000000e+02  -7.4236161347701696e+01
   6.2700000000000000e+02  -7.4023758536111799e+01
   6.2800000000000000e+02  -7.3783199005365404e+01
   6.2900000000000000e+02  -7.3927169381669202e+01
   6.3000000000000000e+02  -7.4032603584090893e+01
   6.3100000000000000e+02  -7.4359937471489900e+01
   6.3200000000000000e+02  -7.4727595149913100e+01
   6.3300000000000000e+02  -7.4796547331056104e+01
   6.3400000000000000e+02  -7.4811695807503597e+01
   6.3500000000000000e+02  -7.5309648229978293e+01
   6.3600000000000000e+02  -7.5572567909047507e+01
   6.3700000000000000e+02  -7.5307073441233300e+01
   6.3800000000000000e+02  -7.5151802364212799e+01
   6.3900000000000000e+02  -7.5352440126677095e+01
   6.4000000000000000e+02  -7.5209150820952303e+01
   6.4100000000000000e+02  -7.4955768608570693e+01
   6.4200000000000000e+02  -7.4991129658808703e+01
   6.4300000000000000e+02  -7.4869693827371194e+01
   6.4400000000000000e+02  -7.4595049839338003e+01
   6.4500000000000000e+02  -7.4917659434291707e+01
   6.4600000000000000e+02  -7.4359224308777897e+01
   6.4700000000000000e+02  -7.4629280614685399e+01
   6.4800000000000000e+02  -7.5090650496170099e+01
   6.4900000000000000e+02  -7.5049457868490705e+01
   6.5000000000000000e+02  -7.5109749316348001e+01
   6.5100000000000000e+02  -7.4827916961510098e+01
   6.5200000000000000e+02  -7.4455882841859193e+01
   6.5300000000000000e+02  -7.4877835433101794e+01
   6.5400000000000000e+02  -7.4788966143881396e+01
   6.5500000000000000e+02  -7.4715455959513605e+01
   6.5600000000000000e+02  -7.5055524881007003e+01
   6.5700000000000000e+02  -7.5110299430258806e+01
   6.5800000000000000e+02  -7.5170036275927401e+01
   6.5900000000000000e+02  -7.5537334973488598e+01
   6.6000000000000000e+02  -7.5348563508823901e+01
   6.6100000000000000e+02  -7.5793640725388101e+01
   6.6200000000000000e+02  -7.6169410165691701e+01
   6.6300000000000000e+02  -7.5971818166640801e+01
   6.6400000000000000e+02  -7.6277690858688999e+01
   6.6500000000000000e+02  -7.6170695851456998e+01
   6.6600000000000000e+02  -7.6616978067900007e+01
   6.6700000000000000e+02  -7.6756833121163595e+01
   6.6800000000000000e+02  -7.6454803819182999e+01
   6.6900000000000000e+02  -7.6509454790134598e+01
   6.7000000000000000e+02  -7.6377701870132597e+01
   6.7100000000000000e+02  -7.6268188987633906e+01
   6.7200000000000000e+02  -7.6603148213273798e+01
   6.7300000000000000e+02  -7.6610279359514607e+01
   6.7400000000000000e+02  -7.6696303762794699e+01
   6.7500000000000000e+02  -7.6162294839999106e+01
   6.7600000000000000e+02  -7.5557118293087001e+01
   6.7700000000000000e+02  -7.5607387331423098e+01
   6.7800000000000000e+02  -7.5390157893606201e+01
   6.7900000000000000e+02  -7.5552173561254193e+01
   6.8000000000000000e+02  -7.5731310546640898e+01
   6.8100000000000000e+02  -7.5153269079131306e+01
   6.8200000000000000e+02  -7.4849420811716001e+01
   6.8300000000000000e+02  -7.4755095953475205e+01
   6.8400000000000000e+02  -7.4703789450131396e+01
   6.8500000000000000e+02  -7.4705625404381294e+01
   6.8600000000000000e+02  -7.4589773798959797e+01
   6.8700000000000000e+02  -7.4329961900296198e+01
   6.8800000000000000e+02  -7.4393227627266995e+01
   6.8900000000000000e+02  -7.4053635529049700e+01
   6.9000000000000000e+02  -7.4055278689892305e+01
   6.9100000000000000e+02  -7.4473100361128303e+01
   6.9200000000000000e+02  -7.4530041480645394e+01
   6.9300000000000000e+02  -7.4303100321903401e+01
   6.9400000000000000e+02  -7.3872988419866005e+01
   6.9500000000000000e+02  -7.3370625396077301e+01
   6.9600000000000000e+02  -7.3517343295860499e+01
   6.9700000000000000e+02  -7.3330697762137305e+01
   6.9800000000000000e+02  -7.3312019216567705e+01
   6.9900000000000000e+02  -7.2773081563588207e+01
   7.0000000000000000e+02  -7.2841317182440093e+01
   7.0100000000000000e+02  -7.3010720069137605e+01
   7.0200000000000000e+02  -7.3011593259615793e+01
   7.0300000000000000e+02  -7.2964054235804994e+01
   7.0400000000000000e+02  -7.2367744145008601e+01
   7.0500000000000000e+02  -7.2796350283703106e+01
   7.0600000000000000e+02  -7.2538435616370194e+01
   7.0700000000000000e+02  -7.2837675987638306e+01
   7.0800000000000000e+02  -7.3349324031674698e+01
   7.0900000000000000e+02  -7.3563740310306400e+01
   7.1000000000000000e+02  -7.3377736650047396e+01
   7.1100000000000000e+02  -7.3825038025243501e+01
   7.1200000000000000e+02  -7.4003276934880006e+01
   7.1300000000000000e+02  -7.4053148020819904e+01
   7.1400000000000000e+02  -7.3591060244096099e+01
   7.1500000000000000e+02  -7.3619514646810401e+01
   7.1600000000000000e+02  -7.3792569289911796e+01
   7.1700000000000000e+02  -7.3243325001161594e+01
   7.1800000000000000e+02  -7.3561702713339500e+01
   7.1900000000000000e+02  -7.4262278198945495e+01
   7.2000000000000000e+02  -7.4253514669765295e+01
   7.2100000000000000e+02  -7.4188818638969295e+01
   7.2200000000000000e+02  -7.4031039842833295e+01
   7.2300000000000000e+02  -7.4283693023143300e+01
   7.2400000000000000e+02  -7.4407624334184305e+01
   7.2500000000000000e+02  -7.4584651474721099e+01
   7.2600000000000000e+02  -7.4918648466676700e+01
   7.2700000000000000e+02  -7.4849610542869698e+01
   7.2800000000000000e+02  -7.4769090275890605e+01
   7.2900000000000000e+02  -7.5401063470937103e+01
   7.3000000000000000e+02  -7.5533227579149099e+01
   7.3100000000000000e+02  -7.5201125810366506e+01
   7.3200000000000000e+02  -7.4989800116840001e+01
   7.3300000000000000e+02  -7.5175217832350199e+01
   7.3400000000000000e+02  -7.5430344597464199e+01
   7.3500000000000000e+02  -7.5163933052617693e+01
   7.3600000000000000e+02  -7.5569509562467005e+01
   7.3700000000000000e+02  -7.5991615708207902e+01
   7.3800000000000000e+02  -7.6394778652297603e+01
   7.3900000000000000e+02  -7.6682963514738503e+01
   7.4000000000000000e+02  -7.7222836235115693e+01
   7.4100000000000000e+02  -7.7223411603610302e+01
   7.4200000000000000e+02  -7.7133738788869906e+01
   7.4300000000000000e+02  -7.6893627573997804e+01
   7.4400000000000000e+02  -7.6670569985678497e+01
   7.4500000000000000e+02  -7.6678337182239900e+01
   7.4600000000000000e+02  -7.6888342093188399e+01
   7.4700000000000000e+02  -7.7005889722684799e+01
   7.4800000000000000e+02  -7.7023324989850195e+01
   7.4900000000000000e+02  -7.7295929150171901e+01
   7.5000000000000000e+02  -7.7526632865078795e+01
   7.5100000000000000e+02  -7.7333808252669897e+01
   7.5200000000000000e+02  -7.7008833521851997e+01
   7.5300000000000000e+02  -7.7587405704753607e+01
   7.5400000000000000e+02  -7.7373332926236202e+01
   7.5500000000000000e+02  -7.7431051648827093e+01
   7.5600000000000000e+02  -7.7185652903460294e+01
   7.5700000000000000e+02  -7.7715296817294202e+01
   7.5800000000000000e+02  -7.7716526836690804e+01
   7.5900000000000000e+02  -7.7525922007970607e+01
   7.6000000000000000e+02  -7.7772078829267201e+01
   7.6100000000000000e+02  -7.7617335244904197e+01
   7.6200000000000000e+02  -7.7713187013323093e+01
   7.6300000000000000e+02  -7.7647930503851597e+01
   7.6400000000000000e+02  -7.7424556908952596e+01
   7.6500000000000000e+02  -7.7259722309760605e+01
   7.6600000000000000e+02  -7.7335225803932204e+01
   7.6700000000000000e+02  -7.7058972612890898e+01
   7.6800000000000000e+02  -7.7104532665385804e+01
   7.6900000000000000e+02  -7.7558279258366397e+01
   7.7000000000000000e+02  -7.6764508325911905e+01
   7.7100000000000000e+02  -7.7211873081996302e+01
   7.7200000000000000e+02  -7.7106272635430699e+01
   7.7300000000000000e+02  -7.7626324534344405e+01
   7.7400000000000000e+02  -7.7939533922200098e+01
   7.7500000000000000e+02  -7.7364156260518300e+01
   7.7600000000000000e+02  -7.6798899668340098e+01
   7.7700000000000000e+02  -7.6836169224570895e+01
   7.7800000000000000e+02  -7.6346297522803496e+01
   7.7900000000000000e+02  -7.6111383992193495e+01
   7.8000000000000000e+02  -7.6260655360744195e+01
   7.8100000000000000e+02  -7.6346621414919994e+01
   7.8200000000000000e+02  -7.6022297328010794e+01
   7.8300000000000000e+02  -7.5932228406723596e+01
   7.8400000000000000e+02  -7.5707928625086794e+01
   7.8500000000000000e+02  -7.5173768504184594e+01
   7.8600000000000000e+02  -7.5207456851887002e+01
   7.8700000000000000e+02  -7.5313384133681794e+01
   7.8800000000000000e+02  -7.5087740795343194e+01
   7.8900000000000000e+02  -7.5082011304848294e+01
   7.9000000000000000e+02  -7.4813326422063994e+01
   7.9100000000000000e+02  -7.4248373423790596e+01
   7.9200000000000000e+02  -7.4455400024759399e+01
   7.9300000000000000e+02  -7.4435346582564094e+01
   7.9400000000000000e+02  -7.4320609068266904e+01
   7.9500000000000000e+02  -7.5022648719428204e+01
   7.9600000000000000e+02  -7.4846049646829101e+01
   7.9700000000000000e+02  -7.4375473749232498e+01
   7.9800000000000000e+02  -7.4476298071427493e+01
   7.9900000000000000e+02  -7.4410795900963393e+01
   8.0000000000000000e+02  -7.4418691030425094e+01
   8.0100000000000000e+02  -7.4281502249616196e+01
   8.0200000000000000e+02  -7.4089258715471502e+01
   8.0300000000000000e+02  -7.4406538076677293e+01
   8.0400000000000000e+02  -7.4871822671389396e+01
   8.0500000000000000e+02  -7.4924370014217800e+01
   8.0600000000000000e+02  -7.4898464463400998e+01
   8.0700000000000000e+02  -7.4920672727002497e+01
   8.0800000000000000e+02  -7.4466983990936299e+01
   8.0900000000000000e+02  -7.4461037655094302e+01
   8.1000000000000000e+02  -7.4384072748015498e+01
   8.1100000000000000e+02  -7.4381751957641498e+01
   8.1200000000000000e+02  -7.4471841309302306e+01
   8.1300000000000000e+02  -7.4210919459385494e+01
   8.1400000000000000e+02  -7.3648455618690704e+01
   8.1500000000000000e+02  -7.3432466488972594e+01
   8.1600000000000000e+02  -7.3223998481556194e+01
   8.1700000000000000e+02  -7.3355736536502405e+01
   8.1800000000000000e+02  -7.3402990609049496e+01
   8.1900000000000000e+02  -7.4107188204396493e+01
   8.2000000000000000e+02  -7.3658897388549093e+01
   8.2100000000000000e+02  -7.3534756384396303e+01
   8.2200000000000000e+02  -7.3665558450078805e+01
   8.2300000000000000e+02  -7.3423016786780806e+01
   8.2400000000000000e+02  -7.3536986328728602e+01
   8.2500000000000000e+02  -7.3595428466337907e+01
   8.2600000000000000e+02  -7.3904721286774503e+01
   8.2700000000000000e+02  -7.4265865612676507e+01
   8.2800000000000000e+02  -7.4570117938424900e+01
   8.2900000000000000e+02  -7.4523484975154304e+01
   8.3000000000000000e+02  -7.4817251725589500e+01
   8.3100000000000000e+02  -7.4676104216412398e+01
   8.3200000000000000e+02  -7.4857014037182907e+01
   8.3300000000000000e+02  -7.5233646222869794e+01
   8.3400000000000000e+02  -7.4894953911228299e+01
   8.3500000000000000e+02  -7.5021199951797399e+01
   8.3600000000000000e+02  -7.5056245774974997e+01
   8.3700000000000000e+02  -7.4960453091317603e+01
   8.3800000000000000e+02  -7.4776986078002693e+01
   8.3900000000000000e+02  -7.5050005940014003e+01
   8.4000000000000000e+02  -7.5466444876149495e+01
   8.4100000000000000e+02  -7.5578196203206900e+01
   8.4200000000000000e+02  -7.5332845269569006e+01
   8.4300000000000000e+02  -7.5357830274901005e+01
   8.4400000000000000e+02  -7.5431578130711102e+01
   8.4500000000000000e+02  -7.5562268400024806e+01
   8.4600000000000000e+02  -7.5159959687981100e+01
   8.4700000000000000e+02  -7.5175109215199100e+01
   8.4800000000000000e+02  -7.4917645439356605e+01
   8.4900000000000000e+02  -7.4933764924344601e+01
   8.5000000000000000e+02  -7.5004261146754303e+01
   8.5100000000000000e+02  -7.5507950618781194e+01
   8.5200000000000000e+02  -7.5761326449391504e+01
   8.5300000000000000e+02  -7.5533891653388096e+01
   8.5400000000000000e+02  -7.5227815277804595e+01
   8.5500000000000000e+02  -7.5239861724477905e+01
   8.5600000000000000e+02  -7.5275511476985400e+01
   8.5700000000000000e+02  -7.5535375542830806e+01
   8.5800000000000000e+02  -7.5868902502024696e+01
   8.5900000000000000e+02  -7.5583631137266295e+01
   8.6000000000000000e+02  -7.5956256863113396e+01
   8.6100000000000000e+02  -7.5886843103493305e+01
   8.6200000000000000e+02  -7.5388975530888402e+01
   8.6300000000000000e+02  -7.5551953992567903e+01
   8.6400000000000000e+02  -7.5423388046850206e+01
   8.6500000000000000e+02  -7.5123214713814306e+01
   8.6600000000000000e+02  -7.5537952394503193e+01
   8.6700000000000000e+02  -7.6003251185881098e+01
   8.6800000000000000e+02  -7.6071995173945496e+01
   8.6900000000000000e+02  -7.5996118354466205e+01
   8.7000000000000000e+02  -7.6251213543638301e+01
   8.7100000000000000e+02  -7.6322486148075797e+01
   8.7200000000000000e+02  -7.6259720301167107e+01
   8.7300000000000000e+02  -7.6230760039778900e+01
   8.7400000000000000e+02  -7.6629380515951794e+01
   8.7500000000000000e+02  -7.6507316818497799e+01
   8.7600000000000000e+02  -7.6353845893761402e+01
   8.7700000000000000e+02  -7.5808623703358805e+01
   8.7800000000000000e+02  -7.5549860202405199e+01
   8.7900000000000000e+02  -7.5593971113948001e+01
   8.8000000000000000e+02  -7.5482899329638400e+01
   8.8100000000000000e+02  -7.5457047629008102e+01
   8.8200000000000000e+02  -7.5366996958772205e+01
   8.8300000000000000e+02  -7.5208864675369398e+01
   8.8400000000000000e+02  -7.5277847396078997e+01
   8.8500000000000000e+02  -7.5093479540926594e+01
   8.8600000000000000e+02  -7.4716539645536301e+01
   8.8700000000000000e+02  -7.5149061338771205e+01
   8.8800000000000000e+02  -7.4662923725560802e+01
   8.8900000000000000e+02  -7.4892698554315501e+01
   8.9000000000000000e+02  -7.5038181500771302e+01
   8.9100000000000000e+02  -7.5264321907779305e+01
   8.9200000000000000e+02  -7.5062170272990201e+01
   8.9300000000000000e+02  -7.5024675176829106e+01
   8.9400000000000000e+02  -7.4586865096191602e+01
   8.9500000000000000e+02  -7.4402256811603706e+01
   8.9600000000000000e+02  -7.4734049794305093e+01
   8.9700000000000000e+02  -7.4602093906811703e+01
   8.9800000000000000e+02  -7.4691880636546898e+01
   8.9900000000000000e+02  -7.4854876433642701e+01
   9.0000000000000000e+02  -7.4231087514079206e+01
   9.0100000000000000e+02  -7.4251118367124306e+01
   9.0200000000000000e+02  -7.4686597227125006e+01
   9.0300000000000000e+02  -7.4807948326939098e+01
   9.0400000000000000e+02  -7.4521594722273207e+01
   9.0500000000000000e+02  -7.4221571628673402e+01
   9.0600000000000000e+02  -7.4514453611154295e+01
   9.0700000000000000e+02  -7.4508770342637703e+01
   9.0800000000000000e+02  -7.4487752828113500e+01
   9.0900000000000000e+02  -7.4064087043052396e+01
   9.1000000000000000e+02  -7.4477194014410003e+01
   9.1100000000000000e+02  -7.4823967911658301e+01
   9.1200000000000000e+02  -7.4950528196072497e+01
   9.1300000000000000e+02  -7.4702510102527597e+01
   9.1400000000000000e+02  -7.4959166097167994e+01
   9.1500000000000000e+02  -7.5351437088106394e+01
   9.1600000000000000e+02  -7.5509991015316203e+01
   9.1700000000000000e+02  -7.5645937381758401e+01
   9.1800000000000000e+02  -7.5757676592394105e+01
   9.1900000000000000e+02  -7.5464009004198203e+01
   9.2000000000000000e+02  -7.5331637230265599e+01
   9.2100000000000000e+02  -7.5691257957944998e+01
   9.2200000000000000e+02  -7.6123234564423996e+01
   9.2300000000000000e+02  -7.6366614659130093e+01
   9.2400000000000000e+02  -7.6442939132259596e+01
   9.2500000000000000e+02  -7.6316796604109399e+01
   9.2600000000000000e+02  -7.6207177716819203e+01
   9.2700000000000000e+02  -7.6201870819578701e+01
   9.2800000000000000e+02  -7.6169114036292399e+01
   9.2900000000000000e+02  -7.6234951393602501e+01
   9.3000000000000000e+02  -7.6571867448309405e+01
   9.3100000000000000e+02  -7.6193780663669401e+01
   9.3200000000000000e+02  -7.5937619684630604e+01
   9.3300000000000000e+02  -7.6285906589332896e+01
   9.3400000000000000e+02  -7.6176044115440703e+01
   9.3500000000000000e+02  -7.5833911053131402e+01
   9.3600000000000000e+02  -7.5800567735021900e+01
   9.3700000000000000e+02  -7.5775727060976905e+01
   9.3800000000000000e+02  -7.5458891528460597e+01
   9.3900000000000000e+02  -7.5432305703664795e+01
   9.4000000000000000e+02  -7.5904592075142105e+01
   9.4100000000000000e+02  -7.6238678258113296e+01
   9.4200000000000000e+02  -7.6431086258248797e+01
   9.4300000000000000e+02  -7.6522696019414894e+01
   9.4400000000000000e+02  -7.6585034306361095e+01
   9.4500000000000000e+02  -7.6058560828132798e+01
   9.4600000000000000e+02  -7.5992923211357393e+01
   9.4700000000000000e+02  -7.5829582360912298e+01
   9.4800000000000000e+02  -7.5385103122854900e+01
   9.4900000000000000e+02  -7.5517956805137302e+01
   9.5000000000000000e+02  -7.5680548664191505e+01
   9.5100000000000000e+02  -7.6028319795657296e+01
   9.5200000000000000e+02  -7.5817528715682400e+01
   9.5300000000000000e+02  -7.5606606321900600e+01
   9.5400000000000000e+02  -7.5640624493692897e+01
   9.5500000000000000e+02  -7.5380472457628301e+01
   9.5600000000000000e+02  -7.5172879324724803e+01
   9.5700000000000000e+02  -7.5062304285847603e+01
   9.5800000000000000e+02  -7.5102179414260505e+01
   9.5900000000000000e+02  -7.5722670379731099e+01
   9.6000000000000000e+02  -7.5596000063257193e+01
   9.6100000000000000e+02  -7.5206308005349200e+01
   9.6200000000000000e+02  -7.5365541025791700e+01
   9.6300000000000000e+02  -7.5143342836357903e+01
   9.6400000000000000e+02  -7.5262563368180096e+01
   9.6500000000000000e+02  -7.5490887680320000e+01
   9.6600000000000000e+02  -7.4923256024243102e+01
   9.6700000000000000e+02  -7.5249298150220795e+01
   9.6800000000000000e+02  -7.4993453890477994e+01
   9.6900000000000000e+02  -7.5176706073847399e+01
   9.7000000000000000e+02  -7.5446097176220903e+01
   9.7100000000000000e+02  -7.5541405897381594e+01
   9.7200000000000000e+02  -7.5212397682657098e+01
   9.7300000000000000e+02  -7.5310538663171201e+01
   9.7400000000000000e+02  -7.5622238893931296e+01
   9.7500000000000000e+02  -7.5451351066373505e+01
   9.7600000000000000e+02  -7.5698999142496106e+01
   9.7700000000000000e+02  -7.5626778481801693e+01
   9.7800000000000000e+02  -7.4949685420948299e+01
   9.7900000000000000e+02  -7.4922927808950504e+01
   9.8000000000000000e+02  -7.5120255724043702e+01
   9.8100000000000000e+02  -7.4631873109776294e+01
   9.8200000000000000e+02  -7.4576353676376101e+01
   9.8300000000000000e+02  -7.4468597304088604e+01
   9.8400000000000000e+02  -7.4128210018904198e+01
   9.8500000000000000e+02  -7.3836472112090505e+01
   9.8600000000000000e+02  -7.3699997297238596e+01
   9.8700000000000000e+02  -7.3293955383249298e+01
   9.8800000000000000e+02  -7.3005418086673998e+01
   9.8900000000000000e+02  -7.3324051483423602e+01
   9.9000000000000000e+02  -7.3364653757830695e+01
   9.9100000000000000e+02  -7.2667660768572404e+01
   9.9200000000000000e+02  -7.3058343272760098e+01
   9.9300000000000000e+02  -7.3019379537234798e+01
   9.9400000000000000e+02  -7.3273552189680501e+01
   9.9500000000000000e+02  -7.3048291586944302e+01
   9.9600000000000000e+02  -7.3352160801126701e+01
   9.9700000000000000e+02  -7.3176172846982595e+01
   9.9800000000000000e+02  -7.3253745942142203e+01
   9.9900000000000000e+02  -7.3296230207518704e+01
   1.0000000000000000e+03  -7.3296555866507205e+01
   1.0010000000000000e+03  -7.2950672847221995e+01
   1.0020000000000000e+03  -7.3278160040278905e+01
   1.0030000000000000e+03  -7.3008417571508602e+01
   1.0040000000000000e+03  -7.2697251232369993e+01
   1.0050000000000000e+03  -7.2556061695513804e+01
   1.0060000000000000e+03  -7.2685501387073401e+01
   1.0070000000000000e+03  -7.2665243947212801e+01
   1.0080000000000000e+03  -7.2780383263503495e+01
   1.0090000000000000e+03  -7.3183659668744397e+01
   1.0100000000000000e+03  -7.3311632902839307e+01
   1.0110000000000000e+03  -7.3007019840668903e+01
   1.0120000000000000e+03  -7.3284777049515498e+01
   1.0130000000000000e+03  -7.3209014106499694e+01
   1.0140000000000000e+03  -7.3632971082755802e+01
   1.0150000000000000e+03  -7.3183444399119907e+01
   1.0160000000000000e+03  -7.3400952566549293e+01
   1.0170000000000000e+03  -7.3255859558467805e+01
   1.0180000000000000e+03  -7.3097602063572197e+01
   1.0190000000000000e+03  -7.2565252269827894e+01
   1.0200000000000000e+03  -7.2096015450505803e+01
   1.0210000000000000e+03  -7.2434054685191001e+01
   1.0220000000000000e+03  -7.2338898163292797e+01
   1.0230000000000000e+03  -7.2455100030090406e+01
   1.0240000000000000e+03  -7.2647905286480295e+01
   1.0250000000000000e+03  -7.2903055270939504e+01
   1.0260000000000000e+03  -7.2887183682656001e+01
   1.0270000000000000e+03  -7.3094050162580601e+01
   1.0280000000000000e+03  -7.2852232557851394e+01
   1.0290000000000000e+03  -7.2019666980592703e+01
   1.0300000000000000e+03  -7.1770987000087800e+01
   1.0310000000000000e+03  -7.1268381136667600e+01
   1.0320000000000000e+03  -7.1103569170699799e+01
   1.0330000000000000e+03  -7.1593557583426005e+01
   1.0340000000000000e+03  -7.1314317578987399e+01
   1.0350000000000000e+03  -7.1322220923938701e+01
   1.0360000000000000e+03  -7.0441763120603994e+01
   1.0370000000000000e+03  -7.0837873555162204e+01
   1.0380000000000000e+03  -7.0813779909112299e+01
   1.0390000000000000e+03  -7.0836132535671297e+01
   1.0400000000000000e+03  -7.0720960892880697e+01
   1.0410000000000000e+03  -7.0519532377222504e+01
   1.0420000000000000e+03  -6.9734790793192204e+01
   1.0430000000000000e+03  -6.9745546748140697e+01
   1.0440000000000000e+03  -6.9858216036037106e+01
   1.0450000000000000e+03  -7.0058616564817996e+01
   1.0460000000000000e+03  -6.9883917033929293e+01
   1.0470000000000000e+03  -6.9603926952527900e+01
   1.0480000000000000e+03  -6.9292444867037801e+01
   1.0490000000000000e+03  -6.8830539334316001e+01
   1.0500000000000000e+03  -6.9108924757196803e+01
   1.0510000000000000e+03  -6.8356766246344606e+01
   1.0520000000000000e+03  -6.8294797660009294e+01
   1.0530000000000000e+03  -6.7927720400991603e+01
   1.0540000000000000e+03  -6.7341632261873201e+01
   1.0550000000000000e+03  -6.7046567200931605e+01
   1.0560000000000000e+03  -6.6692306493669307e+01
   1.0570000000000000e+03  -6.6387412504740794e+01
   1.0580000000000000e+03  -6.6052118053173501e+01
   1.0590000000000000e+03  -6.5184030775551605e+01
   1.0600000000000000e+03  -6.4562566835774604e+01
   1.0610000000000000e+03  -6.3644199941759602e+01
   1.0620000000000000e+03  -6.3433242191914402e+01
   1.0630000000000000e+03  -6.2494919212276997e+01
   1.0640000000000000e+03  -6.1370682041679601e+01
   1.0650000000000000e+03  -5.9906816297396702e+01
   1.0660000000000000e+03  -5.7754671130648802e+01
   1.0670000000000000e+03  -5.4133443652691902e+01
   1.0680000000000000e+03  -4.4990816332981701e+01
   1.0690000000000000e+03  -1.3895594803279000e+01
