  -1.0000000000000000e+02  -7.4029569066176606e+01
  -9.9000000000000000e+01  -7.4205232016407805e+01
  -9.8000000000000000e+01  -7.4618390286674298e+01
  -9.7000000000000000e+01  -7.4635189109226005e+01
  -9.6000000000000000e+01  -7.4997752542710103e+01
  -9.5000000000000000e+01  -7.4997947221857203e+01
  -9.4000000000000000e+01  -7.4828204653916998e+01
  -9.3000000000000000e+01  -7.4728586201171893e+01
  -9.2000000000000000e+01  -7.4678087249248193e+01
  -9.1000000000000000e+01  -7.4472104385612198e+01
  -9.0000000000000000e+01  -7.4409500539193800e+01
  -8.9000000000000000e+01  -7.4223698398428397e+01
  -8.8000000000000000e+01  -7.4111347297136604e+01
  -8.7000000000000000e+01  -7.4063904117557698e+01
  -8.6000000000000000e+01  -7.4162059687792706e+01
  -8.5000000000000000e+01  -7.4068603198392594e+01
  -8.4000000000000000e+01  -7.3846600859630797e+01
  -8.3000000000000000e+01  -7.3876143169240706e+01
  -8.2000000000000000e+01  -7.3890623056958503e+01
  -8.1000000000000000e+01  -7.3474968456457702e+01
  -8.0000000000000000e+01  -7.3102921259148900e+01
  -7.9000000000000000e+01  -7.2410478298701506e+01
  -7.8000000000000000e+01  -7.2373937324971394e+01
  -7.7000000000000000e+01  -7.2573663058264202e+01
  -7.6000000000000000e+01  -7.2356866301071406e+01
  -7.5000000000000000e+01  -7.2744125991404999e+01
  -7.4000000000000000e+01  -7.2412642576050800e+01
  -7.3000000000000000e+01  -7.2768684101715607e+01
  -7.2000000000000000e+01  -7.2929148798802601e+01
  -7.1000000000000000e+01  -7.3049949161223097e+01
  -7.0000000000000000e+01  -7.3022858567601602e+01
  -6.9000000000000000e+01  -7.2905235210481194e+01
  -6.8000000000000000e+01  -7.2553388829081499e+01
  -6.7000000000000000e+01  -7.2327623455185204e+01
  -6.6000000000000000e+01  -7.2568380069296097e+01
  -6.5000000000000000e+01  -7.2271741393846298e+01
  -6.4000000000000000e+01  -7.1936839661029794e+01
  -6.3000000000000000e+01  -7.1446817830224205e+01
  -6.2000000000000000e+01  -7.1753260705841399e+01
  -6.1000000000000000e+01  -7.1984059378474498e+01
  -6.0000000000000000e+01  -7.2185262312586403e+01
  -5.9000000000000000e+01  -7.2527348161756095e+01
  -5.8000000000000000e+01  -7.2092309053277603e+01
  -5.7000000000000000e+01  -7.1966399917571195e+01
  -5.6000000000000000e+01  -7.1850393039966903e+01
  -5.5000000000000000e+01  -7.1808561282634997e+01
  -5.4000000000000000e+01  -7.1847081661892602e+01
  -5.3000000000000000e+01  -7.1814580902337994e+01
  -5.2000000000000000e+01  -7.1072351180246699e+01
  -5.1000000000000000e+01  -7.1306980720971296e+01
  -5.0000000000000000e+01  -7.1084727383351293e+01
  -4.9000000000000000e+01  -7.1171461422438696e+01
  -4.8000000000000000e+01  -7.0937475778978694e+01
  -4.7000000000000000e+01  -7.0606721518397904e+01
  -4.6000000000000000e+01  -7.0386484395008594e+01
  -4.5000000000000000e+01  -7.0102028317307102e+01
  -4.4000000000000000e+01  -7.0092423109059894e+01
  -4.3000000000000000e+01  -6.9603378709161703e+01
  -4.2000000000000000e+01  -6.9629157198889104e+01
  -4.1000000000000000e+01  -6.9639640678508400e+01
  -4.0000000000000000e+01  -6.9706699931415500e+01
  -3.9000000000000000e+01  -6.9622085845340905e+01
  -3.8000000000000000e+01  -6.8963682878608196e+01
  -3.7000000000000000e+01  -6.8687747261550101e+01
  -3.6000000000000000e+01  -6.8219039493650598e+01
  -3.5000000000000000e+01  -6.8393635053101093e+01
  -3.4000000000000000e+01  -6.8435290210198303e+01
  -3.3000000000000000e+01  -6.8614572816423205e+01
  -3.2000000000000000e+01  -6.8250014903882501e+01
  -3.1000000000000000e+01  -6.8339383295424398e+01
  -3.0000000000000000e+01  -6.8888804785752001e+01
  -2.9000000000000000e+01  -6.8921084859021505e+01
  -2.8000000000000000e+01  -6.8688946734916001e+01
  -2.7000000000000000e+01  -6.8139568209452193e+01
  -2.6000000000000000e+01  -6.8315162205926299e+01
  -2.5000000000000000e+01  -6.8431900099371205e+01
  -2.4000000000000000e+01  -6.8138630272747406e+01
  -2.3000000000000000e+01  -6.7914271610433900e+01
  -2.2000000000000000e+01  -6.7630346305120995e+01
  -2.1000000000000000e+01  -6.7649149209654894e+01
  -2.0000000000000000e+01  -6.7141690756516397e+01
  -1.9000000000000000e+01  -6.6782535352715001e+01
  -1.8000000000000000e+01  -6.6158467823656906e+01
  -1.7000000000000000e+01  -6.5857333112416697e+01
  -1.6000000000000000e+01  -6.5563334881535994e+01
  -1.5000000000000000e+01  -6.5390025631741196e+01
  -1.4000000000000000e+01  -6.5011270766482696e+01
  -1.3000000000000000e+01  -6.5234442495111495e+01
  -1.2000000000000000e+01  -6.5167498637917006e+01
  -1.1000000000000000e+01  -6.4840125877692699e+01
  -1.0000000000000000e+01  -6.4675317913913304e+01
  -9.0000000000000000e+00  -6.4273764621333399e+01
  -8.0000000000000000e+00  -6.4160991883591393e+01
  -7.0000000000000000e+00  -6.3381113462309600e+01
  -6.0000000000000000e+00  -6.2507005425645900e+01
  -5.0000000000000000e+00  -6.1080098227930598e+01
  -4.0000000000000000e+00  -5.9295980089422400e+01
  -3.0000000000000000e+00  -5.7121039337554400e+01
  -2.0000000000000000e+00  -5.3831883765994903e+01
  -1.0000000000000000e+00  -4.6064196498585900e+01
   0.0000000000000000e+00  -2.1338086832495900e+01
   1.0000000000000000e+00  -1.9596651064180799e+00
   2.0000000000000000e+00   1.1548553323593501e+01
   3.0000000000000000e+00   1.8840797592453800e+01
   4.0000000000000000e+00   2.2513660529770799e+01
   5.0000000000000000e+00   2.4867119022185200e+01
   6.0000000000000000e+00   2.5728040978573500e+01
   7.0000000000000000e+00   2.6218851148173300e+01
   8.0000000000000000e+00   2.6671209073592099e+01
   9.0000000000000000e+00   2.6904118880079000e+01
   1.0000000000000000e+01   2.6926555850814399e+01
   1.1000000000000000e+01   2.7059163582200998e+01
   1.2000000000000000e+01   2.7565006656007402e+01
   1.3000000000000000e+01   2.8166887597297301e+01
   1.4000000000000000e+01   2.8201501292074301e+01
   1.5000000000000000e+01   2.8367275615253700e+01
   1.6000000000000000e+01   2.8740088438444001e+01
   1.7000000000000000e+01   2.9095296915484699e+01
   1.8000000000000000e+01   2.9060637737680899e+01
   1.9000000000000000e+01   2.9493103440231899e+01
   2.0000000000000000e+01   3.0189490581871699e+01
   2.1000000000000000e+01   3.0594007491089499e+01
   2.2000000000000000e+01   3.0515501236926799e+01
   2.3000000000000000e+01   3.0784345227380900e+01
   2.4000000000000000e+01   3.0791161338819599e+01
   2.5000000000000000e+01   3.1258878309048299e+01
   2.6000000000000000e+01   3.1164696271822599e+01
   2.7000000000000000e+01   3.1138839795462001e+01
   2.8000000000000000e+01   3.0862520384525101e+01
   2.9000000000000000e+01   3.0842725180185901e+01
   3.0000000000000000e+01   3.0554096389986299e+01
   3.1000000000000000e+01   3.0965117568440800e+01
   3.2000000000000000e+01   3.0816636430084500e+01
   3.3000000000000000e+01   3.1342934316085600e+01
   3.4000000000000000e+01   3.0943347753986899e+01
   3.5000000000000000e+01   3.0853835263838999e+01
   3.6000000000000000e+01   3.1326466320553500e+01
   3.7000000000000000e+01   3.1221487216867700e+01
   3.8000000000000000e+01   3.1300180533198301e+01
   3.9000000000000000e+01   3.1519729382725600e+01
   4.0000000000000000e+01   3.1474802830840300e+01
   4.1000000000000000e+01   3.1423732775718999e+01
   4.2000000000000000e+01   3.1317412792183099e+01
   4.3000000000000000e+01   3.1487659824485998e+01
   4.4000000000000000e+01   3.2029675251996402e+01
   4.5000000000000000e+01   3.2110011695228302e+01
   4.6000000000000000e+01   3.2495597206709100e+01
   4.7000000000000000e+01   3.2566490395536100e+01
   4.8000000000000000e+01   3.2398837044062198e+01
   4.9000000000000000e+01   3.2407685809341899e+01
   5.0000000000000000e+01   3.2155789273148599e+01
   5.1000000000000000e+01   3.2569344246038803e+01
   5.2000000000000000e+01   3.2685791954483001e+01
   5.3000000000000000e+01   3.2889954488145499e+01
   5.4000000000000000e+01   3.3208526756610098e+01
   5.5000000000000000e+01   3.3194237923802397e+01
   5.6000000000000000e+01   3.3239443681021299e+01
   5.7000000000000000e+01   3.3473598677996300e+01
   5.8000000000000000e+01   3.3535794692142197e+01
   5.9000000000000000e+01   3.3531275847895799e+01
   6.0000000000000000e+01   3.2948056626387199e+01
   6.1000000000000000e+01   3.2857057990082900e+01
   6.2000000000000000e+01   3.2996399466923499e+01
   6.3000000000000000e+01   3.3323414694102603e+01
   6.4000000000000000e+01   3.2762227391769301e+01
   6.5000000000000000e+01   3.2911397264762897e+01
   6.6000000000000000e+01   3.3313803082729599e+01
   6.7000000000000000e+01   3.3060722221693801e+01
   6.8000000000000000e+01   3.3343160362969201e+01
   6.9000000000000000e+01   3.3110203342306299e+01
   7.0000000000000000e+01   3.3127163010250896e+01
   7.1000000000000000e+01   3.3149404700829997e+01
   7.2000000000000000e+01   3.3246472946828597e+01
   7.3000000000000000e+01   3.3419309984816699e+01
   7.4000000000000000e+01   3.3814169289651304e+01
   7.5000000000000000e+01   3.3909728862237003e+01
   7.6000000000000000e+01   3.4073779816892703e+01
   7.7000000000000000e+01   3.4226459475535499e+01
   7.8000000000000000e+01   3.4265324624631099e+01
   7.9000000000000000e+01   3.4890769005403897e+01
   8.0000000000000000e+01   3.4987364086485300e+01
   8.1000000000000000e+01   3.5433633530832203e+01
   8.2000000000000000e+01   3.5563749034486399e+01
   8.3000000000000000e+01   3.5662790327507402e+01
   8.4000000000000000e+01   3.5538837152902900e+01
   8.5000000000000000e+01   3.5280326850574497e+01
   8.6000000000000000e+01   3.5127046278616000e+01
   8.7000000000000000e+01   3.5141688777252099e+01
   8.8000000000000000e+01   3.4373868289680800e+01
   8.9000000000000000e+01   3.4603352699410600e+01
   9.0000000000000000e+01   3.4732108234693399e+01
   9.1000000000000000e+01   3.4732894838946500e+01
   9.2000000000000000e+01   3.4923525987661399e+01
   9.3000000000000000e+01   3.5168150387208200e+01
   9.4000000000000000e+01   3.5493298880742501e+01
   9.5000000000000000e+01   3.5023631112517997e+01
   9.6000000000000000e+01   3.4832797176176101e+01
   9.7000000000000000e+01   3.4753280189771900e+01
   9.8000000000000000e+01   3.5214215803931097e+01
   9.9000000000000000e+01   3.4634021848077303e+01
   1.0000000000000000e+02   3.4683149115226001e+01
   1.0100000000000000e+02   3.4406488149384003e+01
   1.0200000000000000e+02   3.4364404105842098e+01
   1.0300000000000000e+02   3.4564710518108697e+01
   1.0400000000000000e+02   3.4176251388593798e+01
   1.0500000000000000e+02   3.3988116464976798e+01
   1.0600000000000000e+02   3.4117377490568799e+01
   1.0700000000000000e+02   3.3968374883897098e+01
   1.0800000000000000e+02   3.3783776108651900e+01
   1.0900000000000000e+02   3.3611459750156797e+01
   1.1000000000000000e+02   3.3258397246058600e+01
   1.1100000000000000e+02   3.3339732301094500e+01
   1.1200000000000000e+02   3.3608761145908602e+01
   1.1300000000000000e+02   3.3978543124215797e+01
   1.1400000000000000e+02   3.3770869328708400e+01
   1.1500000000000000e+02   3.3872032791818803e+01
   1.1600000000000000e+02   3.3563942906464703e+01
   1.1700000000000000e+02   3.3287513888742303e+01
   1.1800000000000000e+02   3.2921439783775099e+01
   1.1900000000000000e+02   3.3014695318051601e+01
   1.2000000000000000e+02   3.2892884169207797e+01
   1.2100000000000000e+02   3.2902199757228303e+01
   1.2200000000000000e+02   3.2648806368405801e+01
   1.2300000000000000e+02   3.2519933817622700e+01
   1.2400000000000000e+02   3.2626736282550297e+01
   1.2500000000000000e+02   3.2972069614389497e+01
   1.2600000000000000e+02   3.3103473889011802e+01
   1.2700000000000000e+02   3.2436031205626698e+01
   1.2800000000000000e+02   3.2803946327672200e+01
   1.2900000000000000e+02   3.2769521679314401e+01
   1.3000000000000000e+02   3.2715015215705101e+01
   1.3100000000000000e+02   3.2637868381211398e+01
   1.3200000000000000e+02   3.2909694670410701e+01
   1.3300000000000000e+02   3.2465088164252499e+01
   1.3400000000000000e+02   3.2137418316002801e+01
   1.3500000000000000e+02   3.1954788971483300e+01
   1.3600000000000000e+02   3.1534836217893599e+01
   1.3700000000000000e+02   3.1390957749688901e+01
   1.3800000000000000e+02   3.1128587911280299e+01
   1.3900000000000000e+02   3.0493608292840701e+01
   1.4000000000000000e+02   3.0326084519514101e+01
   1.4100000000000000e+02   2.9964757572800600e+01
   1.4200000000000000e+02   3.0328411775942801e+01
   1.4300000000000000e+02   2.9805657976857699e+01
   1.4400000000000000e+02   3.0046928536828698e+01
   1.4500000000000000e+02   2.9671952181516701e+01
   1.4600000000000000e+02   2.9685312726849698e+01
   1.4700000000000000e+02   2.9530753338910600e+01
   1.4800000000000000e+02   2.9419965763023800e+01
   1.4900000000000000e+02   2.9159758451936799e+01
   1.5000000000000000e+02   2.8976472833761701e+01
   1.5100000000000000e+02   2.8996357233857200e+01
   1.5200000000000000e+02   2.9513182237950200e+01
   1.5300000000000000e+02   2.9974173126550500e+01
   1.5400000000000000e+02   2.9710849654741001e+01
   1.5500000000000000e+02   2.9767046061065699e+01
   1.5600000000000000e+02   3.0053474393553500e+01
   1.5700000000000000e+02   2.9826708612990501e+01
   1.5800000000000000e+02   2.9430309021313601e+01
   1.5900000000000000e+02   2.9729647388679702e+01
   1.6000000000000000e+02   2.9677379796783701e+01
   1.6100000000000000e+02   2.9565034006953400e+01
   1.6200000000000000e+02   2.9218397616005898e+01
   1.6300000000000000e+02   2.9533044644608399e+01
   1.6400000000000000e+02   2.9057560479389299e+01
   1.6500000000000000e+02   2.8938016631867900e+01
   1.6600000000000000e+02   2.8482557321491502e+01
   1.6700000000000000e+02   2.8378564634511200e+01
   1.6800000000000000e+02   2.8217769918812699e+01
   1.6900000000000000e+02   2.8276263693459200e+01
   1.7000000000000000e+02   2.8508015366713600e+01
   1.7100000000000000e+02   2.8594400099353098e+01
   1.7200000000000000e+02   2.8361767524988601e+01
   1.7300000000000000e+02   2.8502027461323198e+01
   1.7400000000000000e+02   2.8853870485530098e+01
   1.7500000000000000e+02   2.8786455982851301e+01
   1.7600000000000000e+02   2.8717755343267200e+01
   1.7700000000000000e+02   2.8757021978869901e+01
   1.7800000000000000e+02   2.8352043291947300e+01
   1.7900000000000000e+02   2.8470452138563601e+01
   1.8000000000000000e+02   2.8463933061579301e+01
   1.8100000000000000e+02   2.8560447423489499e+01
   1.8200000000000000e+02   2.8082526373099999e+01
   1.8300000000000000e+02   2.7891844114807800e+01
   1.8400000000000000e+02   2.7820875077337199e+01
   1.8500000000000000e+02   2.7432719519941600e+01
   1.8600000000000000e+02   2.6967070677551501e+01
   1.8700000000000000e+02   2.6515872665610399e+01
   1.8800000000000000e+02   2.6376717902357498e+01
   1.8900000000000000e+02   2.6193983592761601e+01
   1.9000000000000000e+02   2.6102079202565001e+01
   1.9100000000000000e+02   2.5955266128887700e+01
   1.9200000000000000e+02   2.5360010421601999e+01
   1.9300000000000000e+02   2.6093469326596800e+01
   1.9400000000000000e+02   2.6404655681191901e+01
   1.9500000000000000e+02   2.5858688491330799e+01
   1.9600000000000000e+02   2.5327481877239400e+01
   1.9700000000000000e+02   2.5397023323787000e+01
   1.9800000000000000e+02   2.5579814793062599e+01
   1.9900000000000000e+02   2.5394051859476001e+01
   2.0000000000000000e+02   2.5514478494828900e+01
   2.0100000000000000e+02   2.5440308664342400e+01
   2.0200000000000000e+02   2.5880782481691799e+01
   2.0300000000000000e+02   2.5648953596057400e+01
   2.0400000000000000e+02   2.5472668871550798e+01
   2.0500000000000000e+02   2.5391764489741000e+01
   2.0600000000000000e+02   2.5194336579600499e+01
   2.0700000000000000e+02   2.4818945599676400e+01
   2.0800000000000000e+02   2.4298084085840799e+01
   2.0900000000000000e+02   2.4224498929479900e+01
   2.1000000000000000e+02   2.4600310671358798e+01
   2.1100000000000000e+02   2.4032663045683599e+01
   2.1200000000000000e+02   2.4494319312197501e+01
   2.1300000000000000e+02   2.4588140526786301e+01
   2.1400000000000000e+02   2.4250485117187299e+01
   2.1500000000000000e+02   2.4393327266162601e+01
   2.1600000000000000e+02   2.4240799493479400e+01
   2.1700000000000000e+02   2.4354556577038800e+01
   2.1800000000000000e+02   2.4456427543788902e+01
   2.1900000000000000e+02   2.4701084621496300e+01
   2.2000000000000000e+02   2.4762131180775199e+01
   2.2100000000000000e+02   2.4798158026076798e+01
   2.2200000000000000e+02   2.4223490729382299e+01
   2.2300000000000000e+02   2.4248541123473601e+01
   2.2400000000000000e+02   2.3794749165921701e+01
   2.2500000000000000e+02   2.3114685242878299e+01
   2.2600000000000000e+02   2.2577765056802601e+01
   2.2700000000000000e+02   2.2948392325433201e+01
   2.2800000000000000e+02   2.3210721922614798e+01
   2.2900000000000000e+02   2.3336392212326999e+01
   2.3000000000000000e+02   2.3114707103952401e+01
   2.3100000000000000e+02   2.2666919691458499e+01
   2.3200000000000000e+02   2.2913848277512901e+01
   2.3300000000000000e+02   2.2367624233333100e+01
   2.3400000000000000e+02   2.2160125565412301e+01
   2.3500000000000000e+02   2.1648627655062199e+01
   2.3600000000000000e+02   2.1384884364344199e+01
   2.3700000000000000e+02   2.1160092091778498e+01
   2.3800000000000000e+02   2.0931395569994901e+01
   2.3900000000000000e+02   2.0613081022783401e+01
   2.4000000000000000e+02   2.0706243289042899e+01
   2.4100000000000000e+02   2.0829855330418599e+01
   2.4200000000000000e+02   2.0927145590238201e+01
   2.4300000000000000e+02   2.0401842060901000e+01
   2.4400000000000000e+02   2.0075920843880901e+01
   2.4500000000000000e+02   1.9943528624624498e+01
   2.4600000000000000e+02   1.9698162111629198e+01
   2.4700000000000000e+02   2.0044613134716599e+01
   2.4800000000000000e+02   1.9474696868442599e+01
   2.4900000000000000e+02   1.9604529134106102e+01
   2.5000000000000000e+02   1.9616634194954301e+01
   2.5100000000000000e+02   1.8767988568509701e+01
   2.5200000000000000e+02   1.8556227937347899e+01
   2.5300000000000000e+02   1.7846519014450699e+01
   2.5400000000000000e+02   1.8557836832771802e+01
   2.5500000000000000e+02   1.8325794663637399e+01
   2.5600000000000000e+02   1.8504380985739399e+01
   2.5700000000000000e+02   1.8618661943640902e+01
   2.5800000000000000e+02   1.8668344112713701e+01
   2.5900000000000000e+02   1.7924791064818400e+01
   2.6000000000000000e+02   1.7810328702800799e+01
   2.6100000000000000e+02   1.7661692589933399e+01
   2.6200000000000000e+02   1.7705776228795699e+01
   2.6300000000000000e+02   1.7345308892092000e+01
   2.6400000000000000e+02   1.6772100713553598e+01
   2.6500000000000000e+02   1.6610502745894301e+01
   2.6600000000000000e+02   1.6430612251322199e+01
   2.6700000000000000e+02   1.6329185053097898e+01
   2.6800000000000000e+02   1.5983816808506500e+01
   2.6900000000000000e+02   1.5970025033727200e+01
   2.7000000000000000e+02   1.5761627039122001e+01
   2.7100000000000000e+02   1.6079144246636599e+01
   2.7200000000000000e+02   1.5237092433455400e+01
   2.7300000000000000e+02   1.4939962124851199e+01
   2.7400000000000000e+02   1.4802753260231100e+01
   2.7500000000000000e+02   1.4412332774874100e+01
   2.7600000000000000e+02   1.4526838683542000e+01
   2.7700000000000000e+02   1.3984223485201101e+01
   2.7800000000000000e+02   1.3746450549298400e+01
   2.7900000000000000e+02   1.3753955869742800e+01
   2.8000000000000000e+02   1.3454681957871101e+01
   2.8100000000000000e+02   1.3288207838832600e+01
   2.8200000000000000e+02   1.3543057212082600e+01
   2.8300000000000000e+02   1.3548172445652000e+01
   2.8400000000000000e+02   1.3737800063004800e+01
   2.8500000000000000e+02   1.3443592914875101e+01
   2.8600000000000000e+02   1.3080390733289800e+01
   2.8700000000000000e+02   1.2825850071813200e+01
   2.8800000000000000e+02   1.2782475629357100e+01
   2.8900000000000000e+02   1.3141460870671899e+01
   2.9000000000000000e+02   1.2935327869898501e+01
   2.9100000000000000e+02   1.3283691376340100e+01
   2.9200000000000000e+02   1.2992052894738000e+01
   2.9300000000000000e+02   1.2423179360349801e+01
   2.9400000000000000e+02   1.2126837861266800e+01
   2.9500000000000000e+02   1.2048532566605500e+01
   2.9600000000000000e+02   1.1337978790482101e+01
   2.9700000000000000e+02   1.0615728261789799e+01
   2.9800000000000000e+02   1.0642782116159699e+01
   2.9900000000000000e+02   1.0519746317670601e+01
   3.0000000000000000e+02   9.9459638725729906e+00
   3.0100000000000000e+02   9.5995217012242104e+00
   3.0200000000000000e+02   9.4834453855358696e+00
   3.0300000000000000e+02   9.5358942406835894e+00
   3.0400000000000000e+02   9.4410412180092393e+00
   3.0500000000000000e+02   8.6767749561915792e+00
   3.0600000000000000e+02   8.7017029813849707e+00
   3.0700000000000000e+02   8.5372223355859305e+00
   3.0800000000000000e+02   8.5966008240434206e+00
   3.0900000000000000e+02   8.4805177621835597e+00
   3.1000000000000000e+02   8.5645210487929599e+00
   3.1100000000000000e+02   7.4795438230556899e+00
   3.1200000000000000e+02   7.1929949638770996e+00
   3.1300000000000000e+02   7.2894581874355797e+00
   3.1400000000000000e+02   6.7602156090965204e+00
   3.1500000000000000e+02   6.2464986285451998e+00
   3.1600000000000000e+02   5.8033331235142596e+00
   3.1700000000000000e+02   5.8404358744838598e+00
   3.1800000000000000e+02   5.9214818657747301e+00
   3.1900000000000000e+02   5.4553369557840803e+00
   3.2000000000000000e+02   5.4427520073804097e+00
   3.2100000000000000e+02   5.6597562391989600e+00
   3.2200000000000000e+02   5.1421643619396500e+00
   3.2300000000000000e+02   4.7882464607467501e+00
   3.2400000000000000e+02   4.7771382430073803e+00
   3.2500000000000000e+02   4.3661498674517203e+00
   3.2600000000000000e+02   3.9402549173784198e+00
   3.2700000000000000e+02   3.7240356530825300e+00
   3.2800000000000000e+02   3.5986652635932601e+00
   3.2900000000000000e+02   3.4142213523738700e+00
   3.3000000000000000e+02   2.8664694665587600e+00
   3.3100000000000000e+02   2.4605569701085002e+00
   3.3200000000000000e+02   2.4851435429051998e+00
   3.3300000000000000e+02   1.9313682093675899e+00
   3.3400000000000000e+02   1.4625272880769200e+00
   3.3500000000000000e+02   1.0854670873841401e+00
   3.3600000000000000e+02   6.2449470618541403e-01
   3.3700000000000000e+02   6.5164625958944400e-01
   3.3800000000000000e+02   6.5645403945928804e-01
   3.3900000000000000e+02   1.8070693759654000e-01
   3.4000000000000000e+02   7.6754337089354294e-02
   3.4100000000000000e+02  -6.4265939803439198e-02
   3.4200000000000000e+02  -3.0754255756600601e-01
   3.4300000000000000e+02  -4.0671279641726998e-01
   3.4400000000000000e+02  -6.0704432800055996e-01
   3.4500000000000000e+02  -3.6367008713934801e-01
   3.4600000000000000e+02  -9.1187104794474505e-01
   3.4700000000000000e+02  -1.1301919465913599e+00
   3.4800000000000000e+02  -1.5701406840433101e+00
   3.4900000000000000e+02  -1.5517668700756100e+00
   3.5000000000000000e+02  -1.9086461893489399e+00
   3.5100000000000000e+02  -1.7164198613432400e+00
   3.5200000000000000e+02  -2.2954329609731001e+00
   3.5300000000000000e+02  -2.4626534003907001e+00
   3.5400000000000000e+02  -3.3297941475133399e+00
   3.5500000000000000e+02  -3.4119337207372999e+00
   3.5600000000000000e+02  -3.9332914196602400e+00
   3.5700000000000000e+02  -3.7578019305089398e+00
   3.5800000000000000e+02  -3.5314741277578299e+00
   3.5900000000000000e+02  -3.6508821208515201e+00
   3.6000000000000000e+02  -3.4242958874844600e+00
   3.6100000000000000e+02  -3.6606926352521398e+00
   3.6200000000000000e+02  -3.9338794385280602e+00
   3.6300000000000000e+02  -3.9875229100155201e+00
   3.6400000000000000e+02  -4.2254997329139998e+00
   3.6500000000000000e+02  -4.0471925825469404e+00
   3.6600000000000000e+02  -4.1175401048754301e+00
   3.6700000000000000e+02  -4.4687331466620304e+00
   3.6800000000000000e+02  -4.7669555693490500e+00
   3.6900000000000000e+02  -4.4874461260000302e+00
   3.7000000000000000e+02  -5.0059844732589998e+00
   3.7100000000000000e+02  -5.1107622963868797e+00
   3.7200000000000000e+02  -5.6128414037390000e+00
   3.7300000000000000e+02  -6.1756949746251504e+00
   3.7400000000000000e+02  -6.5757461307141698e+00
   3.7500000000000000e+02  -6.5188112023993998e+00
   3.7600000000000000e+02  -6.8218379868572701e+00
   3.7700000000000000e+02  -7.0264698613920302e+00
   3.7800000000000000e+02  -7.8316279991857298e+00
   3.7900000000000000e+02  -7.9312454173861102e+00
   3.8000000000000000e+02  -8.4472131431617505e+00
   3.8100000000000000e+02  -8.5524274926196497e+00
   3.8200000000000000e+02  -8.7744711903208703e+00
   3.8300000000000000e+02  -8.8467269612234105e+00
   3.8400000000000000e+02  -8.8868234324904005e+00
   3.8500000000000000e+02  -8.8554923811485100e+00
   3.8600000000000000e+02  -9.0422973079303706e+00
   3.8700000000000000e+02  -9.4460815427375309e+00
   3.8800000000000000e+02  -1.0037199632471900e+01
   3.8900000000000000e+02  -1.0413281763903800e+01
   3.9000000000000000e+02  -1.1191461018434200e+01
   3.9100000000000000e+02  -1.1302940154246500e+01
   3.9200000000000000e+02  -1.1698875114950200e+01
   3.9300000000000000e+02  -1.2344235993243700e+01
   3.9400000000000000e+02  -1.2418219784369500e+01
   3.9500000000000000e+02  -1.3390503968597200e+01
   3.9600000000000000e+02  -1.3792377220890501e+01
   3.9700000000000000e+02  -1.3779329028770400e+01
   3.9800000000000000e+02  -1.4737455478847600e+01
   3.9900000000000000e+02  -1.5104349142750999e+01
   4.0000000000000000e+02  -1.5234306632543399e+01
   4.0100000000000000e+02  -1.5914470882389599e+01
   4.0200000000000000e+02  -1.6716888529580299e+01
   4.0300000000000000e+02  -1.7334547222323000e+01
   4.0400000000000000e+02  -1.7467197664068099e+01
   4.0500000000000000e+02  -1.8418583538976101e+01
   4.0600000000000000e+02  -1.8988420177007502e+01
   4.0700000000000000e+02  -1.9464968726048301e+01
   4.0800000000000000e+02  -2.0093034491743300e+01
   4.0900000000000000e+02  -2.0445722910682001e+01
   4.1000000000000000e+02  -2.0386687015481300e+01
   4.1100000000000000e+02  -2.0608788458869501e+01
   4.1200000000000000e+02  -2.1024118709100900e+01
   4.1300000000000000e+02  -2.1494857751779399e+01
   4.1400000000000000e+02  -2.1864175841874001e+01
   4.1500000000000000e+02  -2.3017403364127400e+01
   4.1600000000000000e+02  -2.3452841733491500e+01
   4.1700000000000000e+02  -2.3954778089093299e+01
   4.1800000000000000e+02  -2.4877272369596898e+01
   4.1900000000000000e+02  -2.4947666545703498e+01
   4.2000000000000000e+02  -2.5487241981753701e+01
   4.2100000000000000e+02  -2.5840917277950801e+01
   4.2200000000000000e+02  -2.6461685733063099e+01
   4.2300000000000000e+02  -2.6918435466799799e+01
   4.2400000000000000e+02  -2.7367514129542901e+01
   4.2500000000000000e+02  -2.8597964857528002e+01
   4.2600000000000000e+02  -2.8577166072425101e+01
   4.2700000000000000e+02  -2.9219977960176099e+01
   4.2800000000000000e+02  -3.0480084722950000e+01
   4.2900000000000000e+02  -3.0791738734083999e+01
   4.3000000000000000e+02  -3.1452413920965100e+01
   4.3100000000000000e+02  -3.2198812491106601e+01
   4.3200000000000000e+02  -3.2782766185289503e+01
   4.3300000000000000e+02  -3.3435950121561397e+01
   4.3400000000000000e+02  -3.4137871681775302e+01
   4.3500000000000000e+02  -3.4651912437666098e+01
   4.3600000000000000e+02  -3.5162841135955603e+01
   4.3700000000000000e+02  -3.5738926523659899e+01
   4.3800000000000000e+02  -3.6176697451729702e+01
   4.3900000000000000e+02  -3.7235798275786799e+01
   4.4000000000000000e+02  -3.7824120455281601e+01
   4.4100000000000000e+02  -3.8652951619568697e+01
   4.4200000000000000e+02  -3.9118902356408199e+01
   4.4300000000000000e+02  -3.9084051589051803e+01
   4.4400000000000000e+02  -3.9600685779638397e+01
   4.4500000000000000e+02  -4.0302710910379602e+01
   4.4600000000000000e+02  -4.0703969306537800e+01
   4.4700000000000000e+02  -4.0547112610987803e+01
   4.4800000000000000e+02  -4.1248540072561198e+01
   4.4900000000000000e+02  -4.1678709906017701e+01
   4.5000000000000000e+02  -4.2252874131843697e+01
   4.5100000000000000e+02  -4.2685797156333102e+01
   4.5200000000000000e+02  -4.3316449591251100e+01
   4.5300000000000000e+02  -4.4221350501466397e+01
   4.5400000000000000e+02  -4.4528041303224398e+01
   4.5500000000000000e+02  -4.5197361850603500e+01
   4.5600000000000000e+02  -4.5599364790923801e+01
   4.5700000000000000e+02  -4.6363891032508597e+01
   4.5800000000000000e+02  -4.6729031165454600e+01
   4.5900000000000000e+02  -4.7070456669931403e+01
   4.6000000000000000e+02  -4.8250953729172203e+01
   4.6100000000000000e+02  -4.9093512813675503e+01
   4.6200000000000000e+02  -4.9209374093053100e+01
   4.6300000000000000e+02  -4.9412341581631999e+01
   4.6400000000000000e+02  -5.0425010149922002e+01
   4.6500000000000000e+02  -5.0318581961285503e+01
   4.6600000000000000e+02  -5.0727631330548498e+01
   4.6700000000000000e+02  -5.0551564638598798e+01
   4.6800000000000000e+02  -5.0659598500983499e+01
   4.6900000000000000e+02  -5.0676820440813401e+01
   4.7000000000000000e+02  -5.1092939020992297e+01
   4.7100000000000000e+02  -5.1280122818376000e+01
   4.7200000000000000e+02  -5.2288898608839503e+01
   4.7300000000000000e+02  -5.2788757357297300e+01
   4.7400000000000000e+02  -5.3902399820541902e+01
   4.7500000000000000e+02  -5.4173226770680600e+01
   4.7600000000000000e+02  -5.4645026845563798e+01
   4.7700000000000000e+02  -5.5371754637842898e+01
   4.7800000000000000e+02  -5.6013107912546097e+01
   4.7900000000000000e+02  -5.6422728008606903e+01
   4.8000000000000000e+02  -5.7126867776361898e+01
   4.8100000000000000e+02  -5.7443126676414899e+01
   4.8200000000000000e+02  -5.8020202966948702e+01
   4.8300000000000000e+02  -5.8510490028666197e+01
   4.8400000000000000e+02  -5.9374631494873903e+01
   4.8500000000000000e+02  -6.0377057377976200e+01
   4.8600000000000000e+02  -6.1114635480050303e+01
   4.8700000000000000e+02  -6.1710298310138803e+01
   4.8800000000000000e+02  -6.1799762782891399e+01
   4.8900000000000000e+02  -6.2341457990210401e+01
   4.9000000000000000e+02  -6.2534067844999797e+01
   4.9100000000000000e+02  -6.2908572545454000e+01
   4.9200000000000000e+02  -6.3500113415742497e+01
   4.9300000000000000e+02  -6.3713319728207999e+01
   4.9400000000000000e+02  -6.4337126768846602e+01
   4.9500000000000000e+02  -6.5243982784000707e+01
   4.9600000000000000e+02  -6.5851316677955197e+01
   4.9700000000000000e+02  -6.6221749981013701e+01
   4.9800000000000000e+02  -6.6900994420296698e+01
   4.9900000000000000e+02  -6.7603053458090798e+01
   5.0000000000000000e+02  -6.8072969195034602e+01
   5.0100000000000000e+02  -6.8858872429444204e+01
   5.0200000000000000e+02  -6.9701012445912298e+01
   5.0300000000000000e+02  -6.9717978465858906e+01
   5.0400000000000000e+02  -7.0476955499611293e+01
   5.0500000000000000e+02  -7.0371694424283007e+01
   5.0600000000000000e+02  -7.0203192487158603e+01
   5.0700000000000000e+02  -7.0105886645244496e+01
   5.0800000000000000e+02  -7.0102161102561794e+01
   5.0900000000000000e+02  -7.0169335795774501e+01
   5.1000000000000000e+02  -7.0467075260249601e+01
   5.1100000000000000e+02  -7.1099439266894294e+01
   5.1200000000000000e+02  -7.1319109753021607e+01
   5.1300000000000000e+02  -7.1522227087437798e+01
   5.1400000000000000e+02  -7.1617453897424497e+01
   5.1500000000000000e+02  -7.1793703547414296e+01
   5.1600000000000000e+02  -7.1529104172488502e+01
   5.1700000000000000e+02  -7.1695056574376594e+01
   5.1800000000000000e+02  -7.1989337928412297e+01
   5.1900000000000000e+02  -7.2076224049944699e+01
   5.2000000000000000e+02  -7.2259961236867596e+01
   5.2100000000000000e+02  -7.2664404471217097e+01
   5.2200000000000000e+02  -7.2967232315944401e+01
   5.2300000000000000e+02  -7.2786698979147801e+01
   5.2400000000000000e+02  -7.3224986549146493e+01
   5.2500000000000000e+02  -7.3168004136088598e+01
   5.2600000000000000e+02  -7.3753880565405694e+01
   5.2700000000000000e+02  -7.3793960782558798e+01
   5.2800000000000000e+02  -7.4383421214101304e+01
   5.2900000000000000e+02  -7.5014019555141800e+01
   5.3000000000000000e+02  -7.4899891654752693e+01
   5.3100000000000000e+02  -7.4826475367399397e+01
   5.3200000000000000e+02  -7.5152439674454200e+01
   5.3300000000000000e+02  -7.5157515028825301e+01
   5.3400000000000000e+02  -7.5597667222869205e+01
   5.3500000000000000e+02  -7.5595007023396903e+01
   5.3600000000000000e+02  -7.5845683867817101e+01
   5.3700000000000000e+02  -7.5770525067885401e+01
   5.3800000000000000e+02  -7.5629520802010703e+01
   5.3900000000000000e+02  -7.5502884207753098e+01
   5.4000000000000000e+02  -7.4936950668466494e+01
   5.4100000000000000e+02  -7.5162682754384306e+01
   5.4200000000000000e+02  -7.5808753706009298e+01
   5.4300000000000000e+02  -7.5840666280581303e+01
   5.4400000000000000e+02  -7.5745155075786798e+01
   5.4500000000000000e+02  -7.5847264153983602e+01
   5.4600000000000000e+02  -7.5551868862171702e+01
   5.4700000000000000e+02  -7.5404864207063198e+01
   5.4800000000000000e+02  -7.5266626491623597e+01
   5.4900000000000000e+02  -7.5774042855836001e+01
   5.5000000000000000e+02  -7.5897509263450800e+01
   5.5100000000000000e+02  -7.5899718636209798e+01
   5.5200000000000000e+02  -7.5674881771103003e+01
   5.5300000000000000e+02  -7.5558869203530094e+01
   5.5400000000000000e+02  -7.5839067694885600e+01
   5.5500000000000000e+02  -7.5712157874173499e+01
   5.5600000000000000e+02  -7.5333876926165502e+01
   5.5700000000000000e+02  -7.5043651274983404e+01
   5.5800000000000000e+02  -7.4521323789396305e+01
   5.5900000000000000e+02  -7.4500244147012097e+01
   5.6000000000000000e+02  -7.4163140695836006e+01
   5.6100000000000000e+02  -7.4036271987592997e+01
   5.6200000000000000e+02  -7.3997620112642906e+01
   5.6300000000000000e+02  -7.3705392576291302e+01
   5.6400000000000000e+02  -7.3623463832481505e+01
   5.6500000000000000e+02  -7.3578163216175000e+01
   5.6600000000000000e+02  -7.3224002407745303e+01
   5.6700000000000000e+02  -7.3127563223789096e+01
   5.6800000000000000e+02  -7.3117073499043798e+01
   5.6900000000000000e+02  -7.3444731637754202e+01
   5.7000000000000000e+02  -7.2923122889821002e+01
   5.7100000000000000e+02  -7.2877840466281995e+01
   5.7200000000000000e+02  -7.3237411561861606e+01
   5.7300000000000000e+02  -7.3136096017123094e+01
   5.7400000000000000e+02  -7.3594665553391707e+01
   5.7500000000000000e+02  -7.2866808971124300e+01
   5.7600000000000000e+02  -7.3009190230888805e+01
   5.7700000000000000e+02  -7.3244360015392701e+01
   5.7800000000000000e+02  -7.4043037259019400e+01
   5.7900000000000000e+02  -7.3675674529869198e+01
   5.8000000000000000e+02  -7.3364265511018402e+01
   5.8100000000000000e+02  -7.4326298537942407e+01
   5.8200000000000000e+02  -7.4595515702952994e+01
   5.8300000000000000e+02  -7.4526172667334606e+01
   5.8400000000000000e+02  -7.4673232666788607e+01
   5.8500000000000000e+02  -7.4475159171464597e+01
   5.8600000000000000e+02  -7.4732716347112500e+01
   5.8700000000000000e+02  -7.4975079166137704e+01
   5.8800000000000000e+02  -7.4503910625323996e+01
   5.8900000000000000e+02  -7.4730098453409497e+01
   5.9000000000000000e+02  -7.5004936767727003e+01
   5.9100000000000000e+02  -7.5446168985995200e+01
   5.9200000000000000e+02  -7.5400355754534004e+01
   5.9300000000000000e+02  -7.4839072643180501e+01
   5.9400000000000000e+02  -7.4902321994227194e+01
   5.9500000000000000e+02  -7.5233081270020804e+01
   5.9600000000000000e+02  -7.4768532291703906e+01
   5.9700000000000000e+02  -7.4772903584813704e+01
   5.9800000000000000e+02  -7.4724382835653998e+01
   5.9900000000000000e+02  -7.4641293237286902e+01
   6.0000000000000000e+02  -7.4544371296501595e+01
   6.0100000000000000e+02  -7.4643189307439101e+01
   6.0200000000000000e+02  -7.4659783478517994e+01
   6.0300000000000000e+02  -7.4932595087161303e+01
   6.0400000000000000e+02  -7.4913244568120504e+01
   6.0500000000000000e+02  -7.4420955362246005e+01
   6.0600000000000000e+02  -7.4221462736476994e+01
   6.0700000000000000e+02  -7.4054379259801394e+01
   6.0800000000000000e+02  -7.4001943038358306e+01
   6.0900000000000000e+02  -7.4110735476791206e+01
   6.1000000000000000e+02  -7.4394122227181299e+01
   6.1100000000000000e+02  -7.4166232201903298e+01
   6.1200000000000000e+02  -7.3608596054626403e+01
   6.1300000000000000e+02  -7.3627868169386005e+01
   6.1400000000000000e+02  -7.4231958668784898e+01
   6.1500000000000000e+02  -7.4086301034617705e+01
   6.1600000000000000e+02  -7.4055136311493897e+01
   6.1700000000000000e+02  -7.3925146108698797e+01
   6.1800000000000000e+02  -7.3437750259789198e+01
   6.1900000000000000e+02  -7.3703084792355298e+01
   6.2000000000000000e+02  -7.3629425560013104e+01
   6.2100000000000000e+02  -7.3799429576210798e+01
   6.2200000000000000e+02  -7.3734328954637206e+01
   6.2300000000000000e+02  -7.3684573316920606e+01
   6.2400000000000000e+02  -7.3537872478307193e+01
   6.2500000000000000e+02  -7.3620318917617894e+01
   6.2600000000000000e+02  -7.3220616051106006e+01
   6.2700000000000000e+02  -7.3180691436074795e+01
   6.2800000000000000e+02  -7.2611596759267400e+01
   6.2900000000000000e+02  -7.2783364247843494e+01
   6.3000000000000000e+02  -7.2754712931324704e+01
   6.3100000000000000e+02  -7.2716449163407503e+01
   6.3200000000000000e+02  -7.2538682688921199e+01
   6.3300000000000000e+02  -7.2388248616426907e+01
   6.3400000000000000e+02  -7.2102800309784698e+01
   6.3500000000000000e+02  -7.2312307234355202e+01
   6.3600000000000000e+02  -7.2354465858956004e+01
   6.3700000000000000e+02  -7.2492734694628993e+01
   6.3800000000000000e+02  -7.3117197925350098e+01
   6.3900000000000000e+02  -7.3318995380463605e+01
   6.4000000000000000e+02  -7.3460775065247304e+01
   6.4100000000000000e+02  -7.3541369658633002e+01
   6.4200000000000000e+02  -7.3533085394545694e+01
   6.4300000000000000e+02  -7.3553517622825893e+01
   6.4400000000000000e+02  -7.3066047012096107e+01
   6.4500000000000000e+02  -7.2866463269860603e+01
   6.4600000000000000e+02  -7.2881475619810104e+01
   6.4700000000000000e+02  -7.2981348022804497e+01
   6.4800000000000000e+02  -7.3173430562332797e+01
   6.4900000000000000e+02  -7.3559665891778295e+01
   6.5000000000000000e+02  -7.3853061264909400e+01
   6.5100000000000000e+02  -7.4231699765975705e+01
   6.5200000000000000e+02  -7.4166797568127194e+01
   6.5300000000000000e+02  -7.4247947038444494e+01
   6.5400000000000000e+02  -7.4625130211351106e+01
   6.5500000000000000e+02  -7.4792662015075805e+01
   6.5600000000000000e+02  -7.4768710543601500e+01
   6.5700000000000000e+02  -7.5002047647324900e+01
   6.5800000000000000e+02  -7.5012560495006298e+01
   6.5900000000000000e+02  -7.4650484065699700e+01
   6.6000000000000000e+02  -7.4552232054441404e+01
   6.6100000000000000e+02  -7.5096862033479496e+01
   6.6200000000000000e+02  -7.5864828175049198e+01
   6.6300000000000000e+02  -7.5550077865132906e+01
   6.6400000000000000e+02  -7.5351575416876500e+01
   6.6500000000000000e+02  -7.5345438672097899e+01
   6.6600000000000000e+02  -7.5335602025805898e+01
   6.6700000000000000e+02  -7.5179217079119397e+01
   6.6800000000000000e+02  -7.4503071756033606e+01
   6.6900000000000000e+02  -7.4429088062257307e+01
   6.7000000000000000e+02  -7.4346313326454506e+01
   6.7100000000000000e+02  -7.4233461752966605e+01
   6.7200000000000000e+02  -7.4580599693664098e+01
   6.7300000000000000e+02  -7.4820198862227997e+01
   6.7400000000000000e+02  -7.5267564910409305e+01
   6.7500000000000000e+02  -7.5513963458692899e+01
   6.7600000000000000e+02  -7.5776863453019303e+01
   6.7700000000000000e+02  -7.5813091997511293e+01
   6.7800000000000000e+02  -7.5117657292756604e+01
   6.7900000000000000e+02  -7.5597837412574407e+01
   6.8000000000000000e+02  -7.5778259513295296e+01
   6.8100000000000000e+02  -7.5860320852368105e+01
   6.8200000000000000e+02  -7.5734800979225398e+01
   6.8300000000000000e+02  -7.5959015282161502e+01
   6.8400000000000000e+02  -7.5900606139701694e+01
   6.8500000000000000e+02  -7.6043713254865594e+01
   6.8600000000000000e+02  -7.6496341742966905e+01
   6.8700000000000000e+02  -7.7002541843844199e+01
   6.8800000000000000e+02  -7.7096363121599694e+01
   6.8900000000000000e+02  -7.7212174723116505e+01
   6.9000000000000000e+02  -7.7146072806419795e+01
   6.9100000000000000e+02  -7.6800984029140807e+01
   6.9200000000000000e+02  -7.6340997457428799e+01
   6.9300000000000000e+02  -7.6120039815906694e+01
   6.9400000000000000e+02  -7.6338672834294599e+01
   6.9500000000000000e+02  -7.6356236891163803e+01
   6.9600000000000000e+02  -7.6304468510502801e+01
   6.9700000000000000e+02  -7.6687321418863803e+01
   6.9800000000000000e+02  -7.6593377096285494e+01
   6.9900000000000000e+02  -7.6490629883752604e+01
   7.0000000000000000e+02  -7.6669280821840502e+01
   7.0100000000000000e+02  -7.6917077712951695e+01
   7.0200000000000000e+02  -7.6939082228392095e+01
   7.0300000000000000e+02  -7.7284971433541401e+01
   7.0400000000000000e+02  -7.7115201351520298e+01
   7.0500000000000000e+02  -7.7124181885028605e+01
   7.0600000000000000e+02  -7.7075182436709497e+01
   7.0700000000000000e+02  -7.7287716984546904e+01
   7.0800000000000000e+02  -7.7000953591299293e+01
   7.0900000000000000e+02  -7.6861380286032798e+01
   7.1000000000000000e+02  -7.6501783532980397e+01
   7.1100000000000000e+02  -7.5718214285218394e+01
   7.1200000000000000e+02  -7.5438180785187100e+01
   7.1300000000000000e+02  -7.5837367734322598e+01
   7.1400000000000000e+02  -7.5641837300727801e+01
   7.1500000000000000e+02  -7.5623723744754002e+01
   7.1600000000000000e+02  -7.5487676487690393e+01
   7.1700000000000000e+02  -7.5623027703896895e+01
   7.1800000000000000e+02  -7.5626712999892106e+01
   7.1900000000000000e+02  -7.4923506047465096e+01
   7.2000000000000000e+02  -7.4665705147334407e+01
   7.2100000000000000e+02  -7.5129749261208403e+01
   7.2200000000000000e+02  -7.5247550754743500e+01
   7.2300000000000000e+02  -7.5820522188156801e+01
   7.2400000000000000e+02  -7.5204644360701295e+01
   7.2500000000000000e+02  -7.5680285835669906e+01
   7.2600000000000000e+02  -7.5551157596834102e+01
   7.2700000000000000e+02  -7.5272463051503706e+01
   7.2800000000000000e+02  -7.5654536044816894e+01
   7.2900000000000000e+02  -7.5812529718705605e+01
   7.3000000000000000e+02  -7.5770382527531694e+01
   7.3100000000000000e+02  -7.5815032461873102e+01
   7.3200000000000000e+02  -7.5365639588433794e+01
   7.3300000000000000e+02  -7.5516979304906997e+01
   7.3400000000000000e+02  -7.5534384308984500e+01
   7.3500000000000000e+02  -7.5441225812937901e+01
   7.3600000000000000e+02  -7.4984740176183195e+01
   7.3700000000000000e+02  -7.4846922315632000e+01
   7.3800000000000000e+02  -7.4866556446813306e+01
   7.3900000000000000e+02  -7.5119631426120506e+01
   7.4000000000000000e+02  -7.5055061403625004e+01
   7.4100000000000000e+02  -7.5470036726224606e+01
   7.4200000000000000e+02  -7.5699139392164597e+01
   7.4300000000000000e+02  -7.5626801033535301e+01
   7.4400000000000000e+02  -7.5849555746560597e+01
   7.4500000000000000e+02  -7.5458415007224204e+01
   7.4600000000000000e+02  -7.4877756548881294e+01
   7.4700000000000000e+02  -7.4589825627298694e+01
   7.4800000000000000e+02  -7.4215478439307702e+01
   7.4900000000000000e+02  -7.4523565400153004e+01
   7.5000000000000000e+02  -7.4955150141944003e+01
   7.5100000000000000e+02  -7.4819790283705004e+01
   7.5200000000000000e+02  -7.5104342674271706e+01
   7.5300000000000000e+02  -7.5466771382525806e+01
   7.5400000000000000e+02  -7.6216898835932994e+01
   7.5500000000000000e+02  -7.6428084344454106e+01
   7.5600000000000000e+02  -7.6245516995793395e+01
   7.5700000000000000e+02  -7.6282576843178603e+01
   7.5800000000000000e+02  -7.6627440055376297e+01
   7.5900000000000000e+02  -7.6854805980021794e+01
   7.6000000000000000e+02  -7.6644877604902106e+01
   7.6100000000000000e+02  -7.6153661988320493e+01
   7.6200000000000000e+02  -7.5555150650469500e+01
   7.6300000000000000e+02  -7.5225279821355400e+01
   7.6400000000000000e+02  -7.5320354981870693e+01
   7.6500000000000000e+02  -7.5361026720532493e+01
   7.6600000000000000e+02  -7.6119214972346299e+01
   7.6700000000000000e+02  -7.6264849981783598e+01
   7.6800000000000000e+02  -7.6310417069791995e+01
   7.6900000000000000e+02  -7.5921839739667803e+01
   7.7000000000000000e+02  -7.6399095779396106e+01
   7.7100000000000000e+02  -7.6546237375886307e+01
   7.7200000000000000e+02  -7.6240627440200498e+01
   7.7300000000000000e+02  -7.6389708595185695e+01
   7.7400000000000000e+02  -7.6327369192741997e+01
   7.7500000000000000e+02  -7.6134805136028902e+01
   7.7600000000000000e+02  -7.5931204211608005e+01
   7.7700000000000000e+02  -7.6280486401989407e+01
   7.7800000000000000e+02  -7.5699846779118801e+01
   7.7900000000000000e+02  -7.5934945602377098e+01
   7.8000000000000000e+02  -7.6279623456799200e+01
   7.8100000000000000e+02  -7.5974990872952603e+01
   7.8200000000000000e+02  -7.5860789526749798e+01
   7.8300000000000000e+02  -7.5724718111368603e+01
   7.8400000000000000e+02  -7.6142951048762498e+01
   7.8500000000000000e+02  -7.6319480266265302e+01
   7.8600000000000000e+02  -7.6316269732026598e+01
   7.8700000000000000e+02  -7.6206059003676103e+01
   7.8800000000000000e+02  -7.6223789434760107e+01
   7.8900000000000000e+02  -7.6000331915137394e+01
   7.9000000000000000e+02  -7.6131041142812606e+01
   7.9100000000000000e+02  -7.6397380163203806e+01
   7.9200000000000000e+02  -7.6259872931040505e+01
   7.9300000000000000e+02  -7.6560120631773898e+01
   7.9400000000000000e+02  -7.6771379470579902e+01
   7.9500000000000000e+02  -7.6759299575040600e+01
   7.9600000000000000e+02  -7.6784608534851202e+01
   7.9700000000000000e+02  -7.6688133418168107e+01
   7.9800000000000000e+02  -7.6337208286530498e+01
   7.9900000000000000e+02  -7.6070133262999605e+01
   8.0000000000000000e+02  -7.6073164492852897e+01
   8.0100000000000000e+02  -7.5929975377176604e+01
   8.0200000000000000e+02  -7.5834993108872197e+01
   8.0300000000000000e+02  -7.5414239972578102e+01
   8.0400000000000000e+02  -7.5259929302875193e+01
   8.0500000000000000e+02  -7.5479216363215897e+01
   8.0600000000000000e+02  -7.5480496636088503e+01
   8.0700000000000000e+02  -7.6007111538999396e+01
   8.0800000000000000e+02  -7.5867167969995407e+01
   8.0900000000000000e+02  -7.5947127444876102e+01
   8.1000000000000000e+02  -7.5819439540028398e+01
   8.1100000000000000e+02  -7.5735486004507194e+01
   8.1200000000000000e+02  -7.5670340844380306e+01
   8.1300000000000000e+02  -7.5571811819555506e+01
   8.1400000000000000e+02  -7.5488563136850402e+01
   8.1500000000000000e+02  -7.5890396009580101e+01
   8.1600000000000000e+02  -7.5804645010692894e+01
   8.1700000000000000e+02  -7.6006581688528996e+01
   8.1800000000000000e+02  -7.6182232926621495e+01
   8.1900000000000000e+02  -7.6393891803018093e+01
   8.2000000000000000e+02  -7.6179679331135802e+01
   8.2100000000000000e+02  -7.5974749071832903e+01
   8.2200000000000000e+02  -7.5970432646064594e+01
   8.2300000000000000e+02  -7.5597747135092803e+01
   8.2400000000000000e+02  -7.5604657557793999e+01
   8.2500000000000000e+02  -7.5655785854904096e+01
   8.2600000000000000e+02  -7.5199615844655298e+01
   8.2700000000000000e+02  -7.5112738233576493e+01
   8.2800000000000000e+02  -7.5431725647241706e+01
   8.2900000000000000e+02  -7.4856739968891304e+01
   8.3000000000000000e+02  -7.5120850936015501e+01
   8.3100000000000000e+02  -7.5719970845736597e+01
   8.3200000000000000e+02  -7.5719650912590595e+01
   8.3300000000000000e+02  -7.5391584270406696e+01
   8.3400000000000000e+02  -7.4882359288546496e+01
   8.3500000000000000e+02  -7.5990618406527801e+01
   8.3600000000000000e+02  -7.5716344419442805e+01
   8.3700000000000000e+02  -7.6149972003059304e+01
   8.3800000000000000e+02  -7.5874305465654302e+01
   8.3900000000000000e+02  -7.6080269995911806e+01
   8.4000000000000000e+02  -7.6010487874798301e+01
   8.4100000000000000e+02  -7.5591672318207799e+01
   8.4200000000000000e+02  -7.5349326368983299e+01
   8.4300000000000000e+02  -7.5711487621890996e+01
   8.4400000000000000e+02  -7.5657343907301694e+01
   8.4500000000000000e+02  -7.5961658937420097e+01
   8.4600000000000000e+02  -7.5714723412017506e+01
   8.4700000000000000e+02  -7.5552641636753805e+01
   8.4800000000000000e+02  -7.5280575752511297e+01
   8.4900000000000000e+02  -7.5280402097444295e+01
   8.5000000000000000e+02  -7.5134874513005997e+01
   8.5100000000000000e+02  -7.5198455699966601e+01
   8.5200000000000000e+02  -7.4928293705575896e+01
   8.5300000000000000e+02  -7.4838255632465703e+01
   8.5400000000000000e+02  -7.4492466989342901e+01
   8.5500000000000000e+02  -7.4768453070458193e+01
   8.5600000000000000e+02  -7.4998959528275805e+01
   8.5700000000000000e+02  -7.5452099911646300e+01
   8.5800000000000000e+02  -7.5870582984231106e+01
   8.5900000000000000e+02  -7.5649924122387702e+01
   8.6000000000000000e+02  -7.5666566746895597e+01
   8.6100000000000000e+02  -7.5813124820061006e+01
   8.6200000000000000e+02  -7.5479193496968705e+01
   8.6300000000000000e+02  -7.5341065313677902e+01
   8.6400000000000000e+02  -7.5379605683817701e+01
   8.6500000000000000e+02  -7.5115517605704895e+01
   8.6600000000000000e+02  -7.4782061658209500e+01
   8.6700000000000000e+02  -7.4523827198669693e+01
   8.6800000000000000e+02  -7.4404073473180404e+01
   8.6900000000000000e+02  -7.4598840029617904e+01
   8.7000000000000000e+02  -7.4619801836553705e+01
   8.7100000000000000e+02  -7.5468307249043605e+01
   8.7200000000000000e+02  -7.5391267375702000e+01
   8.7300000000000000e+02  -7.5309273605309599e+01
   8.7400000000000000e+02  -7.4801246167506505e+01
   8.7500000000000000e+02  -7.5126792051362997e+01
   8.7600000000000000e+02  -7.5065186915215406e+01
   8.7700000000000000e+02  -7.5354791961028099e+01
   8.7800000000000000e+02  -7.5094893680367306e+01
   8.7900000000000000e+02  -7.4521095868186706e+01
   8.8000000000000000e+02  -7.4258753077868306e+01
   8.8100000000000000e+02  -7.4312572456490400e+01
   8.8200000000000000e+02  -7.3994639169161800e+01
   8.8300000000000000e+02  -7.3946737553223798e+01
   8.8400000000000000e+02  -7.4227129335214698e+01
   8.8500000000000000e+02  -7.4027127703315202e+01
   8.8600000000000000e+02  -7.4294884076344601e+01
   8.8700000000000000e+02  -7.4048940569666001e+01
   8.8800000000000000e+02  -7.3998822212298407e+01
   8.8900000000000000e+02  -7.3882805130165707e+01
   8.9000000000000000e+02  -7.3274879993069007e+01
   8.9100000000000000e+02  -7.3402029740674806e+01
   8.9200000000000000e+02  -7.3558713376868795e+01
   8.9300000000000000e+02  -7.2688029780348501e+01
   8.9400000000000000e+02  -7.2900192482458706e+01
   8.9500000000000000e+02  -7.2478255616552701e+01
   8.9600000000000000e+02  -7.2612639040828896e+01
   8.9700000000000000e+02  -7.2803433306262903e+01
   8.9800000000000000e+02  -7.2837650049054403e+01
   8.9900000000000000e+02  -7.2551725685499804e+01
   9.0000000000000000e+02  -7.1929343653564899e+01
   9.0100000000000000e+02  -7.2054154117154596e+01
   9.0200000000000000e+02  -7.2240446329612197e+01
   9.0300000000000000e+02  -7.1501228366728498e+01
   9.0400000000000000e+02  -7.1634779020552500e+01
   9.0500000000000000e+02  -7.1318192622094998e+01
   9.0600000000000000e+02  -7.1226783803181306e+01
   9.0700000000000000e+02  -7.1006784682618701e+01
   9.0800000000000000e+02  -7.0985916868226099e+01
   9.0900000000000000e+02  -7.1272393389768993e+01
   9.1000000000000000e+02  -7.0952526034366997e+01
   9.1100000000000000e+02  -7.0847362858160807e+01
   9.1200000000000000e+02  -7.0704814284803405e+01
   9.1300000000000000e+02  -7.0704889046488304e+01
   9.1400000000000000e+02  -7.0461297938471603e+01
   9.1500000000000000e+02  -7.0587311108863204e+01
   9.1600000000000000e+02  -7.0397007305693506e+01
   9.1700000000000000e+02  -6.9728910086337393e+01
   9.1800000000000000e+02  -6.9304122489720399e+01
   9.1900000000000000e+02  -6.9055562621936105e+01
   9.2000000000000000e+02  -6.9111669601071696e+01
   9.2100000000000000e+02  -6.9001325896918601e+01
   9.2200000000000000e+02  -6.8872979409260793e+01
   9.2300000000000000e+02  -6.8463668477114098e+01
   9.2400000000000000e+02  -6.8365421918172800e+01
   9.2500000000000000e+02  -6.7902458197396996e+01
   9.2600000000000000e+02  -6.7993122435932506e+01
   9.2700000000000000e+02  -6.7702124238107004e+01
   9.2800000000000000e+02  -6.7363591484221800e+01
   9.2900000000000000e+02  -6.7766964882707796e+01
   9.3000000000000000e+02  -6.7468238176479900e+01
   9.3100000000000000e+02  -6.6877144256391603e+01
   9.3200000000000000e+02  -6.7159543832366097e+01
   9.3300000000000000e+02  -6.7147034038111300e+01
   9.3400000000000000e+02  -6.6806263500013003e+01
   9.3500000000000000e+02  -6.6512425541008199e+01
   9.3600000000000000e+02  -6.5972662481990596e+01
   9.3700000000000000e+02  -6.5598981113166204e+01
   9.3800000000000000e+02  -6.5488303537263306e+01
   9.3900000000000000e+02  -6.4883755752217397e+01
   9.4000000000000000e+02  -6.4948889820521401e+01
   9.4100000000000000e+02  -6.4672609974361805e+01
   9.4200000000000000e+02  -6.4602546479455398e+01
   9.4300000000000000e+02  -6.4068082592579600e+01
   9.4400000000000000e+02  -6.4193638358242694e+01
   9.4500000000000000e+02  -6.3631371068032202e+01
   9.4600000000000000e+02  -6.2780727052307697e+01
   9.4700000000000000e+02  -6.1383153000759101e+01
   9.4800000000000000e+02  -6.0543158684110303e+01
   9.4900000000000000e+02  -5.8817688573635699e+01
   9.5000000000000000e+02  -5.6532509498340900e+01
   9.5100000000000000e+02  -5.2992426848880697e+01
   9.5200000000000000e+02  -4.3389028678902598e+01
   9.5300000000000000e+02  -1.7255371251266101e+01
