  -1.0000000000000000e+02  -7.0706270819131205e+01
  -9.9000000000000000e+01  -7.1176041066778097e+01
  -9.8000000000000000e+01  -7.1267501837361706e+01
  -9.7000000000000000e+01  -7.1305395147620899e+01
  -9.6000000000000000e+01  -7.1017920038624595e+01
  -9.5000000000000000e+01  -7.1044618596098800e+01
  -9.4000000000000000e+01  -7.0655715583853294e+01
  -9.3000000000000000e+01  -7.0729312390491401e+01
  -9.2000000000000000e+01  -7.1214495424367499e+01
  -9.1000000000000000e+01  -7.1066806374260295e+01
  -9.0000000000000000e+01  -7.1106593029837498e+01
  -8.9000000000000000e+01  -7.1050255618308597e+01
  -8.8000000000000000e+01  -7.0632089940725805e+01
  -8.7000000000000000e+01  -7.0271430702764803e+01
  -8.6000000000000000e+01  -7.0527190116128395e+01
  -8.5000000000000000e+01  -7.1174387589732007e+01
  -8.4000000000000000e+01  -7.0862424320353298e+01
  -8.3000000000000000e+01  -7.1472621646689106e+01
  -8.2000000000000000e+01  -7.1871351478734994e+01
  -8.1000000000000000e+01  -7.1442576135810896e+01
  -8.0000000000000000e+01  -7.1277837391466093e+01
  -7.9000000000000000e+01  -7.1048167537755006e+01
  -7.8000000000000000e+01  -7.0929588106381601e+01
  -7.7000000000000000e+01  -7.0469689155605593e+01
  -7.6000000000000000e+01  -7.0346922030716399e+01
  -7.5000000000000000e+01  -7.0550321576413097e+01
  -7.4000000000000000e+01  -7.0513332480901198e+01
  -7.3000000000000000e+01  -7.0507324710464204e+01
  -7.2000000000000000e+01  -7.0467819301112897e+01
  -7.1000000000000000e+01  -7.0229202616982306e+01
  -7.0000000000000000e+01  -7.0311889538378793e+01
  -6.9000000000000000e+01  -6.9999288601408196e+01
  -6.8000000000000000e+01  -7.0393670640548606e+01
  -6.7000000000000000e+01  -7.0593477343748106e+01
  -6.6000000000000000e+01  -7.0265813573510599e+01
  -6.5000000000000000e+01  -7.0034936302387294e+01
  -6.4000000000000000e+01  -7.0612801488804394e+01
  -6.3000000000000000e+01  -7.0292925941360707e+01
  -6.2000000000000000e+01  -7.0707771024064897e+01
  -6.1000000000000000e+01  -7.0887737626444704e+01
  -6.0000000000000000e+01  -7.0290916053071598e+01
  -5.9000000000000000e+01  -7.0669558755247394e+01
  -5.8000000000000000e+01  -7.1228803492374894e+01
  -5.7000000000000000e+01  -7.1492162917120297e+01
  -5.6000000000000000e+01  -7.1271621681891503e+01
  -5.5000000000000000e+01  -7.1265993482048401e+01
  -5.4000000000000000e+01  -7.0864595287222699e+01
  -5.3000000000000000e+01  -7.1130488506182701e+01
  -5.2000000000000000e+01  -7.1249655933453596e+01
  -5.1000000000000000e+01  -7.1067953494010595e+01
  -5.0000000000000000e+01  -7.1267072604397796e+01
  -4.9000000000000000e+01  -7.0890344645368202e+01
  -4.8000000000000000e+01  -7.0668723055423300e+01
  -4.7000000000000000e+01  -7.0866877789765894e+01
  -4.6000000000000000e+01  -7.1258591552488895e+01
  -4.5000000000000000e+01  -7.1540116777753298e+01
  -4.4000000000000000e+01  -7.1012904105201500e+01
  -4.3000000000000000e+01  -7.0916491943158206e+01
  -4.2000000000000000e+01  -7.0702589714091005e+01
  -4.1000000000000000e+01  -7.0526856303369698e+01
  -4.0000000000000000e+01  -7.0247963028875901e+01
  -3.9000000000000000e+01  -7.0261119419644004e+01
  -3.8000000000000000e+01  -7.0385672828832199e+01
  -3.7000000000000000e+01  -7.0068132444044195e+01
  -3.6000000000000000e+01  -6.9380871406725007e+01
  -3.5000000000000000e+01  -6.9917974718450395e+01
  -3.4000000000000000e+01  -6.9600401425822994e+01
  -3.3000000000000000e+01  -6.9243155826200706e+01
  -3.2000000000000000e+01  -6.9261249583549997e+01
  -3.1000000000000000e+01  -6.9193826590414901e+01
  -3.0000000000000000e+01  -6.8962706563756996e+01
  -2.9000000000000000e+01  -6.9031412395796295e+01
  -2.8000000000000000e+01  -6.8502442274134594e+01
  -2.7000000000000000e+01  -6.8461409041471995e+01
  -2.6000000000000000e+01  -6.7713392211491893e+01
  -2.5000000000000000e+01  -6.7633618774872403e+01
  -2.4000000000000000e+01  -6.7165835291299999e+01
  -2.3000000000000000e+01  -6.7766638724359098e+01
  -2.2000000000000000e+01  -6.7049003739975205e+01
  -2.1000000000000000e+01  -6.6540605736668695e+01
  -2.0000000000000000e+01  -6.6818525180877401e+01
  -1.9000000000000000e+01  -6.6202775106036000e+01
  -1.8000000000000000e+01  -6.6444316925424104e+01
  -1.7000000000000000e+01  -6.5968731440002998e+01
  -1.6000000000000000e+01  -6.5838542312460305e+01
  -1.5000000000000000e+01  -6.5672775440573403e+01
  -1.4000000000000000e+01  -6.5047573579194804e+01
  -1.3000000000000000e+01  -6.4800141083701106e+01
  -1.2000000000000000e+01  -6.4689844491461002e+01
  -1.1000000000000000e+01  -6.4604027801691203e+01
  -1.0000000000000000e+01  -6.4290381806244298e+01
  -9.0000000000000000e+00  -6.3820501452704598e+01
  -8.0000000000000000e+00  -6.2940583038461199e+01
  -7.0000000000000000e+00  -6.2544405207640999e+01
  -6.0000000000000000e+00  -6.1558095513607100e+01
  -5.0000000000000000e+00  -6.0249986407887000e+01
  -4.0000000000000000e+00  -5.8884252156456597e+01
  -3.0000000000000000e+00  -5.6937049494488903e+01
  -2.0000000000000000e+00  -5.3121756148304300e+01
  -1.0000000000000000e+00  -4.2989746105000300e+01
   0.0000000000000000e+00  -1.6307864176421202e+01
   1.0000000000000000e+00   2.0137289292783498e+00
   2.0000000000000000e+00   1.4451912751464400e+01
   3.0000000000000000e+00   2.0823089528314100e+01
   4.0000000000000000e+00   2.4147703158668001e+01
   5.0000000000000000e+00   2.5807313018798599e+01
   6.0000000000000000e+00   2.6158022963625399e+01
   7.0000000000000000e+00   2.6809148241034901e+01
   8.0000000000000000e+00   2.7345936411022201e+01
   9.0000000000000000e+00   2.7073251577237301e+01
   1.0000000000000000e+01   2.6923105509801101e+01
   1.1000000000000000e+01   2.7539469381642999e+01
   1.2000000000000000e+01   2.7760228892482601e+01
   1.3000000000000000e+01   2.8010886030988100e+01
   1.4000000000000000e+01   2.8486167178543500e+01
   1.5000000000000000e+01   2.9026997880150699e+01
   1.6000000000000000e+01   2.9585757946842602e+01
   1.7000000000000000e+01   2.9584941473091799e+01
   1.8000000000000000e+01   2.9943267781618601e+01
   1.9000000000000000e+01   2.9878189840544099e+01
   2.0000000000000000e+01   3.0156227470187300e+01
   2.1000000000000000e+01   3.0157936323069499e+01
   2.2000000000000000e+01   3.0277931500519099e+01
   2.3000000000000000e+01   3.0529186553403900e+01
   2.4000000000000000e+01   3.1222360646698199e+01
   2.5000000000000000e+01   3.0987100419141200e+01
   2.6000000000000000e+01   3.1284938274055900e+01
   2.7000000000000000e+01   3.0970228074240701e+01
   2.8000000000000000e+01   3.0659426331122901e+01
   2.9000000000000000e+01   3.0914348971258100e+01
   3.0000000000000000e+01   3.1050452559824500e+01
   3.1000000000000000e+01   3.1032384589643101e+01
   3.2000000000000000e+01   3.1336653675730499e+01
   3.3000000000000000e+01   3.1638365978827100e+01
   3.4000000000000000e+01   3.1868484806801799e+01
   3.5000000000000000e+01   3.1444627633289500e+01
   3.6000000000000000e+01   3.1652698179923100e+01
   3.7000000000000000e+01   3.1443062812701800e+01
   3.8000000000000000e+01   3.1874642887242999e+01
   3.9000000000000000e+01   3.2041149914702402e+01
   4.0000000000000000e+01   3.2100304887238302e+01
   4.1000000000000000e+01   3.2061498213530001e+01
   4.2000000000000000e+01   3.2451505333746603e+01
   4.3000000000000000e+01   3.2390121090191002e+01
   4.4000000000000000e+01   3.2636351732152200e+01
   4.5000000000000000e+01   3.2596306626937100e+01
   4.6000000000000000e+01   3.2928285959028500e+01
   4.7000000000000000e+01   3.3485758008382298e+01
   4.8000000000000000e+01   3.3825030905584903e+01
   4.9000000000000000e+01   3.4012828623356803e+01
   5.0000000000000000e+01   3.4103759261661402e+01
   5.1000000000000000e+01   3.3954363452906399e+01
   5.2000000000000000e+01   3.4015462599439502e+01
   5.3000000000000000e+01   3.4030294536531898e+01
   5.4000000000000000e+01   3.4074119202383102e+01
   5.5000000000000000e+01   3.4148209262387901e+01
   5.6000000000000000e+01   3.3657997340175797e+01
   5.7000000000000000e+01   3.4055131200620600e+01
   5.8000000000000000e+01   3.4031011634659798e+01
   5.9000000000000000e+01   3.4528566051607697e+01
   6.0000000000000000e+01   3.4372992874764698e+01
   6.1000000000000000e+01   3.4163619872215598e+01
   6.2000000000000000e+01   3.4387457757601801e+01
   6.3000000000000000e+01   3.4555701789686402e+01
   6.4000000000000000e+01   3.4729957146269903e+01
   6.5000000000000000e+01   3.4740769117911100e+01
   6.6000000000000000e+01   3.4562425838344403e+01
   6.7000000000000000e+01   3.4644137167721397e+01
   6.8000000000000000e+01   3.4498999443962298e+01
   6.9000000000000000e+01   3.4722851986080400e+01
   7.0000000000000000e+01   3.4922368214925001e+01
   7.1000000000000000e+01   3.4894934862142101e+01
   7.2000000000000000e+01   3.5707601658989802e+01
   7.3000000000000000e+01   3.6310096523069198e+01
   7.4000000000000000e+01   3.6190922217803397e+01
   7.5000000000000000e+01   3.6199113836124702e+01
   7.6000000000000000e+01   3.6197106987905698e+01
   7.7000000000000000e+01   3.6079534143415103e+01
   7.8000000000000000e+01   3.5827204738161697e+01
   7.9000000000000000e+01   3.6245919853433897e+01
   8.0000000000000000e+01   3.5980463089515403e+01
   8.1000000000000000e+01   3.6265955283692200e+01
   8.2000000000000000e+01   3.5944272053736803e+01
   8.3000000000000000e+01   3.6462647799258299e+01
   8.4000000000000000e+01   3.6830582145255903e+01
   8.5000000000000000e+01   3.6241089038696401e+01
   8.6000000000000000e+01   3.6155264941612799e+01
   8.7000000000000000e+01   3.6655743813989503e+01
   8.8000000000000000e+01   3.6329699987900099e+01
   8.9000000000000000e+01   3.5854531285769703e+01
   9.0000000000000000e+01   3.5849144265882998e+01
   9.1000000000000000e+01   3.6134950602323997e+01
   9.2000000000000000e+01   3.6065667920725502e+01
   9.3000000000000000e+01   3.6114073144533300e+01
   9.4000000000000000e+01   3.6207084207070501e+01
   9.5000000000000000e+01   3.6065833430702099e+01
   9.6000000000000000e+01   3.6163693198616002e+01
   9.7000000000000000e+01   3.6673828571141698e+01
   9.8000000000000000e+01   3.6622334914200103e+01
   9.9000000000000000e+01   3.6394666734379200e+01
   1.0000000000000000e+02   3.6362115037487499e+01
   1.0100000000000000e+02   3.6306119609266503e+01
   1.0200000000000000e+02   3.6327418338232903e+01
   1.0300000000000000e+02   3.6077367145559599e+01
   1.0400000000000000e+02   3.5936236755633701e+01
   1.0500000000000000e+02   3.6029241198843003e+01
   1.0600000000000000e+02   3.6050500292641402e+01
   1.0700000000000000e+02   3.5745190500171397e+01
   1.0800000000000000e+02   3.5374753193346599e+01
   1.0900000000000000e+02   3.5481605132572398e+01
   1.1000000000000000e+02   3.5142640039725897e+01
   1.1100000000000000e+02   3.5521772388147298e+01
   1.1200000000000000e+02   3.5769594022969898e+01
   1.1300000000000000e+02   3.5865441447769797e+01
   1.1400000000000000e+02   3.5446333409422500e+01
   1.1500000000000000e+02   3.5137964834541101e+01
   1.1600000000000000e+02   3.5590567733163397e+01
   1.1700000000000000e+02   3.5856934740356600e+01
   1.1800000000000000e+02   3.5375959929075499e+01
   1.1900000000000000e+02   3.4843021609386398e+01
   1.2000000000000000e+02   3.4727658532963801e+01
   1.2100000000000000e+02   3.4871833996547103e+01
   1.2200000000000000e+02   3.4147872796918101e+01
   1.2300000000000000e+02   3.4164061905400800e+01
   1.2400000000000000e+02   3.4410409696954602e+01
   1.2500000000000000e+02   3.4397845400213797e+01
   1.2600000000000000e+02   3.4015949181290097e+01
   1.2700000000000000e+02   3.3858251663069403e+01
   1.2800000000000000e+02   3.3698138136672000e+01
   1.2900000000000000e+02   3.3430631928135298e+01
   1.3000000000000000e+02   3.3308028276514598e+01
   1.3100000000000000e+02   3.3255231276152699e+01
   1.3200000000000000e+02   3.3315976000558699e+01
   1.3300000000000000e+02   3.2621162618585302e+01
   1.3400000000000000e+02   3.1659943238940599e+01
   1.3500000000000000e+02   3.1721140430887498e+01
   1.3600000000000000e+02   3.1487477735479999e+01
   1.3700000000000000e+02   3.1962094876720101e+01
   1.3800000000000000e+02   3.1841871412838199e+01
   1.3900000000000000e+02   3.1473831549853699e+01
   1.4000000000000000e+02   3.1740499595623799e+01
   1.4100000000000000e+02   3.1059657518016401e+01
   1.4200000000000000e+02   3.1239714405532901e+01
   1.4300000000000000e+02   3.1032736935064900e+01
   1.4400000000000000e+02   3.1256338630154701e+01
   1.4500000000000000e+02   3.0949131730007000e+01
   1.4600000000000000e+02   3.1261590258668200e+01
   1.4700000000000000e+02   3.1310795551051299e+01
   1.4800000000000000e+02   3.1312503104971800e+01
   1.4900000000000000e+02   3.1484682533778599e+01
   1.5000000000000000e+02   3.1555058626280001e+01
   1.5100000000000000e+02   3.1418840711122499e+01
   1.5200000000000000e+02   3.1841741185668202e+01
   1.5300000000000000e+02   3.1421521391135300e+01
   1.5400000000000000e+02   3.1235909371541499e+01
   1.5500000000000000e+02   3.0877778407155201e+01
   1.5600000000000000e+02   3.1152523875233801e+01
   1.5700000000000000e+02   3.1252688065821300e+01
   1.5800000000000000e+02   3.0895663906695201e+01
   1.5900000000000000e+02   3.0860153867408300e+01
   1.6000000000000000e+02   3.0914278091903000e+01
   1.6100000000000000e+02   3.0771742930059599e+01
   1.6200000000000000e+02   3.0599114801820900e+01
   1.6300000000000000e+02   3.0657433913723800e+01
   1.6400000000000000e+02   3.0296831745012000e+01
   1.6500000000000000e+02   3.0885535828322499e+01
   1.6600000000000000e+02   3.0858802030725599e+01
   1.6700000000000000e+02   3.0459924074730001e+01
   1.6800000000000000e+02   3.0231286379398700e+01
   1.6900000000000000e+02   3.0088713079752100e+01
   1.7000000000000000e+02   3.0099738368566300e+01
   1.7100000000000000e+02   3.0006472913818200e+01
   1.7200000000000000e+02   3.0094500152597700e+01
   1.7300000000000000e+02   3.0476859130353699e+01
   1.7400000000000000e+02   3.0603937559917100e+01
   1.7500000000000000e+02   3.0300735966238300e+01
   1.7600000000000000e+02   2.9818567822938501e+01
   1.7700000000000000e+02   2.9618348480943801e+01
   1.7800000000000000e+02   2.8888665836322101e+01
   1.7900000000000000e+02   2.8460655520729301e+01
   1.8000000000000000e+02   2.8163555622348401e+01
   1.8100000000000000e+02   2.7760759869887700e+01
   1.8200000000000000e+02   2.7659377920437802e+01
   1.8300000000000000e+02   2.7503970595844400e+01
   1.8400000000000000e+02   2.7542987273158701e+01
   1.8500000000000000e+02   2.8031546014209301e+01
   1.8600000000000000e+02   2.7890256740488098e+01
   1.8700000000000000e+02   2.7726909403783900e+01
   1.8800000000000000e+02   2.6796564847314400e+01
   1.8900000000000000e+02   2.6686480139268699e+01
   1.9000000000000000e+02   2.6557062551921199e+01
   1.9100000000000000e+02   2.6168292248611198e+01
   1.9200000000000000e+02   2.6054677964085499e+01
   1.9300000000000000e+02   2.5999693497738800e+01
   1.9400000000000000e+02   2.6096596580609901e+01
   1.9500000000000000e+02   2.6413649348902201e+01
   1.9600000000000000e+02   2.6277841845566002e+01
   1.9700000000000000e+02   2.6459853174036098e+01
   1.9800000000000000e+02   2.6258553962860098e+01
   1.9900000000000000e+02   2.6186944966241100e+01
   2.0000000000000000e+02   2.5863989043015000e+01
   2.0100000000000000e+02   2.5728796935604201e+01
   2.0200000000000000e+02   2.5834614518531001e+01
   2.0300000000000000e+02   2.5537357755482802e+01
   2.0400000000000000e+02   2.5697799583549099e+01
   2.0500000000000000e+02   2.5632773296524402e+01
   2.0600000000000000e+02   2.5490942494446401e+01
   2.0700000000000000e+02   2.5342117026616702e+01
   2.0800000000000000e+02   2.5463834246544401e+01
   2.0900000000000000e+02   2.5143999922029501e+01
   2.1000000000000000e+02   2.4956288853184901e+01
   2.1100000000000000e+02   2.4861835796269400e+01
   2.1200000000000000e+02   2.5064843781805099e+01
   2.1300000000000000e+02   2.4934591557476399e+01
   2.1400000000000000e+02   2.4873550305579400e+01
   2.1500000000000000e+02   2.4730073526817101e+01
   2.1600000000000000e+02   2.4914208446075300e+01
   2.1700000000000000e+02   2.4720580825498601e+01
   2.1800000000000000e+02   2.4587210495006900e+01
   2.1900000000000000e+02   2.5080345404292299e+01
   2.2000000000000000e+02   2.5017342050269100e+01
   2.2100000000000000e+02   2.4612760940988501e+01
   2.2200000000000000e+02   2.4093313169715699e+01
   2.2300000000000000e+02   2.4511027158351201e+01
   2.2400000000000000e+02   2.3777027344982699e+01
   2.2500000000000000e+02   2.3693576987995900e+01
   2.2600000000000000e+02   2.3084019125007501e+01
   2.2700000000000000e+02   2.3135959533520101e+01
   2.2800000000000000e+02   2.3027727298180501e+01
   2.2900000000000000e+02   2.2798001763698402e+01
   2.3000000000000000e+02   2.2821427778629300e+01
   2.3100000000000000e+02   2.2530814220617000e+01
   2.3200000000000000e+02   2.2241186244530599e+01
   2.3300000000000000e+02   2.2075025295759300e+01
   2.3400000000000000e+02   2.1950834279888799e+01
   2.3500000000000000e+02   2.1566596555111399e+01
   2.3600000000000000e+02   2.2129830837508301e+01
   2.3700000000000000e+02   2.1935895514265699e+01
   2.3800000000000000e+02   2.1840787345416000e+01
   2.3900000000000000e+02   2.1457929456414501e+01
   2.4000000000000000e+02   2.1350894030058999e+01
   2.4100000000000000e+02   2.1784387549885601e+01
   2.4200000000000000e+02   2.1789036877725600e+01
   2.4300000000000000e+02   2.1361016019404499e+01
   2.4400000000000000e+02   2.0990719304075501e+01
   2.4500000000000000e+02   2.1232571897286800e+01
   2.4600000000000000e+02   2.0823026399222201e+01
   2.4700000000000000e+02   1.9977782941851199e+01
   2.4800000000000000e+02   1.9770091158136001e+01
   2.4900000000000000e+02   1.9175687644091301e+01
   2.5000000000000000e+02   1.8420372762326000e+01
   2.5100000000000000e+02   1.8138868205517898e+01
   2.5200000000000000e+02   1.7738414972060198e+01
   2.5300000000000000e+02   1.7352829076000500e+01
   2.5400000000000000e+02   1.6929384854823901e+01
   2.5500000000000000e+02   1.6646380076067199e+01
   2.5600000000000000e+02   1.6302891073005298e+01
   2.5700000000000000e+02   1.6193443090918400e+01
   2.5800000000000000e+02   1.5868123723710699e+01
   2.5900000000000000e+02   1.5497773646402701e+01
   2.6000000000000000e+02   1.5506703582029900e+01
   2.6100000000000000e+02   1.4979050462508001e+01
   2.6200000000000000e+02   1.4685172488692601e+01
   2.6300000000000000e+02   1.4912499731302400e+01
   2.6400000000000000e+02   1.4071023289242500e+01
   2.6500000000000000e+02   1.4071978142836100e+01
   2.6600000000000000e+02   1.4243715306746701e+01
   2.6700000000000000e+02   1.4402424809010601e+01
   2.6800000000000000e+02   1.4730523326218099e+01
   2.6900000000000000e+02   1.4268366126499700e+01
   2.7000000000000000e+02   1.4533847768852601e+01
   2.7100000000000000e+02   1.4286285968174200e+01
   2.7200000000000000e+02   1.4043941261837000e+01
   2.7300000000000000e+02   1.3851382571020100e+01
   2.7400000000000000e+02   1.3945207775310900e+01
   2.7500000000000000e+02   1.3896361318797100e+01
   2.7600000000000000e+02   1.3271631623382699e+01
   2.7700000000000000e+02   1.2848904707724500e+01
   2.7800000000000000e+02   1.2749108386668899e+01
   2.7900000000000000e+02   1.3055290056845500e+01
   2.8000000000000000e+02   1.2804280969776400e+01
   2.8100000000000000e+02   1.2300481060995899e+01
   2.8200000000000000e+02   1.2636302311049199e+01
   2.8300000000000000e+02   1.1902748658936000e+01
   2.8400000000000000e+02   1.1902865585366801e+01
   2.8500000000000000e+02   1.1531556349460100e+01
   2.8600000000000000e+02   1.1432945054997900e+01
   2.8700000000000000e+02   1.1666630500466200e+01
   2.8800000000000000e+02   1.1559200994120200e+01
   2.8900000000000000e+02   1.1233525180399701e+01
   2.9000000000000000e+02   1.1756114726963100e+01
   2.9100000000000000e+02   1.1575567204184100e+01
   2.9200000000000000e+02   1.1443716021329100e+01
   2.9300000000000000e+02   1.1136844242766200e+01
   2.9400000000000000e+02   1.0618575889618000e+01
   2.9500000000000000e+02   1.0627274220106100e+01
   2.9600000000000000e+02   1.0420089209757700e+01
   2.9700000000000000e+02   1.0516507293727299e+01
   2.9800000000000000e+02   1.0542917584489899e+01
   2.9900000000000000e+02   1.0021500197373401e+01
   3.0000000000000000e+02   9.4905911893002504e+00
   3.0100000000000000e+02   9.4508085843429601e+00
   3.0200000000000000e+02   9.2586790483740593e+00
   3.0300000000000000e+02   9.4055842433073593e+00
   3.0400000000000000e+02   8.9787923677002794e+00
   3.0500000000000000e+02   9.1942438983826307e+00
   3.0600000000000000e+02   8.6256876192291205e+00
   3.0700000000000000e+02   8.7652456544245698e+00
   3.0800000000000000e+02   8.2140210440677794e+00
   3.0900000000000000e+02   8.6221361004834804e+00
   3.1000000000000000e+02   7.6355228644493200e+00
   3.1100000000000000e+02   7.9212167904657003e+00
   3.1200000000000000e+02   7.7711206180338399e+00
   3.1300000000000000e+02   7.3394139566439600e+00
   3.1400000000000000e+02   6.5390783693480099e+00
   3.1500000000000000e+02   5.7706175575993104e+00
   3.1600000000000000e+02   5.6819899872280999e+00
   3.1700000000000000e+02   4.8981709141021597e+00
   3.1800000000000000e+02   4.9333729734816298e+00
   3.1900000000000000e+02   4.6564260740391097e+00
   3.2000000000000000e+02   4.4194813070151300e+00
   3.2100000000000000e+02   4.4194958803088804e+00
   3.2200000000000000e+02   3.9949891922035201e+00
   3.2300000000000000e+02   3.7091927284126802e+00
   3.2400000000000000e+02   3.7341255016568402e+00
   3.2500000000000000e+02   3.1322909944215098e+00
   3.2600000000000000e+02   2.7779105773456600e+00
   3.2700000000000000e+02   2.9563798088383000e+00
   3.2800000000000000e+02   2.6450915297181101e+00
   3.2900000000000000e+02   2.6171517726035698e+00
   3.3000000000000000e+02   2.4091506279365000e+00
   3.3100000000000000e+02   2.4395199934113099e+00
   3.3200000000000000e+02   2.5640566873509099e+00
   3.3300000000000000e+02   2.3038957600014500e+00
   3.3400000000000000e+02   1.4808264308329999e+00
   3.3500000000000000e+02   1.5542733606356700e+00
   3.3600000000000000e+02   8.8377296489862101e-01
   3.3700000000000000e+02   7.6935509430607096e-01
   3.3800000000000000e+02   3.7577174054099099e-01
   3.3900000000000000e+02   1.0338329760955600e-01
   3.4000000000000000e+02   2.0301174895464799e-01
   3.4100000000000000e+02  -6.2694192284715800e-01
   3.4200000000000000e+02  -7.5595959972833804e-01
   3.4300000000000000e+02  -6.5638992688753195e-01
   3.4400000000000000e+02  -5.3674972213765504e-01
   3.4500000000000000e+02  -2.6506539384629102e-01
   3.4600000000000000e+02  -5.8443500478915400e-01
   3.4700000000000000e+02  -9.3271088324022500e-01
   3.4800000000000000e+02  -1.2592409469053900e+00
   3.4900000000000000e+02  -1.5881116394814201e+00
   3.5000000000000000e+02  -1.9455307465769800e+00
   3.5100000000000000e+02  -2.1338223409282899e+00
   3.5200000000000000e+02  -2.2831277638467400e+00
   3.5300000000000000e+02  -2.5763836727626801e+00
   3.5400000000000000e+02  -2.9318211461425898e+00
   3.5500000000000000e+02  -3.4619108623264698e+00
   3.5600000000000000e+02  -3.8547472846696400e+00
   3.5700000000000000e+02  -3.6800302128513600e+00
   3.5800000000000000e+02  -3.7077584160210999e+00
   3.5900000000000000e+02  -3.7149070491543301e+00
   3.6000000000000000e+02  -4.2206535430741301e+00
   3.6100000000000000e+02  -4.4135050152066899e+00
   3.6200000000000000e+02  -4.8446350509651603e+00
   3.6300000000000000e+02  -5.3663292037463002e+00
   3.6400000000000000e+02  -5.8846900306484899e+00
   3.6500000000000000e+02  -6.4942510745469200e+00
   3.6600000000000000e+02  -6.4772878463302099e+00
   3.6700000000000000e+02  -6.4467266531017904e+00
   3.6800000000000000e+02  -5.6774938602052796e+00
   3.6900000000000000e+02  -5.9254883062165300e+00
   3.7000000000000000e+02  -6.4088962488401799e+00
   3.7100000000000000e+02  -6.4023804596421501e+00
   3.7200000000000000e+02  -6.5005293735238396e+00
   3.7300000000000000e+02  -6.7250302961773896e+00
   3.7400000000000000e+02  -7.0582537012795301e+00
   3.7500000000000000e+02  -6.8909789159792796e+00
   3.7600000000000000e+02  -7.1345976313264101e+00
   3.7700000000000000e+02  -7.3436888114144896e+00
   3.7800000000000000e+02  -7.5644653345903503e+00
   3.7900000000000000e+02  -8.0176143600574399e+00
   3.8000000000000000e+02  -8.0880362522369698e+00
   3.8100000000000000e+02  -8.3912902608312994e+00
   3.8200000000000000e+02  -9.1539956372448099e+00
   3.8300000000000000e+02  -9.5089101040595398e+00
   3.8400000000000000e+02  -1.0099536957889701e+01
   3.8500000000000000e+02  -1.0714819627327399e+01
   3.8600000000000000e+02  -1.1044092347399500e+01
   3.8700000000000000e+02  -1.1144958967379701e+01
   3.8800000000000000e+02  -1.1458641458257400e+01
   3.8900000000000000e+02  -1.1769975705357901e+01
   3.9000000000000000e+02  -1.2003327071949199e+01
   3.9100000000000000e+02  -1.2468960831280400e+01
   3.9200000000000000e+02  -1.2723988377642600e+01
   3.9300000000000000e+02  -1.2641167172582000e+01
   3.9400000000000000e+02  -1.3623904797332701e+01
   3.9500000000000000e+02  -1.4284652220034600e+01
   3.9600000000000000e+02  -1.4356953363272799e+01
   3.9700000000000000e+02  -1.4349595144826900e+01
   3.9800000000000000e+02  -1.4339200395267399e+01
   3.9900000000000000e+02  -1.4815665787200500e+01
   4.0000000000000000e+02  -1.5428898084306200e+01
   4.0100000000000000e+02  -1.5474283288424900e+01
   4.0200000000000000e+02  -1.6088003688617398e+01
   4.0300000000000000e+02  -1.6773896903634100e+01
   4.0400000000000000e+02  -1.7694233079591900e+01
   4.0500000000000000e+02  -1.7915275537889102e+01
   4.0600000000000000e+02  -1.7913357558206599e+01
   4.0700000000000000e+02  -1.8234747803350199e+01
   4.0800000000000000e+02  -1.8542972108778500e+01
   4.0900000000000000e+02  -1.8888747204795600e+01
   4.1000000000000000e+02  -1.9460199872728101e+01
   4.1100000000000000e+02  -2.0113916854162799e+01
   4.1200000000000000e+02  -2.0318062554936500e+01
   4.1300000000000000e+02  -2.0797759894897599e+01
   4.1400000000000000e+02  -2.1014162966065001e+01
   4.1500000000000000e+02  -2.1619885190583901e+01
   4.1600000000000000e+02  -2.1869388695641799e+01
   4.1700000000000000e+02  -2.2644117171567999e+01
   4.1800000000000000e+02  -2.2805955136799302e+01
   4.1900000000000000e+02  -2.3353918064112399e+01
   4.2000000000000000e+02  -2.3729186376500600e+01
   4.2100000000000000e+02  -2.3776983409182900e+01
   4.2200000000000000e+02  -2.4075296346738401e+01
   4.2300000000000000e+02  -2.4222906112322399e+01
   4.2400000000000000e+02  -2.4821151428929699e+01
   4.2500000000000000e+02  -2.5494561764553399e+01
   4.2600000000000000e+02  -2.6232590208159500e+01
   4.2700000000000000e+02  -2.6671832224877200e+01
   4.2800000000000000e+02  -2.7105261094765300e+01
   4.2900000000000000e+02  -2.7770562250726801e+01
   4.3000000000000000e+02  -2.8035652412236399e+01
   4.3100000000000000e+02  -2.8882987278874701e+01
   4.3200000000000000e+02  -2.9130972592399200e+01
   4.3300000000000000e+02  -2.9821934646057400e+01
   4.3400000000000000e+02  -3.0281696005583601e+01
   4.3500000000000000e+02  -3.0643440187369901e+01
   4.3600000000000000e+02  -3.0844453537848601e+01
   4.3700000000000000e+02  -3.1279865706763999e+01
   4.3800000000000000e+02  -3.2060097467666097e+01
   4.3900000000000000e+02  -3.2853862892311398e+01
   4.4000000000000000e+02  -3.2688548946481497e+01
   4.4100000000000000e+02  -3.2571535461141103e+01
   4.4200000000000000e+02  -3.2907412170680900e+01
   4.4300000000000000e+02  -3.3772709668673201e+01
   4.4400000000000000e+02  -3.4418496561211903e+01
   4.4500000000000000e+02  -3.5197130783257499e+01
   4.4600000000000000e+02  -3.5652006152955501e+01
   4.4700000000000000e+02  -3.6170266288139601e+01
   4.4800000000000000e+02  -3.6122949645865098e+01
   4.4900000000000000e+02  -3.6143887637978899e+01
   4.5000000000000000e+02  -3.7051215714747599e+01
   4.5100000000000000e+02  -3.7139981445614502e+01
   4.5200000000000000e+02  -3.7494906910315102e+01
   4.5300000000000000e+02  -3.7626141803996198e+01
   4.5400000000000000e+02  -3.8103428296895800e+01
   4.5500000000000000e+02  -3.8983984020923899e+01
   4.5600000000000000e+02  -3.9013204685527597e+01
   4.5700000000000000e+02  -3.9436961371131197e+01
   4.5800000000000000e+02  -3.9605322721791602e+01
   4.5900000000000000e+02  -4.0393467867524699e+01
   4.6000000000000000e+02  -4.0763718574034201e+01
   4.6100000000000000e+02  -4.1355601698226103e+01
   4.6200000000000000e+02  -4.2042123770438600e+01
   4.6300000000000000e+02  -4.2411430485106401e+01
   4.6400000000000000e+02  -4.2927039724027502e+01
   4.6500000000000000e+02  -4.2596820534659003e+01
   4.6600000000000000e+02  -4.2997459536215601e+01
   4.6700000000000000e+02  -4.3394356490833601e+01
   4.6800000000000000e+02  -4.4189753141074597e+01
   4.6900000000000000e+02  -4.4680172647955303e+01
   4.7000000000000000e+02  -4.4698216197934102e+01
   4.7100000000000000e+02  -4.5580854615717897e+01
   4.7200000000000000e+02  -4.6251013483567299e+01
   4.7300000000000000e+02  -4.6448014493269099e+01
   4.7400000000000000e+02  -4.7403225220731301e+01
   4.7500000000000000e+02  -4.7605531657115002e+01
   4.7600000000000000e+02  -4.7831195876494597e+01
   4.7700000000000000e+02  -4.8410297668228402e+01
   4.7800000000000000e+02  -4.9285656234003703e+01
   4.7900000000000000e+02  -4.9667042297058700e+01
   4.8000000000000000e+02  -5.0289257377222903e+01
   4.8100000000000000e+02  -5.0896964689612197e+01
   4.8200000000000000e+02  -5.1621433997177697e+01
   4.8300000000000000e+02  -5.1643048946252499e+01
   4.8400000000000000e+02  -5.2340408464012903e+01
   4.8500000000000000e+02  -5.2649586281440200e+01
   4.8600000000000000e+02  -5.3463821759822103e+01
   4.8700000000000000e+02  -5.3629167959980698e+01
   4.8800000000000000e+02  -5.3943273460790898e+01
   4.8900000000000000e+02  -5.4604469633633002e+01
   4.9000000000000000e+02  -5.4953294302984901e+01
   4.9100000000000000e+02  -5.5484778709995403e+01
   4.9200000000000000e+02  -5.5906076709604100e+01
   4.9300000000000000e+02  -5.6792700014103602e+01
   4.9400000000000000e+02  -5.7101870007776803e+01
   4.9500000000000000e+02  -5.7319745494542701e+01
   4.9600000000000000e+02  -5.7890921811217503e+01
   4.9700000000000000e+02  -5.8878992052600204e+01
   4.9800000000000000e+02  -5.9482139627729502e+01
   4.9900000000000000e+02  -6.0476845933933198e+01
   5.0000000000000000e+02  -6.0371877506468302e+01
   5.0100000000000000e+02  -6.0532457673353903e+01
   5.0200000000000000e+02  -6.1283828796265198e+01
   5.0300000000000000e+02  -6.2060071885711302e+01
   5.0400000000000000e+02  -6.2181106288393799e+01
   5.0500000000000000e+02  -6.2898652153296197e+01
   5.0600000000000000e+02  -6.2697878710213800e+01
   5.0700000000000000e+02  -6.3202233222778901e+01
   5.0800000000000000e+02  -6.3567038556904798e+01
   5.0900000000000000e+02  -6.3592407585546503e+01
   5.1000000000000000e+02  -6.3878335751240002e+01
   5.1100000000000000e+02  -6.4453616580047495e+01
   5.1200000000000000e+02  -6.5184003165393094e+01
   5.1300000000000000e+02  -6.5707602891470799e+01
   5.1400000000000000e+02  -6.6078396604973307e+01
   5.1500000000000000e+02  -6.6252570069673197e+01
   5.1600000000000000e+02  -6.6491659185727300e+01
   5.1700000000000000e+02  -6.7082422174023705e+01
   5.1800000000000000e+02  -6.7532069022952797e+01
   5.1900000000000000e+02  -6.7326636906398207e+01
   5.2000000000000000e+02  -6.7391011875304500e+01
   5.2100000000000000e+02  -6.7757956175326498e+01
   5.2200000000000000e+02  -6.8068141295222603e+01
   5.2300000000000000e+02  -6.8286577957448600e+01
   5.2400000000000000e+02  -6.8533371891727199e+01
   5.2500000000000000e+02  -6.8913602790380594e+01
   5.2600000000000000e+02  -6.9375878097786995e+01
   5.2700000000000000e+02  -6.9817500689004405e+01
   5.2800000000000000e+02  -6.9847398715948202e+01
   5.2900000000000000e+02  -7.0139629977762198e+01
   5.3000000000000000e+02  -6.9999773779748395e+01
   5.3100000000000000e+02  -7.0582766595573801e+01
   5.3200000000000000e+02  -7.0787355749997801e+01
   5.3300000000000000e+02  -7.1085280176202104e+01
   5.3400000000000000e+02  -7.1156639577659405e+01
   5.3500000000000000e+02  -7.1642257878370501e+01
   5.3600000000000000e+02  -7.1584986763636394e+01
   5.3700000000000000e+02  -7.2054412106344003e+01
   5.3800000000000000e+02  -7.2372105588841606e+01
   5.3900000000000000e+02  -7.2245103993237507e+01
   5.4000000000000000e+02  -7.2450263752595703e+01
   5.4100000000000000e+02  -7.3142558240470805e+01
   5.4200000000000000e+02  -7.3051718818710498e+01
   5.4300000000000000e+02  -7.3140491601145101e+01
   5.4400000000000000e+02  -7.3091204106332995e+01
   5.4500000000000000e+02  -7.2972030122061398e+01
   5.4600000000000000e+02  -7.3155629165283003e+01
   5.4700000000000000e+02  -7.3475408758339896e+01
   5.4800000000000000e+02  -7.3603119870901594e+01
   5.4900000000000000e+02  -7.3866566120300206e+01
   5.5000000000000000e+02  -7.3453683007051495e+01
   5.5100000000000000e+02  -7.3350737741287105e+01
   5.5200000000000000e+02  -7.4098659253119706e+01
   5.5300000000000000e+02  -7.4429935442666107e+01
   5.5400000000000000e+02  -7.4522872992362295e+01
   5.5500000000000000e+02  -7.4695068576557404e+01
   5.5600000000000000e+02  -7.4857499608577399e+01
   5.5700000000000000e+02  -7.4793003854265294e+01
   5.5800000000000000e+02  -7.5312331305371401e+01
   5.5900000000000000e+02  -7.5379141836324493e+01
   5.6000000000000000e+02  -7.5409896520938503e+01
   5.6100000000000000e+02  -7.5297852797386597e+01
   5.6200000000000000e+02  -7.5797260703081406e+01
   5.6300000000000000e+02  -7.6002113359645406e+01
   5.6400000000000000e+02  -7.6026504478066499e+01
   5.6500000000000000e+02  -7.6115978848950604e+01
   5.6600000000000000e+02  -7.6890639420775599e+01
   5.6700000000000000e+02  -7.7296827436994107e+01
   5.6800000000000000e+02  -7.7410757453527907e+01
   5.6900000000000000e+02  -7.7583161544690199e+01
   5.7000000000000000e+02  -7.7311951917307496e+01
   5.7100000000000000e+02  -7.7610265520346005e+01
   5.7200000000000000e+02  -7.7658420510764401e+01
   5.7300000000000000e+02  -7.6850949340961705e+01
   5.7400000000000000e+02  -7.6226481941463007e+01
   5.7500000000000000e+02  -7.5872059897452999e+01
   5.7600000000000000e+02  -7.5730756425735805e+01
   5.7700000000000000e+02  -7.6042092700637994e+01
   5.7800000000000000e+02  -7.6485964300959594e+01
   5.7900000000000000e+02  -7.6598324113474405e+01
   5.8000000000000000e+02  -7.6976090027692194e+01
   5.8100000000000000e+02  -7.7103982511163906e+01
   5.8200000000000000e+02  -7.7221741971111797e+01
   5.8300000000000000e+02  -7.7728218772233902e+01
   5.8400000000000000e+02  -7.7803811701795894e+01
   5.8500000000000000e+02  -7.7981012558070105e+01
   5.8600000000000000e+02  -7.7921622294263798e+01
   5.8700000000000000e+02  -7.8187986826768196e+01
   5.8800000000000000e+02  -7.7813149558382705e+01
   5.8900000000000000e+02  -7.7769163227442206e+01
   5.9000000000000000e+02  -7.8036551738065199e+01
   5.9100000000000000e+02  -7.8397889747498496e+01
   5.9200000000000000e+02  -7.8609159616383096e+01
   5.9300000000000000e+02  -7.8429660709451397e+01
   5.9400000000000000e+02  -7.8001744659240302e+01
   5.9500000000000000e+02  -7.7576358496631400e+01
   5.9600000000000000e+02  -7.7841246053424896e+01
   5.9700000000000000e+02  -7.7522444667810007e+01
   5.9800000000000000e+02  -7.6892380390690903e+01
   5.9900000000000000e+02  -7.7161146831698801e+01
   6.0000000000000000e+02  -7.7182954966927198e+01
   6.0100000000000000e+02  -7.6825118711158893e+01
   6.0200000000000000e+02  -7.6554909116315301e+01
   6.0300000000000000e+02  -7.6416339020526294e+01
   6.0400000000000000e+02  -7.6534705365943495e+01
   6.0500000000000000e+02  -7.6526948218335207e+01
   6.0600000000000000e+02  -7.6524410688171898e+01
   6.0700000000000000e+02  -7.6161376857011703e+01
   6.0800000000000000e+02  -7.6342393453090693e+01
   6.0900000000000000e+02  -7.6566502111140295e+01
   6.1000000000000000e+02  -7.6920388445148305e+01
   6.1100000000000000e+02  -7.6892544232810707e+01
   6.1200000000000000e+02  -7.6760216163652203e+01
   6.1300000000000000e+02  -7.6497253190695901e+01
   6.1400000000000000e+02  -7.6839255592010105e+01
   6.1500000000000000e+02  -7.6557660387360997e+01
   6.1600000000000000e+02  -7.6619436723211805e+01
   6.1700000000000000e+02  -7.7116638552551507e+01
   6.1800000000000000e+02  -7.6835036643735194e+01
   6.1900000000000000e+02  -7.6523135934519999e+01
   6.2000000000000000e+02  -7.6271499925764900e+01
   6.2100000000000000e+02  -7.6920563498858002e+01
   6.2200000000000000e+02  -7.6973246543437298e+01
   6.2300000000000000e+02  -7.6776355596465905e+01
   6.2400000000000000e+02  -7.6443223948485596e+01
   6.2500000000000000e+02  -7.5994453099685799e+01
   6.2600000000000000e+02  -7.6025995101084305e+01
   6.2700000000000000e+02  -7.5969933286566501e+01
   6.2800000000000000e+02  -7.5916057585522395e+01
   6.2900000000000000e+02  -7.5957020477157400e+01
   6.3000000000000000e+02  -7.5401620792943405e+01
   6.3100000000000000e+02  -7.5705487667481606e+01
   6.3200000000000000e+02  -7.5459926370751404e+01
   6.3300000000000000e+02  -7.5763107706457802e+01
   6.3400000000000000e+02  -7.5524606243798402e+01
   6.3500000000000000e+02  -7.5389358117682505e+01
   6.3600000000000000e+02  -7.5508148499936993e+01
   6.3700000000000000e+02  -7.5632195815599303e+01
   6.3800000000000000e+02  -7.5763522494115705e+01
   6.3900000000000000e+02  -7.5233501293027402e+01
   6.4000000000000000e+02  -7.5524865859357405e+01
   6.4100000000000000e+02  -7.5141580355983393e+01
   6.4200000000000000e+02  -7.5113265922857295e+01
   6.4300000000000000e+02  -7.4754900689244096e+01
   6.4400000000000000e+02  -7.5105675300663904e+01
   6.4500000000000000e+02  -7.4792896632495896e+01
   6.4600000000000000e+02  -7.4433891987270400e+01
   6.4700000000000000e+02  -7.3974002956769397e+01
   6.4800000000000000e+02  -7.3701017872191798e+01
   6.4900000000000000e+02  -7.3643672188162000e+01
   6.5000000000000000e+02  -7.3500814580574101e+01
   6.5100000000000000e+02  -7.3500056576681601e+01
   6.5200000000000000e+02  -7.3840326529853698e+01
   6.5300000000000000e+02  -7.3805140257595994e+01
   6.5400000000000000e+02  -7.3634959787374299e+01
   6.5500000000000000e+02  -7.3772518411229498e+01
   6.5600000000000000e+02  -7.4056521941368104e+01
   6.5700000000000000e+02  -7.3972742178966797e+01
   6.5800000000000000e+02  -7.3799871279017196e+01
   6.5900000000000000e+02  -7.4217564254947007e+01
   6.6000000000000000e+02  -7.4075211142156206e+01
   6.6100000000000000e+02  -7.4499766072407496e+01
   6.6200000000000000e+02  -7.4333993963073894e+01
   6.6300000000000000e+02  -7.3749171050306003e+01
   6.6400000000000000e+02  -7.3883049743524396e+01
   6.6500000000000000e+02  -7.4153800695300205e+01
   6.6600000000000000e+02  -7.3796497513908307e+01
   6.6700000000000000e+02  -7.3350515636932400e+01
   6.6800000000000000e+02  -7.3153732488225401e+01
   6.6900000000000000e+02  -7.2855432617819602e+01
   6.7000000000000000e+02  -7.2598885346504403e+01
   6.7100000000000000e+02  -7.2734210054218394e+01
   6.7200000000000000e+02  -7.3245967531506594e+01
   6.7300000000000000e+02  -7.3363982092681397e+01
   6.7400000000000000e+02  -7.4056315016545000e+01
   6.7500000000000000e+02  -7.3974514145046399e+01
   6.7600000000000000e+02  -7.3328374520316402e+01
   6.7700000000000000e+02  -7.3618086202059104e+01
   6.7800000000000000e+02  -7.3295254472177206e+01
   6.7900000000000000e+02  -7.2640132415754493e+01
   6.8000000000000000e+02  -7.2759374845180204e+01
   6.8100000000000000e+02  -7.2766778041631795e+01
   6.8200000000000000e+02  -7.2858470676655500e+01
   6.8300000000000000e+02  -7.2708999747272699e+01
   6.8400000000000000e+02  -7.3012998437854407e+01
   6.8500000000000000e+02  -7.3185349581688698e+01
   6.8600000000000000e+02  -7.3466495993224399e+01
   6.8700000000000000e+02  -7.3663106740318099e+01
   6.8800000000000000e+02  -7.4087224462929498e+01
   6.8900000000000000e+02  -7.3823378509489700e+01
   6.9000000000000000e+02  -7.3739738355237705e+01
   6.9100000000000000e+02  -7.3244757991922199e+01
   6.9200000000000000e+02  -7.3364390468518593e+01
   6.9300000000000000e+02  -7.3455938352729106e+01
   6.9400000000000000e+02  -7.3770476164617605e+01
   6.9500000000000000e+02  -7.3899830775930795e+01
   6.9600000000000000e+02  -7.4217675947781302e+01
   6.9700000000000000e+02  -7.3946687087159901e+01
   6.9800000000000000e+02  -7.3766899917914500e+01
   6.9900000000000000e+02  -7.3121009444346299e+01
   7.0000000000000000e+02  -7.3371877827792304e+01
   7.0100000000000000e+02  -7.3604847154350693e+01
   7.0200000000000000e+02  -7.3576549656631400e+01
   7.0300000000000000e+02  -7.2758492426065800e+01
   7.0400000000000000e+02  -7.2982866974819899e+01
   7.0500000000000000e+02  -7.2437558893542302e+01
   7.0600000000000000e+02  -7.2326964784259602e+01
   7.0700000000000000e+02  -7.2091053033649203e+01
   7.0800000000000000e+02  -7.2047179046429804e+01
   7.0900000000000000e+02  -7.2019227991609696e+01
   7.1000000000000000e+02  -7.1994616143782693e+01
   7.1100000000000000e+02  -7.2136920038970402e+01
   7.1200000000000000e+02  -7.1682880380485898e+01
   7.1300000000000000e+02  -7.1614609559074793e+01
   7.1400000000000000e+02  -7.2016159323452797e+01
   7.1500000000000000e+02  -7.2110779770364701e+01
   7.1600000000000000e+02  -7.2177537676181601e+01
   7.1700000000000000e+02  -7.2795373507504607e+01
   7.1800000000000000e+02  -7.2831312735946497e+01
   7.1900000000000000e+02  -7.2887635507845701e+01
   7.2000000000000000e+02  -7.2753380073961793e+01
   7.2100000000000000e+02  -7.3356082782611395e+01
   7.2200000000000000e+02  -7.3148804217295805e+01
   7.2300000000000000e+02  -7.3418477166107394e+01
   7.2400000000000000e+02  -7.3214624212611099e+01
   7.2500000000000000e+02  -7.3188900155661599e+01
   7.2600000000000000e+02  -7.2788112356442994e+01
   7.2700000000000000e+02  -7.2521930333360501e+01
   7.2800000000000000e+02  -7.1959299106418499e+01
   7.2900000000000000e+02  -7.1646308046187201e+01
   7.3000000000000000e+02  -7.1099085970263104e+01
   7.3100000000000000e+02  -7.0957578553402897e+01
   7.3200000000000000e+02  -7.1019301551397504e+01
   7.3300000000000000e+02  -7.1388372719513598e+01
   7.3400000000000000e+02  -7.0974848100986804e+01
   7.3500000000000000e+02  -7.1550967047010204e+01
   7.3600000000000000e+02  -7.1272088093552895e+01
   7.3700000000000000e+02  -7.1061136563239501e+01
   7.3800000000000000e+02  -7.1120894817236007e+01
   7.3900000000000000e+02  -7.1170439092266605e+01
   7.4000000000000000e+02  -7.1758859217948597e+01
   7.4100000000000000e+02  -7.1828186788523396e+01
   7.4200000000000000e+02  -7.2225962494147396e+01
   7.4300000000000000e+02  -7.2338780573146195e+01
   7.4400000000000000e+02  -7.2389863971976993e+01
   7.4500000000000000e+02  -7.2912927387809702e+01
   7.4600000000000000e+02  -7.3253355325596004e+01
   7.4700000000000000e+02  -7.2750956180935603e+01
   7.4800000000000000e+02  -7.2882440175601801e+01
   7.4900000000000000e+02  -7.2506546240604493e+01
   7.5000000000000000e+02  -7.2210874271670505e+01
   7.5100000000000000e+02  -7.2195465226638802e+01
   7.5200000000000000e+02  -7.2074803493112100e+01
   7.5300000000000000e+02  -7.2113982387254893e+01
   7.5400000000000000e+02  -7.1853425778170006e+01
   7.5500000000000000e+02  -7.1984435117412303e+01
   7.5600000000000000e+02  -7.1784450133738702e+01
   7.5700000000000000e+02  -7.2089051009992502e+01
   7.5800000000000000e+02  -7.1556648441909402e+01
   7.5900000000000000e+02  -7.1388396382444796e+01
   7.6000000000000000e+02  -7.1546433038721204e+01
   7.6100000000000000e+02  -7.1180184361903201e+01
   7.6200000000000000e+02  -7.1627481313161397e+01
   7.6300000000000000e+02  -7.1347975311753203e+01
   7.6400000000000000e+02  -7.0531065469514800e+01
   7.6500000000000000e+02  -7.0688106828616696e+01
   7.6600000000000000e+02  -7.0545830269641300e+01
   7.6700000000000000e+02  -7.0453166252619994e+01
   7.6800000000000000e+02  -7.0333397765935104e+01
   7.6900000000000000e+02  -7.0800267136698594e+01
   7.7000000000000000e+02  -7.0438867946707802e+01
   7.7100000000000000e+02  -7.0986212599522105e+01
   7.7200000000000000e+02  -7.1054818264927206e+01
   7.7300000000000000e+02  -7.1315905351794797e+01
   7.7400000000000000e+02  -7.1203316614881402e+01
   7.7500000000000000e+02  -7.1331397277352906e+01
   7.7600000000000000e+02  -7.1371042123219098e+01
   7.7700000000000000e+02  -7.0870647484018704e+01
   7.7800000000000000e+02  -7.1292406882728798e+01
   7.7900000000000000e+02  -7.1417291997440799e+01
   7.8000000000000000e+02  -7.1506140826540403e+01
   7.8100000000000000e+02  -7.1354421792329902e+01
   7.8200000000000000e+02  -7.1647068047149801e+01
   7.8300000000000000e+02  -7.1198317712098103e+01
   7.8400000000000000e+02  -7.0973451629424105e+01
   7.8500000000000000e+02  -7.0691517978197993e+01
   7.8600000000000000e+02  -7.0057389656003394e+01
   7.8700000000000000e+02  -7.0135619473568298e+01
   7.8800000000000000e+02  -6.9573575837590198e+01
   7.8900000000000000e+02  -6.9767007504180299e+01
   7.9000000000000000e+02  -7.0157564671757399e+01
   7.9100000000000000e+02  -6.9883505302120398e+01
   7.9200000000000000e+02  -7.0047946527530598e+01
   7.9300000000000000e+02  -7.0518453696489203e+01
   7.9400000000000000e+02  -7.0820124674942903e+01
   7.9500000000000000e+02  -7.0221064189020794e+01
   7.9600000000000000e+02  -7.0585846341082004e+01
   7.9700000000000000e+02  -7.0525437977363694e+01
   7.9800000000000000e+02  -7.0893994881073397e+01
   7.9900000000000000e+02  -7.0574357340475004e+01
   8.0000000000000000e+02  -7.0547339466837599e+01
   8.0100000000000000e+02  -7.0883625579026102e+01
   8.0200000000000000e+02  -7.0513811343099306e+01
   8.0300000000000000e+02  -7.0233590594383003e+01
   8.0400000000000000e+02  -6.9709378376814101e+01
   8.0500000000000000e+02  -6.9321687596331103e+01
   8.0600000000000000e+02  -6.9136119091440705e+01
   8.0700000000000000e+02  -6.8307790886885101e+01
   8.0800000000000000e+02  -6.8254481314551001e+01
   8.0900000000000000e+02  -6.7823684531931207e+01
   8.1000000000000000e+02  -6.8195809011131203e+01
   8.1100000000000000e+02  -6.8342708117945193e+01
   8.1200000000000000e+02  -6.7961616829609795e+01
   8.1300000000000000e+02  -6.8047412451146798e+01
   8.1400000000000000e+02  -6.7993509542043000e+01
   8.1500000000000000e+02  -6.7933234929104202e+01
   8.1600000000000000e+02  -6.8121117289771405e+01
   8.1700000000000000e+02  -6.8154239852792600e+01
   8.1800000000000000e+02  -6.7562654882278807e+01
   8.1900000000000000e+02  -6.8038351158678793e+01
   8.2000000000000000e+02  -6.7398937259519698e+01
   8.2100000000000000e+02  -6.7737126611845795e+01
   8.2200000000000000e+02  -6.7829729071691304e+01
   8.2300000000000000e+02  -6.8506606780093406e+01
   8.2400000000000000e+02  -6.8180428461650195e+01
   8.2500000000000000e+02  -6.7806505782229806e+01
   8.2600000000000000e+02  -6.8009428771006100e+01
   8.2700000000000000e+02  -6.8111454393089602e+01
   8.2800000000000000e+02  -6.8001845705606300e+01
   8.2900000000000000e+02  -6.7521897278561298e+01
   8.3000000000000000e+02  -6.7426243360544902e+01
   8.3100000000000000e+02  -6.7970217346413904e+01
   8.3200000000000000e+02  -6.8125101550112703e+01
   8.3300000000000000e+02  -6.8118420458296796e+01
   8.3400000000000000e+02  -6.8054465817103306e+01
   8.3500000000000000e+02  -6.8043455645880300e+01
   8.3600000000000000e+02  -6.8579256850928900e+01
   8.3700000000000000e+02  -6.8796231086391103e+01
   8.3800000000000000e+02  -6.8921187486933903e+01
   8.3900000000000000e+02  -6.9089029600649795e+01
   8.4000000000000000e+02  -6.8999811228082905e+01
   8.4100000000000000e+02  -6.8689441464921700e+01
   8.4200000000000000e+02  -6.8739177280804100e+01
   8.4300000000000000e+02  -6.9012401029713999e+01
   8.4400000000000000e+02  -6.9076358739019497e+01
   8.4500000000000000e+02  -6.8578566107737402e+01
   8.4600000000000000e+02  -6.8555526169843802e+01
   8.4700000000000000e+02  -6.7969159933211401e+01
   8.4800000000000000e+02  -6.8207900055656694e+01
   8.4900000000000000e+02  -6.8302030582515002e+01
   8.5000000000000000e+02  -6.7925241884209996e+01
   8.5100000000000000e+02  -6.8003415418839396e+01
   8.5200000000000000e+02  -6.7500803904919096e+01
   8.5300000000000000e+02  -6.7518714302397001e+01
   8.5400000000000000e+02  -6.7892221875460507e+01
   8.5500000000000000e+02  -6.7736664486805907e+01
   8.5600000000000000e+02  -6.7875112318610505e+01
   8.5700000000000000e+02  -6.8170283853914199e+01
   8.5800000000000000e+02  -6.8801889939413201e+01
   8.5900000000000000e+02  -6.8357713502198393e+01
   8.6000000000000000e+02  -6.7812816195930907e+01
   8.6100000000000000e+02  -6.7675095968494801e+01
   8.6200000000000000e+02  -6.7294045107732401e+01
   8.6300000000000000e+02  -6.7400673048958794e+01
   8.6400000000000000e+02  -6.7196092579186697e+01
   8.6500000000000000e+02  -6.6872126565515003e+01
   8.6600000000000000e+02  -6.6747869081201799e+01
   8.6700000000000000e+02  -6.6900043049493604e+01
   8.6800000000000000e+02  -6.6833546941027805e+01
   8.6900000000000000e+02  -6.6903276592203298e+01
   8.7000000000000000e+02  -6.7055456280488997e+01
   8.7100000000000000e+02  -6.7027088250729406e+01
   8.7200000000000000e+02  -6.6487450429760301e+01
   8.7300000000000000e+02  -6.6550840350265403e+01
   8.7400000000000000e+02  -6.5902040627236204e+01
   8.7500000000000000e+02  -6.5864992011808795e+01
   8.7600000000000000e+02  -6.5858825667145695e+01
   8.7700000000000000e+02  -6.5633982459009005e+01
   8.7800000000000000e+02  -6.5361550912927001e+01
   8.7900000000000000e+02  -6.4808566183483606e+01
   8.8000000000000000e+02  -6.4361037764971400e+01
   8.8100000000000000e+02  -6.3794090752887698e+01
   8.8200000000000000e+02  -6.3537543433382297e+01
   8.8300000000000000e+02  -6.3276572907998002e+01
   8.8400000000000000e+02  -6.2541297978189398e+01
   8.8500000000000000e+02  -6.2427634480950402e+01
   8.8600000000000000e+02  -6.1660012044838197e+01
   8.8700000000000000e+02  -6.1075514603338299e+01
   8.8800000000000000e+02  -5.9836298667066401e+01
   8.8900000000000000e+02  -5.8356056869634003e+01
   8.9000000000000000e+02  -5.6595799374941798e+01
   8.9100000000000000e+02  -5.4014225198734898e+01
   8.9200000000000000e+02  -4.8154561978615902e+01
   8.9300000000000000e+02  -3.2004129157025503e+01
   8.9400000000000000e+02  -1.3926691278291800e+01
