  -1.0000000000000000e+02  -7.1714999066142099e+01
  -9.9000000000000000e+01  -7.1834832332131299e+01
  -9.8000000000000000e+01  -7.1446868796877695e+01
  -9.7000000000000000e+01  -7.1410869379297694e+01
  -9.6000000000000000e+01  -7.1464881780164305e+01
  -9.5000000000000000e+01  -7.1644903319209206e+01
  -9.4000000000000000e+01  -7.1834265669710703e+01
  -9.3000000000000000e+01  -7.1558106655874198e+01
  -9.2000000000000000e+01  -7.1490298610683794e+01
  -9.1000000000000000e+01  -7.1222307898040000e+01
  -9.0000000000000000e+01  -7.0946480713401300e+01
  -8.9000000000000000e+01  -7.1496986940119896e+01
  -8.8000000000000000e+01  -7.1435823870842000e+01
  -8.7000000000000000e+01  -7.1503385864628797e+01
  -8.6000000000000000e+01  -7.0980900420544899e+01
  -8.5000000000000000e+01  -7.0828276055434500e+01
  -8.4000000000000000e+01  -7.0678367642171295e+01
  -8.3000000000000000e+01  -7.0377758864424706e+01
  -8.2000000000000000e+01  -7.0273265036285807e+01
  -8.1000000000000000e+01  -7.0666192486984798e+01
  -8.0000000000000000e+01  -7.0787996070033600e+01
  -7.9000000000000000e+01  -7.1007863488035497e+01
  -7.8000000000000000e+01  -7.1272985607176693e+01
  -7.7000000000000000e+01  -7.1555032369792102e+01
  -7.6000000000000000e+01  -7.1813990377953203e+01
  -7.5000000000000000e+01  -7.1657196684507198e+01
  -7.4000000000000000e+01  -7.1319229057826206e+01
  -7.3000000000000000e+01  -7.1429749925831899e+01
  -7.2000000000000000e+01  -7.1841875715434099e+01
  -7.1000000000000000e+01  -7.1876381938825503e+01
  -7.0000000000000000e+01  -7.1498932598470503e+01
  -6.9000000000000000e+01  -7.1527910647517800e+01
  -6.8000000000000000e+01  -7.1152860914896095e+01
  -6.7000000000000000e+01  -7.1055477593066698e+01
  -6.6000000000000000e+01  -7.1037624018254206e+01
  -6.5000000000000000e+01  -7.0539108025543598e+01
  -6.4000000000000000e+01  -7.0515011741714702e+01
  -6.3000000000000000e+01  -7.0908996406340094e+01
  -6.2000000000000000e+01  -7.0759651203693593e+01
  -6.1000000000000000e+01  -7.1040561401517905e+01
  -6.0000000000000000e+01  -7.0547840941877396e+01
  -5.9000000000000000e+01  -7.0743210817459698e+01
  -5.8000000000000000e+01  -7.1066992410466597e+01
  -5.7000000000000000e+01  -7.1011155693529403e+01
  -5.6000000000000000e+01  -7.1156573576673594e+01
  -5.5000000000000000e+01  -7.1267098665109003e+01
  -5.4000000000000000e+01  -7.1545578082347205e+01
  -5.3000000000000000e+01  -7.1407303134423699e+01
  -5.2000000000000000e+01  -7.1097685028933000e+01
  -5.1000000000000000e+01  -7.1216948113474501e+01
  -5.0000000000000000e+01  -7.1120694798581994e+01
  -4.9000000000000000e+01  -7.0885040848251407e+01
  -4.8000000000000000e+01  -7.0545292574455303e+01
  -4.7000000000000000e+01  -7.0154995183526594e+01
  -4.6000000000000000e+01  -7.0421770960746699e+01
  -4.5000000000000000e+01  -7.0609579096180596e+01
  -4.4000000000000000e+01  -7.0783258869806104e+01
  -4.3000000000000000e+01  -7.0757976693635001e+01
  -4.2000000000000000e+01  -7.0760045769235703e+01
  -4.1000000000000000e+01  -7.0342234079652300e+01
  -4.0000000000000000e+01  -7.0325425094054594e+01
  -3.9000000000000000e+01  -7.0208187079355895e+01
  -3.8000000000000000e+01  -6.9870590285205793e+01
  -3.7000000000000000e+01  -6.9970132420257499e+01
  -3.6000000000000000e+01  -6.9611200076820197e+01
  -3.5000000000000000e+01  -6.9169615775998693e+01
  -3.4000000000000000e+01  -6.9257877900790504e+01
  -3.3000000000000000e+01  -6.9114239361532100e+01
  -3.2000000000000000e+01  -6.8783718347812695e+01
  -3.1000000000000000e+01  -6.8587054694860399e+01
  -3.0000000000000000e+01  -6.8599403856703205e+01
  -2.9000000000000000e+01  -6.8776201731993794e+01
  -2.8000000000000000e+01  -6.8901144794074000e+01
  -2.7000000000000000e+01  -6.8118364420754901e+01
  -2.6000000000000000e+01  -6.7996494751240206e+01
  -2.5000000000000000e+01  -6.7936513932962299e+01
  -2.4000000000000000e+01  -6.7768343431359597e+01
  -2.3000000000000000e+01  -6.7119983306418604e+01
  -2.2000000000000000e+01  -6.7003401016698206e+01
  -2.1000000000000000e+01  -6.6683986214008897e+01
  -2.0000000000000000e+01  -6.7044523293614205e+01
  -1.9000000000000000e+01  -6.6932867055378793e+01
  -1.8000000000000000e+01  -6.7306044889164795e+01
  -1.7000000000000000e+01  -6.6942541274468994e+01
  -1.6000000000000000e+01  -6.6490426794369895e+01
  -1.5000000000000000e+01  -6.6270354230489602e+01
  -1.4000000000000000e+01  -6.6108600794039702e+01
  -1.3000000000000000e+01  -6.5497377450485899e+01
  -1.2000000000000000e+01  -6.5317322855332307e+01
  -1.1000000000000000e+01  -6.5296701866632404e+01
  -1.0000000000000000e+01  -6.4619694793542806e+01
  -9.0000000000000000e+00  -6.4040570292797000e+01
  -8.0000000000000000e+00  -6.3603188451886297e+01
  -7.0000000000000000e+00  -6.2556783249575901e+01
  -6.0000000000000000e+00  -6.2133187836632700e+01
  -5.0000000000000000e+00  -6.0918468707178597e+01
  -4.0000000000000000e+00  -5.9695929989202000e+01
  -3.0000000000000000e+00  -5.7966397157743302e+01
  -2.0000000000000000e+00  -5.5011586421876899e+01
  -1.0000000000000000e+00  -4.8056482500431699e+01
   0.0000000000000000e+00  -2.2516371763732899e+01
   1.0000000000000000e+00  -1.2046339526788401e+00
   2.0000000000000000e+00   1.2439187700507700e+01
   3.0000000000000000e+00   1.9939232831293900e+01
   4.0000000000000000e+00   2.3710921170057400e+01
   5.0000000000000000e+00   2.6075273480690399e+01
   6.0000000000000000e+00   2.6961018046651500e+01
   7.0000000000000000e+00   2.7526944302530701e+01
   8.0000000000000000e+00   2.7564468835739600e+01
   9.0000000000000000e+00   2.7831784827162199e+01
   1.0000000000000000e+01   2.7732675374065099e+01
   1.1000000000000000e+01   2.8067449002397399e+01
   1.2000000000000000e+01   2.8745743490121100e+01
   1.3000000000000000e+01   2.8663020244294000e+01
   1.4000000000000000e+01   2.9347518516863399e+01
   1.5000000000000000e+01   3.0016956576937901e+01
   1.6000000000000000e+01   3.0476754865563599e+01
   1.7000000000000000e+01   3.0861445818922601e+01
   1.8000000000000000e+01   3.0882092902755399e+01
   1.9000000000000000e+01   3.1404386596464299e+01
   2.0000000000000000e+01   3.1468255447399699e+01
   2.1000000000000000e+01   3.1366941832403398e+01
   2.2000000000000000e+01   3.1527701729102802e+01
   2.3000000000000000e+01   3.1302455165872502e+01
   2.4000000000000000e+01   3.1898060762774300e+01
   2.5000000000000000e+01   3.2133706268219001e+01
   2.6000000000000000e+01   3.2013758444268497e+01
   2.7000000000000000e+01   3.1546618039695399e+01
   2.8000000000000000e+01   3.1662461451667902e+01
   2.9000000000000000e+01   3.1181713155206399e+01
   3.0000000000000000e+01   3.1295119309660201e+01
   3.1000000000000000e+01   3.1580004805443600e+01
   3.2000000000000000e+01   3.1864828372212099e+01
   3.3000000000000000e+01   3.2549624314057802e+01
   3.4000000000000000e+01   3.2541605299695298e+01
   3.5000000000000000e+01   3.2617175786290900e+01
   3.6000000000000000e+01   3.2774359503283897e+01
   3.7000000000000000e+01   3.2825520252646101e+01
   3.8000000000000000e+01   3.2673233493323899e+01
   3.9000000000000000e+01   3.2882596567260300e+01
   4.0000000000000000e+01   3.2947650995615000e+01
   4.1000000000000000e+01   3.3019019188572202e+01
   4.2000000000000000e+01   3.2841945287534500e+01
   4.3000000000000000e+01   3.2771752977040499e+01
   4.4000000000000000e+01   3.3126004428927899e+01
   4.5000000000000000e+01   3.3310110767746004e+01
   4.6000000000000000e+01   3.3314481191403502e+01
   4.7000000000000000e+01   3.3782618301948403e+01
   4.8000000000000000e+01   3.3912588024421702e+01
   4.9000000000000000e+01   3.3410751535525598e+01
   5.0000000000000000e+01   3.3444188828010098e+01
   5.1000000000000000e+01   3.3387468463383698e+01
   5.2000000000000000e+01   3.3604907626724703e+01
   5.3000000000000000e+01   3.3722333845726197e+01
   5.4000000000000000e+01   3.3660513157051099e+01
   5.5000000000000000e+01   3.3930415444155599e+01
   5.6000000000000000e+01   3.4626925417873302e+01
   5.7000000000000000e+01   3.4425813487179603e+01
   5.8000000000000000e+01   3.5134900761450197e+01
   5.9000000000000000e+01   3.5116268611033099e+01
   6.0000000000000000e+01   3.5729797134301897e+01
   6.1000000000000000e+01   3.5733038575163199e+01
   6.2000000000000000e+01   3.6098476849257203e+01
   6.3000000000000000e+01   3.5473798758028700e+01
   6.4000000000000000e+01   3.5620387851915801e+01
   6.5000000000000000e+01   3.5733527338786203e+01
   6.6000000000000000e+01   3.5641376062584101e+01
   6.7000000000000000e+01   3.6172580035918898e+01
   6.8000000000000000e+01   3.5958745388610303e+01
   6.9000000000000000e+01   3.6013836717550603e+01
   7.0000000000000000e+01   3.6131097423405500e+01
   7.1000000000000000e+01   3.6252305987697397e+01
   7.2000000000000000e+01   3.6527778851608602e+01
   7.3000000000000000e+01   3.6964382421902300e+01
   7.4000000000000000e+01   3.7479299272444003e+01
   7.5000000000000000e+01   3.7468216478887101e+01
   7.6000000000000000e+01   3.7392608507384502e+01
   7.7000000000000000e+01   3.6900246032435000e+01
   7.8000000000000000e+01   3.6542019793180899e+01
   7.9000000000000000e+01   3.6161656119329002e+01
   8.0000000000000000e+01   3.6639136624971002e+01
   8.1000000000000000e+01   3.6407889569310200e+01
   8.2000000000000000e+01   3.6167915754311899e+01
   8.3000000000000000e+01   3.5782662394660903e+01
   8.4000000000000000e+01   3.5793625108449802e+01
   8.5000000000000000e+01   3.6121896675783098e+01
   8.6000000000000000e+01   3.5746662299365298e+01
   8.7000000000000000e+01   3.5981689759399302e+01
   8.8000000000000000e+01   3.5998302187743100e+01
   8.9000000000000000e+01   3.5925398445301603e+01
   9.0000000000000000e+01   3.5521151350588397e+01
   9.1000000000000000e+01   3.5511414627303097e+01
   9.2000000000000000e+01   3.5700926713245600e+01
   9.3000000000000000e+01   3.5343610503764502e+01
   9.4000000000000000e+01   3.5469080132093801e+01
   9.5000000000000000e+01   3.5361061959046900e+01
   9.6000000000000000e+01   3.5276513911293300e+01
   9.7000000000000000e+01   3.5441135897435601e+01
   9.8000000000000000e+01   3.6130513071743998e+01
   9.9000000000000000e+01   3.6376533889540802e+01
   1.0000000000000000e+02   3.5973982430272301e+01
   1.0100000000000000e+02   3.6687789313629700e+01
   1.0200000000000000e+02   3.6686246301881802e+01
   1.0300000000000000e+02   3.6323969708525503e+01
   1.0400000000000000e+02   3.6016922525341002e+01
   1.0500000000000000e+02   3.5119795909285401e+01
   1.0600000000000000e+02   3.5178150389059802e+01
   1.0700000000000000e+02   3.4780952369342103e+01
   1.0800000000000000e+02   3.4415984128061297e+01
   1.0900000000000000e+02   3.4605780868114699e+01
   1.1000000000000000e+02   3.4504597998758200e+01
   1.1100000000000000e+02   3.4545573331026901e+01
   1.1200000000000000e+02   3.4214239080200997e+01
   1.1300000000000000e+02   3.4076168391875200e+01
   1.1400000000000000e+02   3.4314225735124097e+01
   1.1500000000000000e+02   3.4242880691113498e+01
   1.1600000000000000e+02   3.4173961729659098e+01
   1.1700000000000000e+02   3.4041665991164301e+01
   1.1800000000000000e+02   3.3719651583648997e+01
   1.1900000000000000e+02   3.3391899003082500e+01
   1.2000000000000000e+02   3.3305007795231198e+01
   1.2100000000000000e+02   3.3296843847790001e+01
   1.2200000000000000e+02   3.3256199527846398e+01
   1.2300000000000000e+02   3.3267666194409500e+01
   1.2400000000000000e+02   3.3217301430086501e+01
   1.2500000000000000e+02   3.3140320904801598e+01
   1.2600000000000000e+02   3.3371128985135798e+01
   1.2700000000000000e+02   3.3194206590830902e+01
   1.2800000000000000e+02   3.3067165880661001e+01
   1.2900000000000000e+02   3.3084627212945001e+01
   1.3000000000000000e+02   3.3369144804162197e+01
   1.3100000000000000e+02   3.3587409772274803e+01
   1.3200000000000000e+02   3.3276279465183599e+01
   1.3300000000000000e+02   3.3385462549486199e+01
   1.3400000000000000e+02   3.3837805236944597e+01
   1.3500000000000000e+02   3.3729078737164301e+01
   1.3600000000000000e+02   3.3752762400533300e+01
   1.3700000000000000e+02   3.3596399434224203e+01
   1.3800000000000000e+02   3.3596621821294399e+01
   1.3900000000000000e+02   3.3812697996480701e+01
   1.4000000000000000e+02   3.3395818360465597e+01
   1.4100000000000000e+02   3.3057384624598200e+01
   1.4200000000000000e+02   3.2525536003904001e+01
   1.4300000000000000e+02   3.2068881191005303e+01
   1.4400000000000000e+02   3.1743817122888501e+01
   1.4500000000000000e+02   3.1688903301618499e+01
   1.4600000000000000e+02   3.1904547647937999e+01
   1.4700000000000000e+02   3.1827062812767100e+01
   1.4800000000000000e+02   3.1730793112246499e+01
   1.4900000000000000e+02   3.1499133051367899e+01
   1.5000000000000000e+02   3.1719467766094400e+01
   1.5100000000000000e+02   3.1276446195703500e+01
   1.5200000000000000e+02   3.1379352988534500e+01
   1.5300000000000000e+02   3.1263022278646801e+01
   1.5400000000000000e+02   3.1291625216592500e+01
   1.5500000000000000e+02   3.1193975957752698e+01
   1.5600000000000000e+02   3.1448346703301901e+01
   1.5700000000000000e+02   3.1422198893517599e+01
   1.5800000000000000e+02   3.1104935724453899e+01
   1.5900000000000000e+02   3.0961465548552098e+01
   1.6000000000000000e+02   3.0952846322429100e+01
   1.6100000000000000e+02   3.1228765434582701e+01
   1.6200000000000000e+02   3.1405084508753301e+01
   1.6300000000000000e+02   3.1497469326093000e+01
   1.6400000000000000e+02   3.0902707857518401e+01
   1.6500000000000000e+02   3.0739124667140199e+01
   1.6600000000000000e+02   3.0560128914214300e+01
   1.6700000000000000e+02   3.0295470724686702e+01
   1.6800000000000000e+02   3.0285375601594300e+01
   1.6900000000000000e+02   3.0727361533582400e+01
   1.7000000000000000e+02   3.0468098210840800e+01
   1.7100000000000000e+02   3.0306122150870500e+01
   1.7200000000000000e+02   3.0174554592275900e+01
   1.7300000000000000e+02   2.9964264322133701e+01
   1.7400000000000000e+02   2.9747967163185901e+01
   1.7500000000000000e+02   2.9676363602278698e+01
   1.7600000000000000e+02   2.9994956506827400e+01
   1.7700000000000000e+02   2.9987687864491200e+01
   1.7800000000000000e+02   3.0363095100683601e+01
   1.7900000000000000e+02   3.0246773596029001e+01
   1.8000000000000000e+02   3.0519739695052500e+01
   1.8100000000000000e+02   3.0247151819665799e+01
   1.8200000000000000e+02   3.0374169345660601e+01
   1.8300000000000000e+02   3.0080681943667098e+01
   1.8400000000000000e+02   3.0440276356297101e+01
   1.8500000000000000e+02   2.9997618685165399e+01
   1.8600000000000000e+02   2.9341809246373600e+01
   1.8700000000000000e+02   2.9206678587007598e+01
   1.8800000000000000e+02   2.9018541819775301e+01
   1.8900000000000000e+02   2.8901022247170101e+01
   1.9000000000000000e+02   2.8648441755109001e+01
   1.9100000000000000e+02   2.8565303557366601e+01
   1.9200000000000000e+02   2.8121741190402499e+01
   1.9300000000000000e+02   2.7849367999475700e+01
   1.9400000000000000e+02   2.7491899536392701e+01
   1.9500000000000000e+02   2.7696643935928901e+01
   1.9600000000000000e+02   2.7659624963634599e+01
   1.9700000000000000e+02   2.7363050388319898e+01
   1.9800000000000000e+02   2.7488835390746999e+01
   1.9900000000000000e+02   2.7343011171450801e+01
   2.0000000000000000e+02   2.7443086704577400e+01
   2.0100000000000000e+02   2.7415025248281399e+01
   2.0200000000000000e+02   2.7063275122261501e+01
   2.0300000000000000e+02   2.6755809863620001e+01
   2.0400000000000000e+02   2.6796430997397302e+01
   2.0500000000000000e+02   2.6948212184492899e+01
   2.0600000000000000e+02   2.7374131007690401e+01
   2.0700000000000000e+02   2.7464426019641898e+01
   2.0800000000000000e+02   2.7507749487533001e+01
   2.0900000000000000e+02   2.7293992731319701e+01
   2.1000000000000000e+02   2.7478933347363601e+01
   2.1100000000000000e+02   2.7629472351601699e+01
   2.1200000000000000e+02   2.7150173502329199e+01
   2.1300000000000000e+02   2.7378674424085400e+01
   2.1400000000000000e+02   2.7590132390450201e+01
   2.1500000000000000e+02   2.7649418226378799e+01
   2.1600000000000000e+02   2.8165617791692199e+01
   2.1700000000000000e+02   2.8316172351901201e+01
   2.1800000000000000e+02   2.8047554696680798e+01
   2.1900000000000000e+02   2.8112032680972099e+01
   2.2000000000000000e+02   2.7878503069402999e+01
   2.2100000000000000e+02   2.7549201732002800e+01
   2.2200000000000000e+02   2.7245812907399898e+01
   2.2300000000000000e+02   2.7135370870180701e+01
   2.2400000000000000e+02   2.6771801968221801e+01
   2.2500000000000000e+02   2.6524514910404001e+01
   2.2600000000000000e+02   2.6005901023185800e+01
   2.2700000000000000e+02   2.5848793955925899e+01
   2.2800000000000000e+02   2.5546270803442699e+01
   2.2900000000000000e+02   2.5440901398717600e+01
   2.3000000000000000e+02   2.5757004511782899e+01
   2.3100000000000000e+02   2.5658181945277700e+01
   2.3200000000000000e+02   2.4929617449287601e+01
   2.3300000000000000e+02   2.4729388081456300e+01
   2.3400000000000000e+02   2.4787867762906000e+01
   2.3500000000000000e+02   2.4661387338731402e+01
   2.3600000000000000e+02   2.4389700138116201e+01
   2.3700000000000000e+02   2.4435866796458200e+01
   2.3800000000000000e+02   2.4039337825474401e+01
   2.3900000000000000e+02   2.3834990737403700e+01
   2.4000000000000000e+02   2.3539769842364500e+01
   2.4100000000000000e+02   2.3516345582961499e+01
   2.4200000000000000e+02   2.3186810628182499e+01
   2.4300000000000000e+02   2.2981700542998400e+01
   2.4400000000000000e+02   2.2997774671037700e+01
   2.4500000000000000e+02   2.2639608721220100e+01
   2.4600000000000000e+02   2.2453799607180699e+01
   2.4700000000000000e+02   2.2350755931944999e+01
   2.4800000000000000e+02   2.2129956549796301e+01
   2.4900000000000000e+02   2.2073559622103900e+01
   2.5000000000000000e+02   2.1853734773797498e+01
   2.5100000000000000e+02   2.1684187073336702e+01
   2.5200000000000000e+02   2.1954915859454001e+01
   2.5300000000000000e+02   2.2226238992744801e+01
   2.5400000000000000e+02   2.2152193346834800e+01
   2.5500000000000000e+02   2.2114526743272599e+01
   2.5600000000000000e+02   2.1573537965999101e+01
   2.5700000000000000e+02   2.1530538058264199e+01
   2.5800000000000000e+02   2.1093271413481698e+01
   2.5900000000000000e+02   2.1059455917180799e+01
   2.6000000000000000e+02   2.1438541504252200e+01
   2.6100000000000000e+02   2.1912921723389100e+01
   2.6200000000000000e+02   2.1683450527883199e+01
   2.6300000000000000e+02   2.1582224871245799e+01
   2.6400000000000000e+02   2.1877574652930800e+01
   2.6500000000000000e+02   2.1346262084468599e+01
   2.6600000000000000e+02   2.1635792281532300e+01
   2.6700000000000000e+02   2.0794025976659299e+01
   2.6800000000000000e+02   2.0691116506793399e+01
   2.6900000000000000e+02   2.0180525429058498e+01
   2.7000000000000000e+02   2.0019510286677900e+01
   2.7100000000000000e+02   2.0099437962930800e+01
   2.7200000000000000e+02   1.9277754746000301e+01
   2.7300000000000000e+02   1.9202846785177499e+01
   2.7400000000000000e+02   1.8881009185826301e+01
   2.7500000000000000e+02   1.8027400869521301e+01
   2.7600000000000000e+02   1.8043333018308498e+01
   2.7700000000000000e+02   1.8472987617964399e+01
   2.7800000000000000e+02   1.8212535857035800e+01
   2.7900000000000000e+02   1.8159787182860800e+01
   2.8000000000000000e+02   1.7912168772521799e+01
   2.8100000000000000e+02   1.7785903890268301e+01
   2.8200000000000000e+02   1.7126737633976902e+01
   2.8300000000000000e+02   1.7149770390622599e+01
   2.8400000000000000e+02   1.6921095846080899e+01
   2.8500000000000000e+02   1.6417503025471600e+01
   2.8600000000000000e+02   1.6527834386441700e+01
   2.8700000000000000e+02   1.6850516393273999e+01
   2.8800000000000000e+02   1.6145604622733799e+01
   2.8900000000000000e+02   1.5853770230851200e+01
   2.9000000000000000e+02   1.5432707726904299e+01
   2.9100000000000000e+02   1.5527621540097000e+01
   2.9200000000000000e+02   1.5248195424480700e+01
   2.9300000000000000e+02   1.4784605857272901e+01
   2.9400000000000000e+02   1.4478906655401900e+01
   2.9500000000000000e+02   1.4414003223301499e+01
   2.9600000000000000e+02   1.4050763293239600e+01
   2.9700000000000000e+02   1.4067382766449001e+01
   2.9800000000000000e+02   1.3851043172008399e+01
   2.9900000000000000e+02   1.4402712587115399e+01
   3.0000000000000000e+02   1.4173666482123300e+01
   3.0100000000000000e+02   1.3802752718677199e+01
   3.0200000000000000e+02   1.3814873051140401e+01
   3.0300000000000000e+02   1.3458360007939000e+01
   3.0400000000000000e+02   1.3651570131160000e+01
   3.0500000000000000e+02   1.4065598703504101e+01
   3.0600000000000000e+02   1.3961319420653400e+01
   3.0700000000000000e+02   1.3801967433102000e+01
   3.0800000000000000e+02   1.3898980445238800e+01
   3.0900000000000000e+02   1.3270099360706601e+01
   3.1000000000000000e+02   1.2957704023600300e+01
   3.1100000000000000e+02   1.3138626240459100e+01
   3.1200000000000000e+02   1.2807587763404999e+01
   3.1300000000000000e+02   1.2360762964740200e+01
   3.1400000000000000e+02   1.2244317706441000e+01
   3.1500000000000000e+02   1.2162279593314100e+01
   3.1600000000000000e+02   1.2079165216130299e+01
   3.1700000000000000e+02   1.1816088655328400e+01
   3.1800000000000000e+02   1.2056263256138900e+01
   3.1900000000000000e+02   1.1687627722228401e+01
   3.2000000000000000e+02   1.1657270176358100e+01
   3.2100000000000000e+02   1.0997224454311700e+01
   3.2200000000000000e+02   1.0595665968784900e+01
   3.2300000000000000e+02   1.0539168211619501e+01
   3.2400000000000000e+02   1.1168264261967700e+01
   3.2500000000000000e+02   1.1337757457759199e+01
   3.2600000000000000e+02   1.1038510846659101e+01
   3.2700000000000000e+02   1.0540368645743699e+01
   3.2800000000000000e+02   1.0326555524061300e+01
   3.2900000000000000e+02   1.0129853216608099e+01
   3.3000000000000000e+02   1.0516681992691099e+01
   3.3100000000000000e+02   1.0064861198046700e+01
   3.3200000000000000e+02   9.9664770732632100e+00
   3.3300000000000000e+02   9.0624294073052702e+00
   3.3400000000000000e+02   8.7464976152421396e+00
   3.3500000000000000e+02   8.7851993782394704e+00
   3.3600000000000000e+02   8.5206376642450596e+00
   3.3700000000000000e+02   8.5479113339049597e+00
   3.3800000000000000e+02   8.1314164934296098e+00
   3.3900000000000000e+02   7.9685604788235400e+00
   3.4000000000000000e+02   7.2213276267927196e+00
   3.4100000000000000e+02   6.8927831114608402e+00
   3.4200000000000000e+02   6.6499230482841796e+00
   3.4300000000000000e+02   6.4411212136755402e+00
   3.4400000000000000e+02   6.5062102873411600e+00
   3.4500000000000000e+02   6.5942431960333199e+00
   3.4600000000000000e+02   6.3651617467112498e+00
   3.4700000000000000e+02   6.0059186902506703e+00
   3.4800000000000000e+02   6.0206962041135501e+00
   3.4900000000000000e+02   5.6259825139015502e+00
   3.5000000000000000e+02   5.1041845221049504e+00
   3.5100000000000000e+02   4.7682672108261199e+00
   3.5200000000000000e+02   4.5769442198097501e+00
   3.5300000000000000e+02   4.4491788887721704e+00
   3.5400000000000000e+02   4.1119733783934196e+00
   3.5500000000000000e+02   3.5980726256435500e+00
   3.5600000000000000e+02   2.7855832386297998e+00
   3.5700000000000000e+02   2.6823124486497001e+00
   3.5800000000000000e+02   2.4559097439659898e+00
   3.5900000000000000e+02   2.2428600272985499e+00
   3.6000000000000000e+02   2.2176143833250102e+00
   3.6100000000000000e+02   1.9269716506593000e+00
   3.6200000000000000e+02   1.3290470161552099e+00
   3.6300000000000000e+02   1.6245804082848301e+00
   3.6400000000000000e+02   1.3626616822588200e+00
   3.6500000000000000e+02   1.0532257270643499e+00
   3.6600000000000000e+02   7.6374979480637595e-01
   3.6700000000000000e+02   4.7606158584395802e-01
   3.6800000000000000e+02   3.2131037629566500e-01
   3.6900000000000000e+02   2.6397018342000200e-01
   3.7000000000000000e+02  -2.9855930232073800e-02
   3.7100000000000000e+02  -4.2937919468426100e-01
   3.7200000000000000e+02  -5.1076961882226501e-01
   3.7300000000000000e+02  -5.6031489705193704e-01
   3.7400000000000000e+02  -1.3265690884485499e+00
   3.7500000000000000e+02  -1.9771470508212099e+00
   3.7600000000000000e+02  -2.2807713245208698e+00
   3.7700000000000000e+02  -2.0679543416591999e+00
   3.7800000000000000e+02  -2.1910702362496899e+00
   3.7900000000000000e+02  -2.5645310105419701e+00
   3.8000000000000000e+02  -3.0936710464502899e+00
   3.8100000000000000e+02  -3.2809702647821601e+00
   3.8200000000000000e+02  -3.6629747028519599e+00
   3.8300000000000000e+02  -4.1527900570040099e+00
   3.8400000000000000e+02  -4.5943972395592203e+00
   3.8500000000000000e+02  -4.9629167102308802e+00
   3.8600000000000000e+02  -4.8742290122111003e+00
   3.8700000000000000e+02  -5.1612763022190302e+00
   3.8800000000000000e+02  -5.6729764820786199e+00
   3.8900000000000000e+02  -5.8953201758611504e+00
   3.9000000000000000e+02  -6.4063199433356903e+00
   3.9100000000000000e+02  -6.5885744437117104e+00
   3.9200000000000000e+02  -6.7920126475619096e+00
   3.9300000000000000e+02  -7.2486825063608196e+00
   3.9400000000000000e+02  -7.3716092143557299e+00
   3.9500000000000000e+02  -7.5777626977234700e+00
   3.9600000000000000e+02  -7.9210749932137299e+00
   3.9700000000000000e+02  -8.2140937953477593e+00
   3.9800000000000000e+02  -8.4998820943075604e+00
   3.9900000000000000e+02  -8.7742692360970391e+00
   4.0000000000000000e+02  -9.2811680335904008e+00
   4.0100000000000000e+02  -9.7010558368416202e+00
   4.0200000000000000e+02  -9.7547823006282908e+00
   4.0300000000000000e+02  -9.8617500632704793e+00
   4.0400000000000000e+02  -1.0178094670672600e+01
   4.0500000000000000e+02  -1.0118546677133500e+01
   4.0600000000000000e+02  -1.0567512515083299e+01
   4.0700000000000000e+02  -1.1298119986969400e+01
   4.0800000000000000e+02  -1.1284017997776100e+01
   4.0900000000000000e+02  -1.1315336239794901e+01
   4.1000000000000000e+02  -1.1111054083943500e+01
   4.1100000000000000e+02  -1.1659095941674900e+01
   4.1200000000000000e+02  -1.2371546535400100e+01
   4.1300000000000000e+02  -1.3026807564234399e+01
   4.1400000000000000e+02  -1.2990381046940300e+01
   4.1500000000000000e+02  -1.2740577694909600e+01
   4.1600000000000000e+02  -1.2733312166822200e+01
   4.1700000000000000e+02  -1.3057599173207700e+01
   4.1800000000000000e+02  -1.3941377000420699e+01
   4.1900000000000000e+02  -1.4653475654398999e+01
   4.2000000000000000e+02  -1.4982199761965500e+01
   4.2100000000000000e+02  -1.5216106054973800e+01
   4.2200000000000000e+02  -1.5692929056083400e+01
   4.2300000000000000e+02  -1.6001041194032801e+01
   4.2400000000000000e+02  -1.6423380573683701e+01
   4.2500000000000000e+02  -1.6765998104959198e+01
   4.2600000000000000e+02  -1.6544869873673701e+01
   4.2700000000000000e+02  -1.7047800870314301e+01
   4.2800000000000000e+02  -1.7733590610986401e+01
   4.2900000000000000e+02  -1.8574650990156702e+01
   4.3000000000000000e+02  -1.8857595550519001e+01
   4.3100000000000000e+02  -1.9338017393230800e+01
   4.3200000000000000e+02  -1.9379294112526900e+01
   4.3300000000000000e+02  -2.0202430299866400e+01
   4.3400000000000000e+02  -2.0689500586125899e+01
   4.3500000000000000e+02  -2.0865494163892599e+01
   4.3600000000000000e+02  -2.0674546837350402e+01
   4.3700000000000000e+02  -2.1292005281518801e+01
   4.3800000000000000e+02  -2.1566625159673201e+01
   4.3900000000000000e+02  -2.1542029467737301e+01
   4.4000000000000000e+02  -2.1280130174683499e+01
   4.4100000000000000e+02  -2.1884463604943601e+01
   4.4200000000000000e+02  -2.2047804580811000e+01
   4.4300000000000000e+02  -2.1840750025746100e+01
   4.4400000000000000e+02  -2.2614193558139199e+01
   4.4500000000000000e+02  -2.2930105823713401e+01
   4.4600000000000000e+02  -2.2742299277634800e+01
   4.4700000000000000e+02  -2.2987982270256900e+01
   4.4800000000000000e+02  -2.4087739930620401e+01
   4.4900000000000000e+02  -2.4488202678314799e+01
   4.5000000000000000e+02  -2.4730138373588400e+01
   4.5100000000000000e+02  -2.4732952661305902e+01
   4.5200000000000000e+02  -2.5320385165403000e+01
   4.5300000000000000e+02  -2.5626803994380499e+01
   4.5400000000000000e+02  -2.6141757787782002e+01
   4.5500000000000000e+02  -2.6769868994858300e+01
   4.5600000000000000e+02  -2.7283531836897200e+01
   4.5700000000000000e+02  -2.6974579953469899e+01
   4.5800000000000000e+02  -2.7222167169037899e+01
   4.5900000000000000e+02  -2.7633885992110201e+01
   4.6000000000000000e+02  -2.8183145668423400e+01
   4.6100000000000000e+02  -2.8908242048644500e+01
   4.6200000000000000e+02  -2.9381028779137502e+01
   4.6300000000000000e+02  -2.9106963348936599e+01
   4.6400000000000000e+02  -2.9452917816837399e+01
   4.6500000000000000e+02  -3.0016174562571500e+01
   4.6600000000000000e+02  -3.1234473990080001e+01
   4.6700000000000000e+02  -3.2043204777283599e+01
   4.6800000000000000e+02  -3.1973000655522100e+01
   4.6900000000000000e+02  -3.2078314985956503e+01
   4.7000000000000000e+02  -3.2136295148085203e+01
   4.7100000000000000e+02  -3.2165275683277201e+01
   4.7200000000000000e+02  -3.2456145854135301e+01
   4.7300000000000000e+02  -3.3205176327879002e+01
   4.7400000000000000e+02  -3.3544547898476900e+01
   4.7500000000000000e+02  -3.3954890072185997e+01
   4.7600000000000000e+02  -3.4767487247585798e+01
   4.7700000000000000e+02  -3.4642486163904401e+01
   4.7800000000000000e+02  -3.5848965504322102e+01
   4.7900000000000000e+02  -3.6364338140425403e+01
   4.8000000000000000e+02  -3.7101707771859800e+01
   4.8100000000000000e+02  -3.7465362627697303e+01
   4.8200000000000000e+02  -3.7829463912419698e+01
   4.8300000000000000e+02  -3.8351261653773697e+01
   4.8400000000000000e+02  -3.8761013627249298e+01
   4.8500000000000000e+02  -3.9155352094238800e+01
   4.8600000000000000e+02  -3.9505953790877797e+01
   4.8700000000000000e+02  -3.9190395030592001e+01
   4.8800000000000000e+02  -4.0252407514888603e+01
   4.8900000000000000e+02  -4.1141890977953302e+01
   4.9000000000000000e+02  -4.1106243266093699e+01
   4.9100000000000000e+02  -4.1433155923534898e+01
   4.9200000000000000e+02  -4.2266661369622298e+01
   4.9300000000000000e+02  -4.3000887482993299e+01
   4.9400000000000000e+02  -4.2718668679265299e+01
   4.9500000000000000e+02  -4.3254522440667699e+01
   4.9600000000000000e+02  -4.3787031115603597e+01
   4.9700000000000000e+02  -4.4489858261827898e+01
   4.9800000000000000e+02  -4.4994395108563602e+01
   4.9900000000000000e+02  -4.5386410519129498e+01
   5.0000000000000000e+02  -4.6048121372605699e+01
   5.0100000000000000e+02  -4.6358240224131499e+01
   5.0200000000000000e+02  -4.6831674852588300e+01
   5.0300000000000000e+02  -4.6757102510827700e+01
   5.0400000000000000e+02  -4.7031934111223300e+01
   5.0500000000000000e+02  -4.7236326993075203e+01
   5.0600000000000000e+02  -4.8338935844239003e+01
   5.0700000000000000e+02  -4.8558865015837000e+01
   5.0800000000000000e+02  -4.8860651950159898e+01
   5.0900000000000000e+02  -4.8645414756178504e+01
   5.1000000000000000e+02  -4.8820011845644700e+01
   5.1100000000000000e+02  -4.9373826069945402e+01
   5.1200000000000000e+02  -4.9744333962466897e+01
   5.1300000000000000e+02  -5.0020460022119103e+01
   5.1400000000000000e+02  -5.0977917440070797e+01
   5.1500000000000000e+02  -5.2190621003445600e+01
   5.1600000000000000e+02  -5.2621883394138102e+01
   5.1700000000000000e+02  -5.2740189692299900e+01
   5.1800000000000000e+02  -5.3134975824355003e+01
   5.1900000000000000e+02  -5.3380126647661697e+01
   5.2000000000000000e+02  -5.3827026822330801e+01
   5.2100000000000000e+02  -5.4173705706453703e+01
   5.2200000000000000e+02  -5.4876961207042697e+01
   5.2300000000000000e+02  -5.5529848391766699e+01
   5.2400000000000000e+02  -5.5875765174658298e+01
   5.2500000000000000e+02  -5.6221206203092699e+01
   5.2600000000000000e+02  -5.6332433247971800e+01
   5.2700000000000000e+02  -5.7140016884280001e+01
   5.2800000000000000e+02  -5.7216159678055497e+01
   5.2900000000000000e+02  -5.7578732022560700e+01
   5.3000000000000000e+02  -5.8195956510735897e+01
   5.3100000000000000e+02  -5.8448202295912203e+01
   5.3200000000000000e+02  -5.8779649067132603e+01
   5.3300000000000000e+02  -5.9465985332293798e+01
   5.3400000000000000e+02  -5.9869336485001703e+01
   5.3500000000000000e+02  -6.0012943247784499e+01
   5.3600000000000000e+02  -6.0594434052959997e+01
   5.3700000000000000e+02  -6.1314461092644997e+01
   5.3800000000000000e+02  -6.1814117582056497e+01
   5.3900000000000000e+02  -6.2161771029613199e+01
   5.4000000000000000e+02  -6.2722472294087297e+01
   5.4100000000000000e+02  -6.2890070877570402e+01
   5.4200000000000000e+02  -6.3299328623149798e+01
   5.4300000000000000e+02  -6.3788919637837203e+01
   5.4400000000000000e+02  -6.4223964835082697e+01
   5.4500000000000000e+02  -6.4297501692485298e+01
   5.4600000000000000e+02  -6.4523242577742806e+01
   5.4700000000000000e+02  -6.4755149785285994e+01
   5.4800000000000000e+02  -6.5652285822774900e+01
   5.4900000000000000e+02  -6.6064695419727300e+01
   5.5000000000000000e+02  -6.6702125401891706e+01
   5.5100000000000000e+02  -6.7250272802040399e+01
   5.5200000000000000e+02  -6.7658189401936795e+01
   5.5300000000000000e+02  -6.8187718565071094e+01
   5.5400000000000000e+02  -6.8194439638599206e+01
   5.5500000000000000e+02  -6.8542975878758497e+01
   5.5600000000000000e+02  -6.8849260549742795e+01
   5.5700000000000000e+02  -6.8847309661209394e+01
   5.5800000000000000e+02  -6.9478223006126498e+01
   5.5900000000000000e+02  -6.9530965197657196e+01
   5.6000000000000000e+02  -6.9830076193171706e+01
   5.6100000000000000e+02  -7.0058798762473700e+01
   5.6200000000000000e+02  -7.0150207858712804e+01
   5.6300000000000000e+02  -7.0801552805610498e+01
   5.6400000000000000e+02  -7.1694412328088902e+01
   5.6500000000000000e+02  -7.1788148488080395e+01
   5.6600000000000000e+02  -7.1605436361621997e+01
   5.6700000000000000e+02  -7.1862911895248800e+01
   5.6800000000000000e+02  -7.2018678303068498e+01
   5.6900000000000000e+02  -7.1604221383786395e+01
   5.7000000000000000e+02  -7.1702198730937894e+01
   5.7100000000000000e+02  -7.1843959731809093e+01
   5.7200000000000000e+02  -7.1785877151680594e+01
   5.7300000000000000e+02  -7.1658988557038199e+01
   5.7400000000000000e+02  -7.1898473212121303e+01
   5.7500000000000000e+02  -7.1784112870482900e+01
   5.7600000000000000e+02  -7.2297664608491800e+01
   5.7700000000000000e+02  -7.2351503074780695e+01
   5.7800000000000000e+02  -7.2139392237698402e+01
   5.7900000000000000e+02  -7.2387312464036398e+01
   5.8000000000000000e+02  -7.2551251689048897e+01
   5.8100000000000000e+02  -7.2908122336986096e+01
   5.8200000000000000e+02  -7.2835275548016796e+01
   5.8300000000000000e+02  -7.2862302138988994e+01
   5.8400000000000000e+02  -7.3027391462301097e+01
   5.8500000000000000e+02  -7.2531157520730602e+01
   5.8600000000000000e+02  -7.3036827196076700e+01
   5.8700000000000000e+02  -7.3108739986182698e+01
   5.8800000000000000e+02  -7.3036507028418598e+01
   5.8900000000000000e+02  -7.2901846472895102e+01
   5.9000000000000000e+02  -7.2978989478529300e+01
   5.9100000000000000e+02  -7.3262064056057895e+01
   5.9200000000000000e+02  -7.3564020056436803e+01
   5.9300000000000000e+02  -7.3230304847055194e+01
   5.9400000000000000e+02  -7.3396579726879096e+01
   5.9500000000000000e+02  -7.3446214255854400e+01
   5.9600000000000000e+02  -7.3583103196741703e+01
   5.9700000000000000e+02  -7.3670085241467802e+01
   5.9800000000000000e+02  -7.3407189757067002e+01
   5.9900000000000000e+02  -7.3569468204952400e+01
   6.0000000000000000e+02  -7.4058011353285195e+01
   6.0100000000000000e+02  -7.4155954921204597e+01
   6.0200000000000000e+02  -7.3808183074445395e+01
   6.0300000000000000e+02  -7.4051889588520893e+01
   6.0400000000000000e+02  -7.3997143686902405e+01
   6.0500000000000000e+02  -7.4095043642349495e+01
   6.0600000000000000e+02  -7.3933164667800995e+01
   6.0700000000000000e+02  -7.4290142638101898e+01
   6.0800000000000000e+02  -7.4213684187745301e+01
   6.0900000000000000e+02  -7.4519510492888102e+01
   6.1000000000000000e+02  -7.4284693071487197e+01
   6.1100000000000000e+02  -7.4528149918482498e+01
   6.1200000000000000e+02  -7.4587503411739505e+01
   6.1300000000000000e+02  -7.5168829697199499e+01
   6.1400000000000000e+02  -7.5232526598335895e+01
   6.1500000000000000e+02  -7.4719284800323194e+01
   6.1600000000000000e+02  -7.4430090066238193e+01
   6.1700000000000000e+02  -7.4029018347415303e+01
   6.1800000000000000e+02  -7.3943797372662502e+01
   6.1900000000000000e+02  -7.4189627661548698e+01
   6.2000000000000000e+02  -7.3643026420000794e+01
   6.2100000000000000e+02  -7.3686412899237297e+01
   6.2200000000000000e+02  -7.3339940393283101e+01
   6.2300000000000000e+02  -7.3731925120219799e+01
   6.2400000000000000e+02  -7.4259671346275098e+01
   6.2500000000000000e+02  -7.4456335132872894e+01
   6.2600000000000000e+02  -7.4607202350376596e+01
   6.2700000000000000e+02  -7.4877565765551395e+01
   6.2800000000000000e+02  -7.4535069184767593e+01
   6.2900000000000000e+02  -7.4845050386202900e+01
   6.3000000000000000e+02  -7.5581825331029407e+01
   6.3100000000000000e+02  -7.5787784722181598e+01
   6.3200000000000000e+02  -7.5698713850153496e+01
   6.3300000000000000e+02  -7.5446797385812204e+01
   6.3400000000000000e+02  -7.4870222081270001e+01
   6.3500000000000000e+02  -7.4702257563929294e+01
   6.3600000000000000e+02  -7.4840898660951098e+01
   6.3700000000000000e+02  -7.5239887856108496e+01
   6.3800000000000000e+02  -7.4698259319168500e+01
   6.3900000000000000e+02  -7.4413981509194898e+01
   6.4000000000000000e+02  -7.4001683959384394e+01
   6.4100000000000000e+02  -7.4124537612474100e+01
   6.4200000000000000e+02  -7.3615020218653996e+01
   6.4300000000000000e+02  -7.3583605791693401e+01
   6.4400000000000000e+02  -7.3497778340149594e+01
   6.4500000000000000e+02  -7.3350330008168100e+01
   6.4600000000000000e+02  -7.3839498393418395e+01
   6.4700000000000000e+02  -7.3207317944630304e+01
   6.4800000000000000e+02  -7.3429268074843804e+01
   6.4900000000000000e+02  -7.3411606628100401e+01
   6.5000000000000000e+02  -7.3707085903705803e+01
   6.5100000000000000e+02  -7.3304110635195599e+01
   6.5200000000000000e+02  -7.3453792404509997e+01
   6.5300000000000000e+02  -7.3688680993364002e+01
   6.5400000000000000e+02  -7.3986013513134296e+01
   6.5500000000000000e+02  -7.4272303599105001e+01
   6.5600000000000000e+02  -7.4100545322623205e+01
   6.5700000000000000e+02  -7.3963914509379805e+01
   6.5800000000000000e+02  -7.4337896833032502e+01
   6.5900000000000000e+02  -7.4235630758154102e+01
   6.6000000000000000e+02  -7.4302737581082695e+01
   6.6100000000000000e+02  -7.4337994559408699e+01
   6.6200000000000000e+02  -7.4559583552176207e+01
   6.6300000000000000e+02  -7.4548782381413304e+01
   6.6400000000000000e+02  -7.4859712034090407e+01
   6.6500000000000000e+02  -7.4501399878943204e+01
   6.6600000000000000e+02  -7.4479032947994099e+01
   6.6700000000000000e+02  -7.4220656158682303e+01
   6.6800000000000000e+02  -7.4417597535616807e+01
   6.6900000000000000e+02  -7.4325971408324904e+01
   6.7000000000000000e+02  -7.4510194786263995e+01
   6.7100000000000000e+02  -7.4435599324432800e+01
   6.7200000000000000e+02  -7.4494764909969504e+01
   6.7300000000000000e+02  -7.4623104629252595e+01
   6.7400000000000000e+02  -7.5125496108974403e+01
   6.7500000000000000e+02  -7.5492462858622005e+01
   6.7600000000000000e+02  -7.5451420065540205e+01
   6.7700000000000000e+02  -7.5953554715387199e+01
   6.7800000000000000e+02  -7.6452090348359405e+01
   6.7900000000000000e+02  -7.6742063461792100e+01
   6.8000000000000000e+02  -7.6725076484454107e+01
   6.8100000000000000e+02  -7.6339193604119302e+01
   6.8200000000000000e+02  -7.5840338565947803e+01
   6.8300000000000000e+02  -7.5628395990752395e+01
   6.8400000000000000e+02  -7.5844340974073702e+01
   6.8500000000000000e+02  -7.6328196931030305e+01
   6.8600000000000000e+02  -7.5794415464689394e+01
   6.8700000000000000e+02  -7.5571219381194894e+01
   6.8800000000000000e+02  -7.5909334747982697e+01
   6.8900000000000000e+02  -7.6177110010102297e+01
   6.9000000000000000e+02  -7.5921552142185803e+01
   6.9100000000000000e+02  -7.6120803066044004e+01
   6.9200000000000000e+02  -7.6031754926896596e+01
   6.9300000000000000e+02  -7.5805613833097198e+01
   6.9400000000000000e+02  -7.6389753100143494e+01
   6.9500000000000000e+02  -7.6352144530647095e+01
   6.9600000000000000e+02  -7.6420127521395301e+01
   6.9700000000000000e+02  -7.6495673132787701e+01
   6.9800000000000000e+02  -7.6591227777716995e+01
   6.9900000000000000e+02  -7.6977626784886397e+01
   7.0000000000000000e+02  -7.7242501280804703e+01
   7.0100000000000000e+02  -7.7504880254641193e+01
   7.0200000000000000e+02  -7.7560286315177606e+01
   7.0300000000000000e+02  -7.7758256590531403e+01
   7.0400000000000000e+02  -7.7581774542732106e+01
   7.0500000000000000e+02  -7.8113698252141006e+01
   7.0600000000000000e+02  -7.8447411767105393e+01
   7.0700000000000000e+02  -7.8602798895840095e+01
   7.0800000000000000e+02  -7.8588659435921500e+01
   7.0900000000000000e+02  -7.8419654122638406e+01
   7.1000000000000000e+02  -7.8362444173461000e+01
   7.1100000000000000e+02  -7.8019293924534793e+01
   7.1200000000000000e+02  -7.7668962832860601e+01
   7.1300000000000000e+02  -7.7497769251479994e+01
   7.1400000000000000e+02  -7.6967412023063702e+01
   7.1500000000000000e+02  -7.6727574007463701e+01
   7.1600000000000000e+02  -7.6588060418646606e+01
   7.1700000000000000e+02  -7.6284247290968807e+01
   7.1800000000000000e+02  -7.5854573977532695e+01
   7.1900000000000000e+02  -7.5186525110198701e+01
   7.2000000000000000e+02  -7.5143463845271398e+01
   7.2100000000000000e+02  -7.4831162741209496e+01
   7.2200000000000000e+02  -7.4706969941437194e+01
   7.2300000000000000e+02  -7.4501229071183502e+01
   7.2400000000000000e+02  -7.4420881988051093e+01
   7.2500000000000000e+02  -7.4779640522870807e+01
   7.2600000000000000e+02  -7.4591619669942105e+01
   7.2700000000000000e+02  -7.5096749705225605e+01
   7.2800000000000000e+02  -7.5461366469970997e+01
   7.2900000000000000e+02  -7.4880428420233201e+01
   7.3000000000000000e+02  -7.4570315197133993e+01
   7.3100000000000000e+02  -7.4768763507262804e+01
   7.3200000000000000e+02  -7.4670211091206994e+01
   7.3300000000000000e+02  -7.4927530008771100e+01
   7.3400000000000000e+02  -7.4360518740798696e+01
   7.3500000000000000e+02  -7.4318826341728794e+01
   7.3600000000000000e+02  -7.4798229533887607e+01
   7.3700000000000000e+02  -7.4776774922608695e+01
   7.3800000000000000e+02  -7.5193763899494499e+01
   7.3900000000000000e+02  -7.5481319320144394e+01
   7.4000000000000000e+02  -7.5171356444886300e+01
   7.4100000000000000e+02  -7.5092314109046001e+01
   7.4200000000000000e+02  -7.5218759375918495e+01
   7.4300000000000000e+02  -7.5344286795998102e+01
   7.4400000000000000e+02  -7.5397097579215398e+01
   7.4500000000000000e+02  -7.6026930085718504e+01
   7.4600000000000000e+02  -7.5853294499067800e+01
   7.4700000000000000e+02  -7.5988998975879397e+01
   7.4800000000000000e+02  -7.6097846336119105e+01
   7.4900000000000000e+02  -7.5542795655887105e+01
   7.5000000000000000e+02  -7.5412780129775498e+01
   7.5100000000000000e+02  -7.5036206561894801e+01
   7.5200000000000000e+02  -7.5136308795112896e+01
   7.5300000000000000e+02  -7.5010425858742494e+01
   7.5400000000000000e+02  -7.4875992513581494e+01
   7.5500000000000000e+02  -7.4632127819921493e+01
   7.5600000000000000e+02  -7.4950150400165896e+01
   7.5700000000000000e+02  -7.4954982284141806e+01
   7.5800000000000000e+02  -7.4770995795129906e+01
   7.5900000000000000e+02  -7.5032784610836600e+01
   7.6000000000000000e+02  -7.5283848571882899e+01
   7.6100000000000000e+02  -7.5342112841962802e+01
   7.6200000000000000e+02  -7.5115138901298593e+01
   7.6300000000000000e+02  -7.5267350518762100e+01
   7.6400000000000000e+02  -7.4938185098865503e+01
   7.6500000000000000e+02  -7.4811139880598802e+01
   7.6600000000000000e+02  -7.5092073051501501e+01
   7.6700000000000000e+02  -7.5101536415239295e+01
   7.6800000000000000e+02  -7.5530481456200903e+01
   7.6900000000000000e+02  -7.6166246907922499e+01
   7.7000000000000000e+02  -7.6194927566243706e+01
   7.7100000000000000e+02  -7.5956083884860007e+01
   7.7200000000000000e+02  -7.6130591832571000e+01
   7.7300000000000000e+02  -7.5910039326067903e+01
   7.7400000000000000e+02  -7.5642347360149699e+01
   7.7500000000000000e+02  -7.5792944702733905e+01
   7.7600000000000000e+02  -7.5677521835441198e+01
   7.7700000000000000e+02  -7.5785152116447307e+01
   7.7800000000000000e+02  -7.5646886001239395e+01
   7.7900000000000000e+02  -7.5724304674157906e+01
   7.8000000000000000e+02  -7.6124381674530696e+01
   7.8100000000000000e+02  -7.5735091033538694e+01
   7.8200000000000000e+02  -7.5960187212933306e+01
   7.8300000000000000e+02  -7.5930602716853301e+01
   7.8400000000000000e+02  -7.5595795444186905e+01
   7.8500000000000000e+02  -7.5473019606249807e+01
   7.8600000000000000e+02  -7.5584696410541795e+01
   7.8700000000000000e+02  -7.5967816531184894e+01
   7.8800000000000000e+02  -7.6083341862944096e+01
   7.8900000000000000e+02  -7.5934695145822801e+01
   7.9000000000000000e+02  -7.5973581419638506e+01
   7.9100000000000000e+02  -7.6240403210116099e+01
   7.9200000000000000e+02  -7.6346507913514799e+01
   7.9300000000000000e+02  -7.6203282038426195e+01
   7.9400000000000000e+02  -7.5794672080249498e+01
   7.9500000000000000e+02  -7.5202130173206100e+01
   7.9600000000000000e+02  -7.4742245407786001e+01
   7.9700000000000000e+02  -7.4248399956337494e+01
   7.9800000000000000e+02  -7.3592648762595402e+01
   7.9900000000000000e+02  -7.3411180799543402e+01
   8.0000000000000000e+02  -7.3574737470536306e+01
   8.0100000000000000e+02  -7.3924102439256899e+01
   8.0200000000000000e+02  -7.3894074356498507e+01
   8.0300000000000000e+02  -7.3418452357916294e+01
   8.0400000000000000e+02  -7.3525705109811298e+01
   8.0500000000000000e+02  -7.3896997216626204e+01
   8.0600000000000000e+02  -7.3788971675943799e+01
   8.0700000000000000e+02  -7.3642581801025102e+01
   8.0800000000000000e+02  -7.4030817426401896e+01
   8.0900000000000000e+02  -7.4090010889565505e+01
   8.1000000000000000e+02  -7.3963625338996096e+01
   8.1100000000000000e+02  -7.4008625776183493e+01
   8.1200000000000000e+02  -7.4161558584099595e+01
   8.1300000000000000e+02  -7.3945243319299195e+01
   8.1400000000000000e+02  -7.3540041383820196e+01
   8.1500000000000000e+02  -7.3500606738942196e+01
   8.1600000000000000e+02  -7.3171742135647406e+01
   8.1700000000000000e+02  -7.3474902393380404e+01
   8.1800000000000000e+02  -7.3306305185586098e+01
   8.1900000000000000e+02  -7.3571978886782503e+01
   8.2000000000000000e+02  -7.3295600671841797e+01
   8.2100000000000000e+02  -7.3571899287744102e+01
   8.2200000000000000e+02  -7.3204644464920804e+01
   8.2300000000000000e+02  -7.2861595365765993e+01
   8.2400000000000000e+02  -7.2609086078475400e+01
   8.2500000000000000e+02  -7.2586233068025294e+01
   8.2600000000000000e+02  -7.2743598534053703e+01
   8.2700000000000000e+02  -7.3032567978222005e+01
   8.2800000000000000e+02  -7.2831691574612805e+01
   8.2900000000000000e+02  -7.2613737955530695e+01
   8.3000000000000000e+02  -7.2569470853307905e+01
   8.3100000000000000e+02  -7.2121192255999702e+01
   8.3200000000000000e+02  -7.2395165210317700e+01
   8.3300000000000000e+02  -7.2471316931154504e+01
   8.3400000000000000e+02  -7.2560967323098396e+01
   8.3500000000000000e+02  -7.2964157412895702e+01
   8.3600000000000000e+02  -7.2617835030822604e+01
   8.3700000000000000e+02  -7.2323249717335500e+01
   8.3800000000000000e+02  -7.2591809853828906e+01
   8.3900000000000000e+02  -7.2265947820327995e+01
   8.4000000000000000e+02  -7.2457860167187306e+01
   8.4100000000000000e+02  -7.1834255400315996e+01
   8.4200000000000000e+02  -7.1439340160107093e+01
   8.4300000000000000e+02  -7.1085533964784005e+01
   8.4400000000000000e+02  -7.0567889940785093e+01
   8.4500000000000000e+02  -7.0618531082484495e+01
   8.4600000000000000e+02  -7.0173646827188307e+01
   8.4700000000000000e+02  -6.9579309374904994e+01
   8.4800000000000000e+02  -7.0198043050656096e+01
   8.4900000000000000e+02  -6.9685272725821093e+01
   8.5000000000000000e+02  -6.9766210479742298e+01
   8.5100000000000000e+02  -6.9477120640040297e+01
   8.5200000000000000e+02  -6.9391370243879507e+01
   8.5300000000000000e+02  -6.9068286355143897e+01
   8.5400000000000000e+02  -6.8895350584341102e+01
   8.5500000000000000e+02  -6.9320163387019093e+01
   8.5600000000000000e+02  -6.9492120296452995e+01
   8.5700000000000000e+02  -6.9641492104448901e+01
   8.5800000000000000e+02  -6.9633142282424501e+01
   8.5900000000000000e+02  -6.9676094214500694e+01
   8.6000000000000000e+02  -6.9965024179521905e+01
   8.6100000000000000e+02  -7.0259444489932704e+01
   8.6200000000000000e+02  -7.0437309978143702e+01
   8.6300000000000000e+02  -7.0381536591536602e+01
   8.6400000000000000e+02  -7.0183462688407303e+01
   8.6500000000000000e+02  -7.0196620073542704e+01
   8.6600000000000000e+02  -7.0308919772604000e+01
   8.6700000000000000e+02  -7.0311673358709299e+01
   8.6800000000000000e+02  -6.9782509974123002e+01
   8.6900000000000000e+02  -6.9838167992434407e+01
   8.7000000000000000e+02  -6.9639027685228399e+01
   8.7100000000000000e+02  -6.9423865584864501e+01
   8.7200000000000000e+02  -6.9737506625994200e+01
   8.7300000000000000e+02  -6.9987662488176596e+01
   8.7400000000000000e+02  -6.9799274510971500e+01
   8.7500000000000000e+02  -6.9864660983529703e+01
   8.7600000000000000e+02  -6.9961034396838102e+01
   8.7700000000000000e+02  -7.0191149252438507e+01
   8.7800000000000000e+02  -7.0143450209560896e+01
   8.7900000000000000e+02  -7.0094054848043797e+01
   8.8000000000000000e+02  -6.9779076440451504e+01
   8.8100000000000000e+02  -6.9669125053069905e+01
   8.8200000000000000e+02  -6.9830423051806093e+01
   8.8300000000000000e+02  -6.9934759652124399e+01
   8.8400000000000000e+02  -7.0089509235784305e+01
   8.8500000000000000e+02  -6.9863839574828205e+01
   8.8600000000000000e+02  -6.9720390012379696e+01
   8.8700000000000000e+02  -6.9473852662286106e+01
   8.8800000000000000e+02  -6.9702427329524298e+01
   8.8900000000000000e+02  -7.0011132359532496e+01
   8.9000000000000000e+02  -7.0285321360665193e+01
   8.9100000000000000e+02  -6.9618043508914894e+01
   8.9200000000000000e+02  -6.9636541801816506e+01
   8.9300000000000000e+02  -7.0164097658177596e+01
   8.9400000000000000e+02  -7.0136316331072393e+01
   8.9500000000000000e+02  -6.9889182253812805e+01
   8.9600000000000000e+02  -6.9669816679062507e+01
   8.9700000000000000e+02  -6.9900834047526601e+01
   8.9800000000000000e+02  -7.0208562591560806e+01
   8.9900000000000000e+02  -6.9968766113017395e+01
   9.0000000000000000e+02  -6.9873541128329293e+01
   9.0100000000000000e+02  -6.9776625589422807e+01
   9.0200000000000000e+02  -7.0302234751583100e+01
   9.0300000000000000e+02  -7.0433987858997995e+01
   9.0400000000000000e+02  -7.0553788128964797e+01
   9.0500000000000000e+02  -7.0239666984897994e+01
   9.0600000000000000e+02  -6.9791722382531304e+01
   9.0700000000000000e+02  -7.0032672916828602e+01
   9.0800000000000000e+02  -6.9915677645533904e+01
   9.0900000000000000e+02  -6.9657215916618597e+01
   9.1000000000000000e+02  -6.9199002307008897e+01
   9.1100000000000000e+02  -6.9251222991955203e+01
   9.1200000000000000e+02  -6.9441776976398103e+01
   9.1300000000000000e+02  -6.9677084858492293e+01
   9.1400000000000000e+02  -6.9424083359740095e+01
   9.1500000000000000e+02  -6.9300855670366204e+01
   9.1600000000000000e+02  -6.9844241883246397e+01
   9.1700000000000000e+02  -7.0261518645602493e+01
   9.1800000000000000e+02  -6.9686290017011700e+01
   9.1900000000000000e+02  -6.8938544008731000e+01
   9.2000000000000000e+02  -6.8916710554226796e+01
   9.2100000000000000e+02  -6.8734450775285396e+01
   9.2200000000000000e+02  -6.8057395432370498e+01
   9.2300000000000000e+02  -6.7709487063000296e+01
   9.2400000000000000e+02  -6.8083461317321493e+01
   9.2500000000000000e+02  -6.7993042339925495e+01
   9.2600000000000000e+02  -6.8348134232355903e+01
   9.2700000000000000e+02  -6.8296630518445696e+01
   9.2800000000000000e+02  -6.8045738560521499e+01
   9.2900000000000000e+02  -6.7932148080630199e+01
   9.3000000000000000e+02  -6.7555257460094197e+01
   9.3100000000000000e+02  -6.7625714979601298e+01
   9.3200000000000000e+02  -6.7403157360103506e+01
   9.3300000000000000e+02  -6.7266028867278493e+01
   9.3400000000000000e+02  -6.6897920560735301e+01
   9.3500000000000000e+02  -6.7062665743926999e+01
   9.3600000000000000e+02  -6.6557104078556904e+01
   9.3700000000000000e+02  -6.6107022030603900e+01
   9.3800000000000000e+02  -6.6018126129197100e+01
   9.3900000000000000e+02  -6.6125285416378503e+01
   9.4000000000000000e+02  -6.6174179838616894e+01
   9.4100000000000000e+02  -6.5698278426468704e+01
   9.4200000000000000e+02  -6.5121845130893504e+01
   9.4300000000000000e+02  -6.5229510989649199e+01
   9.4400000000000000e+02  -6.5224243640129899e+01
   9.4500000000000000e+02  -6.4503022729372802e+01
   9.4600000000000000e+02  -6.3874574642220303e+01
   9.4700000000000000e+02  -6.2463896159757397e+01
   9.4800000000000000e+02  -6.1982782361942398e+01
   9.4900000000000000e+02  -6.0593978339929897e+01
   9.5000000000000000e+02  -5.9865806932163402e+01
   9.5100000000000000e+02  -5.8087160589130399e+01
   9.5200000000000000e+02  -5.5574861024690200e+01
   9.5300000000000000e+02  -5.0675677402155202e+01
   9.5400000000000000e+02  -3.6643234386032603e+01
   9.5500000000000000e+02  -1.3965641499322301e+01
