  -1.0000000000000000e+02  -7.2374483476854294e+01
  -9.9000000000000000e+01  -7.2461069355824804e+01
  -9.8000000000000000e+01  -7.2565927588565799e+01
  -9.7000000000000000e+01  -7.2415021239857694e+01
  -9.6000000000000000e+01  -7.1874511625717801e+01
  -9.5000000000000000e+01  -7.1198107995606406e+01
  -9.4000000000000000e+01  -7.0811559105133796e+01
  -9.3000000000000000e+01  -7.0613202875844607e+01
  -9.2000000000000000e+01  -7.0485522393050900e+01
  -9.1000000000000000e+01  -7.0015993596559397e+01
  -9.0000000000000000e+01  -7.0241923028254206e+01
  -8.9000000000000000e+01  -6.9874742008553596e+01
  -8.8000000000000000e+01  -6.9912342704660702e+01
  -8.7000000000000000e+01  -7.0033498978962399e+01
  -8.6000000000000000e+01  -6.9582401600690105e+01
  -8.5000000000000000e+01  -6.8945705231433095e+01
  -8.4000000000000000e+01  -6.8651000866034707e+01
  -8.3000000000000000e+01  -6.8893764127836803e+01
  -8.2000000000000000e+01  -6.9009461477706793e+01
  -8.1000000000000000e+01  -6.8743376969331607e+01
  -8.0000000000000000e+01  -6.8516534343332594e+01
  -7.9000000000000000e+01  -6.8433073245741298e+01
  -7.8000000000000000e+01  -6.8962684120717896e+01
  -7.7000000000000000e+01  -6.9220780116105900e+01
  -7.6000000000000000e+01  -6.9477732716088894e+01
  -7.5000000000000000e+01  -6.9253581396542700e+01
  -7.4000000000000000e+01  -6.9357421819880400e+01
  -7.3000000000000000e+01  -6.9912891254067205e+01
  -7.2000000000000000e+01  -7.0157184540932505e+01
  -7.1000000000000000e+01  -6.9777509469885302e+01
  -7.0000000000000000e+01  -7.0162493632593694e+01
  -6.9000000000000000e+01  -7.0738041969700404e+01
  -6.8000000000000000e+01  -7.0795164042507494e+01
  -6.7000000000000000e+01  -7.1534014415965601e+01
  -6.6000000000000000e+01  -7.1408378908779497e+01
  -6.5000000000000000e+01  -7.1076645665754796e+01
  -6.4000000000000000e+01  -7.1088540601059407e+01
  -6.3000000000000000e+01  -7.0647573783934106e+01
  -6.2000000000000000e+01  -7.0899901956479198e+01
  -6.1000000000000000e+01  -7.0649502064377501e+01
  -6.0000000000000000e+01  -7.0949685753422102e+01
  -5.9000000000000000e+01  -7.0619360250078202e+01
  -5.8000000000000000e+01  -7.0852290439433304e+01
  -5.7000000000000000e+01  -7.0672252998665996e+01
  -5.6000000000000000e+01  -7.0486390172845205e+01
  -5.5000000000000000e+01  -7.0500956903071099e+01
  -5.4000000000000000e+01  -7.0856549437654806e+01
  -5.3000000000000000e+01  -7.0739349126035805e+01
  -5.2000000000000000e+01  -7.0171831073500002e+01
  -5.1000000000000000e+01  -7.0044596129992996e+01
  -5.0000000000000000e+01  -7.0153998066331894e+01
  -4.9000000000000000e+01  -6.9793884506905997e+01
  -4.8000000000000000e+01  -7.0382080885901004e+01
  -4.7000000000000000e+01  -7.0254179560921898e+01
  -4.6000000000000000e+01  -7.0245037917754203e+01
  -4.5000000000000000e+01  -7.0545973345809003e+01
  -4.4000000000000000e+01  -7.0361234843227905e+01
  -4.3000000000000000e+01  -6.9712854034823707e+01
  -4.2000000000000000e+01  -7.0012278268462097e+01
  -4.1000000000000000e+01  -6.9409003648063404e+01
  -4.0000000000000000e+01  -6.9472314626328398e+01
  -3.9000000000000000e+01  -6.8388757537464897e+01
  -3.8000000000000000e+01  -6.7981590506738797e+01
  -3.7000000000000000e+01  -6.7831929524001893e+01
  -3.6000000000000000e+01  -6.8073237677502206e+01
  -3.5000000000000000e+01  -6.8186586330959500e+01
  -3.4000000000000000e+01  -6.7754827010836195e+01
  -3.3000000000000000e+01  -6.7870483585141798e+01
  -3.2000000000000000e+01  -6.8115705892033205e+01
  -3.1000000000000000e+01  -6.8131941706743405e+01
  -3.0000000000000000e+01  -6.7660029053354407e+01
  -2.9000000000000000e+01  -6.7005005298743299e+01
  -2.8000000000000000e+01  -6.6599638879616805e+01
  -2.7000000000000000e+01  -6.6048247982418005e+01
  -2.6000000000000000e+01  -6.6142370515518294e+01
  -2.5000000000000000e+01  -6.6709132089609597e+01
  -2.4000000000000000e+01  -6.6385189882182800e+01
  -2.3000000000000000e+01  -6.6722023985453205e+01
  -2.2000000000000000e+01  -6.6041787707281003e+01
  -2.1000000000000000e+01  -6.6238178425420202e+01
  -2.0000000000000000e+01  -6.6254452021263603e+01
  -1.9000000000000000e+01  -6.5801781579331404e+01
  -1.8000000000000000e+01  -6.5465818564905902e+01
  -1.7000000000000000e+01  -6.4800044777289102e+01
  -1.6000000000000000e+01  -6.4526971349270994e+01
  -1.5000000000000000e+01  -6.4099941011372394e+01
  -1.4000000000000000e+01  -6.4022422172838901e+01
  -1.3000000000000000e+01  -6.3762355831324498e+01
  -1.2000000000000000e+01  -6.2945302792158500e+01
  -1.1000000000000000e+01  -6.2781600635546098e+01
  -1.0000000000000000e+01  -6.1956126621470403e+01
  -9.0000000000000000e+00  -6.1727809618114300e+01
  -8.0000000000000000e+00  -6.1142054888493398e+01
  -7.0000000000000000e+00  -6.0163221935056100e+01
  -6.0000000000000000e+00  -5.9147355117910301e+01
  -5.0000000000000000e+00  -5.7980367144670304e+01
  -4.0000000000000000e+00  -5.6400540931970497e+01
  -3.0000000000000000e+00  -5.3361498084216400e+01
  -2.0000000000000000e+00  -4.7794805761633498e+01
  -1.0000000000000000e+00  -3.4884728593966898e+01
   0.0000000000000000e+00  -1.8495666303976598e+01
   1.0000000000000000e+00  -3.7749673638951999e+00
   2.0000000000000000e+00   8.6889209602581694e+00
   3.0000000000000000e+00   1.5278040444469600e+01
   4.0000000000000000e+00   1.8584433551711200e+01
   5.0000000000000000e+00   2.1547968945181399e+01
   6.0000000000000000e+00   2.2852041493009999e+01
   7.0000000000000000e+00   2.4129073369808602e+01
   8.0000000000000000e+00   2.4332147680196901e+01
   9.0000000000000000e+00   2.4755924404616302e+01
   1.0000000000000000e+01   2.4305464818169700e+01
   1.1000000000000000e+01   2.4731480419604399e+01
   1.2000000000000000e+01   2.4874928779381200e+01
   1.3000000000000000e+01   2.4834908550604599e+01
   1.4000000000000000e+01   2.5350740547868401e+01
   1.5000000000000000e+01   2.5640733870492301e+01
   1.6000000000000000e+01   2.5372386168802201e+01
   1.7000000000000000e+01   2.5583899436909100e+01
   1.8000000000000000e+01   2.6863620034300698e+01
   1.9000000000000000e+01   2.6970495204507401e+01
   2.0000000000000000e+01   2.6921902237619499e+01
   2.1000000000000000e+01   2.6663666288905699e+01
   2.2000000000000000e+01   2.6908219919542599e+01
   2.3000000000000000e+01   2.7272785281181001e+01
   2.4000000000000000e+01   2.7559575472363999e+01
   2.5000000000000000e+01   2.7922196434488399e+01
   2.6000000000000000e+01   2.7931285449246602e+01
   2.7000000000000000e+01   2.7632018408712000e+01
   2.8000000000000000e+01   2.8060625320746400e+01
   2.9000000000000000e+01   2.8433101259909300e+01
   3.0000000000000000e+01   2.8413619980858201e+01
   3.1000000000000000e+01   2.8042072996010699e+01
   3.2000000000000000e+01   2.8487354609110501e+01
   3.3000000000000000e+01   2.9035807781538399e+01
   3.4000000000000000e+01   2.9402037306161699e+01
   3.5000000000000000e+01   2.9334530670310698e+01
   3.6000000000000000e+01   2.9691469994908100e+01
   3.7000000000000000e+01   2.9735204950964501e+01
   3.8000000000000000e+01   2.9936691922415701e+01
   3.9000000000000000e+01   2.9379769438336101e+01
   4.0000000000000000e+01   2.9474025973556401e+01
   4.1000000000000000e+01   2.9415247674010502e+01
   4.2000000000000000e+01   2.9035277495918699e+01
   4.3000000000000000e+01   2.8859697890227199e+01
   4.4000000000000000e+01   2.8826671169959699e+01
   4.5000000000000000e+01   2.9083715838380499e+01
   4.6000000000000000e+01   2.9245786975180799e+01
   4.7000000000000000e+01   2.9117454793881201e+01
   4.8000000000000000e+01   2.9294170867905901e+01
   4.9000000000000000e+01   2.9653499063699801e+01
   5.0000000000000000e+01   2.9594006217953101e+01
   5.1000000000000000e+01   2.9185613646068902e+01
   5.2000000000000000e+01   2.9145398492500000e+01
   5.3000000000000000e+01   2.9686040860565100e+01
   5.4000000000000000e+01   2.9984287823156500e+01
   5.5000000000000000e+01   3.0016541897298900e+01
   5.6000000000000000e+01   3.0351272557562901e+01
   5.7000000000000000e+01   3.0304209876447199e+01
   5.8000000000000000e+01   3.1041428179574300e+01
   5.9000000000000000e+01   3.1395920816020400e+01
   6.0000000000000000e+01   3.1451283931257802e+01
   6.1000000000000000e+01   3.1712294612385900e+01
   6.2000000000000000e+01   3.2531250203953398e+01
   6.3000000000000000e+01   3.2187952228777398e+01
   6.4000000000000000e+01   3.2761641418152202e+01
   6.5000000000000000e+01   3.3009904821144701e+01
   6.6000000000000000e+01   3.2913486509743599e+01
   6.7000000000000000e+01   3.3064727889317602e+01
   6.8000000000000000e+01   3.3260356755692399e+01
   6.9000000000000000e+01   3.3234051869789603e+01
   7.0000000000000000e+01   3.3297559071592403e+01
   7.1000000000000000e+01   3.3906076575588003e+01
   7.2000000000000000e+01   3.3886492205320302e+01
   7.3000000000000000e+01   3.3940083299585901e+01
   7.4000000000000000e+01   3.3985055965331000e+01
   7.5000000000000000e+01   3.4054812755041297e+01
   7.6000000000000000e+01   3.3937151585821603e+01
   7.7000000000000000e+01   3.2930662081513297e+01
   7.8000000000000000e+01   3.2879752132823299e+01
   7.9000000000000000e+01   3.2601543214944101e+01
   8.0000000000000000e+01   3.2711710768747302e+01
   8.1000000000000000e+01   3.2158708944027701e+01
   8.2000000000000000e+01   3.1828069614490801e+01
   8.3000000000000000e+01   3.2245998305533199e+01
   8.4000000000000000e+01   3.2067600182559097e+01
   8.5000000000000000e+01   3.2307692713823101e+01
   8.6000000000000000e+01   3.2738781520586400e+01
   8.7000000000000000e+01   3.2313349813216199e+01
   8.8000000000000000e+01   3.2174236964273703e+01
   8.9000000000000000e+01   3.2187356873017102e+01
   9.0000000000000000e+01   3.2277681914336199e+01
   9.1000000000000000e+01   3.2739817492122000e+01
   9.2000000000000000e+01   3.2786220278115700e+01
   9.3000000000000000e+01   3.2469099210811500e+01
   9.4000000000000000e+01   3.2285652440398401e+01
   9.5000000000000000e+01   3.2683153595845397e+01
   9.6000000000000000e+01   3.2623259047021499e+01
   9.7000000000000000e+01   3.2830321544543899e+01
   9.8000000000000000e+01   3.2974655109961702e+01
   9.9000000000000000e+01   3.3016335747998497e+01
   1.0000000000000000e+02   3.2845586302178198e+01
   1.0100000000000000e+02   3.2571560253354100e+01
   1.0200000000000000e+02   3.2526772889470699e+01
   1.0300000000000000e+02   3.2819931044404903e+01
   1.0400000000000000e+02   3.2668187131856598e+01
   1.0500000000000000e+02   3.2548076234821202e+01
   1.0600000000000000e+02   3.2026540784837003e+01
   1.0700000000000000e+02   3.1837972716151601e+01
   1.0800000000000000e+02   3.1457388037690201e+01
   1.0900000000000000e+02   3.1512093743922200e+01
   1.1000000000000000e+02   3.1704632973089200e+01
   1.1100000000000000e+02   3.1848544703350299e+01
   1.1200000000000000e+02   3.1877597169149599e+01
   1.1300000000000000e+02   3.1829808269649199e+01
   1.1400000000000000e+02   3.1973105338429100e+01
   1.1500000000000000e+02   3.2046804299876698e+01
   1.1600000000000000e+02   3.1964885787650701e+01
   1.1700000000000000e+02   3.2045363347259503e+01
   1.1800000000000000e+02   3.1796593681577299e+01
   1.1900000000000000e+02   3.1795631766271502e+01
   1.2000000000000000e+02   3.1531531409576999e+01
   1.2100000000000000e+02   3.1135423898467700e+01
   1.2200000000000000e+02   3.1153784757201901e+01
   1.2300000000000000e+02   3.1085339982859399e+01
   1.2400000000000000e+02   3.1362656363220999e+01
   1.2500000000000000e+02   3.1293397897687701e+01
   1.2600000000000000e+02   3.1626599327301900e+01
   1.2700000000000000e+02   3.1822793900717599e+01
   1.2800000000000000e+02   3.1698624909704101e+01
   1.2900000000000000e+02   3.1513441309628401e+01
   1.3000000000000000e+02   3.1760137286405701e+01
   1.3100000000000000e+02   3.1830271848521200e+01
   1.3200000000000000e+02   3.1758935979101398e+01
   1.3300000000000000e+02   3.1922226248427101e+01
   1.3400000000000000e+02   3.2292953890456403e+01
   1.3500000000000000e+02   3.1749629485885201e+01
   1.3600000000000000e+02   3.1864652375246202e+01
   1.3700000000000000e+02   3.1957357790000302e+01
   1.3800000000000000e+02   3.1717159004232300e+01
   1.3900000000000000e+02   3.1697304067184099e+01
   1.4000000000000000e+02   3.2030455549281903e+01
   1.4100000000000000e+02   3.1923088319801199e+01
   1.4200000000000000e+02   3.1450042137087799e+01
   1.4300000000000000e+02   3.1496923800304600e+01
   1.4400000000000000e+02   3.1875517315817000e+01
   1.4500000000000000e+02   3.1667355530741698e+01
   1.4600000000000000e+02   3.1854740219675900e+01
   1.4700000000000000e+02   3.1609503255919702e+01
   1.4800000000000000e+02   3.1368460148025399e+01
   1.4900000000000000e+02   3.1134916934962600e+01
   1.5000000000000000e+02   3.1607288389635599e+01
   1.5100000000000000e+02   3.2202088258624300e+01
   1.5200000000000000e+02   3.2279882777524598e+01
   1.5300000000000000e+02   3.2419539215479197e+01
   1.5400000000000000e+02   3.1998914219124000e+01
   1.5500000000000000e+02   3.1667823384857499e+01
   1.5600000000000000e+02   3.1237258479629801e+01
   1.5700000000000000e+02   3.1305502972839001e+01
   1.5800000000000000e+02   3.1328176102736201e+01
   1.5900000000000000e+02   3.1360032550428301e+01
   1.6000000000000000e+02   3.0990369295189200e+01
   1.6100000000000000e+02   3.1017052448766801e+01
   1.6200000000000000e+02   3.0454031963860601e+01
   1.6300000000000000e+02   3.0215913226034399e+01
   1.6400000000000000e+02   3.0178982939930201e+01
   1.6500000000000000e+02   3.0038265150380301e+01
   1.6600000000000000e+02   3.0240334549574399e+01
   1.6700000000000000e+02   3.0097200864292098e+01
   1.6800000000000000e+02   3.0594127603099899e+01
   1.6900000000000000e+02   3.0455135307802902e+01
   1.7000000000000000e+02   2.9769227110972899e+01
   1.7100000000000000e+02   2.9226145810955501e+01
   1.7200000000000000e+02   2.9071069352461102e+01
   1.7300000000000000e+02   2.8969119493527000e+01
   1.7400000000000000e+02   2.8200847296833299e+01
   1.7500000000000000e+02   2.8346431170991401e+01
   1.7600000000000000e+02   2.7887600776164401e+01
   1.7700000000000000e+02   2.7656450106093800e+01
   1.7800000000000000e+02   2.7770012231616999e+01
   1.7900000000000000e+02   2.7479569779050500e+01
   1.8000000000000000e+02   2.7519453728060000e+01
   1.8100000000000000e+02   2.7411982092850199e+01
   1.8200000000000000e+02   2.7057375254333799e+01
   1.8300000000000000e+02   2.7110855553897000e+01
   1.8400000000000000e+02   2.7219034082686701e+01
   1.8500000000000000e+02   2.6972941221869601e+01
   1.8600000000000000e+02   2.7280629868779801e+01
   1.8700000000000000e+02   2.7090148664044900e+01
   1.8800000000000000e+02   2.6564586977026298e+01
   1.8900000000000000e+02   2.6226845338084001e+01
   1.9000000000000000e+02   2.6437558021740500e+01
   1.9100000000000000e+02   2.6277422191276901e+01
   1.9200000000000000e+02   2.5893480978111000e+01
   1.9300000000000000e+02   2.5751093377876298e+01
   1.9400000000000000e+02   2.5631420888419200e+01
   1.9500000000000000e+02   2.5693871769387702e+01
   1.9600000000000000e+02   2.5390202595837401e+01
   1.9700000000000000e+02   2.5308410045788399e+01
   1.9800000000000000e+02   2.5360962552029498e+01
   1.9900000000000000e+02   2.5457668432258799e+01
   2.0000000000000000e+02   2.5685152502501101e+01
   2.0100000000000000e+02   2.5781625423897001e+01
   2.0200000000000000e+02   2.5726740407092500e+01
   2.0300000000000000e+02   2.5115357791108501e+01
   2.0400000000000000e+02   2.5176612031581801e+01
   2.0500000000000000e+02   2.5346592280980200e+01
   2.0600000000000000e+02   2.5032169881727899e+01
   2.0700000000000000e+02   2.4948216086264399e+01
   2.0800000000000000e+02   2.4677118446792001e+01
   2.0900000000000000e+02   2.4496756544354000e+01
   2.1000000000000000e+02   2.4702600716951800e+01
   2.1100000000000000e+02   2.4241673824371698e+01
   2.1200000000000000e+02   2.4285358427458799e+01
   2.1300000000000000e+02   2.3815769497125800e+01
   2.1400000000000000e+02   2.3580553252240801e+01
   2.1500000000000000e+02   2.3508824116710201e+01
   2.1600000000000000e+02   2.2589787963947401e+01
   2.1700000000000000e+02   2.2395586524987301e+01
   2.1800000000000000e+02   2.2632412844828501e+01
   2.1900000000000000e+02   2.2418104948208999e+01
   2.2000000000000000e+02   2.2448195022857401e+01
   2.2100000000000000e+02   2.2194522550240201e+01
   2.2200000000000000e+02   2.1344980832425001e+01
   2.2300000000000000e+02   2.1568728665844500e+01
   2.2400000000000000e+02   2.1508410451707100e+01
   2.2500000000000000e+02   2.1387573804780398e+01
   2.2600000000000000e+02   2.1090684062676900e+01
   2.2700000000000000e+02   2.0797871128284299e+01
   2.2800000000000000e+02   2.0780736796435800e+01
   2.2900000000000000e+02   2.0241987666332399e+01
   2.3000000000000000e+02   1.9959614402147501e+01
   2.3100000000000000e+02   1.9956260440155202e+01
   2.3200000000000000e+02   1.9964701920845300e+01
   2.3300000000000000e+02   2.0098366690188399e+01
   2.3400000000000000e+02   1.9993236061254201e+01
   2.3500000000000000e+02   1.9576463460799701e+01
   2.3600000000000000e+02   2.0138642821837198e+01
   2.3700000000000000e+02   1.9496032033827401e+01
   2.3800000000000000e+02   1.9419011110042899e+01
   2.3900000000000000e+02   1.9103692043963100e+01
   2.4000000000000000e+02   1.8964850571032301e+01
   2.4100000000000000e+02   1.8705849075140801e+01
   2.4200000000000000e+02   1.8216157437442899e+01
   2.4300000000000000e+02   1.7805634368199001e+01
   2.4400000000000000e+02   1.7667087578123400e+01
   2.4500000000000000e+02   1.7102275403295600e+01
   2.4600000000000000e+02   1.7254676104317401e+01
   2.4700000000000000e+02   1.7783720987164099e+01
   2.4800000000000000e+02   1.7313695802777701e+01
   2.4900000000000000e+02   1.7165433300237400e+01
   2.5000000000000000e+02   1.6884145539937400e+01
   2.5100000000000000e+02   1.6655046089408799e+01
   2.5200000000000000e+02   1.6197125461035100e+01
   2.5300000000000000e+02   1.5769459828807999e+01
   2.5400000000000000e+02   1.5790664759094399e+01
   2.5500000000000000e+02   1.5511798385014799e+01
   2.5600000000000000e+02   1.4765187700351300e+01
   2.5700000000000000e+02   1.4579851535484501e+01
   2.5800000000000000e+02   1.4377656599738200e+01
   2.5900000000000000e+02   1.3585598877531600e+01
   2.6000000000000000e+02   1.3492210006617601e+01
   2.6100000000000000e+02   1.3129435291225199e+01
   2.6200000000000000e+02   1.3375271550255301e+01
   2.6300000000000000e+02   1.3217355815103300e+01
   2.6400000000000000e+02   1.2784695357214201e+01
   2.6500000000000000e+02   1.2954868167575000e+01
   2.6600000000000000e+02   1.2644781960420600e+01
   2.6700000000000000e+02   1.2503145449186100e+01
   2.6800000000000000e+02   1.2427655896689499e+01
   2.6900000000000000e+02   1.2322471472265400e+01
   2.7000000000000000e+02   1.1491241261667099e+01
   2.7100000000000000e+02   1.0983106758646700e+01
   2.7200000000000000e+02   1.0898531399254299e+01
   2.7300000000000000e+02   1.0310212056069300e+01
   2.7400000000000000e+02   1.0227243622110899e+01
   2.7500000000000000e+02   9.6740064912844694e+00
   2.7600000000000000e+02   9.0816083000433707e+00
   2.7700000000000000e+02   8.8539821158490692e+00
   2.7800000000000000e+02   8.5740977741212792e+00
   2.7900000000000000e+02   8.1901888022822007e+00
   2.8000000000000000e+02   7.7709507546840904e+00
   2.8100000000000000e+02   7.8284967118880804e+00
   2.8200000000000000e+02   7.1160456844313398e+00
   2.8300000000000000e+02   7.1315067320516103e+00
   2.8400000000000000e+02   7.4278643216653704e+00
   2.8500000000000000e+02   6.8755007956748404e+00
   2.8600000000000000e+02   6.7840576751131598e+00
   2.8700000000000000e+02   5.9720597302699696e+00
   2.8800000000000000e+02   5.8853240294166103e+00
   2.8900000000000000e+02   5.9399425615589498e+00
   2.9000000000000000e+02   5.9683657967728196e+00
   2.9100000000000000e+02   5.6719355876893296e+00
   2.9200000000000000e+02   5.7628318297181700e+00
   2.9300000000000000e+02   5.5595237048217303e+00
   2.9400000000000000e+02   5.0900212121133501e+00
   2.9500000000000000e+02   4.8350109201786804e+00
   2.9600000000000000e+02   4.7768246440222502e+00
   2.9700000000000000e+02   4.3375379414293702e+00
   2.9800000000000000e+02   3.9138103314667898e+00
   2.9900000000000000e+02   3.7410370395363501e+00
   3.0000000000000000e+02   2.8628945165590398e+00
   3.0100000000000000e+02   2.8068711490356200e+00
   3.0200000000000000e+02   2.7970931692763701e+00
   3.0300000000000000e+02   2.6017394813462000e+00
   3.0400000000000000e+02   2.7609065159637400e+00
   3.0500000000000000e+02   2.5648778906626202e+00
   3.0600000000000000e+02   2.1717953946717801e+00
   3.0700000000000000e+02   1.6624981933077601e+00
   3.0800000000000000e+02   1.6407917241745100e+00
   3.0900000000000000e+02   8.6369541228873004e-01
   3.1000000000000000e+02   9.4861337625807096e-01
   3.1100000000000000e+02   1.0902458236531001e+00
   3.1200000000000000e+02   6.4811331087652202e-01
   3.1300000000000000e+02   5.8455109612563498e-02
   3.1400000000000000e+02  -3.4365032018932601e-01
   3.1500000000000000e+02  -7.8359919666029898e-01
   3.1600000000000000e+02  -1.1162992850240800e+00
   3.1700000000000000e+02  -1.2700201480245701e+00
   3.1800000000000000e+02  -1.5599954983568600e+00
   3.1900000000000000e+02  -1.8375763970844701e+00
   3.2000000000000000e+02  -1.8037539421690800e+00
   3.2100000000000000e+02  -2.1283098919005301e+00
   3.2200000000000000e+02  -2.3808811722285599e+00
   3.2300000000000000e+02  -2.9375925747897198e+00
   3.2400000000000000e+02  -3.1087864710470301e+00
   3.2500000000000000e+02  -3.1304450429437898e+00
   3.2600000000000000e+02  -3.2329032522109902e+00
   3.2700000000000000e+02  -3.7055912626121299e+00
   3.2800000000000000e+02  -3.7929996065251101e+00
   3.2900000000000000e+02  -3.9475585329396501e+00
   3.3000000000000000e+02  -4.1179844310730296e+00
   3.3100000000000000e+02  -4.3691558755256503e+00
   3.3200000000000000e+02  -4.4367294025290596e+00
   3.3300000000000000e+02  -4.2672784860400297e+00
   3.3400000000000000e+02  -4.4904233057138896e+00
   3.3500000000000000e+02  -4.8102812137347799e+00
   3.3600000000000000e+02  -5.4176452805372302e+00
   3.3700000000000000e+02  -6.2055030975952103e+00
   3.3800000000000000e+02  -6.1509957926739798e+00
   3.3900000000000000e+02  -6.7092697322683401e+00
   3.4000000000000000e+02  -6.6172205098640600e+00
   3.4100000000000000e+02  -6.5983168893671200e+00
   3.4200000000000000e+02  -6.7235337439462404e+00
   3.4300000000000000e+02  -7.2410735993607700e+00
   3.4400000000000000e+02  -7.6139784012671896e+00
   3.4500000000000000e+02  -7.5699218250809901e+00
   3.4600000000000000e+02  -7.7748527722985301e+00
   3.4700000000000000e+02  -8.1804170299967396e+00
   3.4800000000000000e+02  -8.1221999605796302e+00
   3.4900000000000000e+02  -8.2337384852822293e+00
   3.5000000000000000e+02  -8.3524047636129293e+00
   3.5100000000000000e+02  -8.4465027944281399e+00
   3.5200000000000000e+02  -8.6826580432840501e+00
   3.5300000000000000e+02  -8.5272925344773203e+00
   3.5400000000000000e+02  -9.1694566404349303e+00
   3.5500000000000000e+02  -9.5394404886737103e+00
   3.5600000000000000e+02  -9.7024580526459108e+00
   3.5700000000000000e+02  -1.0070064216891900e+01
   3.5800000000000000e+02  -1.0583969089707400e+01
   3.5900000000000000e+02  -1.0578450752558100e+01
   3.6000000000000000e+02  -1.1460618164201600e+01
   3.6100000000000000e+02  -1.1680574818426701e+01
   3.6200000000000000e+02  -1.1696372348062500e+01
   3.6300000000000000e+02  -1.2553102334756201e+01
   3.6400000000000000e+02  -1.3307935053737101e+01
   3.6500000000000000e+02  -1.3335306884571200e+01
   3.6600000000000000e+02  -1.3640434235470099e+01
   3.6700000000000000e+02  -1.3596546301575700e+01
   3.6800000000000000e+02  -1.4587789736766100e+01
   3.6900000000000000e+02  -1.5288523211132301e+01
   3.7000000000000000e+02  -1.5735458899922000e+01
   3.7100000000000000e+02  -1.6013359103747000e+01
   3.7200000000000000e+02  -1.6089182082364200e+01
   3.7300000000000000e+02  -1.7034407233974100e+01
   3.7400000000000000e+02  -1.7350966100678999e+01
   3.7500000000000000e+02  -1.7293575564130201e+01
   3.7600000000000000e+02  -1.7071916423568702e+01
   3.7700000000000000e+02  -1.7930721796245699e+01
   3.7800000000000000e+02  -1.8486903711347299e+01
   3.7900000000000000e+02  -1.8786576997857200e+01
   3.8000000000000000e+02  -1.9093381747113600e+01
   3.8100000000000000e+02  -1.9440708611934500e+01
   3.8200000000000000e+02  -1.9874585433443599e+01
   3.8300000000000000e+02  -2.0045259479763100e+01
   3.8400000000000000e+02  -2.0751121914981301e+01
   3.8500000000000000e+02  -2.1708093979169199e+01
   3.8600000000000000e+02  -2.2515023114961000e+01
   3.8700000000000000e+02  -2.2727099087289499e+01
   3.8800000000000000e+02  -2.2461283374685600e+01
   3.8900000000000000e+02  -2.3004373595460201e+01
   3.9000000000000000e+02  -2.3229382318359100e+01
   3.9100000000000000e+02  -2.3321509544452301e+01
   3.9200000000000000e+02  -2.3467718314952300e+01
   3.9300000000000000e+02  -2.4252690398715501e+01
   3.9400000000000000e+02  -2.5365643354241300e+01
   3.9500000000000000e+02  -2.5840244606134299e+01
   3.9600000000000000e+02  -2.6282163655965601e+01
   3.9700000000000000e+02  -2.6588205336076200e+01
   3.9800000000000000e+02  -2.6874996198325000e+01
   3.9900000000000000e+02  -2.7257481513311600e+01
   4.0000000000000000e+02  -2.7482628485833601e+01
   4.0100000000000000e+02  -2.8152376558599801e+01
   4.0200000000000000e+02  -2.8978357492864301e+01
   4.0300000000000000e+02  -2.9101999237082101e+01
   4.0400000000000000e+02  -2.9707143454011302e+01
   4.0500000000000000e+02  -2.9765085441990902e+01
   4.0600000000000000e+02  -3.0417909215080499e+01
   4.0700000000000000e+02  -3.0824004090530799e+01
   4.0800000000000000e+02  -3.1659085183384200e+01
   4.0900000000000000e+02  -3.1969849308434100e+01
   4.1000000000000000e+02  -3.1974891355337100e+01
   4.1100000000000000e+02  -3.2550221269929899e+01
   4.1200000000000000e+02  -3.2684831314456297e+01
   4.1300000000000000e+02  -3.3419706945901702e+01
   4.1400000000000000e+02  -3.4030607348756398e+01
   4.1500000000000000e+02  -3.4441279927271999e+01
   4.1600000000000000e+02  -3.5557395057216603e+01
   4.1700000000000000e+02  -3.5588856909999897e+01
   4.1800000000000000e+02  -3.5857785813923499e+01
   4.1900000000000000e+02  -3.6503790399797502e+01
   4.2000000000000000e+02  -3.7535030816360702e+01
   4.2100000000000000e+02  -3.7893492206117799e+01
   4.2200000000000000e+02  -3.8162360966973402e+01
   4.2300000000000000e+02  -3.8402518573111401e+01
   4.2400000000000000e+02  -3.8496747879067101e+01
   4.2500000000000000e+02  -3.8682453977517902e+01
   4.2600000000000000e+02  -3.8774074342756599e+01
   4.2700000000000000e+02  -3.9192626682036497e+01
   4.2800000000000000e+02  -4.0148500953665000e+01
   4.2900000000000000e+02  -4.1245759062459300e+01
   4.3000000000000000e+02  -4.1643506591451903e+01
   4.3100000000000000e+02  -4.2042414173751901e+01
   4.3200000000000000e+02  -4.2259764602925500e+01
   4.3300000000000000e+02  -4.2809315072873602e+01
   4.3400000000000000e+02  -4.3264601494254002e+01
   4.3500000000000000e+02  -4.3759345090998799e+01
   4.3600000000000000e+02  -4.4269491534831900e+01
   4.3700000000000000e+02  -4.4751723268313299e+01
   4.3800000000000000e+02  -4.4952086079122900e+01
   4.3900000000000000e+02  -4.4936610351664498e+01
   4.4000000000000000e+02  -4.4987025034669102e+01
   4.4100000000000000e+02  -4.5192529884640201e+01
   4.4200000000000000e+02  -4.4987015931348097e+01
   4.4300000000000000e+02  -4.5863508562359200e+01
   4.4400000000000000e+02  -4.6641789830333700e+01
   4.4500000000000000e+02  -4.6796965221547701e+01
   4.4600000000000000e+02  -4.7577051897162001e+01
   4.4700000000000000e+02  -4.7656015664937598e+01
   4.4800000000000000e+02  -4.8158355579841903e+01
   4.4900000000000000e+02  -4.8548070808392502e+01
   4.5000000000000000e+02  -4.8742921011035897e+01
   4.5100000000000000e+02  -4.8845512460580899e+01
   4.5200000000000000e+02  -4.9705613953526502e+01
   4.5300000000000000e+02  -5.0496567533841400e+01
   4.5400000000000000e+02  -5.1231048826374298e+01
   4.5500000000000000e+02  -5.2006493176135301e+01
   4.5600000000000000e+02  -5.1795477584044697e+01
   4.5700000000000000e+02  -5.2375138518183398e+01
   4.5800000000000000e+02  -5.2832037929726397e+01
   4.5900000000000000e+02  -5.3287184660711098e+01
   4.6000000000000000e+02  -5.4046483084205001e+01
   4.6100000000000000e+02  -5.4461660367942102e+01
   4.6200000000000000e+02  -5.4635905141523502e+01
   4.6300000000000000e+02  -5.5216022198904000e+01
   4.6400000000000000e+02  -5.5694576952596101e+01
   4.6500000000000000e+02  -5.5925573055157898e+01
   4.6600000000000000e+02  -5.6159158293136599e+01
   4.6700000000000000e+02  -5.6885633149851301e+01
   4.6800000000000000e+02  -5.7470079080234200e+01
   4.6900000000000000e+02  -5.7952485315740397e+01
   4.7000000000000000e+02  -5.8545010727540401e+01
   4.7100000000000000e+02  -5.8924297757429301e+01
   4.7200000000000000e+02  -5.9079818820492903e+01
   4.7300000000000000e+02  -5.9407605973162397e+01
   4.7400000000000000e+02  -6.0117456065158699e+01
   4.7500000000000000e+02  -6.0738272430458601e+01
   4.7600000000000000e+02  -6.0892963500599997e+01
   4.7700000000000000e+02  -6.1261204243545698e+01
   4.7800000000000000e+02  -6.1608914668991403e+01
   4.7900000000000000e+02  -6.1936286793792199e+01
   4.8000000000000000e+02  -6.2409814175003099e+01
   4.8100000000000000e+02  -6.2623291738075700e+01
   4.8200000000000000e+02  -6.2331031276164801e+01
   4.8300000000000000e+02  -6.3010497483600098e+01
   4.8400000000000000e+02  -6.3444017381856298e+01
   4.8500000000000000e+02  -6.4072687196541693e+01
   4.8600000000000000e+02  -6.4844165082997407e+01
   4.8700000000000000e+02  -6.5044063637116807e+01
   4.8800000000000000e+02  -6.5537371643468603e+01
   4.8900000000000000e+02  -6.5485003790693796e+01
   4.9000000000000000e+02  -6.5480751484496494e+01
   4.9100000000000000e+02  -6.5657827483227706e+01
   4.9200000000000000e+02  -6.6508252099793907e+01
   4.9300000000000000e+02  -6.6375191573370103e+01
   4.9400000000000000e+02  -6.7014722005072699e+01
   4.9500000000000000e+02  -6.7412645680089398e+01
   4.9600000000000000e+02  -6.7248510629361604e+01
   4.9700000000000000e+02  -6.7689759315682394e+01
   4.9800000000000000e+02  -6.7441150149468299e+01
   4.9900000000000000e+02  -6.7816422075797007e+01
   5.0000000000000000e+02  -6.8313047860922495e+01
   5.0100000000000000e+02  -6.8426807367140100e+01
   5.0200000000000000e+02  -6.8131311678015393e+01
   5.0300000000000000e+02  -6.8388448632246195e+01
   5.0400000000000000e+02  -6.8417474646330803e+01
   5.0500000000000000e+02  -6.8424969504101298e+01
   5.0600000000000000e+02  -6.8409560271284604e+01
   5.0700000000000000e+02  -6.8532988277133200e+01
   5.0800000000000000e+02  -6.8875878479565799e+01
   5.0900000000000000e+02  -6.9453845667305103e+01
   5.1000000000000000e+02  -7.0326939074690799e+01
   5.1100000000000000e+02  -7.0296436944834397e+01
   5.1200000000000000e+02  -7.1000545198509300e+01
   5.1300000000000000e+02  -7.0484600988461395e+01
   5.1400000000000000e+02  -7.0864665947827504e+01
   5.1500000000000000e+02  -7.0864249599341406e+01
   5.1600000000000000e+02  -7.0935022474817799e+01
   5.1700000000000000e+02  -7.0926760360975507e+01
   5.1800000000000000e+02  -7.1420002358238193e+01
   5.1900000000000000e+02  -7.1827361284141006e+01
   5.2000000000000000e+02  -7.1993088790052198e+01
   5.2100000000000000e+02  -7.2172236062940598e+01
   5.2200000000000000e+02  -7.2099940335012207e+01
   5.2300000000000000e+02  -7.2203395809663704e+01
   5.2400000000000000e+02  -7.2512687823918000e+01
   5.2500000000000000e+02  -7.2340566347428407e+01
   5.2600000000000000e+02  -7.1997598751398897e+01
   5.2700000000000000e+02  -7.2296443741584298e+01
   5.2800000000000000e+02  -7.2371691666335394e+01
   5.2900000000000000e+02  -7.1826104859697296e+01
   5.3000000000000000e+02  -7.2249912930706600e+01
   5.3100000000000000e+02  -7.2369166872675095e+01
   5.3200000000000000e+02  -7.2155192748507403e+01
   5.3300000000000000e+02  -7.2229517972376996e+01
   5.3400000000000000e+02  -7.2618113828854405e+01
   5.3500000000000000e+02  -7.3475630181516394e+01
   5.3600000000000000e+02  -7.4271288601238993e+01
   5.3700000000000000e+02  -7.4931122911191494e+01
   5.3800000000000000e+02  -7.5379421500121893e+01
   5.3900000000000000e+02  -7.5511214613682100e+01
   5.4000000000000000e+02  -7.5082166170740194e+01
   5.4100000000000000e+02  -7.5287486358124895e+01
   5.4200000000000000e+02  -7.5382493782648794e+01
   5.4300000000000000e+02  -7.5227303247281100e+01
   5.4400000000000000e+02  -7.5500733159183298e+01
   5.4500000000000000e+02  -7.5197735315855397e+01
   5.4600000000000000e+02  -7.5206543251019696e+01
   5.4700000000000000e+02  -7.5309233110288503e+01
   5.4800000000000000e+02  -7.5175584634744098e+01
   5.4900000000000000e+02  -7.5274436774763302e+01
   5.5000000000000000e+02  -7.5203143196131407e+01
   5.5100000000000000e+02  -7.5604195174364904e+01
   5.5200000000000000e+02  -7.5884483040752997e+01
   5.5300000000000000e+02  -7.5876887774273797e+01
   5.5400000000000000e+02  -7.5834229868519898e+01
   5.5500000000000000e+02  -7.4983234859184606e+01
   5.5600000000000000e+02  -7.5346432510715701e+01
   5.5700000000000000e+02  -7.5129132822402497e+01
   5.5800000000000000e+02  -7.5167192471350504e+01
   5.5900000000000000e+02  -7.5462179395447507e+01
   5.6000000000000000e+02  -7.5786372670974302e+01
   5.6100000000000000e+02  -7.6269815813535700e+01
   5.6200000000000000e+02  -7.6529744770407603e+01
   5.6300000000000000e+02  -7.6545285451780302e+01
   5.6400000000000000e+02  -7.6505208552822495e+01
   5.6500000000000000e+02  -7.6514711265005005e+01
   5.6600000000000000e+02  -7.6912248402934907e+01
   5.6700000000000000e+02  -7.7209148710033602e+01
   5.6800000000000000e+02  -7.6856657207452599e+01
   5.6900000000000000e+02  -7.6931385088867202e+01
   5.7000000000000000e+02  -7.6862970333251297e+01
   5.7100000000000000e+02  -7.7189904457735594e+01
   5.7200000000000000e+02  -7.7521529132714804e+01
   5.7300000000000000e+02  -7.7948143169330294e+01
   5.7400000000000000e+02  -7.8213381723563899e+01
   5.7500000000000000e+02  -7.7745567485241196e+01
   5.7600000000000000e+02  -7.7703315820220993e+01
   5.7700000000000000e+02  -7.7539842382352205e+01
   5.7800000000000000e+02  -7.7824543596625205e+01
   5.7900000000000000e+02  -7.7153269189123293e+01
   5.8000000000000000e+02  -7.7026475656322305e+01
   5.8100000000000000e+02  -7.7208512701233801e+01
   5.8200000000000000e+02  -7.7585989933138407e+01
   5.8300000000000000e+02  -7.7144979622504394e+01
   5.8400000000000000e+02  -7.6783950031887500e+01
   5.8500000000000000e+02  -7.6609803760654003e+01
   5.8600000000000000e+02  -7.6564633915559696e+01
   5.8700000000000000e+02  -7.6260090494880103e+01
   5.8800000000000000e+02  -7.6301671254593600e+01
   5.8900000000000000e+02  -7.6260173370960004e+01
   5.9000000000000000e+02  -7.6102418371477498e+01
   5.9100000000000000e+02  -7.6351585424141504e+01
   5.9200000000000000e+02  -7.6641380350450305e+01
   5.9300000000000000e+02  -7.6353157808875395e+01
   5.9400000000000000e+02  -7.6177743004089393e+01
   5.9500000000000000e+02  -7.6075223730923895e+01
   5.9600000000000000e+02  -7.5897112874674093e+01
   5.9700000000000000e+02  -7.5836479336390994e+01
   5.9800000000000000e+02  -7.5556742129091305e+01
   5.9900000000000000e+02  -7.5597381743887098e+01
   6.0000000000000000e+02  -7.5656679658661403e+01
   6.0100000000000000e+02  -7.5514299119868994e+01
   6.0200000000000000e+02  -7.5292753228668403e+01
   6.0300000000000000e+02  -7.5182971182373905e+01
   6.0400000000000000e+02  -7.4487028607823305e+01
   6.0500000000000000e+02  -7.4397167702837606e+01
   6.0600000000000000e+02  -7.4137425967463003e+01
   6.0700000000000000e+02  -7.4374312990226798e+01
   6.0800000000000000e+02  -7.4877432556217400e+01
   6.0900000000000000e+02  -7.4963262974908901e+01
   6.1000000000000000e+02  -7.4913072780668301e+01
   6.1100000000000000e+02  -7.4974745207463698e+01
   6.1200000000000000e+02  -7.4826173854950000e+01
   6.1300000000000000e+02  -7.4543102952652106e+01
   6.1400000000000000e+02  -7.4134715817718202e+01
   6.1500000000000000e+02  -7.4090104894036699e+01
   6.1600000000000000e+02  -7.3967540304359503e+01
   6.1700000000000000e+02  -7.3677193336746001e+01
   6.1800000000000000e+02  -7.4207297666556499e+01
   6.1900000000000000e+02  -7.4622764151686994e+01
   6.2000000000000000e+02  -7.4878630657982001e+01
   6.2100000000000000e+02  -7.4694909992597502e+01
   6.2200000000000000e+02  -7.4948414263308607e+01
   6.2300000000000000e+02  -7.5033810546121103e+01
   6.2400000000000000e+02  -7.5250902732556497e+01
   6.2500000000000000e+02  -7.5648170090421402e+01
   6.2600000000000000e+02  -7.5695761251132694e+01
   6.2700000000000000e+02  -7.5888688154716107e+01
   6.2800000000000000e+02  -7.6009404619474097e+01
   6.2900000000000000e+02  -7.6153158376242601e+01
   6.3000000000000000e+02  -7.6035128817843798e+01
   6.3100000000000000e+02  -7.5632438161779305e+01
   6.3200000000000000e+02  -7.5735636978028793e+01
   6.3300000000000000e+02  -7.5172370405092394e+01
   6.3400000000000000e+02  -7.4928812846418694e+01
   6.3500000000000000e+02  -7.5310111727918297e+01
   6.3600000000000000e+02  -7.5355234011429303e+01
   6.3700000000000000e+02  -7.5040231837512394e+01
   6.3800000000000000e+02  -7.4919190392129295e+01
   6.3900000000000000e+02  -7.5021338682030603e+01
   6.4000000000000000e+02  -7.4585612245603897e+01
   6.4100000000000000e+02  -7.4413902820347403e+01
   6.4200000000000000e+02  -7.4215597926721500e+01
   6.4300000000000000e+02  -7.3994039543021401e+01
   6.4400000000000000e+02  -7.3779011238171094e+01
   6.4500000000000000e+02  -7.3826481749753199e+01
   6.4600000000000000e+02  -7.3808632369477905e+01
   6.4700000000000000e+02  -7.4142001539491304e+01
   6.4800000000000000e+02  -7.4173455313675404e+01
   6.4900000000000000e+02  -7.4401567209164497e+01
   6.5000000000000000e+02  -7.4914076663427494e+01
   6.5100000000000000e+02  -7.4984548811740893e+01
   6.5200000000000000e+02  -7.4536408498219402e+01
   6.5300000000000000e+02  -7.4446089648646605e+01
   6.5400000000000000e+02  -7.4497578453724998e+01
   6.5500000000000000e+02  -7.4557919805374297e+01
   6.5600000000000000e+02  -7.4546248883289394e+01
   6.5700000000000000e+02  -7.4812124497768494e+01
   6.5800000000000000e+02  -7.5463994487939999e+01
   6.5900000000000000e+02  -7.5556283072085293e+01
   6.6000000000000000e+02  -7.5657217799434406e+01
   6.6100000000000000e+02  -7.5304041489641193e+01
   6.6200000000000000e+02  -7.5192537576827306e+01
   6.6300000000000000e+02  -7.5341504276816494e+01
   6.6400000000000000e+02  -7.5438338459438796e+01
   6.6500000000000000e+02  -7.5535206022601301e+01
   6.6600000000000000e+02  -7.5303199630987095e+01
   6.6700000000000000e+02  -7.5092261051936106e+01
   6.6800000000000000e+02  -7.4993222003607400e+01
   6.6900000000000000e+02  -7.5421175284738794e+01
   6.7000000000000000e+02  -7.4972634144735906e+01
   6.7100000000000000e+02  -7.5052653083737098e+01
   6.7200000000000000e+02  -7.5048208964684207e+01
   6.7300000000000000e+02  -7.5624552043069301e+01
   6.7400000000000000e+02  -7.4751467842045400e+01
   6.7500000000000000e+02  -7.4564644250260002e+01
   6.7600000000000000e+02  -7.4597424515979398e+01
   6.7700000000000000e+02  -7.4916113387029498e+01
   6.7800000000000000e+02  -7.4717547727150802e+01
   6.7900000000000000e+02  -7.4920601634972996e+01
   6.8000000000000000e+02  -7.4527173280208800e+01
   6.8100000000000000e+02  -7.4453625114673400e+01
   6.8200000000000000e+02  -7.4831592101091104e+01
   6.8300000000000000e+02  -7.4742624419250504e+01
   6.8400000000000000e+02  -7.4791870610911801e+01
   6.8500000000000000e+02  -7.5085345345686406e+01
   6.8600000000000000e+02  -7.4670377543700795e+01
   6.8700000000000000e+02  -7.4003316211519007e+01
   6.8800000000000000e+02  -7.3200144672939700e+01
   6.8900000000000000e+02  -7.2890955129300195e+01
   6.9000000000000000e+02  -7.2785149835738096e+01
   6.9100000000000000e+02  -7.2824315439501305e+01
   6.9200000000000000e+02  -7.3044621178147807e+01
   6.9300000000000000e+02  -7.2820595083321706e+01
   6.9400000000000000e+02  -7.2913727147329993e+01
   6.9500000000000000e+02  -7.3059934003227497e+01
   6.9600000000000000e+02  -7.3358503627885597e+01
   6.9700000000000000e+02  -7.2833642799929606e+01
   6.9800000000000000e+02  -7.2861804049861206e+01
   6.9900000000000000e+02  -7.3077196405663500e+01
   7.0000000000000000e+02  -7.3199369577821500e+01
   7.0100000000000000e+02  -7.3050231441063502e+01
   7.0200000000000000e+02  -7.3118003427832093e+01
   7.0300000000000000e+02  -7.3093496145724401e+01
   7.0400000000000000e+02  -7.2916444400521698e+01
   7.0500000000000000e+02  -7.3159057585393896e+01
   7.0600000000000000e+02  -7.2976048117924094e+01
   7.0700000000000000e+02  -7.3237503103274406e+01
   7.0800000000000000e+02  -7.3190486710821702e+01
   7.0900000000000000e+02  -7.3440778852355805e+01
   7.1000000000000000e+02  -7.3674318489985097e+01
   7.1100000000000000e+02  -7.3829850746830900e+01
   7.1200000000000000e+02  -7.3914773570290606e+01
   7.1300000000000000e+02  -7.3679210700702001e+01
   7.1400000000000000e+02  -7.3811670364915003e+01
   7.1500000000000000e+02  -7.3690081697260197e+01
   7.1600000000000000e+02  -7.3681517991642295e+01
   7.1700000000000000e+02  -7.3939554351589194e+01
   7.1800000000000000e+02  -7.3712453526934993e+01
   7.1900000000000000e+02  -7.3651259128840806e+01
   7.2000000000000000e+02  -7.3706782094651999e+01
   7.2100000000000000e+02  -7.3634698928275299e+01
   7.2200000000000000e+02  -7.3858541775640205e+01
   7.2300000000000000e+02  -7.3786763053241302e+01
   7.2400000000000000e+02  -7.3167441550067593e+01
   7.2500000000000000e+02  -7.3457984743265499e+01
   7.2600000000000000e+02  -7.3407242676227298e+01
   7.2700000000000000e+02  -7.3151658525366997e+01
   7.2800000000000000e+02  -7.3142154567983297e+01
   7.2900000000000000e+02  -7.3692796355184100e+01
   7.3000000000000000e+02  -7.3345110382161096e+01
   7.3100000000000000e+02  -7.3347723435219194e+01
   7.3200000000000000e+02  -7.3683630020814604e+01
   7.3300000000000000e+02  -7.3190257348681499e+01
   7.3400000000000000e+02  -7.3236133330290002e+01
   7.3500000000000000e+02  -7.2879994985591907e+01
   7.3600000000000000e+02  -7.2485073452336394e+01
   7.3700000000000000e+02  -7.2566757512168707e+01
   7.3800000000000000e+02  -7.1895406145458907e+01
   7.3900000000000000e+02  -7.2080614301113798e+01
   7.4000000000000000e+02  -7.1506789383250904e+01
   7.4100000000000000e+02  -7.1667083734562297e+01
   7.4200000000000000e+02  -7.1510180974037695e+01
   7.4300000000000000e+02  -7.1380433673895197e+01
   7.4400000000000000e+02  -7.1371754207899102e+01
   7.4500000000000000e+02  -7.1505365884557904e+01
   7.4600000000000000e+02  -7.2133015214870397e+01
   7.4700000000000000e+02  -7.2874275129867598e+01
   7.4800000000000000e+02  -7.2792498121287096e+01
   7.4900000000000000e+02  -7.2504923474574298e+01
   7.5000000000000000e+02  -7.2507891401032396e+01
   7.5100000000000000e+02  -7.2009540920810394e+01
   7.5200000000000000e+02  -7.2070158036329900e+01
   7.5300000000000000e+02  -7.2320473092930001e+01
   7.5400000000000000e+02  -7.2280141139435301e+01
   7.5500000000000000e+02  -7.1853552017086102e+01
   7.5600000000000000e+02  -7.2035557588933798e+01
   7.5700000000000000e+02  -7.1671653783689493e+01
   7.5800000000000000e+02  -7.2124557289433895e+01
   7.5900000000000000e+02  -7.1991645303668193e+01
   7.6000000000000000e+02  -7.1828175971595599e+01
   7.6100000000000000e+02  -7.2138302286951500e+01
   7.6200000000000000e+02  -7.2176682320230796e+01
   7.6300000000000000e+02  -7.2171678508962600e+01
   7.6400000000000000e+02  -7.1716317251780296e+01
   7.6500000000000000e+02  -7.1623234199559306e+01
   7.6600000000000000e+02  -7.2072676036833499e+01
   7.6700000000000000e+02  -7.2612858257817393e+01
   7.6800000000000000e+02  -7.2559962019941096e+01
   7.6900000000000000e+02  -7.2672643445037494e+01
   7.7000000000000000e+02  -7.2705991786392005e+01
   7.7100000000000000e+02  -7.2447956793532299e+01
   7.7200000000000000e+02  -7.2965277715064303e+01
   7.7300000000000000e+02  -7.3128801251791700e+01
   7.7400000000000000e+02  -7.3365649725574002e+01
   7.7500000000000000e+02  -7.3848281383897501e+01
   7.7600000000000000e+02  -7.4302215288681893e+01
   7.7700000000000000e+02  -7.4754071104694702e+01
   7.7800000000000000e+02  -7.4911873120693400e+01
   7.7900000000000000e+02  -7.4832319729342998e+01
   7.8000000000000000e+02  -7.5015056456469495e+01
   7.8100000000000000e+02  -7.5061094494526699e+01
   7.8200000000000000e+02  -7.4930818889905197e+01
   7.8300000000000000e+02  -7.5229494402028806e+01
   7.8400000000000000e+02  -7.5297162182572805e+01
   7.8500000000000000e+02  -7.5104494166273597e+01
   7.8600000000000000e+02  -7.5111395140912805e+01
   7.8700000000000000e+02  -7.4296084727825402e+01
   7.8800000000000000e+02  -7.4445678093521295e+01
   7.8900000000000000e+02  -7.4198510647548503e+01
   7.9000000000000000e+02  -7.4116352810236407e+01
   7.9100000000000000e+02  -7.4243181691551499e+01
   7.9200000000000000e+02  -7.3578374613675194e+01
   7.9300000000000000e+02  -7.3773268537446597e+01
   7.9400000000000000e+02  -7.3847965978785595e+01
   7.9500000000000000e+02  -7.3807424406228293e+01
   7.9600000000000000e+02  -7.3594681010965004e+01
   7.9700000000000000e+02  -7.3124756342684904e+01
   7.9800000000000000e+02  -7.2671839546710601e+01
   7.9900000000000000e+02  -7.2939022144124394e+01
   8.0000000000000000e+02  -7.3211598877494595e+01
   8.0100000000000000e+02  -7.3198370188141595e+01
   8.0200000000000000e+02  -7.2435656698929407e+01
   8.0300000000000000e+02  -7.2308919363254205e+01
   8.0400000000000000e+02  -7.2844891237173002e+01
   8.0500000000000000e+02  -7.2849024803714798e+01
   8.0600000000000000e+02  -7.2734931647093305e+01
   8.0700000000000000e+02  -7.3540988867550794e+01
   8.0800000000000000e+02  -7.3436765197576605e+01
   8.0900000000000000e+02  -7.3599900948811793e+01
   8.1000000000000000e+02  -7.3915050087745300e+01
   8.1100000000000000e+02  -7.3281900923302501e+01
   8.1200000000000000e+02  -7.3379870212252300e+01
   8.1300000000000000e+02  -7.3412144766682601e+01
   8.1400000000000000e+02  -7.3705183102842696e+01
   8.1500000000000000e+02  -7.3702927424875497e+01
   8.1600000000000000e+02  -7.3576608156333705e+01
   8.1700000000000000e+02  -7.3352303765861095e+01
   8.1800000000000000e+02  -7.2949095892309700e+01
   8.1900000000000000e+02  -7.3410364559493303e+01
   8.2000000000000000e+02  -7.3517882655438697e+01
   8.2100000000000000e+02  -7.3586972003977806e+01
   8.2200000000000000e+02  -7.3414882728614202e+01
   8.2300000000000000e+02  -7.3194357764833200e+01
   8.2400000000000000e+02  -7.3137740932129404e+01
   8.2500000000000000e+02  -7.2984285655555098e+01
   8.2600000000000000e+02  -7.2913119961335994e+01
   8.2700000000000000e+02  -7.3029332993763106e+01
   8.2800000000000000e+02  -7.3192085500564204e+01
   8.2900000000000000e+02  -7.3216743992192306e+01
   8.3000000000000000e+02  -7.2877747694954095e+01
   8.3100000000000000e+02  -7.2907324983652003e+01
   8.3200000000000000e+02  -7.3008226232565903e+01
   8.3300000000000000e+02  -7.2800637790784194e+01
   8.3400000000000000e+02  -7.2313269239138293e+01
   8.3500000000000000e+02  -7.2116803375652196e+01
   8.3600000000000000e+02  -7.2344663061572305e+01
   8.3700000000000000e+02  -7.2410571058179301e+01
   8.3800000000000000e+02  -7.2405906121457505e+01
   8.3900000000000000e+02  -7.2642551313527903e+01
   8.4000000000000000e+02  -7.3171686939636302e+01
   8.4100000000000000e+02  -7.3172284039308494e+01
   8.4200000000000000e+02  -7.2879801494357494e+01
   8.4300000000000000e+02  -7.2723471060916395e+01
   8.4400000000000000e+02  -7.2758566876823593e+01
   8.4500000000000000e+02  -7.2449445935661501e+01
   8.4600000000000000e+02  -7.2348461407688902e+01
   8.4700000000000000e+02  -7.2157983054381106e+01
   8.4800000000000000e+02  -7.1963445715621901e+01
   8.4900000000000000e+02  -7.1763745069408401e+01
   8.5000000000000000e+02  -7.2088943184749297e+01
   8.5100000000000000e+02  -7.2178638815469199e+01
   8.5200000000000000e+02  -7.2149578218739705e+01
   8.5300000000000000e+02  -7.2109021124845299e+01
   8.5400000000000000e+02  -7.2324217248995097e+01
   8.5500000000000000e+02  -7.2103662459545205e+01
   8.5600000000000000e+02  -7.2075881400832202e+01
   8.5700000000000000e+02  -7.1956374985279894e+01
   8.5800000000000000e+02  -7.1940062518543797e+01
   8.5900000000000000e+02  -7.1687611448886599e+01
   8.6000000000000000e+02  -7.1053584687381601e+01
   8.6100000000000000e+02  -7.1364718870233801e+01
   8.6200000000000000e+02  -7.1063306684786596e+01
   8.6300000000000000e+02  -7.1500913247833907e+01
   8.6400000000000000e+02  -7.1774583280318097e+01
   8.6500000000000000e+02  -7.1312001050794606e+01
   8.6600000000000000e+02  -7.1366526060461098e+01
   8.6700000000000000e+02  -7.1560234468267097e+01
   8.6800000000000000e+02  -7.1320429273293996e+01
   8.6900000000000000e+02  -7.0897806357343896e+01
   8.7000000000000000e+02  -7.0516261080026496e+01
   8.7100000000000000e+02  -7.0648047780889002e+01
   8.7200000000000000e+02  -7.0240164360546601e+01
   8.7300000000000000e+02  -7.0334923886841807e+01
   8.7400000000000000e+02  -6.9921611377400396e+01
   8.7500000000000000e+02  -6.9891859110398300e+01
   8.7600000000000000e+02  -7.0189991330481504e+01
   8.7700000000000000e+02  -6.9917312181595605e+01
   8.7800000000000000e+02  -6.9985209112661707e+01
   8.7900000000000000e+02  -7.0113787913072002e+01
   8.8000000000000000e+02  -6.9830679737128193e+01
   8.8100000000000000e+02  -6.9939322837909202e+01
   8.8200000000000000e+02  -7.0224559961674203e+01
   8.8300000000000000e+02  -7.0602160903056998e+01
   8.8400000000000000e+02  -7.0708784219283700e+01
   8.8500000000000000e+02  -7.0814592364988201e+01
   8.8600000000000000e+02  -7.0896711390467502e+01
   8.8700000000000000e+02  -7.0671308347762107e+01
   8.8800000000000000e+02  -7.1201649879026405e+01
   8.8900000000000000e+02  -7.1127733017579899e+01
   8.9000000000000000e+02  -7.0923861142282206e+01
   8.9100000000000000e+02  -7.0959168672739693e+01
   8.9200000000000000e+02  -7.0847925654158800e+01
   8.9300000000000000e+02  -7.1338510049907299e+01
   8.9400000000000000e+02  -7.1015009251812501e+01
   8.9500000000000000e+02  -7.1271120505960894e+01
   8.9600000000000000e+02  -7.1376145048748199e+01
   8.9700000000000000e+02  -7.1478035471178003e+01
   8.9800000000000000e+02  -7.1594235002525807e+01
   8.9900000000000000e+02  -7.1817694336803697e+01
   9.0000000000000000e+02  -7.1630731171799496e+01
   9.0100000000000000e+02  -7.1330434427045802e+01
   9.0200000000000000e+02  -7.1216943120550994e+01
   9.0300000000000000e+02  -7.0618269321423000e+01
   9.0400000000000000e+02  -7.0990609518073796e+01
   9.0500000000000000e+02  -7.1047135849976698e+01
   9.0600000000000000e+02  -7.0760259225225994e+01
   9.0700000000000000e+02  -7.0495487916523899e+01
   9.0800000000000000e+02  -7.0147529587254894e+01
   9.0900000000000000e+02  -6.9808882424712806e+01
   9.1000000000000000e+02  -6.9780404733606801e+01
   9.1100000000000000e+02  -6.9906281489016095e+01
   9.1200000000000000e+02  -6.9648345013117506e+01
   9.1300000000000000e+02  -6.9829628519801304e+01
   9.1400000000000000e+02  -6.9879680628389494e+01
   9.1500000000000000e+02  -7.0281465760344702e+01
   9.1600000000000000e+02  -6.9754889551865901e+01
   9.1700000000000000e+02  -6.9688440827003205e+01
   9.1800000000000000e+02  -6.9261053358283505e+01
   9.1900000000000000e+02  -6.9605811087983696e+01
   9.2000000000000000e+02  -6.9168805458645906e+01
   9.2100000000000000e+02  -6.8720069659083904e+01
   9.2200000000000000e+02  -6.8508649890598704e+01
   9.2300000000000000e+02  -6.8824155800070400e+01
   9.2400000000000000e+02  -6.9146122922422293e+01
   9.2500000000000000e+02  -6.8833424061305706e+01
   9.2600000000000000e+02  -6.8839659820212304e+01
   9.2700000000000000e+02  -6.8972853930525702e+01
   9.2800000000000000e+02  -6.8897211022187506e+01
   9.2900000000000000e+02  -6.8708798385868704e+01
   9.3000000000000000e+02  -6.8919398359191703e+01
   9.3100000000000000e+02  -6.8751444225598306e+01
   9.3200000000000000e+02  -6.8360192134621599e+01
   9.3300000000000000e+02  -6.8472828716162596e+01
   9.3400000000000000e+02  -6.8312023292936303e+01
   9.3500000000000000e+02  -6.8264819458065105e+01
   9.3600000000000000e+02  -6.8147918873391106e+01
   9.3700000000000000e+02  -6.7756882598023097e+01
   9.3800000000000000e+02  -6.7160941078813295e+01
   9.3900000000000000e+02  -6.7053842098530197e+01
   9.4000000000000000e+02  -6.6617351858132594e+01
   9.4100000000000000e+02  -6.6473785856154194e+01
   9.4200000000000000e+02  -6.6414668263869203e+01
   9.4300000000000000e+02  -6.5668983673678895e+01
   9.4400000000000000e+02  -6.5517428790539000e+01
   9.4500000000000000e+02  -6.5648928877292704e+01
   9.4600000000000000e+02  -6.5504350038585002e+01
   9.4700000000000000e+02  -6.5080610088322402e+01
   9.4800000000000000e+02  -6.4267329267362598e+01
   9.4900000000000000e+02  -6.3768345258866802e+01
   9.5000000000000000e+02  -6.3048313855332196e+01
   9.5100000000000000e+02  -6.2195215402283900e+01
   9.5200000000000000e+02  -6.1741348652089997e+01
   9.5300000000000000e+02  -6.1486052089092503e+01
   9.5400000000000000e+02  -6.0875200696906198e+01
   9.5500000000000000e+02  -5.9501826885338403e+01
   9.5600000000000000e+02  -5.7577993059100002e+01
   9.5700000000000000e+02  -5.5158312199699203e+01
   9.5800000000000000e+02  -4.9781623269089302e+01
   9.5900000000000000e+02  -3.3433679720045703e+01
   9.6000000000000000e+02  -1.0345262696617000e+01
