  -1.0000000000000000e+02  -7.3506329368815898e+01
  -9.9000000000000000e+01  -7.3359735998214006e+01
  -9.8000000000000000e+01  -7.3514912944602798e+01
  -9.7000000000000000e+01  -7.3285307520511395e+01
  -9.6000000000000000e+01  -7.2946473463337298e+01
  -9.5000000000000000e+01  -7.2747055552133702e+01
  -9.4000000000000000e+01  -7.2711980042292794e+01
  -9.3000000000000000e+01  -7.2983182980440702e+01
  -9.2000000000000000e+01  -7.3440301371333206e+01
  -9.1000000000000000e+01  -7.3292544234066398e+01
  -9.0000000000000000e+01  -7.3237288734685393e+01
  -8.9000000000000000e+01  -7.2970995409864798e+01
  -8.8000000000000000e+01  -7.3197788056988401e+01
  -8.7000000000000000e+01  -7.2932437515843503e+01
  -8.6000000000000000e+01  -7.3034476930719194e+01
  -8.5000000000000000e+01  -7.2615182028838007e+01
  -8.4000000000000000e+01  -7.2526959311760606e+01
  -8.3000000000000000e+01  -7.2302174909082495e+01
  -8.2000000000000000e+01  -7.2055593805048304e+01
  -8.1000000000000000e+01  -7.2574161096819594e+01
  -8.0000000000000000e+01  -7.2278518671934904e+01
  -7.9000000000000000e+01  -7.2471623553931593e+01
  -7.8000000000000000e+01  -7.2515995274584498e+01
  -7.7000000000000000e+01  -7.2668644271037707e+01
  -7.6000000000000000e+01  -7.2525989205543894e+01
  -7.5000000000000000e+01  -7.2240783989440899e+01
  -7.4000000000000000e+01  -7.2108117687910195e+01
  -7.3000000000000000e+01  -7.2248347532951499e+01
  -7.2000000000000000e+01  -7.1649878023161605e+01
  -7.1000000000000000e+01  -7.1964747436887606e+01
  -7.0000000000000000e+01  -7.2133338141848299e+01
  -6.9000000000000000e+01  -7.2517181126323507e+01
  -6.8000000000000000e+01  -7.1474406383764901e+01
  -6.7000000000000000e+01  -7.1396624808069106e+01
  -6.6000000000000000e+01  -7.1243258181398900e+01
  -6.5000000000000000e+01  -7.0914135680883405e+01
  -6.4000000000000000e+01  -7.1190006101332102e+01
  -6.3000000000000000e+01  -7.0773869881246100e+01
  -6.2000000000000000e+01  -7.1325159143096897e+01
  -6.1000000000000000e+01  -7.1071325831001303e+01
  -6.0000000000000000e+01  -7.1264025451980302e+01
  -5.9000000000000000e+01  -7.0875873276068901e+01
  -5.8000000000000000e+01  -7.0911359810296403e+01
  -5.7000000000000000e+01  -7.1052899647209799e+01
  -5.6000000000000000e+01  -7.0775515551092894e+01
  -5.5000000000000000e+01  -7.0856773200133304e+01
  -5.4000000000000000e+01  -7.0375840609571497e+01
  -5.3000000000000000e+01  -7.0145644988721600e+01
  -5.2000000000000000e+01  -7.0447014973310104e+01
  -5.1000000000000000e+01  -7.0032018017836407e+01
  -5.0000000000000000e+01  -6.9965702073175393e+01
  -4.9000000000000000e+01  -7.0001536647179506e+01
  -4.8000000000000000e+01  -6.9791665575192994e+01
  -4.7000000000000000e+01  -6.9404043123780497e+01
  -4.6000000000000000e+01  -6.9229294690700399e+01
  -4.5000000000000000e+01  -6.9478007770655395e+01
  -4.4000000000000000e+01  -6.9783887598849802e+01
  -4.3000000000000000e+01  -6.9685162131541802e+01
  -4.2000000000000000e+01  -6.9585591300195901e+01
  -4.1000000000000000e+01  -6.9196045932381296e+01
  -4.0000000000000000e+01  -6.9096328558703902e+01
  -3.9000000000000000e+01  -6.8877813545601398e+01
  -3.8000000000000000e+01  -6.8943509414802193e+01
  -3.7000000000000000e+01  -6.8705887242798397e+01
  -3.6000000000000000e+01  -6.8243409776481101e+01
  -3.5000000000000000e+01  -6.8023778112808401e+01
  -3.4000000000000000e+01  -6.7314838301497403e+01
  -3.3000000000000000e+01  -6.7395112934182706e+01
  -3.2000000000000000e+01  -6.7703452869012693e+01
  -3.1000000000000000e+01  -6.7429466812048403e+01
  -3.0000000000000000e+01  -6.7711756776571093e+01
  -2.9000000000000000e+01  -6.7764220436954105e+01
  -2.8000000000000000e+01  -6.7334992375889001e+01
  -2.7000000000000000e+01  -6.7544154237640797e+01
  -2.6000000000000000e+01  -6.6722737684231603e+01
  -2.5000000000000000e+01  -6.6698379898194901e+01
  -2.4000000000000000e+01  -6.7012244984192904e+01
  -2.3000000000000000e+01  -6.6935936024528999e+01
  -2.2000000000000000e+01  -6.7135375943419902e+01
  -2.1000000000000000e+01  -6.6780780230477703e+01
  -2.0000000000000000e+01  -6.6635408704134306e+01
  -1.9000000000000000e+01  -6.5832355992577703e+01
  -1.8000000000000000e+01  -6.5480360397047903e+01
  -1.7000000000000000e+01  -6.5421620490062395e+01
  -1.6000000000000000e+01  -6.5358795611948594e+01
  -1.5000000000000000e+01  -6.5037951328207100e+01
  -1.4000000000000000e+01  -6.4858215318621902e+01
  -1.3000000000000000e+01  -6.4380222635680397e+01
  -1.2000000000000000e+01  -6.3812958170839003e+01
  -1.1000000000000000e+01  -6.3367417410041803e+01
  -1.0000000000000000e+01  -6.2748531174389903e+01
  -9.0000000000000000e+00  -6.2153476104575503e+01
  -8.0000000000000000e+00  -6.1745012766314403e+01
  -7.0000000000000000e+00  -6.0973967555504302e+01
  -6.0000000000000000e+00  -5.9910925418779399e+01
  -5.0000000000000000e+00  -5.8922547866906001e+01
  -4.0000000000000000e+00  -5.7474709218960498e+01
  -3.0000000000000000e+00  -5.4603994025707301e+01
  -2.0000000000000000e+00  -4.9674389063597303e+01
  -1.0000000000000000e+00  -3.6585635598775497e+01
   0.0000000000000000e+00  -1.5877917509718500e+01
   1.0000000000000000e+00   7.2517380107213802e-01
   2.0000000000000000e+00   1.2348779425374699e+01
   3.0000000000000000e+00   1.8349291557717599e+01
   4.0000000000000000e+00   2.2080592135852299e+01
   5.0000000000000000e+00   2.3557150658208599e+01
   6.0000000000000000e+00   2.4843966174282102e+01
   7.0000000000000000e+00   2.5358606985044801e+01
   8.0000000000000000e+00   2.5704034215829001e+01
   9.0000000000000000e+00   2.5860635269875999e+01
   1.0000000000000000e+01   2.6150319397163500e+01
   1.1000000000000000e+01   2.6486461159788501e+01
   1.2000000000000000e+01   2.6803529809469499e+01
   1.3000000000000000e+01   2.6976519401575700e+01
   1.4000000000000000e+01   2.7338165516741501e+01
   1.5000000000000000e+01   2.7655584385241902e+01
   1.6000000000000000e+01   2.7969717280390700e+01
   1.7000000000000000e+01   2.8082117246629899e+01
   1.8000000000000000e+01   2.8624490820537002e+01
   1.9000000000000000e+01   2.8699980880679099e+01
   2.0000000000000000e+01   2.9014968981491400e+01
   2.1000000000000000e+01   2.9032370866102902e+01
   2.2000000000000000e+01   2.8828668933747501e+01
   2.3000000000000000e+01   2.8960901467763200e+01
   2.4000000000000000e+01   2.8921206554648599e+01
   2.5000000000000000e+01   2.8883698401172602e+01
   2.6000000000000000e+01   2.8987968199056599e+01
   2.7000000000000000e+01   2.9129648283626601e+01
   2.8000000000000000e+01   2.9471384842584701e+01
   2.9000000000000000e+01   2.9279984988427401e+01
   3.0000000000000000e+01   3.0065405473791898e+01
   3.1000000000000000e+01   3.0353208582196999e+01
   3.2000000000000000e+01   3.0203524124588199e+01
   3.3000000000000000e+01   3.0147195191332099e+01
   3.4000000000000000e+01   3.0548485617324999e+01
   3.5000000000000000e+01   3.1146941165950800e+01
   3.6000000000000000e+01   3.1015004178939900e+01
   3.7000000000000000e+01   3.0686855521521100e+01
   3.8000000000000000e+01   3.0259298851482800e+01
   3.9000000000000000e+01   2.9982392950676601e+01
   4.0000000000000000e+01   3.0434352277579301e+01
   4.1000000000000000e+01   3.0487946427882399e+01
   4.2000000000000000e+01   3.0572381318896799e+01
   4.3000000000000000e+01   3.0534521305637600e+01
   4.4000000000000000e+01   3.0466342973999499e+01
   4.5000000000000000e+01   3.0948064814120698e+01
   4.6000000000000000e+01   3.1023481019161199e+01
   4.7000000000000000e+01   3.0627071474251199e+01
   4.8000000000000000e+01   3.1315081277845302e+01
   4.9000000000000000e+01   3.2103321346512402e+01
   5.0000000000000000e+01   3.2664184529214900e+01
   5.1000000000000000e+01   3.2199498681613299e+01
   5.2000000000000000e+01   3.1847648435836199e+01
   5.3000000000000000e+01   3.2658751030268498e+01
   5.4000000000000000e+01   3.2694575100100998e+01
   5.5000000000000000e+01   3.2776961796539098e+01
   5.6000000000000000e+01   3.3163283762108200e+01
   5.7000000000000000e+01   3.3533057609635797e+01
   5.8000000000000000e+01   3.3628373026942299e+01
   5.9000000000000000e+01   3.3957543581332800e+01
   6.0000000000000000e+01   3.3748513692638397e+01
   6.1000000000000000e+01   3.4212230581182602e+01
   6.2000000000000000e+01   3.4725467670727902e+01
   6.3000000000000000e+01   3.5242319853090997e+01
   6.4000000000000000e+01   3.5714045736338697e+01
   6.5000000000000000e+01   3.5410222663052700e+01
   6.6000000000000000e+01   3.5589909292475603e+01
   6.7000000000000000e+01   3.5760754833165201e+01
   6.8000000000000000e+01   3.5918085626834099e+01
   6.9000000000000000e+01   3.6187723773824402e+01
   7.0000000000000000e+01   3.6193726855479497e+01
   7.1000000000000000e+01   3.5931627145656400e+01
   7.2000000000000000e+01   3.6248023756342299e+01
   7.3000000000000000e+01   3.6655638236318801e+01
   7.4000000000000000e+01   3.6569306533101603e+01
   7.5000000000000000e+01   3.6875995572248300e+01
   7.6000000000000000e+01   3.7050312774921899e+01
   7.7000000000000000e+01   3.6584414823124298e+01
   7.8000000000000000e+01   3.6200902838485000e+01
   7.9000000000000000e+01   3.6040079433585497e+01
   8.0000000000000000e+01   3.5838154674268402e+01
   8.1000000000000000e+01   3.6136029923883697e+01
   8.2000000000000000e+01   3.6866209153488597e+01
   8.3000000000000000e+01   3.6697844602800998e+01
   8.4000000000000000e+01   3.6471921583952103e+01
   8.5000000000000000e+01   3.6345019611796602e+01
   8.6000000000000000e+01   3.6315421902991297e+01
   8.7000000000000000e+01   3.6096650257296901e+01
   8.8000000000000000e+01   3.6106430481602899e+01
   8.9000000000000000e+01   3.6330811896295302e+01
   9.0000000000000000e+01   3.5950835674162697e+01
   9.1000000000000000e+01   3.5848172844903097e+01
   9.2000000000000000e+01   3.5702303172681503e+01
   9.3000000000000000e+01   3.6073393263678803e+01
   9.4000000000000000e+01   3.5949513609130300e+01
   9.5000000000000000e+01   3.5328023144362099e+01
   9.6000000000000000e+01   3.5170823584085198e+01
   9.7000000000000000e+01   3.4968918053092800e+01
   9.8000000000000000e+01   3.4939058751478200e+01
   9.9000000000000000e+01   3.5164500934047503e+01
   1.0000000000000000e+02   3.5617044679763403e+01
   1.0100000000000000e+02   3.5887276372245097e+01
   1.0200000000000000e+02   3.5474073379564302e+01
   1.0300000000000000e+02   3.5235270235505098e+01
   1.0400000000000000e+02   3.4976688237335203e+01
   1.0500000000000000e+02   3.5020225835391798e+01
   1.0600000000000000e+02   3.5799826908352102e+01
   1.0700000000000000e+02   3.6073122324183501e+01
   1.0800000000000000e+02   3.5853626530692800e+01
   1.0900000000000000e+02   3.5775238153832099e+01
   1.1000000000000000e+02   3.5820101207972002e+01
   1.1100000000000000e+02   3.6347155685063903e+01
   1.1200000000000000e+02   3.6675778363598901e+01
   1.1300000000000000e+02   3.6131337118485398e+01
   1.1400000000000000e+02   3.6735208192954900e+01
   1.1500000000000000e+02   3.6952551576807700e+01
   1.1600000000000000e+02   3.7256357102719100e+01
   1.1700000000000000e+02   3.6952099436730997e+01
   1.1800000000000000e+02   3.7319500750487499e+01
   1.1900000000000000e+02   3.6994106058677701e+01
   1.2000000000000000e+02   3.6717299027286501e+01
   1.2100000000000000e+02   3.6594930230374402e+01
   1.2200000000000000e+02   3.6160612398416397e+01
   1.2300000000000000e+02   3.6069796591820200e+01
   1.2400000000000000e+02   3.5993546908188797e+01
   1.2500000000000000e+02   3.6336086643252898e+01
   1.2600000000000000e+02   3.6126030906280803e+01
   1.2700000000000000e+02   3.5969908678987501e+01
   1.2800000000000000e+02   3.5985127224668403e+01
   1.2900000000000000e+02   3.5874095775801301e+01
   1.3000000000000000e+02   3.5952119500828900e+01
   1.3100000000000000e+02   3.6131137478254203e+01
   1.3200000000000000e+02   3.5875837285423998e+01
   1.3300000000000000e+02   3.5708794642058997e+01
   1.3400000000000000e+02   3.5760122058300098e+01
   1.3500000000000000e+02   3.5681699108166498e+01
   1.3600000000000000e+02   3.5359134709472698e+01
   1.3700000000000000e+02   3.5485763502042502e+01
   1.3800000000000000e+02   3.5004082812568697e+01
   1.3900000000000000e+02   3.4979639694700403e+01
   1.4000000000000000e+02   3.5255581402843802e+01
   1.4100000000000000e+02   3.5106092947441198e+01
   1.4200000000000000e+02   3.4817430130814401e+01
   1.4300000000000000e+02   3.4462343031473800e+01
   1.4400000000000000e+02   3.4163770915157102e+01
   1.4500000000000000e+02   3.3837240867763803e+01
   1.4600000000000000e+02   3.3692277936004601e+01
   1.4700000000000000e+02   3.3586554623410400e+01
   1.4800000000000000e+02   3.3581430880488398e+01
   1.4900000000000000e+02   3.3254389292038802e+01
   1.5000000000000000e+02   3.2905716635660497e+01
   1.5100000000000000e+02   3.2735046376652399e+01
   1.5200000000000000e+02   3.2472687629747000e+01
   1.5300000000000000e+02   3.2297061017151997e+01
   1.5400000000000000e+02   3.1917521223536198e+01
   1.5500000000000000e+02   3.1499411974166701e+01
   1.5600000000000000e+02   3.0934031912503102e+01
   1.5700000000000000e+02   3.0833934493457299e+01
   1.5800000000000000e+02   3.0611363567524300e+01
   1.5900000000000000e+02   3.0427706319158101e+01
   1.6000000000000000e+02   3.0259325499597999e+01
   1.6100000000000000e+02   2.9949646472700699e+01
   1.6200000000000000e+02   2.9967536809638101e+01
   1.6300000000000000e+02   2.9897960361772100e+01
   1.6400000000000000e+02   2.9115073999867100e+01
   1.6500000000000000e+02   2.9089808063962298e+01
   1.6600000000000000e+02   2.8783257815866399e+01
   1.6700000000000000e+02   2.8784316369307600e+01
   1.6800000000000000e+02   2.8344601561049000e+01
   1.6900000000000000e+02   2.7986330095660300e+01
   1.7000000000000000e+02   2.7896297457309799e+01
   1.7100000000000000e+02   2.8506195580880000e+01
   1.7200000000000000e+02   2.8233940751091399e+01
   1.7300000000000000e+02   2.8321924372921298e+01
   1.7400000000000000e+02   2.8393175503366901e+01
   1.7500000000000000e+02   2.8084389691471699e+01
   1.7600000000000000e+02   2.8188661124629402e+01
   1.7700000000000000e+02   2.8768093998926499e+01
   1.7800000000000000e+02   2.8373726384265801e+01
   1.7900000000000000e+02   2.8106768898723701e+01
   1.8000000000000000e+02   2.7639281325214700e+01
   1.8100000000000000e+02   2.7488248097492601e+01
   1.8200000000000000e+02   2.7597957514255398e+01
   1.8300000000000000e+02   2.7387478254529800e+01
   1.8400000000000000e+02   2.7147347052588799e+01
   1.8500000000000000e+02   2.7106387915800902e+01
   1.8600000000000000e+02   2.7449025207862999e+01
   1.8700000000000000e+02   2.7176886094217100e+01
   1.8800000000000000e+02   2.7166144250045100e+01
   1.8900000000000000e+02   2.6718436375281598e+01
   1.9000000000000000e+02   2.7240235775588300e+01
   1.9100000000000000e+02   2.6798490736175101e+01
   1.9200000000000000e+02   2.6190915363756400e+01
   1.9300000000000000e+02   2.6090426516042101e+01
   1.9400000000000000e+02   2.6447577316417899e+01
   1.9500000000000000e+02   2.6407716191714101e+01
   1.9600000000000000e+02   2.6199559152424602e+01
   1.9700000000000000e+02   2.6672272466730000e+01
   1.9800000000000000e+02   2.6845520178364200e+01
   1.9900000000000000e+02   2.6712701617931401e+01
   2.0000000000000000e+02   2.7320052907665499e+01
   2.0100000000000000e+02   2.6676580373244100e+01
   2.0200000000000000e+02   2.6966688955315799e+01
   2.0300000000000000e+02   2.6832599034722602e+01
   2.0400000000000000e+02   2.6533453612947799e+01
   2.0500000000000000e+02   2.6000347920709501e+01
   2.0600000000000000e+02   2.5816494051969599e+01
   2.0700000000000000e+02   2.5541436037595300e+01
   2.0800000000000000e+02   2.5753599345609700e+01
   2.0900000000000000e+02   2.5761925999880201e+01
   2.1000000000000000e+02   2.5895647370801399e+01
   2.1100000000000000e+02   2.5278910434131198e+01
   2.1200000000000000e+02   2.4938192176174500e+01
   2.1300000000000000e+02   2.4912927120039999e+01
   2.1400000000000000e+02   2.5087420539448399e+01
   2.1500000000000000e+02   2.4898601119715501e+01
   2.1600000000000000e+02   2.5493282272422199e+01
   2.1700000000000000e+02   2.5630641309592900e+01
   2.1800000000000000e+02   2.5173300763125098e+01
   2.1900000000000000e+02   2.5160488281256100e+01
   2.2000000000000000e+02   2.5160290154038300e+01
   2.2100000000000000e+02   2.4648914631325599e+01
   2.2200000000000000e+02   2.4531818596979100e+01
   2.2300000000000000e+02   2.4492983755307801e+01
   2.2400000000000000e+02   2.4394293388623701e+01
   2.2500000000000000e+02   2.4291131425302101e+01
   2.2600000000000000e+02   2.3798723844718900e+01
   2.2700000000000000e+02   2.3676379856792700e+01
   2.2800000000000000e+02   2.3038491212029001e+01
   2.2900000000000000e+02   2.2641018450068401e+01
   2.3000000000000000e+02   2.3047648623269399e+01
   2.3100000000000000e+02   2.3139679599075901e+01
   2.3200000000000000e+02   2.2609779757969200e+01
   2.3300000000000000e+02   2.2643046101810501e+01
   2.3400000000000000e+02   2.2190244161193402e+01
   2.3500000000000000e+02   2.1899334276650301e+01
   2.3600000000000000e+02   2.1952049756827400e+01
   2.3700000000000000e+02   2.2058060742456298e+01
   2.3800000000000000e+02   2.1954490358354800e+01
   2.3900000000000000e+02   2.1944359800205600e+01
   2.4000000000000000e+02   2.1728762864063501e+01
   2.4100000000000000e+02   2.1755148209000101e+01
   2.4200000000000000e+02   2.1740657673899801e+01
   2.4300000000000000e+02   2.1676423291292998e+01
   2.4400000000000000e+02   2.1474884015634800e+01
   2.4500000000000000e+02   2.1523936291291101e+01
   2.4600000000000000e+02   2.1130545836263799e+01
   2.4700000000000000e+02   2.1073255889160301e+01
   2.4800000000000000e+02   2.1061875105556499e+01
   2.4900000000000000e+02   2.1192300909122000e+01
   2.5000000000000000e+02   2.1284992485518700e+01
   2.5100000000000000e+02   2.0934550813841600e+01
   2.5200000000000000e+02   2.1136017345899798e+01
   2.5300000000000000e+02   2.1135207966576399e+01
   2.5400000000000000e+02   2.0718654379425899e+01
   2.5500000000000000e+02   2.0071998921243502e+01
   2.5600000000000000e+02   1.9649345654157798e+01
   2.5700000000000000e+02   1.9114813335176599e+01
   2.5800000000000000e+02   1.9105847263308601e+01
   2.5900000000000000e+02   1.9586623143887198e+01
   2.6000000000000000e+02   1.9493457211963499e+01
   2.6100000000000000e+02   1.8964091902803300e+01
   2.6200000000000000e+02   1.8205308597197099e+01
   2.6300000000000000e+02   1.8065885706717300e+01
   2.6400000000000000e+02   1.8215904022246399e+01
   2.6500000000000000e+02   1.7701181159875301e+01
   2.6600000000000000e+02   1.7785715409375200e+01
   2.6700000000000000e+02   1.7679009402393799e+01
   2.6800000000000000e+02   1.7646825661470700e+01
   2.6900000000000000e+02   1.7274523586313499e+01
   2.7000000000000000e+02   1.7446951925138801e+01
   2.7100000000000000e+02   1.7359929053123501e+01
   2.7200000000000000e+02   1.6979207949749000e+01
   2.7300000000000000e+02   1.7250096063813800e+01
   2.7400000000000000e+02   1.6996021340641899e+01
   2.7500000000000000e+02   1.6893849549571200e+01
   2.7600000000000000e+02   1.6721852752277101e+01
   2.7700000000000000e+02   1.6264807935938400e+01
   2.7800000000000000e+02   1.6370088267726299e+01
   2.7900000000000000e+02   1.6147218191115702e+01
   2.8000000000000000e+02   1.5858897608857200e+01
   2.8100000000000000e+02   1.5907240634737800e+01
   2.8200000000000000e+02   1.6448059533714101e+01
   2.8300000000000000e+02   1.6460617323040001e+01
   2.8400000000000000e+02   1.6532974768309401e+01
   2.8500000000000000e+02   1.6591280794364600e+01
   2.8600000000000000e+02   1.6820629664406400e+01
   2.8700000000000000e+02   1.6923913491734499e+01
   2.8800000000000000e+02   1.6508249723848799e+01
   2.8900000000000000e+02   1.6614903973473300e+01
   2.9000000000000000e+02   1.6158841809664899e+01
   2.9100000000000000e+02   1.5594274800501800e+01
   2.9200000000000000e+02   1.5605683525240501e+01
   2.9300000000000000e+02   1.5307973095192100e+01
   2.9400000000000000e+02   1.5536728903346701e+01
   2.9500000000000000e+02   1.5432669824412200e+01
   2.9600000000000000e+02   1.5278362861948500e+01
   2.9700000000000000e+02   1.5289163981244601e+01
   2.9800000000000000e+02   1.5073095415206501e+01
   2.9900000000000000e+02   1.4792232064554200e+01
   3.0000000000000000e+02   1.4531200537334801e+01
   3.0100000000000000e+02   1.3931702245520700e+01
   3.0200000000000000e+02   1.4006868502848700e+01
   3.0300000000000000e+02   1.3975585323664600e+01
   3.0400000000000000e+02   1.3696069861460600e+01
   3.0500000000000000e+02   1.3914613916016100e+01
   3.0600000000000000e+02   1.4039559802472800e+01
   3.0700000000000000e+02   1.3982890579431899e+01
   3.0800000000000000e+02   1.4182670263727401e+01
   3.0900000000000000e+02   1.3816254800124799e+01
   3.1000000000000000e+02   1.3956916540301499e+01
   3.1100000000000000e+02   1.3735401231099800e+01
   3.1200000000000000e+02   1.3508316901698100e+01
   3.1300000000000000e+02   1.3565956150940400e+01
   3.1400000000000000e+02   1.3367058414891600e+01
   3.1500000000000000e+02   1.3115725141304800e+01
   3.1600000000000000e+02   1.3349028333884000e+01
   3.1700000000000000e+02   1.2576128856220500e+01
   3.1800000000000000e+02   1.2386645205458800e+01
   3.1900000000000000e+02   1.1818407038973200e+01
   3.2000000000000000e+02   1.1765262496434801e+01
   3.2100000000000000e+02   1.1383138471480700e+01
   3.2200000000000000e+02   1.1357836951180399e+01
   3.2300000000000000e+02   1.1141019508509000e+01
   3.2400000000000000e+02   1.1140083354542700e+01
   3.2500000000000000e+02   1.0548979883164700e+01
   3.2600000000000000e+02   1.0626031466644999e+01
   3.2700000000000000e+02   1.0283255042296901e+01
   3.2800000000000000e+02   1.0443182143731200e+01
   3.2900000000000000e+02   1.0296990304087901e+01
   3.3000000000000000e+02   9.9154169208282603e+00
   3.3100000000000000e+02   9.8836147140619204e+00
   3.3200000000000000e+02   9.3969472668105194e+00
   3.3300000000000000e+02   9.0714772331538303e+00
   3.3400000000000000e+02   9.3118003158320004e+00
   3.3500000000000000e+02   9.2813635808004200e+00
   3.3600000000000000e+02   8.8106228225426992e+00
   3.3700000000000000e+02   8.6514125450685704e+00
   3.3800000000000000e+02   8.7836731731913993e+00
   3.3900000000000000e+02   8.5088408317667206e+00
   3.4000000000000000e+02   8.0911940939727192e+00
   3.4100000000000000e+02   7.8794374175539996e+00
   3.4200000000000000e+02   7.6927637082766402e+00
   3.4300000000000000e+02   7.5066757923951801e+00
   3.4400000000000000e+02   6.7669374369088899e+00
   3.4500000000000000e+02   6.5514295679209296e+00
   3.4600000000000000e+02   5.8351928653863299e+00
   3.4700000000000000e+02   5.7834143554238997e+00
   3.4800000000000000e+02   5.9248760592744896e+00
   3.4900000000000000e+02   5.4916384696793603e+00
   3.5000000000000000e+02   4.8268234073669003e+00
   3.5100000000000000e+02   4.0675626216212297e+00
   3.5200000000000000e+02   3.4950598514265399e+00
   3.5300000000000000e+02   3.4468304911409700e+00
   3.5400000000000000e+02   3.3026970651910199e+00
   3.5500000000000000e+02   2.9822511744087299e+00
   3.5600000000000000e+02   3.0656283443166101e+00
   3.5700000000000000e+02   3.0672066826897799e+00
   3.5800000000000000e+02   2.7861950630478201e+00
   3.5900000000000000e+02   2.9540061531249902e+00
   3.6000000000000000e+02   3.1017078542967398e+00
   3.6100000000000000e+02   2.4167596158144802e+00
   3.6200000000000000e+02   2.1706144150970501e+00
   3.6300000000000000e+02   2.0187490024761998e+00
   3.6400000000000000e+02   1.2425862033419499e+00
   3.6500000000000000e+02   4.0937294298093901e-01
   3.6600000000000000e+02  -2.1611179042796000e-01
   3.6700000000000000e+02  -5.4796127866733402e-01
   3.6800000000000000e+02  -4.3834209844602201e-01
   3.6900000000000000e+02  -6.5785871807232998e-01
   3.7000000000000000e+02  -5.7662679559644303e-01
   3.7100000000000000e+02  -1.0956326218245700e+00
   3.7200000000000000e+02  -9.9275762967408698e-01
   3.7300000000000000e+02  -1.3303658490572501e+00
   3.7400000000000000e+02  -1.5093253312778701e+00
   3.7500000000000000e+02  -2.1061218357496001e+00
   3.7600000000000000e+02  -2.1855965438773999e+00
   3.7700000000000000e+02  -2.5573967765355201e+00
   3.7800000000000000e+02  -2.5180357615719702e+00
   3.7900000000000000e+02  -3.2855602115088400e+00
   3.8000000000000000e+02  -3.2433139156687898e+00
   3.8100000000000000e+02  -3.5931826229402799e+00
   3.8200000000000000e+02  -3.9752598748532302e+00
   3.8300000000000000e+02  -3.8446049504010400e+00
   3.8400000000000000e+02  -4.0053514635112704e+00
   3.8500000000000000e+02  -4.4387886265663496e+00
   3.8600000000000000e+02  -4.8197859362432300e+00
   3.8700000000000000e+02  -4.9638351510497598e+00
   3.8800000000000000e+02  -5.4471324368222804e+00
   3.8900000000000000e+02  -5.8964018842227697e+00
   3.9000000000000000e+02  -6.9191144556069499e+00
   3.9100000000000000e+02  -7.5566560318610003e+00
   3.9200000000000000e+02  -7.4919901881513598e+00
   3.9300000000000000e+02  -7.5857134456298096e+00
   3.9400000000000000e+02  -8.3312683801805001e+00
   3.9500000000000000e+02  -8.5718858103720308e+00
   3.9600000000000000e+02  -9.2315033656711094e+00
   3.9700000000000000e+02  -9.8045431027083207e+00
   3.9800000000000000e+02  -1.0139038903829199e+01
   3.9900000000000000e+02  -1.0408208196512200e+01
   4.0000000000000000e+02  -1.0703584028826000e+01
   4.0100000000000000e+02  -1.1246352748804100e+01
   4.0200000000000000e+02  -1.1972549502010700e+01
   4.0300000000000000e+02  -1.2128653827416100e+01
   4.0400000000000000e+02  -1.2484643122088301e+01
   4.0500000000000000e+02  -1.3279982979218900e+01
   4.0600000000000000e+02  -1.3695975213182599e+01
   4.0700000000000000e+02  -1.3610609762331199e+01
   4.0800000000000000e+02  -1.4229570988363200e+01
   4.0900000000000000e+02  -1.4859486285196599e+01
   4.1000000000000000e+02  -1.4952280902546001e+01
   4.1100000000000000e+02  -1.5619397667812500e+01
   4.1200000000000000e+02  -1.6328775953902898e+01
   4.1300000000000000e+02  -1.6677153167792198e+01
   4.1400000000000000e+02  -1.7417956983611599e+01
   4.1500000000000000e+02  -1.8161179305262301e+01
   4.1600000000000000e+02  -1.8591901905296201e+01
   4.1700000000000000e+02  -1.9052784171785699e+01
   4.1800000000000000e+02  -1.9819526974514901e+01
   4.1900000000000000e+02  -2.0412478276053001e+01
   4.2000000000000000e+02  -2.0979257645746401e+01
   4.2100000000000000e+02  -2.1420935562619501e+01
   4.2200000000000000e+02  -2.1392686373694900e+01
   4.2300000000000000e+02  -2.1526363822924498e+01
   4.2400000000000000e+02  -2.2272150603203201e+01
   4.2500000000000000e+02  -2.3013590112207702e+01
   4.2600000000000000e+02  -2.2895754305932599e+01
   4.2700000000000000e+02  -2.3079605144044201e+01
   4.2800000000000000e+02  -2.3685702930639799e+01
   4.2900000000000000e+02  -2.4413130086047300e+01
   4.3000000000000000e+02  -2.4126415416640398e+01
   4.3100000000000000e+02  -2.4552478456555299e+01
   4.3200000000000000e+02  -2.4715523773335700e+01
   4.3300000000000000e+02  -2.5282920667357601e+01
   4.3400000000000000e+02  -2.5393225233525602e+01
   4.3500000000000000e+02  -2.5916243402574999e+01
   4.3600000000000000e+02  -2.6211740694296999e+01
   4.3700000000000000e+02  -2.6397000786202799e+01
   4.3800000000000000e+02  -2.7083746202379800e+01
   4.3900000000000000e+02  -2.7444394036873302e+01
   4.4000000000000000e+02  -2.8170923858798300e+01
   4.4100000000000000e+02  -2.8306108604833799e+01
   4.4200000000000000e+02  -2.8596583835091501e+01
   4.4300000000000000e+02  -2.8970777968193200e+01
   4.4400000000000000e+02  -2.9557851243618401e+01
   4.4500000000000000e+02  -2.9302721739185500e+01
   4.4600000000000000e+02  -3.0144304846328001e+01
   4.4700000000000000e+02  -3.0642608844709599e+01
   4.4800000000000000e+02  -3.1263223996982500e+01
   4.4900000000000000e+02  -3.2043926505737900e+01
   4.5000000000000000e+02  -3.2726852281557903e+01
   4.5100000000000000e+02  -3.2933198927744797e+01
   4.5200000000000000e+02  -3.3286968183908598e+01
   4.5300000000000000e+02  -3.3700353360789698e+01
   4.5400000000000000e+02  -3.3930737929539802e+01
   4.5500000000000000e+02  -3.4436216237128001e+01
   4.5600000000000000e+02  -3.4715031475192099e+01
   4.5700000000000000e+02  -3.5061413200430700e+01
   4.5800000000000000e+02  -3.5319782733114202e+01
   4.5900000000000000e+02  -3.5968837384233503e+01
   4.6000000000000000e+02  -3.6568845941241101e+01
   4.6100000000000000e+02  -3.7388625890434902e+01
   4.6200000000000000e+02  -3.7949234114743298e+01
   4.6300000000000000e+02  -3.7977928369470199e+01
   4.6400000000000000e+02  -3.8845200250289601e+01
   4.6500000000000000e+02  -3.9131255585216003e+01
   4.6600000000000000e+02  -3.9357122571070299e+01
   4.6700000000000000e+02  -3.9714969886455798e+01
   4.6800000000000000e+02  -4.0211384930830697e+01
   4.6900000000000000e+02  -4.0180444412951502e+01
   4.7000000000000000e+02  -4.0943178390998199e+01
   4.7100000000000000e+02  -4.1240668425109703e+01
   4.7200000000000000e+02  -4.0886041475226399e+01
   4.7300000000000000e+02  -4.1024951851773501e+01
   4.7400000000000000e+02  -4.2111014535059702e+01
   4.7500000000000000e+02  -4.2596401737540901e+01
   4.7600000000000000e+02  -4.3355478058918798e+01
   4.7700000000000000e+02  -4.3757724376647097e+01
   4.7800000000000000e+02  -4.4102693206306803e+01
   4.7900000000000000e+02  -4.4991806491390598e+01
   4.8000000000000000e+02  -4.5254491403543902e+01
   4.8100000000000000e+02  -4.5437493556920700e+01
   4.8200000000000000e+02  -4.6019398733775503e+01
   4.8300000000000000e+02  -4.7082636966979400e+01
   4.8400000000000000e+02  -4.7055363656660802e+01
   4.8500000000000000e+02  -4.7048862047865299e+01
   4.8600000000000000e+02  -4.7918185500365098e+01
   4.8700000000000000e+02  -4.8076584511222300e+01
   4.8800000000000000e+02  -4.8518734128414998e+01
   4.8900000000000000e+02  -4.8840472338400303e+01
   4.9000000000000000e+02  -4.9418375955181901e+01
   4.9100000000000000e+02  -4.9802266441680999e+01
   4.9200000000000000e+02  -5.0075497755092002e+01
   4.9300000000000000e+02  -5.1012346480623400e+01
   4.9400000000000000e+02  -5.1344766243332302e+01
   4.9500000000000000e+02  -5.1419135451553501e+01
   4.9600000000000000e+02  -5.2066119886314397e+01
   4.9700000000000000e+02  -5.2536493482287099e+01
   4.9800000000000000e+02  -5.3423981653123903e+01
   4.9900000000000000e+02  -5.4055683035095498e+01
   5.0000000000000000e+02  -5.4536050878236701e+01
   5.0100000000000000e+02  -5.4903099002384202e+01
   5.0200000000000000e+02  -5.5574396988426898e+01
   5.0300000000000000e+02  -5.6129751954885300e+01
   5.0400000000000000e+02  -5.7418454888878799e+01
   5.0500000000000000e+02  -5.7793343010860902e+01
   5.0600000000000000e+02  -5.8155364191079897e+01
   5.0700000000000000e+02  -5.8578904452648999e+01
   5.0800000000000000e+02  -5.8900857970693799e+01
   5.0900000000000000e+02  -5.8785320294771900e+01
   5.1000000000000000e+02  -5.8908968003034502e+01
   5.1100000000000000e+02  -5.8997959448729901e+01
   5.1200000000000000e+02  -5.9180827362112097e+01
   5.1300000000000000e+02  -5.9680513139187397e+01
   5.1400000000000000e+02  -6.0143879150749498e+01
   5.1500000000000000e+02  -6.0786440679060497e+01
   5.1600000000000000e+02  -6.1331870063158597e+01
   5.1700000000000000e+02  -6.1482558174588704e+01
   5.1800000000000000e+02  -6.1695485052712300e+01
   5.1900000000000000e+02  -6.2138629608031103e+01
   5.2000000000000000e+02  -6.2266573088096699e+01
   5.2100000000000000e+02  -6.2317558376830299e+01
   5.2200000000000000e+02  -6.2478940257839803e+01
   5.2300000000000000e+02  -6.2260737688282603e+01
   5.2400000000000000e+02  -6.2615857030539800e+01
   5.2500000000000000e+02  -6.2863328348849997e+01
   5.2600000000000000e+02  -6.3081375287907797e+01
   5.2700000000000000e+02  -6.3648689536210703e+01
   5.2800000000000000e+02  -6.3666457593237602e+01
   5.2900000000000000e+02  -6.3820449550796397e+01
   5.3000000000000000e+02  -6.4185451818113293e+01
   5.3100000000000000e+02  -6.5052818410720704e+01
   5.3200000000000000e+02  -6.5824838218355097e+01
   5.3300000000000000e+02  -6.6292626501796803e+01
   5.3400000000000000e+02  -6.6149369607114593e+01
   5.3500000000000000e+02  -6.6417017231550403e+01
   5.3600000000000000e+02  -6.6455290173006901e+01
   5.3700000000000000e+02  -6.6776095734031500e+01
   5.3800000000000000e+02  -6.7249884303689797e+01
   5.3900000000000000e+02  -6.7184892059460694e+01
   5.4000000000000000e+02  -6.7330708341977598e+01
   5.4100000000000000e+02  -6.7509130431962802e+01
   5.4200000000000000e+02  -6.7866740397447103e+01
   5.4300000000000000e+02  -6.8364689569062506e+01
   5.4400000000000000e+02  -6.9089225521177994e+01
   5.4500000000000000e+02  -6.9241178799815202e+01
   5.4600000000000000e+02  -6.9430798095541306e+01
   5.4700000000000000e+02  -6.9745665268717403e+01
   5.4800000000000000e+02  -6.9997785834501997e+01
   5.4900000000000000e+02  -6.9851115673090803e+01
   5.5000000000000000e+02  -6.9988197015053601e+01
   5.5100000000000000e+02  -7.0118264972705106e+01
   5.5200000000000000e+02  -7.0088630704932299e+01
   5.5300000000000000e+02  -7.0086142366300507e+01
   5.5400000000000000e+02  -7.0408234025811296e+01
   5.5500000000000000e+02  -7.1124868126582896e+01
   5.5600000000000000e+02  -7.1624395367599604e+01
   5.5700000000000000e+02  -7.1535745731730202e+01
   5.5800000000000000e+02  -7.1803485929463903e+01
   5.5900000000000000e+02  -7.1850850684766300e+01
   5.6000000000000000e+02  -7.2332837948138206e+01
   5.6100000000000000e+02  -7.2730900605158794e+01
   5.6200000000000000e+02  -7.2782592412379600e+01
   5.6300000000000000e+02  -7.2832152196943994e+01
   5.6400000000000000e+02  -7.2568644915384994e+01
   5.6500000000000000e+02  -7.2478668250992001e+01
   5.6600000000000000e+02  -7.2642127115236605e+01
   5.6700000000000000e+02  -7.2670908884891602e+01
   5.6800000000000000e+02  -7.2901791823848100e+01
   5.6900000000000000e+02  -7.3148568848725702e+01
   5.7000000000000000e+02  -7.3231494656759807e+01
   5.7100000000000000e+02  -7.3339041061114202e+01
   5.7200000000000000e+02  -7.3389893651219097e+01
   5.7300000000000000e+02  -7.3156646150531500e+01
   5.7400000000000000e+02  -7.3126516604981504e+01
   5.7500000000000000e+02  -7.2731294234478995e+01
   5.7600000000000000e+02  -7.2892534388651796e+01
   5.7700000000000000e+02  -7.2936275410637805e+01
   5.7800000000000000e+02  -7.3017210143522504e+01
   5.7900000000000000e+02  -7.3338112760736294e+01
   5.8000000000000000e+02  -7.2716469581346900e+01
   5.8100000000000000e+02  -7.3334642787555296e+01
   5.8200000000000000e+02  -7.2996822859599206e+01
   5.8300000000000000e+02  -7.3115142557174806e+01
   5.8400000000000000e+02  -7.3303878665930995e+01
   5.8500000000000000e+02  -7.3404609546048505e+01
   5.8600000000000000e+02  -7.3546480002220505e+01
   5.8700000000000000e+02  -7.3359646017364398e+01
   5.8800000000000000e+02  -7.3252349250235298e+01
   5.8900000000000000e+02  -7.3227870553940804e+01
   5.9000000000000000e+02  -7.3401964236936806e+01
   5.9100000000000000e+02  -7.3480129866192200e+01
   5.9200000000000000e+02  -7.3897219434915797e+01
   5.9300000000000000e+02  -7.4186198101784001e+01
   5.9400000000000000e+02  -7.4339014225082806e+01
   5.9500000000000000e+02  -7.4405714776134303e+01
   5.9600000000000000e+02  -7.4557626234699498e+01
   5.9700000000000000e+02  -7.4915421187442206e+01
   5.9800000000000000e+02  -7.5651646307170907e+01
   5.9900000000000000e+02  -7.5984163925083905e+01
   6.0000000000000000e+02  -7.6581578274356403e+01
   6.0100000000000000e+02  -7.6963888278035597e+01
   6.0200000000000000e+02  -7.7003123399552194e+01
   6.0300000000000000e+02  -7.7286680717413404e+01
   6.0400000000000000e+02  -7.7179037924589807e+01
   6.0500000000000000e+02  -7.6981104041733204e+01
   6.0600000000000000e+02  -7.7014033148948201e+01
   6.0700000000000000e+02  -7.7277868779283097e+01
   6.0800000000000000e+02  -7.7304761156862000e+01
   6.0900000000000000e+02  -7.7399767400573197e+01
   6.1000000000000000e+02  -7.6787498579071695e+01
   6.1100000000000000e+02  -7.6908042347592499e+01
   6.1200000000000000e+02  -7.6762618731587906e+01
   6.1300000000000000e+02  -7.7402238365502996e+01
   6.1400000000000000e+02  -7.7142776896962303e+01
   6.1500000000000000e+02  -7.7621086590299896e+01
   6.1600000000000000e+02  -7.7526578029020698e+01
   6.1700000000000000e+02  -7.7514515646348599e+01
   6.1800000000000000e+02  -7.7603585566686803e+01
   6.1900000000000000e+02  -7.7443927771450504e+01
   6.2000000000000000e+02  -7.7504496558937504e+01
   6.2100000000000000e+02  -7.7132475164177094e+01
   6.2200000000000000e+02  -7.7043279910616604e+01
   6.2300000000000000e+02  -7.6932836400768394e+01
   6.2400000000000000e+02  -7.6808245542287693e+01
   6.2500000000000000e+02  -7.6442338395472007e+01
   6.2600000000000000e+02  -7.6534446596737496e+01
   6.2700000000000000e+02  -7.7101234002322798e+01
   6.2800000000000000e+02  -7.7083304646398602e+01
   6.2900000000000000e+02  -7.7012458613520295e+01
   6.3000000000000000e+02  -7.7225541780115194e+01
   6.3100000000000000e+02  -7.7534924669492099e+01
   6.3200000000000000e+02  -7.7471802157628403e+01
   6.3300000000000000e+02  -7.7039342736966802e+01
   6.3400000000000000e+02  -7.6939303619405806e+01
   6.3500000000000000e+02  -7.6922930651416905e+01
   6.3600000000000000e+02  -7.6790444931736204e+01
   6.3700000000000000e+02  -7.7145351346271795e+01
   6.3800000000000000e+02  -7.6932426899908705e+01
   6.3900000000000000e+02  -7.6627317036613604e+01
   6.4000000000000000e+02  -7.6691970275295702e+01
   6.4100000000000000e+02  -7.7226883863004502e+01
   6.4200000000000000e+02  -7.7234345458472006e+01
   6.4300000000000000e+02  -7.7287335940061396e+01
   6.4400000000000000e+02  -7.7034543227653202e+01
   6.4500000000000000e+02  -7.7281076569815397e+01
   6.4600000000000000e+02  -7.6903346900935901e+01
   6.4700000000000000e+02  -7.6656943984782203e+01
   6.4800000000000000e+02  -7.6914788650059606e+01
   6.4900000000000000e+02  -7.6876207985840296e+01
   6.5000000000000000e+02  -7.6500682977344098e+01
   6.5100000000000000e+02  -7.6379981196937194e+01
   6.5200000000000000e+02  -7.6593779003499094e+01
   6.5300000000000000e+02  -7.6201516798933696e+01
   6.5400000000000000e+02  -7.6279787289891701e+01
   6.5500000000000000e+02  -7.6272003397084902e+01
   6.5600000000000000e+02  -7.6435799477105803e+01
   6.5700000000000000e+02  -7.6334937632809101e+01
   6.5800000000000000e+02  -7.6729575583825806e+01
   6.5900000000000000e+02  -7.7017215181746394e+01
   6.6000000000000000e+02  -7.6807837245835898e+01
   6.6100000000000000e+02  -7.6606692048190496e+01
   6.6200000000000000e+02  -7.7086617794249506e+01
   6.6300000000000000e+02  -7.7180889862426298e+01
   6.6400000000000000e+02  -7.7184836546646807e+01
   6.6500000000000000e+02  -7.6991858851786205e+01
   6.6600000000000000e+02  -7.6805599394560801e+01
   6.6700000000000000e+02  -7.6942854043275503e+01
   6.6800000000000000e+02  -7.6948059591846800e+01
   6.6900000000000000e+02  -7.6374859133871695e+01
   6.7000000000000000e+02  -7.6026515380326899e+01
   6.7100000000000000e+02  -7.5680138728531006e+01
   6.7200000000000000e+02  -7.5279723420008594e+01
   6.7300000000000000e+02  -7.5683000044101107e+01
   6.7400000000000000e+02  -7.5503236399940107e+01
   6.7500000000000000e+02  -7.5521465207189394e+01
   6.7600000000000000e+02  -7.5016644152672001e+01
   6.7700000000000000e+02  -7.4701206277474100e+01
   6.7800000000000000e+02  -7.4719005686215993e+01
   6.7900000000000000e+02  -7.4077918179348501e+01
   6.8000000000000000e+02  -7.4199141106082905e+01
   6.8100000000000000e+02  -7.4670333380743003e+01
   6.8200000000000000e+02  -7.4556092208466097e+01
   6.8300000000000000e+02  -7.4373795390301893e+01
   6.8400000000000000e+02  -7.4667285079751395e+01
   6.8500000000000000e+02  -7.4592672262314593e+01
   6.8600000000000000e+02  -7.4687758839975402e+01
   6.8700000000000000e+02  -7.4504450472918407e+01
   6.8800000000000000e+02  -7.4460796643213698e+01
   6.8900000000000000e+02  -7.4872007939408704e+01
   6.9000000000000000e+02  -7.5771540709048296e+01
   6.9100000000000000e+02  -7.5653472344481699e+01
   6.9200000000000000e+02  -7.5616963753086495e+01
   6.9300000000000000e+02  -7.5649048148112300e+01
   6.9400000000000000e+02  -7.5434353504434100e+01
   6.9500000000000000e+02  -7.5312773946622301e+01
   6.9600000000000000e+02  -7.5674562050559899e+01
   6.9700000000000000e+02  -7.5543242532761596e+01
   6.9800000000000000e+02  -7.5580415526328395e+01
   6.9900000000000000e+02  -7.5264568797484600e+01
   7.0000000000000000e+02  -7.5073360849566498e+01
   7.0100000000000000e+02  -7.5077896815199296e+01
   7.0200000000000000e+02  -7.5164432747043804e+01
   7.0300000000000000e+02  -7.5128826087588195e+01
   7.0400000000000000e+02  -7.5056499798296699e+01
   7.0500000000000000e+02  -7.5121036124602597e+01
   7.0600000000000000e+02  -7.5679758977367698e+01
   7.0700000000000000e+02  -7.6069290568672301e+01
   7.0800000000000000e+02  -7.6114672061769397e+01
   7.0900000000000000e+02  -7.6055191211160704e+01
   7.1000000000000000e+02  -7.5683780139790997e+01
   7.1100000000000000e+02  -7.5772115107779598e+01
   7.1200000000000000e+02  -7.5436249458318102e+01
   7.1300000000000000e+02  -7.4935012395902802e+01
   7.1400000000000000e+02  -7.5559986291751699e+01
   7.1500000000000000e+02  -7.5162773678648605e+01
   7.1600000000000000e+02  -7.5052960070159600e+01
   7.1700000000000000e+02  -7.4873131177247799e+01
   7.1800000000000000e+02  -7.4690940314484493e+01
   7.1900000000000000e+02  -7.4552121193560694e+01
   7.2000000000000000e+02  -7.4671536819278501e+01
   7.2100000000000000e+02  -7.5046400880966402e+01
   7.2200000000000000e+02  -7.5335839819473904e+01
   7.2300000000000000e+02  -7.5154924922290803e+01
   7.2400000000000000e+02  -7.5267623006392995e+01
   7.2500000000000000e+02  -7.5683624212588001e+01
   7.2600000000000000e+02  -7.6289199710477007e+01
   7.2700000000000000e+02  -7.6210095772962205e+01
   7.2800000000000000e+02  -7.6715364835768597e+01
   7.2900000000000000e+02  -7.5969200974608199e+01
   7.3000000000000000e+02  -7.5828056732346695e+01
   7.3100000000000000e+02  -7.5741192628746504e+01
   7.3200000000000000e+02  -7.5687819218171597e+01
   7.3300000000000000e+02  -7.5373565326825201e+01
   7.3400000000000000e+02  -7.5240013930534602e+01
   7.3500000000000000e+02  -7.4991897134778000e+01
   7.3600000000000000e+02  -7.5316210805885106e+01
   7.3700000000000000e+02  -7.5653234602847803e+01
   7.3800000000000000e+02  -7.5460512619629796e+01
   7.3900000000000000e+02  -7.5836327702665201e+01
   7.4000000000000000e+02  -7.5801557596556293e+01
   7.4100000000000000e+02  -7.6374661760284098e+01
   7.4200000000000000e+02  -7.5723813808944499e+01
   7.4300000000000000e+02  -7.5741780226824005e+01
   7.4400000000000000e+02  -7.5943002236026899e+01
   7.4500000000000000e+02  -7.5996336690905906e+01
   7.4600000000000000e+02  -7.5446095016320996e+01
   7.4700000000000000e+02  -7.5679612645506893e+01
   7.4800000000000000e+02  -7.5839931674778796e+01
   7.4900000000000000e+02  -7.5713348525884797e+01
   7.5000000000000000e+02  -7.5825130816517103e+01
   7.5100000000000000e+02  -7.5884369281931995e+01
   7.5200000000000000e+02  -7.6244154930226898e+01
   7.5300000000000000e+02  -7.6352983439758702e+01
   7.5400000000000000e+02  -7.6350189131629193e+01
   7.5500000000000000e+02  -7.6299539892583894e+01
   7.5600000000000000e+02  -7.6121909844208901e+01
   7.5700000000000000e+02  -7.6244025553035200e+01
   7.5800000000000000e+02  -7.5672617414156605e+01
   7.5900000000000000e+02  -7.5415944847329698e+01
   7.6000000000000000e+02  -7.5325344161890698e+01
   7.6100000000000000e+02  -7.5596253124995499e+01
   7.6200000000000000e+02  -7.5407345641981493e+01
   7.6300000000000000e+02  -7.5235551266739904e+01
   7.6400000000000000e+02  -7.5937313836778202e+01
   7.6500000000000000e+02  -7.5969277491151900e+01
   7.6600000000000000e+02  -7.5945167756052200e+01
   7.6700000000000000e+02  -7.5987023858082395e+01
   7.6800000000000000e+02  -7.5766520429270699e+01
   7.6900000000000000e+02  -7.5937550009719601e+01
   7.7000000000000000e+02  -7.5651670267554906e+01
   7.7100000000000000e+02  -7.5990849161495504e+01
   7.7200000000000000e+02  -7.5725134460044700e+01
   7.7300000000000000e+02  -7.5755550837692894e+01
   7.7400000000000000e+02  -7.5671545136061795e+01
   7.7500000000000000e+02  -7.5414671547134205e+01
   7.7600000000000000e+02  -7.5600314503193502e+01
   7.7700000000000000e+02  -7.5663918805921497e+01
   7.7800000000000000e+02  -7.6342364762091904e+01
   7.7900000000000000e+02  -7.6640503376118801e+01
   7.8000000000000000e+02  -7.6395140397975098e+01
   7.8100000000000000e+02  -7.6664724280677007e+01
   7.8200000000000000e+02  -7.6938055844001795e+01
   7.8300000000000000e+02  -7.6997583780852906e+01
   7.8400000000000000e+02  -7.7131464625323304e+01
   7.8500000000000000e+02  -7.7309905672310506e+01
   7.8600000000000000e+02  -7.7507473522147805e+01
   7.8700000000000000e+02  -7.7211517891581195e+01
   7.8800000000000000e+02  -7.7562525781376095e+01
   7.8900000000000000e+02  -7.6912114730105799e+01
   7.9000000000000000e+02  -7.6918239524361397e+01
   7.9100000000000000e+02  -7.6722450391174505e+01
   7.9200000000000000e+02  -7.6602584870751699e+01
   7.9300000000000000e+02  -7.6710219008902499e+01
   7.9400000000000000e+02  -7.6460355300590393e+01
   7.9500000000000000e+02  -7.6225641917592995e+01
   7.9600000000000000e+02  -7.6405996391987600e+01
   7.9700000000000000e+02  -7.6177909618414603e+01
   7.9800000000000000e+02  -7.5762126848412805e+01
   7.9900000000000000e+02  -7.5751736891722800e+01
   8.0000000000000000e+02  -7.5858800552552196e+01
   8.0100000000000000e+02  -7.6068470075742098e+01
   8.0200000000000000e+02  -7.6470633788017807e+01
   8.0300000000000000e+02  -7.6305329834129097e+01
   8.0400000000000000e+02  -7.6329035229935400e+01
   8.0500000000000000e+02  -7.5532553982284099e+01
   8.0600000000000000e+02  -7.5612835865681802e+01
   8.0700000000000000e+02  -7.5579372189227698e+01
   8.0800000000000000e+02  -7.5231077489631900e+01
   8.0900000000000000e+02  -7.5074944428091996e+01
   8.1000000000000000e+02  -7.5352102937298895e+01
   8.1100000000000000e+02  -7.5345701065465903e+01
   8.1200000000000000e+02  -7.5225406846201494e+01
   8.1300000000000000e+02  -7.5104756916251702e+01
   8.1400000000000000e+02  -7.4562985727686296e+01
   8.1500000000000000e+02  -7.4601667038136199e+01
   8.1600000000000000e+02  -7.4624562125802996e+01
   8.1700000000000000e+02  -7.4460310492674495e+01
   8.1800000000000000e+02  -7.4648032102230999e+01
   8.1900000000000000e+02  -7.4893127091574001e+01
   8.2000000000000000e+02  -7.4794783522927801e+01
   8.2100000000000000e+02  -7.5020009613900399e+01
   8.2200000000000000e+02  -7.5364123669729096e+01
   8.2300000000000000e+02  -7.5446976377989799e+01
   8.2400000000000000e+02  -7.5805429010774901e+01
   8.2500000000000000e+02  -7.5459174245179497e+01
   8.2600000000000000e+02  -7.5375613029345303e+01
   8.2700000000000000e+02  -7.5659615244515393e+01
   8.2800000000000000e+02  -7.6106482900692399e+01
   8.2900000000000000e+02  -7.5800456559125294e+01
   8.3000000000000000e+02  -7.6211944343361495e+01
   8.3100000000000000e+02  -7.6111710230301497e+01
   8.3200000000000000e+02  -7.5726777687486702e+01
   8.3300000000000000e+02  -7.5131349630920994e+01
   8.3400000000000000e+02  -7.5078164776448205e+01
   8.3500000000000000e+02  -7.5324638247162298e+01
   8.3600000000000000e+02  -7.4894688951483900e+01
   8.3700000000000000e+02  -7.5178860739620703e+01
   8.3800000000000000e+02  -7.5132147263482594e+01
   8.3900000000000000e+02  -7.4751375674247896e+01
   8.4000000000000000e+02  -7.4958302905824496e+01
   8.4100000000000000e+02  -7.4834718950057606e+01
   8.4200000000000000e+02  -7.4869839296499606e+01
   8.4300000000000000e+02  -7.4887715796495797e+01
   8.4400000000000000e+02  -7.4985421223449706e+01
   8.4500000000000000e+02  -7.5196218864152499e+01
   8.4600000000000000e+02  -7.5169678413937206e+01
   8.4700000000000000e+02  -7.4780245680146194e+01
   8.4800000000000000e+02  -7.5213108442270197e+01
   8.4900000000000000e+02  -7.4986026660416101e+01
   8.5000000000000000e+02  -7.4929390202617299e+01
   8.5100000000000000e+02  -7.4716391012100999e+01
   8.5200000000000000e+02  -7.4624981966670205e+01
   8.5300000000000000e+02  -7.5041616584609400e+01
   8.5400000000000000e+02  -7.4916692066084806e+01
   8.5500000000000000e+02  -7.4652247393417795e+01
   8.5600000000000000e+02  -7.4516280129321899e+01
   8.5700000000000000e+02  -7.4259978146952307e+01
   8.5800000000000000e+02  -7.4294724668669602e+01
   8.5900000000000000e+02  -7.4653655058551607e+01
   8.6000000000000000e+02  -7.4691280928336795e+01
   8.6100000000000000e+02  -7.4931762423567903e+01
   8.6200000000000000e+02  -7.5251486870247902e+01
   8.6300000000000000e+02  -7.5757028964939906e+01
   8.6400000000000000e+02  -7.5003778431040004e+01
   8.6500000000000000e+02  -7.4717647055817494e+01
   8.6600000000000000e+02  -7.4410506535429903e+01
   8.6700000000000000e+02  -7.4370584997890404e+01
   8.6800000000000000e+02  -7.4409311852008997e+01
   8.6900000000000000e+02  -7.4050459758580303e+01
   8.7000000000000000e+02  -7.3968017218532594e+01
   8.7100000000000000e+02  -7.3744200113190900e+01
   8.7200000000000000e+02  -7.4069617952816401e+01
   8.7300000000000000e+02  -7.4386223985637400e+01
   8.7400000000000000e+02  -7.4236147979221002e+01
   8.7500000000000000e+02  -7.4411101951960703e+01
   8.7600000000000000e+02  -7.4488033626780094e+01
   8.7700000000000000e+02  -7.4237469604052507e+01
   8.7800000000000000e+02  -7.4943161165997097e+01
   8.7900000000000000e+02  -7.4444173242811900e+01
   8.8000000000000000e+02  -7.4650925007488595e+01
   8.8100000000000000e+02  -7.4311954398942902e+01
   8.8200000000000000e+02  -7.4237060263023693e+01
   8.8300000000000000e+02  -7.4315262053244496e+01
   8.8400000000000000e+02  -7.3994218717192098e+01
   8.8500000000000000e+02  -7.3409502255750198e+01
   8.8600000000000000e+02  -7.3043327783711703e+01
   8.8700000000000000e+02  -7.3071001752697498e+01
   8.8800000000000000e+02  -7.2970817367970795e+01
   8.8900000000000000e+02  -7.3048735139549805e+01
   8.9000000000000000e+02  -7.3533945858723897e+01
   8.9100000000000000e+02  -7.3756478920277502e+01
   8.9200000000000000e+02  -7.3884742800478307e+01
   8.9300000000000000e+02  -7.3658879084178096e+01
   8.9400000000000000e+02  -7.3677457385901207e+01
   8.9500000000000000e+02  -7.3505646418024796e+01
   8.9600000000000000e+02  -7.3521102423699801e+01
   8.9700000000000000e+02  -7.3379723345704903e+01
   8.9800000000000000e+02  -7.3615583061666399e+01
   8.9900000000000000e+02  -7.2984849220683003e+01
   9.0000000000000000e+02  -7.3292502165486496e+01
   9.0100000000000000e+02  -7.3480244972171107e+01
   9.0200000000000000e+02  -7.3732805949214907e+01
   9.0300000000000000e+02  -7.3495958263580803e+01
   9.0400000000000000e+02  -7.2936297434616506e+01
   9.0500000000000000e+02  -7.2095863530410995e+01
   9.0600000000000000e+02  -7.2321859184272697e+01
   9.0700000000000000e+02  -7.2209210780147998e+01
   9.0800000000000000e+02  -7.2130816826609902e+01
   9.0900000000000000e+02  -7.2084547934211699e+01
   9.1000000000000000e+02  -7.1894970625109806e+01
   9.1100000000000000e+02  -7.1796628455661704e+01
   9.1200000000000000e+02  -7.2348252235128399e+01
   9.1300000000000000e+02  -7.1878140913115899e+01
   9.1400000000000000e+02  -7.1839295119385397e+01
   9.1500000000000000e+02  -7.1458139351469200e+01
   9.1600000000000000e+02  -7.1123316992289304e+01
   9.1700000000000000e+02  -7.1580438467134300e+01
   9.1800000000000000e+02  -7.1640153877829206e+01
   9.1900000000000000e+02  -7.1766455317766500e+01
   9.2000000000000000e+02  -7.1943441063085302e+01
   9.2100000000000000e+02  -7.2466457926288399e+01
   9.2200000000000000e+02  -7.2528632592230494e+01
   9.2300000000000000e+02  -7.2221451148612900e+01
   9.2400000000000000e+02  -7.2405930212966297e+01
   9.2500000000000000e+02  -7.1938788294270196e+01
   9.2600000000000000e+02  -7.2012485030471197e+01
   9.2700000000000000e+02  -7.2242400776931305e+01
   9.2800000000000000e+02  -7.2624338511848805e+01
   9.2900000000000000e+02  -7.2623501131282794e+01
   9.3000000000000000e+02  -7.2782394991462596e+01
   9.3100000000000000e+02  -7.2605900169255605e+01
   9.3200000000000000e+02  -7.2633089566628101e+01
   9.3300000000000000e+02  -7.2569292504504702e+01
   9.3400000000000000e+02  -7.3006921059016094e+01
   9.3500000000000000e+02  -7.2900979697829499e+01
   9.3600000000000000e+02  -7.2973295428474998e+01
   9.3700000000000000e+02  -7.3283464840201404e+01
   9.3800000000000000e+02  -7.2854564907717702e+01
   9.3900000000000000e+02  -7.2658611420873001e+01
   9.4000000000000000e+02  -7.2101078697090401e+01
   9.4100000000000000e+02  -7.2709935518649502e+01
   9.4200000000000000e+02  -7.3039756959274897e+01
   9.4300000000000000e+02  -7.3212791541414504e+01
   9.4400000000000000e+02  -7.3282048312090296e+01
   9.4500000000000000e+02  -7.3063090120926404e+01
   9.4600000000000000e+02  -7.2779962167928801e+01
   9.4700000000000000e+02  -7.2958999742983096e+01
   9.4800000000000000e+02  -7.2576709848386798e+01
   9.4900000000000000e+02  -7.2593723418460499e+01
   9.5000000000000000e+02  -7.2431010352002005e+01
   9.5100000000000000e+02  -7.2693020852774694e+01
   9.5200000000000000e+02  -7.3157606050418394e+01
   9.5300000000000000e+02  -7.3470486558169497e+01
   9.5400000000000000e+02  -7.3046142386050704e+01
   9.5500000000000000e+02  -7.3363768869009903e+01
   9.5600000000000000e+02  -7.3013982029531505e+01
   9.5700000000000000e+02  -7.2780992521124006e+01
   9.5800000000000000e+02  -7.2755547480854105e+01
   9.5900000000000000e+02  -7.2246952891713207e+01
   9.6000000000000000e+02  -7.2315753906716694e+01
   9.6100000000000000e+02  -7.2402388165858596e+01
   9.6200000000000000e+02  -7.2437615822997600e+01
   9.6300000000000000e+02  -7.2473349282219502e+01
   9.6400000000000000e+02  -7.2571048923522000e+01
   9.6500000000000000e+02  -7.2908012613004104e+01
   9.6600000000000000e+02  -7.3109277847650304e+01
   9.6700000000000000e+02  -7.2528414236935205e+01
   9.6800000000000000e+02  -7.2314379805477500e+01
   9.6900000000000000e+02  -7.1985967115546600e+01
   9.7000000000000000e+02  -7.2139421271074795e+01
   9.7100000000000000e+02  -7.1689024754152300e+01
   9.7200000000000000e+02  -7.1740997168411496e+01
   9.7300000000000000e+02  -7.1523188020311096e+01
   9.7400000000000000e+02  -7.0932781332729107e+01
   9.7500000000000000e+02  -7.0459090292639402e+01
   9.7600000000000000e+02  -7.0258791105143501e+01
   9.7700000000000000e+02  -6.9992662744192700e+01
   9.7800000000000000e+02  -7.0183816961503595e+01
   9.7900000000000000e+02  -6.9944413647813704e+01
   9.8000000000000000e+02  -6.9791055211880305e+01
   9.8100000000000000e+02  -6.9732616127946400e+01
   9.8200000000000000e+02  -6.9542826875315100e+01
   9.8300000000000000e+02  -6.9952814662044702e+01
   9.8400000000000000e+02  -6.9671492344029701e+01
   9.8500000000000000e+02  -6.9587854551389398e+01
   9.8600000000000000e+02  -6.9301921791743894e+01
   9.8700000000000000e+02  -6.9771097830076897e+01
   9.8800000000000000e+02  -6.9589879511722501e+01
   9.8900000000000000e+02  -6.9459683204329593e+01
   9.9000000000000000e+02  -6.9409790387422902e+01
   9.9100000000000000e+02  -6.9603701329499103e+01
   9.9200000000000000e+02  -6.9079453004959902e+01
   9.9300000000000000e+02  -6.8978999659033704e+01
   9.9400000000000000e+02  -6.9149120459013901e+01
   9.9500000000000000e+02  -6.8930961073953696e+01
   9.9600000000000000e+02  -6.8632241064684194e+01
   9.9700000000000000e+02  -6.7922848698999402e+01
   9.9800000000000000e+02  -6.8006485204531899e+01
   9.9900000000000000e+02  -6.7755676707495795e+01
   1.0000000000000000e+03  -6.7524174276582897e+01
   1.0010000000000000e+03  -6.7219306086715605e+01
   1.0020000000000000e+03  -6.6981045847318001e+01
   1.0030000000000000e+03  -6.6822280347469103e+01
   1.0040000000000000e+03  -6.6278247384894598e+01
   1.0050000000000000e+03  -6.5794990854586601e+01
   1.0060000000000000e+03  -6.5067004734927295e+01
   1.0070000000000000e+03  -6.4834391848156798e+01
   1.0080000000000000e+03  -6.4540474768021099e+01
   1.0090000000000000e+03  -6.4230802478008201e+01
   1.0100000000000000e+03  -6.3668133144950197e+01
   1.0110000000000000e+03  -6.2964060787142202e+01
   1.0120000000000000e+03  -6.2512715056263900e+01
   1.0130000000000000e+03  -6.1579120272765600e+01
   1.0140000000000000e+03  -6.0278718259730702e+01
   1.0150000000000000e+03  -5.8779217270448797e+01
   1.0160000000000000e+03  -5.5741595638699600e+01
   1.0170000000000000e+03  -5.0631445279746302e+01
   1.0180000000000000e+03  -3.3386286432883402e+01
   1.0190000000000000e+03  -7.7754599665807200e+00
