  -1.0000000000000000e+02  -7.4899675294794704e+01
  -9.9000000000000000e+01  -7.5124913012950600e+01
  -9.8000000000000000e+01  -7.5135056243369405e+01
  -9.7000000000000000e+01  -7.4605707296124393e+01
  -9.6000000000000000e+01  -7.4433907884171902e+01
  -9.5000000000000000e+01  -7.3680001669203193e+01
  -9.4000000000000000e+01  -7.3741030291264295e+01
  -9.3000000000000000e+01  -7.3318789530968601e+01
  -9.2000000000000000e+01  -7.2782035320779499e+01
  -9.1000000000000000e+01  -7.2547945736531801e+01
  -9.0000000000000000e+01  -7.2715635835538393e+01
  -8.9000000000000000e+01  -7.2624790327614406e+01
  -8.8000000000000000e+01  -7.2725661536878306e+01
  -8.7000000000000000e+01  -7.2366619028190499e+01
  -8.6000000000000000e+01  -7.2583677819779197e+01
  -8.5000000000000000e+01  -7.2219778491110006e+01
  -8.4000000000000000e+01  -7.2666063063114194e+01
  -8.3000000000000000e+01  -7.2543492109441800e+01
  -8.2000000000000000e+01  -7.2502777811448993e+01
  -8.1000000000000000e+01  -7.2489393000387906e+01
  -8.0000000000000000e+01  -7.2706064696960397e+01
  -7.9000000000000000e+01  -7.2771327869787697e+01
  -7.8000000000000000e+01  -7.2985549801366702e+01
  -7.7000000000000000e+01  -7.3061494580842904e+01
  -7.6000000000000000e+01  -7.2986777035021802e+01
  -7.5000000000000000e+01  -7.3085355696832593e+01
  -7.4000000000000000e+01  -7.3062245462361105e+01
  -7.3000000000000000e+01  -7.2840840331955405e+01
  -7.2000000000000000e+01  -7.2914046509218394e+01
  -7.1000000000000000e+01  -7.2783601370886601e+01
  -7.0000000000000000e+01  -7.2587335320746604e+01
  -6.9000000000000000e+01  -7.2323124072367193e+01
  -6.8000000000000000e+01  -7.2142113487742506e+01
  -6.7000000000000000e+01  -7.1642819984967801e+01
  -6.6000000000000000e+01  -7.1553314973165300e+01
  -6.5000000000000000e+01  -7.1697646039018494e+01
  -6.4000000000000000e+01  -7.1567793422700504e+01
  -6.3000000000000000e+01  -7.1163826732983196e+01
  -6.2000000000000000e+01  -7.0857222974153501e+01
  -6.1000000000000000e+01  -7.0734908858067797e+01
  -6.0000000000000000e+01  -7.0456889518629097e+01
  -5.9000000000000000e+01  -7.0521683280221495e+01
  -5.8000000000000000e+01  -6.9923246996624698e+01
  -5.7000000000000000e+01  -7.0513053380830300e+01
  -5.6000000000000000e+01  -7.0376879725602194e+01
  -5.5000000000000000e+01  -7.0495983737372100e+01
  -5.4000000000000000e+01  -7.0452826480036293e+01
  -5.3000000000000000e+01  -7.0591377723904998e+01
  -5.2000000000000000e+01  -7.0965015443828705e+01
  -5.1000000000000000e+01  -7.0744764925922496e+01
  -5.0000000000000000e+01  -7.0383280058034899e+01
  -4.9000000000000000e+01  -6.9895531931773505e+01
  -4.8000000000000000e+01  -7.0036723122419303e+01
  -4.7000000000000000e+01  -7.0193440557021404e+01
  -4.6000000000000000e+01  -7.0060821754614096e+01
  -4.5000000000000000e+01  -6.9826157302004702e+01
  -4.4000000000000000e+01  -6.9675855019192497e+01
  -4.3000000000000000e+01  -6.9589084169548499e+01
  -4.2000000000000000e+01  -6.8990555229949706e+01
  -4.1000000000000000e+01  -6.8918564889894299e+01
  -4.0000000000000000e+01  -6.9001283020085694e+01
  -3.9000000000000000e+01  -6.8726276764577193e+01
  -3.8000000000000000e+01  -6.8620031043797894e+01
  -3.7000000000000000e+01  -6.8441453052736193e+01
  -3.6000000000000000e+01  -6.8020780624710497e+01
  -3.5000000000000000e+01  -6.7946296357639596e+01
  -3.4000000000000000e+01  -6.7890837188434105e+01
  -3.3000000000000000e+01  -6.7922441512348399e+01
  -3.2000000000000000e+01  -6.7960231218063498e+01
  -3.1000000000000000e+01  -6.7539232083341403e+01
  -3.0000000000000000e+01  -6.7680757452613705e+01
  -2.9000000000000000e+01  -6.7182237490734096e+01
  -2.8000000000000000e+01  -6.7317086911055100e+01
  -2.7000000000000000e+01  -6.7388930448906805e+01
  -2.6000000000000000e+01  -6.7083321031436199e+01
  -2.5000000000000000e+01  -6.7009377567633805e+01
  -2.4000000000000000e+01  -6.7179512659741107e+01
  -2.3000000000000000e+01  -6.7164788310213595e+01
  -2.2000000000000000e+01  -6.7384674251155204e+01
  -2.1000000000000000e+01  -6.6897998986562300e+01
  -2.0000000000000000e+01  -6.6675582431565800e+01
  -1.9000000000000000e+01  -6.6371029362163597e+01
  -1.8000000000000000e+01  -6.6572085601440094e+01
  -1.7000000000000000e+01  -6.6258418152510103e+01
  -1.6000000000000000e+01  -6.5341757604401195e+01
  -1.5000000000000000e+01  -6.4904550022358904e+01
  -1.4000000000000000e+01  -6.4617881230074005e+01
  -1.3000000000000000e+01  -6.3935289223624999e+01
  -1.2000000000000000e+01  -6.3298616794041997e+01
  -1.1000000000000000e+01  -6.2990071051026000e+01
  -1.0000000000000000e+01  -6.2638005017088602e+01
  -9.0000000000000000e+00  -6.2240410526962897e+01
  -8.0000000000000000e+00  -6.1784153636155303e+01
  -7.0000000000000000e+00  -6.0907609658148701e+01
  -6.0000000000000000e+00  -6.0338624217074297e+01
  -5.0000000000000000e+00  -5.9333700644645099e+01
  -4.0000000000000000e+00  -5.7525427709002102e+01
  -3.0000000000000000e+00  -5.5020671400964702e+01
  -2.0000000000000000e+00  -5.0681108290902998e+01
  -1.0000000000000000e+00  -3.8427439058857999e+01
   0.0000000000000000e+00  -1.6989347858987799e+01
   1.0000000000000000e+00   1.1839981404928200e-02
   2.0000000000000000e+00   1.3095471473116399e+01
   3.0000000000000000e+00   1.9136901264465099e+01
   4.0000000000000000e+00   2.2781152683023102e+01
   5.0000000000000000e+00   2.4395497717531502e+01
   6.0000000000000000e+00   2.4974400483042800e+01
   7.0000000000000000e+00   2.5421648545545199e+01
   8.0000000000000000e+00   2.5419647713173600e+01
   9.0000000000000000e+00   2.5494253285614899e+01
   1.0000000000000000e+01   2.5888257979569602e+01
   1.1000000000000000e+01   2.6753046140002301e+01
   1.2000000000000000e+01   2.7368214886356199e+01
   1.3000000000000000e+01   2.7821598352444699e+01
   1.4000000000000000e+01   2.7875603147922501e+01
   1.5000000000000000e+01   2.8257108233617600e+01
   1.6000000000000000e+01   2.8561560910257999e+01
   1.7000000000000000e+01   2.8688382144145901e+01
   1.8000000000000000e+01   2.8715044857826701e+01
   1.9000000000000000e+01   2.8866248167087299e+01
   2.0000000000000000e+01   2.8877155024629101e+01
   2.1000000000000000e+01   2.9077432420292698e+01
   2.2000000000000000e+01   2.9224266700158498e+01
   2.3000000000000000e+01   2.9317221922664700e+01
   2.4000000000000000e+01   2.9542898226543901e+01
   2.5000000000000000e+01   2.9375116683496199e+01
   2.6000000000000000e+01   2.9070706709167499e+01
   2.7000000000000000e+01   2.9374887867971399e+01
   2.8000000000000000e+01   2.9259206371959799e+01
   2.9000000000000000e+01   2.9324907670375399e+01
   3.0000000000000000e+01   2.9197934143749499e+01
   3.1000000000000000e+01   2.9497250137575001e+01
   3.2000000000000000e+01   2.9577619167236101e+01
   3.3000000000000000e+01   2.9441361200231398e+01
   3.4000000000000000e+01   2.9331935577865899e+01
   3.5000000000000000e+01   2.9703662792266300e+01
   3.6000000000000000e+01   2.9653334844661799e+01
   3.7000000000000000e+01   2.9931199750703001e+01
   3.8000000000000000e+01   3.0048664595234101e+01
   3.9000000000000000e+01   3.0194517104995800e+01
   4.0000000000000000e+01   3.1192589890527600e+01
   4.1000000000000000e+01   3.1161524852836202e+01
   4.2000000000000000e+01   3.1440340106867900e+01
   4.3000000000000000e+01   3.1785075930685998e+01
   4.4000000000000000e+01   3.1681149494287698e+01
   4.5000000000000000e+01   3.2265850886784897e+01
   4.6000000000000000e+01   3.1936127716756399e+01
   4.7000000000000000e+01   3.1846818626844701e+01
   4.8000000000000000e+01   3.1755132199205800e+01
   4.9000000000000000e+01   3.1980002158236800e+01
   5.0000000000000000e+01   3.2222876750920904e+01
   5.1000000000000000e+01   3.2296866920735397e+01
   5.2000000000000000e+01   3.2644926518211697e+01
   5.3000000000000000e+01   3.2558220576234902e+01
   5.4000000000000000e+01   3.2172879130791401e+01
   5.5000000000000000e+01   3.2959651154839300e+01
   5.6000000000000000e+01   3.3100996992130803e+01
   5.7000000000000000e+01   3.3163033035929203e+01
   5.8000000000000000e+01   3.3157179123553199e+01
   5.9000000000000000e+01   3.3045389764988201e+01
   6.0000000000000000e+01   3.2940221335098798e+01
   6.1000000000000000e+01   3.2935836405509399e+01
   6.2000000000000000e+01   3.2969151998159198e+01
   6.3000000000000000e+01   3.3553132127234100e+01
   6.4000000000000000e+01   3.3779769970746301e+01
   6.5000000000000000e+01   3.4096593015227100e+01
   6.6000000000000000e+01   3.3772051479927001e+01
   6.7000000000000000e+01   3.3647615591043298e+01
   6.8000000000000000e+01   3.3381825863111700e+01
   6.9000000000000000e+01   3.3174550295855298e+01
   7.0000000000000000e+01   3.3343237280954000e+01
   7.1000000000000000e+01   3.3497614442074102e+01
   7.2000000000000000e+01   3.3759139844380499e+01
   7.3000000000000000e+01   3.3334944485083099e+01
   7.4000000000000000e+01   3.3363003008967802e+01
   7.5000000000000000e+01   3.3870609392252099e+01
   7.6000000000000000e+01   3.3925627468040801e+01
   7.7000000000000000e+01   3.4287426380885300e+01
   7.8000000000000000e+01   3.4546044680191599e+01
   7.9000000000000000e+01   3.4323102286940397e+01
   8.0000000000000000e+01   3.4106875597545297e+01
   8.1000000000000000e+01   3.4365314261121199e+01
   8.2000000000000000e+01   3.4415767976449899e+01
   8.3000000000000000e+01   3.4208536147569802e+01
   8.4000000000000000e+01   3.4423680628819199e+01
   8.5000000000000000e+01   3.5281625026691700e+01
   8.6000000000000000e+01   3.5481989404428901e+01
   8.7000000000000000e+01   3.6072862584609403e+01
   8.8000000000000000e+01   3.5932287928346398e+01
   8.9000000000000000e+01   3.5739236758765102e+01
   9.0000000000000000e+01   3.5568123443964602e+01
   9.1000000000000000e+01   3.5532989296466397e+01
   9.2000000000000000e+01   3.4842077076587302e+01
   9.3000000000000000e+01   3.4827951992773997e+01
   9.4000000000000000e+01   3.4634594631260200e+01
   9.5000000000000000e+01   3.4422322696446102e+01
   9.6000000000000000e+01   3.4981428640980504e+01
   9.7000000000000000e+01   3.4776875600983900e+01
   9.8000000000000000e+01   3.5469693771097702e+01
   9.9000000000000000e+01   3.5423139352579099e+01
   1.0000000000000000e+02   3.5360689257116803e+01
   1.0100000000000000e+02   3.5622037691981497e+01
   1.0200000000000000e+02   3.5383664256359701e+01
   1.0300000000000000e+02   3.5772559173801803e+01
   1.0400000000000000e+02   3.5227514306141998e+01
   1.0500000000000000e+02   3.5901802361493502e+01
   1.0600000000000000e+02   3.6110022395554999e+01
   1.0700000000000000e+02   3.5973497208780600e+01
   1.0800000000000000e+02   3.6054779705244300e+01
   1.0900000000000000e+02   3.6175665747517201e+01
   1.1000000000000000e+02   3.5787713160281200e+01
   1.1100000000000000e+02   3.5995597586340999e+01
   1.1200000000000000e+02   3.6316637298807699e+01
   1.1300000000000000e+02   3.6575447140255399e+01
   1.1400000000000000e+02   3.6881379624667900e+01
   1.1500000000000000e+02   3.6297484108695500e+01
   1.1600000000000000e+02   3.5989877880288198e+01
   1.1700000000000000e+02   3.5940838909523698e+01
   1.1800000000000000e+02   3.5748578740018800e+01
   1.1900000000000000e+02   3.5636375016552797e+01
   1.2000000000000000e+02   3.5404088845456698e+01
   1.2100000000000000e+02   3.5623317993106603e+01
   1.2200000000000000e+02   3.5454003345653099e+01
   1.2300000000000000e+02   3.5106415601167200e+01
   1.2400000000000000e+02   3.5255920808104001e+01
   1.2500000000000000e+02   3.5577485286693801e+01
   1.2600000000000000e+02   3.5428732025218899e+01
   1.2700000000000000e+02   3.4988778808796802e+01
   1.2800000000000000e+02   3.4075235635729499e+01
   1.2900000000000000e+02   3.3789911991456201e+01
   1.3000000000000000e+02   3.3851840508264601e+01
   1.3100000000000000e+02   3.3641483454340502e+01
   1.3200000000000000e+02   3.3472777134405199e+01
   1.3300000000000000e+02   3.3396380460553502e+01
   1.3400000000000000e+02   3.2937147892609701e+01
   1.3500000000000000e+02   3.2899579711594598e+01
   1.3600000000000000e+02   3.2801324635072497e+01
   1.3700000000000000e+02   3.3223626189281099e+01
   1.3800000000000000e+02   3.2484132228371600e+01
   1.3900000000000000e+02   3.2093207140074398e+01
   1.4000000000000000e+02   3.1813848164758099e+01
   1.4100000000000000e+02   3.1948906049019701e+01
   1.4200000000000000e+02   3.1767352838459601e+01
   1.4300000000000000e+02   3.1605720022737501e+01
   1.4400000000000000e+02   3.2207012736915097e+01
   1.4500000000000000e+02   3.1785149526282702e+01
   1.4600000000000000e+02   3.1430120886884701e+01
   1.4700000000000000e+02   3.1774084720397600e+01
   1.4800000000000000e+02   3.1941655682049401e+01
   1.4900000000000000e+02   3.2140952673908799e+01
   1.5000000000000000e+02   3.2015813630573597e+01
   1.5100000000000000e+02   3.2296875569193098e+01
   1.5200000000000000e+02   3.2092246872630398e+01
   1.5300000000000000e+02   3.2004242603024302e+01
   1.5400000000000000e+02   3.2024477576836098e+01
   1.5500000000000000e+02   3.2184290769542400e+01
   1.5600000000000000e+02   3.2390963903570899e+01
   1.5700000000000000e+02   3.2333205307540098e+01
   1.5800000000000000e+02   3.2355026518918997e+01
   1.5900000000000000e+02   3.1974912115695201e+01
   1.6000000000000000e+02   3.1962693573189899e+01
   1.6100000000000000e+02   3.1924988346984598e+01
   1.6200000000000000e+02   3.1883684043932799e+01
   1.6300000000000000e+02   3.1459364392820099e+01
   1.6400000000000000e+02   3.1051845118493201e+01
   1.6500000000000000e+02   3.0865036794615001e+01
   1.6600000000000000e+02   3.0593839799926201e+01
   1.6700000000000000e+02   3.0781154684229200e+01
   1.6800000000000000e+02   3.0130217680897101e+01
   1.6900000000000000e+02   3.0195803768977701e+01
   1.7000000000000000e+02   3.0352155849502999e+01
   1.7100000000000000e+02   2.9855537826679100e+01
   1.7200000000000000e+02   2.9412523944995201e+01
   1.7300000000000000e+02   2.9792488520501902e+01
   1.7400000000000000e+02   2.9663831461879401e+01
   1.7500000000000000e+02   2.8873115565892000e+01
   1.7600000000000000e+02   2.8646841261666101e+01
   1.7700000000000000e+02   2.8023168721803099e+01
   1.7800000000000000e+02   2.7893502177106399e+01
   1.7900000000000000e+02   2.8044430322597499e+01
   1.8000000000000000e+02   2.8069125022735001e+01
   1.8100000000000000e+02   2.8456739115292400e+01
   1.8200000000000000e+02   2.8565093995929800e+01
   1.8300000000000000e+02   2.8345876473585299e+01
   1.8400000000000000e+02   2.8556498501207901e+01
   1.8500000000000000e+02   2.8687295944804902e+01
   1.8600000000000000e+02   2.8694467435360298e+01
   1.8700000000000000e+02   2.8455569851413099e+01
   1.8800000000000000e+02   2.8470769876647100e+01
   1.8900000000000000e+02   2.8688632161677500e+01
   1.9000000000000000e+02   2.8190111803354700e+01
   1.9100000000000000e+02   2.7558279345173901e+01
   1.9200000000000000e+02   2.7637252819972900e+01
   1.9300000000000000e+02   2.7469553015677999e+01
   1.9400000000000000e+02   2.7535140136356802e+01
   1.9500000000000000e+02   2.7683177177174201e+01
   1.9600000000000000e+02   2.7575232069683800e+01
   1.9700000000000000e+02   2.7673342822551199e+01
   1.9800000000000000e+02   2.7467408076548001e+01
   1.9900000000000000e+02   2.7375684954927902e+01
   2.0000000000000000e+02   2.7217331998177599e+01
   2.0100000000000000e+02   2.7321840500606299e+01
   2.0200000000000000e+02   2.7692093309012701e+01
   2.0300000000000000e+02   2.6820389335294699e+01
   2.0400000000000000e+02   2.6356448324704100e+01
   2.0500000000000000e+02   2.5318791557538798e+01
   2.0600000000000000e+02   2.5161289922777399e+01
   2.0700000000000000e+02   2.5145289399910499e+01
   2.0800000000000000e+02   2.4738776308521999e+01
   2.0900000000000000e+02   2.4850910931619701e+01
   2.1000000000000000e+02   2.4687995502407698e+01
   2.1100000000000000e+02   2.4553894828770101e+01
   2.1200000000000000e+02   2.4721747895949100e+01
   2.1300000000000000e+02   2.4773633333452000e+01
   2.1400000000000000e+02   2.4895012886334101e+01
   2.1500000000000000e+02   2.4985405796410198e+01
   2.1600000000000000e+02   2.4743003746483399e+01
   2.1700000000000000e+02   2.4399372199714598e+01
   2.1800000000000000e+02   2.4534212373715199e+01
   2.1900000000000000e+02   2.4461488292884301e+01
   2.2000000000000000e+02   2.4124173367058901e+01
   2.2100000000000000e+02   2.4257151550311701e+01
   2.2200000000000000e+02   2.3778489082621299e+01
   2.2300000000000000e+02   2.3109515254791901e+01
   2.2400000000000000e+02   2.3037629188060901e+01
   2.2500000000000000e+02   2.2746425832084199e+01
   2.2600000000000000e+02   2.3108797806960201e+01
   2.2700000000000000e+02   2.2604820181384500e+01
   2.2800000000000000e+02   2.2564649334649101e+01
   2.2900000000000000e+02   2.2266394555948398e+01
   2.3000000000000000e+02   2.2330521361356901e+01
   2.3100000000000000e+02   2.2811249395231300e+01
   2.3200000000000000e+02   2.2752927867370701e+01
   2.3300000000000000e+02   2.2271166743126500e+01
   2.3400000000000000e+02   2.1639976926581500e+01
   2.3500000000000000e+02   2.1644657934083700e+01
   2.3600000000000000e+02   2.1683368908984999e+01
   2.3700000000000000e+02   2.1645665736133800e+01
   2.3800000000000000e+02   2.1689608191409700e+01
   2.3900000000000000e+02   2.1440914068878801e+01
   2.4000000000000000e+02   2.1352966967451501e+01
   2.4100000000000000e+02   2.1200149429782599e+01
   2.4200000000000000e+02   2.1109701524065802e+01
   2.4300000000000000e+02   2.0759978356783499e+01
   2.4400000000000000e+02   2.0115653268942300e+01
   2.4500000000000000e+02   1.9628275179675100e+01
   2.4600000000000000e+02   1.9685504799406701e+01
   2.4700000000000000e+02   1.9397629756026198e+01
   2.4800000000000000e+02   1.9034839894795599e+01
   2.4900000000000000e+02   1.9239866668887700e+01
   2.5000000000000000e+02   1.9338407638786801e+01
   2.5100000000000000e+02   1.8852137398391200e+01
   2.5200000000000000e+02   1.8860571836033198e+01
   2.5300000000000000e+02   1.8979514593329899e+01
   2.5400000000000000e+02   1.8919789467793802e+01
   2.5500000000000000e+02   1.9042504597478601e+01
   2.5600000000000000e+02   1.9342505211864399e+01
   2.5700000000000000e+02   1.9053870535471599e+01
   2.5800000000000000e+02   1.9444776298990298e+01
   2.5900000000000000e+02   1.9375859804428298e+01
   2.6000000000000000e+02   1.8979006329838398e+01
   2.6100000000000000e+02   1.9199197833197900e+01
   2.6200000000000000e+02   1.8779532608218702e+01
   2.6300000000000000e+02   1.8722188334161601e+01
   2.6400000000000000e+02   1.8671547566987599e+01
   2.6500000000000000e+02   1.8595793553524501e+01
   2.6600000000000000e+02   1.8551925665584200e+01
   2.6700000000000000e+02   1.7963899736278002e+01
   2.6800000000000000e+02   1.7575047732714800e+01
   2.6900000000000000e+02   1.6729194321409601e+01
   2.7000000000000000e+02   1.6942044068558200e+01
   2.7100000000000000e+02   1.6528755861052499e+01
   2.7200000000000000e+02   1.5946086139683400e+01
   2.7300000000000000e+02   1.6273452729856100e+01
   2.7400000000000000e+02   1.6135950052938600e+01
   2.7500000000000000e+02   1.6049988827742499e+01
   2.7600000000000000e+02   1.5685286095208999e+01
   2.7700000000000000e+02   1.5249738292567701e+01
   2.7800000000000000e+02   1.5068266194138999e+01
   2.7900000000000000e+02   1.4727513710583100e+01
   2.8000000000000000e+02   1.4568488785240801e+01
   2.8100000000000000e+02   1.4260409476997101e+01
   2.8200000000000000e+02   1.3540089282613700e+01
   2.8300000000000000e+02   1.3772415538963800e+01
   2.8400000000000000e+02   1.3397897475971600e+01
   2.8500000000000000e+02   1.3000518549650000e+01
   2.8600000000000000e+02   1.3091809730702700e+01
   2.8700000000000000e+02   1.2802631833109400e+01
   2.8800000000000000e+02   1.2836530141146600e+01
   2.8900000000000000e+02   1.2952914963758300e+01
   2.9000000000000000e+02   1.2522001626683201e+01
   2.9100000000000000e+02   1.2631171450060600e+01
   2.9200000000000000e+02   1.2767190026118900e+01
   2.9300000000000000e+02   1.2403945525672899e+01
   2.9400000000000000e+02   1.2543412563060400e+01
   2.9500000000000000e+02   1.2217931265349600e+01
   2.9600000000000000e+02   1.2074234201977299e+01
   2.9700000000000000e+02   1.1958366287606699e+01
   2.9800000000000000e+02   1.1698095951764101e+01
   2.9900000000000000e+02   1.1877136727362100e+01
   3.0000000000000000e+02   1.1931930811598400e+01
   3.0100000000000000e+02   1.1278325447018799e+01
   3.0200000000000000e+02   1.1397532780457100e+01
   3.0300000000000000e+02   1.1011247189100700e+01
   3.0400000000000000e+02   1.0500942440099999e+01
   3.0500000000000000e+02   1.0504817243390200e+01
   3.0600000000000000e+02   1.0326599975010900e+01
   3.0700000000000000e+02   9.9501359090240307e+00
   3.0800000000000000e+02   9.0912004723034503e+00
   3.0900000000000000e+02   8.6936844953147805e+00
   3.1000000000000000e+02   8.9318605072013106e+00
   3.1100000000000000e+02   8.5093184376732705e+00
   3.1200000000000000e+02   8.4962681676926195e+00
   3.1300000000000000e+02   8.0557435618680806e+00
   3.1400000000000000e+02   7.5149399592258996e+00
   3.1500000000000000e+02   7.4302427006585203e+00
   3.1600000000000000e+02   7.1453858470374199e+00
   3.1700000000000000e+02   6.4295363939992196e+00
   3.1800000000000000e+02   6.0048505104299501e+00
   3.1900000000000000e+02   5.6626049944860704e+00
   3.2000000000000000e+02   5.9294849213613601e+00
   3.2100000000000000e+02   5.2664706512486701e+00
   3.2200000000000000e+02   4.6226112766128802e+00
   3.2300000000000000e+02   4.1664414894063500e+00
   3.2400000000000000e+02   4.4874174186889997e+00
   3.2500000000000000e+02   5.0428957045278802e+00
   3.2600000000000000e+02   4.7838954245303498e+00
   3.2700000000000000e+02   4.5834600064675097e+00
   3.2800000000000000e+02   4.1685904642621896e+00
   3.2900000000000000e+02   3.6080349747043701e+00
   3.3000000000000000e+02   3.5582381875668001e+00
   3.3100000000000000e+02   3.0274465522653200e+00
   3.3200000000000000e+02   3.3270183637111601e+00
   3.3300000000000000e+02   3.2022188466149601e+00
   3.3400000000000000e+02   3.0306970265777999e+00
   3.3500000000000000e+02   2.9779030893685698e+00
   3.3600000000000000e+02   2.9879131549682798e+00
   3.3700000000000000e+02   3.4370413006571101e+00
   3.3800000000000000e+02   3.2159248985596598e+00
   3.3900000000000000e+02   2.7456398180970201e+00
   3.4000000000000000e+02   2.5410700182398100e+00
   3.4100000000000000e+02   2.1126609582984401e+00
   3.4200000000000000e+02   1.5320142877885601e+00
   3.4300000000000000e+02   8.6245882312818201e-01
   3.4400000000000000e+02   6.2613852725562102e-01
   3.4500000000000000e+02   6.8067924134806201e-01
   3.4600000000000000e+02   8.6286838198843904e-02
   3.4700000000000000e+02  -9.9162516358046501e-02
   3.4800000000000000e+02  -4.6100047434524399e-01
   3.4900000000000000e+02  -6.1796405376728103e-01
   3.5000000000000000e+02  -1.5453202792662299e+00
   3.5100000000000000e+02  -1.6534619125988299e+00
   3.5200000000000000e+02  -2.1850106566111900e+00
   3.5300000000000000e+02  -2.4493507549168401e+00
   3.5400000000000000e+02  -2.4636822871443802e+00
   3.5500000000000000e+02  -2.1057522495026499e+00
   3.5600000000000000e+02  -2.4834919637035600e+00
   3.5700000000000000e+02  -2.6299791759702802e+00
   3.5800000000000000e+02  -2.4384071594067298e+00
   3.5900000000000000e+02  -3.2808416003482801e+00
   3.6000000000000000e+02  -3.1389803063943802e+00
   3.6100000000000000e+02  -3.1222591517225302e+00
   3.6200000000000000e+02  -3.4264276141016201e+00
   3.6300000000000000e+02  -3.7623454781842600e+00
   3.6400000000000000e+02  -3.3531347601081700e+00
   3.6500000000000000e+02  -3.6579778455747398e+00
   3.6600000000000000e+02  -3.8969825657045800e+00
   3.6700000000000000e+02  -4.0452956346590403e+00
   3.6800000000000000e+02  -4.1766161339950703e+00
   3.6900000000000000e+02  -4.0347394596525499e+00
   3.7000000000000000e+02  -4.2400170029739801e+00
   3.7100000000000000e+02  -4.7092462224917000e+00
   3.7200000000000000e+02  -5.3594919265241900e+00
   3.7300000000000000e+02  -5.9839887570804802e+00
   3.7400000000000000e+02  -6.4637671971457404e+00
   3.7500000000000000e+02  -6.6592119687721203e+00
   3.7600000000000000e+02  -7.4286616690990899e+00
   3.7700000000000000e+02  -7.7752141644408104e+00
   3.7800000000000000e+02  -8.2783177550713294e+00
   3.7900000000000000e+02  -8.6119674638737909e+00
   3.8000000000000000e+02  -8.7831159677968795e+00
   3.8100000000000000e+02  -8.7576772230061994e+00
   3.8200000000000000e+02  -8.7763600723798092e+00
   3.8300000000000000e+02  -8.5153322720844802e+00
   3.8400000000000000e+02  -8.9270046013054607e+00
   3.8500000000000000e+02  -9.5317101201402501e+00
   3.8600000000000000e+02  -1.0247464480346901e+01
   3.8700000000000000e+02  -1.0784758813390800e+01
   3.8800000000000000e+02  -1.1229636604392001e+01
   3.8900000000000000e+02  -1.0633309666108500e+01
   3.9000000000000000e+02  -1.1334206185837600e+01
   3.9100000000000000e+02  -1.1498814978255901e+01
   3.9200000000000000e+02  -1.1974716039743800e+01
   3.9300000000000000e+02  -1.2087976981944101e+01
   3.9400000000000000e+02  -1.2245863754201800e+01
   3.9500000000000000e+02  -1.1923937906116800e+01
   3.9600000000000000e+02  -1.2089784682469601e+01
   3.9700000000000000e+02  -1.2608335748288500e+01
   3.9800000000000000e+02  -1.2795091407422200e+01
   3.9900000000000000e+02  -1.2903879746485600e+01
   4.0000000000000000e+02  -1.2842792810652300e+01
   4.0100000000000000e+02  -1.3376800257482699e+01
   4.0200000000000000e+02  -1.3730462868484500e+01
   4.0300000000000000e+02  -1.4032691655998200e+01
   4.0400000000000000e+02  -1.4140797671887199e+01
   4.0500000000000000e+02  -1.4990431690794701e+01
   4.0600000000000000e+02  -1.5258576233828300e+01
   4.0700000000000000e+02  -1.5574864094438199e+01
   4.0800000000000000e+02  -1.5464675248488200e+01
   4.0900000000000000e+02  -1.5682180175130499e+01
   4.1000000000000000e+02  -1.5800797897453201e+01
   4.1100000000000000e+02  -1.6049914711929901e+01
   4.1200000000000000e+02  -1.6261005536672599e+01
   4.1300000000000000e+02  -1.7207352905846701e+01
   4.1400000000000000e+02  -1.7749285275163299e+01
   4.1500000000000000e+02  -1.8677989364436801e+01
   4.1600000000000000e+02  -1.9121164617988502e+01
   4.1700000000000000e+02  -1.9445007522050300e+01
   4.1800000000000000e+02  -1.9669801316001401e+01
   4.1900000000000000e+02  -1.9840019042505599e+01
   4.2000000000000000e+02  -2.0812708152021500e+01
   4.2100000000000000e+02  -2.1021805013177001e+01
   4.2200000000000000e+02  -2.0978221572573201e+01
   4.2300000000000000e+02  -2.1754506384609599e+01
   4.2400000000000000e+02  -2.2005153479273599e+01
   4.2500000000000000e+02  -2.2317080074620200e+01
   4.2600000000000000e+02  -2.2570861428289199e+01
   4.2700000000000000e+02  -2.3057633296568799e+01
   4.2800000000000000e+02  -2.3198775494873502e+01
   4.2900000000000000e+02  -2.3607676769504302e+01
   4.3000000000000000e+02  -2.4005353613211199e+01
   4.3100000000000000e+02  -2.4470732464351300e+01
   4.3200000000000000e+02  -2.5046492458685300e+01
   4.3300000000000000e+02  -2.5377912806066700e+01
   4.3400000000000000e+02  -2.5952954277391800e+01
   4.3500000000000000e+02  -2.6381846617557400e+01
   4.3600000000000000e+02  -2.6744966154411699e+01
   4.3700000000000000e+02  -2.6716680641870401e+01
   4.3800000000000000e+02  -2.7148826948590902e+01
   4.3900000000000000e+02  -2.7578355876607500e+01
   4.4000000000000000e+02  -2.7875873448055600e+01
   4.4100000000000000e+02  -2.8961294991478699e+01
   4.4200000000000000e+02  -2.9443965381887701e+01
   4.4300000000000000e+02  -2.9810163388429601e+01
   4.4400000000000000e+02  -2.9820690064807700e+01
   4.4500000000000000e+02  -3.0437374710680800e+01
   4.4600000000000000e+02  -3.0712160584271999e+01
   4.4700000000000000e+02  -3.1004197830956901e+01
   4.4800000000000000e+02  -3.1461909620081300e+01
   4.4900000000000000e+02  -3.1830502610163901e+01
   4.5000000000000000e+02  -3.2615654050869601e+01
   4.5100000000000000e+02  -3.3532483565808398e+01
   4.5200000000000000e+02  -3.3866352221065000e+01
   4.5300000000000000e+02  -3.4495863929414398e+01
   4.5400000000000000e+02  -3.4717055439837999e+01
   4.5500000000000000e+02  -3.4786420080726103e+01
   4.5600000000000000e+02  -3.5585357094125101e+01
   4.5700000000000000e+02  -3.5750604411197301e+01
   4.5800000000000000e+02  -3.6042264426702801e+01
   4.5900000000000000e+02  -3.6504522845445699e+01
   4.6000000000000000e+02  -3.6799618825267501e+01
   4.6100000000000000e+02  -3.6951004466078302e+01
   4.6200000000000000e+02  -3.7773536304703597e+01
   4.6300000000000000e+02  -3.8370219842030799e+01
   4.6400000000000000e+02  -3.8540100016795400e+01
   4.6500000000000000e+02  -3.8747576075545801e+01
   4.6600000000000000e+02  -3.8947831139380000e+01
   4.6700000000000000e+02  -3.9996913338924401e+01
   4.6800000000000000e+02  -4.1072084737005802e+01
   4.6900000000000000e+02  -4.1610889200592098e+01
   4.7000000000000000e+02  -4.1896645373985898e+01
   4.7100000000000000e+02  -4.2320094607940199e+01
   4.7200000000000000e+02  -4.2655182322415499e+01
   4.7300000000000000e+02  -4.3209856065942098e+01
   4.7400000000000000e+02  -4.3511721351165399e+01
   4.7500000000000000e+02  -4.3633063048033300e+01
   4.7600000000000000e+02  -4.3619721971467499e+01
   4.7700000000000000e+02  -4.3863478705386100e+01
   4.7800000000000000e+02  -4.4851813942906801e+01
   4.7900000000000000e+02  -4.5484446171537201e+01
   4.8000000000000000e+02  -4.5827724421770597e+01
   4.8100000000000000e+02  -4.6308622572309297e+01
   4.8200000000000000e+02  -4.6340623714445996e+01
   4.8300000000000000e+02  -4.6601908194292200e+01
   4.8400000000000000e+02  -4.7181414499996201e+01
   4.8500000000000000e+02  -4.8117236258019801e+01
   4.8600000000000000e+02  -4.8797819359534600e+01
   4.8700000000000000e+02  -4.9267306934182400e+01
   4.8800000000000000e+02  -4.9203776757351598e+01
   4.8900000000000000e+02  -4.9746550729310997e+01
   4.9000000000000000e+02  -5.0244626638030198e+01
   4.9100000000000000e+02  -5.0418948640000501e+01
   4.9200000000000000e+02  -5.0554748964332497e+01
   4.9300000000000000e+02  -5.1157466828246797e+01
   4.9400000000000000e+02  -5.1286004919907100e+01
   4.9500000000000000e+02  -5.1081367170535700e+01
   4.9600000000000000e+02  -5.1492752383714503e+01
   4.9700000000000000e+02  -5.1830869421517100e+01
   4.9800000000000000e+02  -5.2273441590134603e+01
   4.9900000000000000e+02  -5.2390539057258003e+01
   5.0000000000000000e+02  -5.2388173741639498e+01
   5.0100000000000000e+02  -5.2658771299393301e+01
   5.0200000000000000e+02  -5.3401346200282703e+01
   5.0300000000000000e+02  -5.3337702038030798e+01
   5.0400000000000000e+02  -5.3829304246347299e+01
   5.0500000000000000e+02  -5.4182001863375902e+01
   5.0600000000000000e+02  -5.4442641371174801e+01
   5.0700000000000000e+02  -5.4675188678150803e+01
   5.0800000000000000e+02  -5.4957525944948699e+01
   5.0900000000000000e+02  -5.4987045622125201e+01
   5.1000000000000000e+02  -5.5173908631227100e+01
   5.1100000000000000e+02  -5.5272726104151602e+01
   5.1200000000000000e+02  -5.5875914420932503e+01
   5.1300000000000000e+02  -5.6294482258583301e+01
   5.1400000000000000e+02  -5.6434145334920700e+01
   5.1500000000000000e+02  -5.6859355447618903e+01
   5.1600000000000000e+02  -5.7175909675321797e+01
   5.1700000000000000e+02  -5.8007616715371803e+01
   5.1800000000000000e+02  -5.8365208151586302e+01
   5.1900000000000000e+02  -5.8663278215814501e+01
   5.2000000000000000e+02  -5.8832133874919897e+01
   5.2100000000000000e+02  -5.9751077764525398e+01
   5.2200000000000000e+02  -6.0139256073290397e+01
   5.2300000000000000e+02  -6.0541041961870803e+01
   5.2400000000000000e+02  -6.1339676079519698e+01
   5.2500000000000000e+02  -6.2025665027007499e+01
   5.2600000000000000e+02  -6.2195688442384899e+01
   5.2700000000000000e+02  -6.2013270629129003e+01
   5.2800000000000000e+02  -6.2476776719318799e+01
   5.2900000000000000e+02  -6.2516492921672899e+01
   5.3000000000000000e+02  -6.2554800959466000e+01
   5.3100000000000000e+02  -6.3498900931781897e+01
   5.3200000000000000e+02  -6.3911815010321803e+01
   5.3300000000000000e+02  -6.4242009054625797e+01
   5.3400000000000000e+02  -6.4944298522397006e+01
   5.3500000000000000e+02  -6.5380212697511595e+01
   5.3600000000000000e+02  -6.6014817603310107e+01
   5.3700000000000000e+02  -6.6354776964721495e+01
   5.3800000000000000e+02  -6.6135385224803997e+01
   5.3900000000000000e+02  -6.6506815431090303e+01
   5.4000000000000000e+02  -6.6374677496183494e+01
   5.4100000000000000e+02  -6.6578515834266796e+01
   5.4200000000000000e+02  -6.6951887168705298e+01
   5.4300000000000000e+02  -6.7816032860375600e+01
   5.4400000000000000e+02  -6.8667743423221097e+01
   5.4500000000000000e+02  -6.8941136794358698e+01
   5.4600000000000000e+02  -6.9394160967766496e+01
   5.4700000000000000e+02  -6.9833497527622100e+01
   5.4800000000000000e+02  -7.0519703776423299e+01
   5.4900000000000000e+02  -7.0410699188994499e+01
   5.5000000000000000e+02  -7.0988672985797507e+01
   5.5100000000000000e+02  -7.1171623178825698e+01
   5.5200000000000000e+02  -7.1491203099565396e+01
   5.5300000000000000e+02  -7.1185317978425601e+01
   5.5400000000000000e+02  -7.1569501953030098e+01
   5.5500000000000000e+02  -7.1767624523895705e+01
   5.5600000000000000e+02  -7.2436585571562205e+01
   5.5700000000000000e+02  -7.2631432025909504e+01
   5.5800000000000000e+02  -7.2641189870259893e+01
   5.5900000000000000e+02  -7.2761952744407907e+01
   5.6000000000000000e+02  -7.3015837710912095e+01
   5.6100000000000000e+02  -7.2829937810624799e+01
   5.6200000000000000e+02  -7.2866175922942205e+01
   5.6300000000000000e+02  -7.2669724903977396e+01
   5.6400000000000000e+02  -7.2806230446051799e+01
   5.6500000000000000e+02  -7.3490863672225601e+01
   5.6600000000000000e+02  -7.3093610557858099e+01
   5.6700000000000000e+02  -7.2831194014068103e+01
   5.6800000000000000e+02  -7.3288085955923407e+01
   5.6900000000000000e+02  -7.3287386685455800e+01
   5.7000000000000000e+02  -7.3461881727418501e+01
   5.7100000000000000e+02  -7.3466045395470601e+01
   5.7200000000000000e+02  -7.3251015486219501e+01
   5.7300000000000000e+02  -7.3758709130452601e+01
   5.7400000000000000e+02  -7.4250917820972504e+01
   5.7500000000000000e+02  -7.4794125050801497e+01
   5.7600000000000000e+02  -7.5155697877433397e+01
   5.7700000000000000e+02  -7.5191303175439202e+01
   5.7800000000000000e+02  -7.5354196752209702e+01
   5.7900000000000000e+02  -7.5087243546321602e+01
   5.8000000000000000e+02  -7.5531641710497595e+01
   5.8100000000000000e+02  -7.5458453306081395e+01
   5.8200000000000000e+02  -7.5854436303554706e+01
   5.8300000000000000e+02  -7.5294631449939402e+01
   5.8400000000000000e+02  -7.5032362438148198e+01
   5.8500000000000000e+02  -7.4951086921732497e+01
   5.8600000000000000e+02  -7.5118134665815404e+01
   5.8700000000000000e+02  -7.4892709471553900e+01
   5.8800000000000000e+02  -7.4961421859408205e+01
   5.8900000000000000e+02  -7.4868143184130702e+01
   5.9000000000000000e+02  -7.4836896621813693e+01
   5.9100000000000000e+02  -7.4768718916724794e+01
   5.9200000000000000e+02  -7.5192100380639005e+01
   5.9300000000000000e+02  -7.4965323465975402e+01
   5.9400000000000000e+02  -7.5295896777886796e+01
   5.9500000000000000e+02  -7.5771545833534105e+01
   5.9600000000000000e+02  -7.5603688395858299e+01
   5.9700000000000000e+02  -7.5901814095822701e+01
   5.9800000000000000e+02  -7.5745116838886005e+01
   5.9900000000000000e+02  -7.6523526269233400e+01
   6.0000000000000000e+02  -7.6899830378160303e+01
   6.0100000000000000e+02  -7.6939211656069105e+01
   6.0200000000000000e+02  -7.7249032516843798e+01
   6.0300000000000000e+02  -7.7057068447928501e+01
   6.0400000000000000e+02  -7.6646374539985104e+01
   6.0500000000000000e+02  -7.5780055600087096e+01
   6.0600000000000000e+02  -7.5713767822098902e+01
   6.0700000000000000e+02  -7.6030660775740301e+01
   6.0800000000000000e+02  -7.6165069908258104e+01
   6.0900000000000000e+02  -7.6536484716308806e+01
   6.1000000000000000e+02  -7.6709808453954395e+01
   6.1100000000000000e+02  -7.6351210824289296e+01
   6.1200000000000000e+02  -7.6362519698471402e+01
   6.1300000000000000e+02  -7.6155867799575304e+01
   6.1400000000000000e+02  -7.6387448695933401e+01
   6.1500000000000000e+02  -7.6657453202857894e+01
   6.1600000000000000e+02  -7.6657480092428401e+01
   6.1700000000000000e+02  -7.6463451450211195e+01
   6.1800000000000000e+02  -7.6696490233939997e+01
   6.1900000000000000e+02  -7.6753639326573705e+01
   6.2000000000000000e+02  -7.6561525392466393e+01
   6.2100000000000000e+02  -7.6319130869146704e+01
   6.2200000000000000e+02  -7.6469007050457606e+01
   6.2300000000000000e+02  -7.6552567787460902e+01
   6.2400000000000000e+02  -7.6270327867369403e+01
   6.2500000000000000e+02  -7.6498876336281299e+01
   6.2600000000000000e+02  -7.6591370987892205e+01
   6.2700000000000000e+02  -7.6337276734620900e+01
   6.2800000000000000e+02  -7.6592738750549699e+01
   6.2900000000000000e+02  -7.6963337808931101e+01
   6.3000000000000000e+02  -7.6991346532939403e+01
   6.3100000000000000e+02  -7.6928412148890700e+01
   6.3200000000000000e+02  -7.6699626324976705e+01
   6.3300000000000000e+02  -7.6425618147080598e+01
   6.3400000000000000e+02  -7.6661911358215605e+01
   6.3500000000000000e+02  -7.6726562990277600e+01
   6.3600000000000000e+02  -7.6864800003838397e+01
   6.3700000000000000e+02  -7.6694647287307802e+01
   6.3800000000000000e+02  -7.7203938264572102e+01
   6.3900000000000000e+02  -7.7558732898196794e+01
   6.4000000000000000e+02  -7.7806664761850797e+01
   6.4100000000000000e+02  -7.7758909840225002e+01
   6.4200000000000000e+02  -7.7355483386069196e+01
   6.4300000000000000e+02  -7.7413828340186797e+01
   6.4400000000000000e+02  -7.6931291492735696e+01
   6.4500000000000000e+02  -7.6499041200225605e+01
   6.4600000000000000e+02  -7.6822787618701696e+01
   6.4700000000000000e+02  -7.7081525808845996e+01
   6.4800000000000000e+02  -7.6879178124405001e+01
   6.4900000000000000e+02  -7.6117268575958207e+01
   6.5000000000000000e+02  -7.6658573497124095e+01
   6.5100000000000000e+02  -7.6430704849349894e+01
   6.5200000000000000e+02  -7.5967316877916602e+01
   6.5300000000000000e+02  -7.6358170670072099e+01
   6.5400000000000000e+02  -7.6371212264720498e+01
   6.5500000000000000e+02  -7.6456126566724393e+01
   6.5600000000000000e+02  -7.6746486950568993e+01
   6.5700000000000000e+02  -7.6722614488100007e+01
   6.5800000000000000e+02  -7.5985592862706895e+01
   6.5900000000000000e+02  -7.5664902891859697e+01
   6.6000000000000000e+02  -7.6096787240251103e+01
   6.6100000000000000e+02  -7.6260835397232000e+01
   6.6200000000000000e+02  -7.5969075569700294e+01
   6.6300000000000000e+02  -7.6258788297101205e+01
   6.6400000000000000e+02  -7.6286645780492407e+01
   6.6500000000000000e+02  -7.5634687902680895e+01
   6.6600000000000000e+02  -7.5661929101313603e+01
   6.6700000000000000e+02  -7.5590507741911594e+01
   6.6800000000000000e+02  -7.5850233901095905e+01
   6.6900000000000000e+02  -7.5387021748853499e+01
   6.7000000000000000e+02  -7.5555127353892402e+01
   6.7100000000000000e+02  -7.5406557895867905e+01
   6.7200000000000000e+02  -7.5753679819682603e+01
   6.7300000000000000e+02  -7.5477616310412202e+01
   6.7400000000000000e+02  -7.5814684668603206e+01
   6.7500000000000000e+02  -7.5963327354388099e+01
   6.7600000000000000e+02  -7.5888728574586807e+01
   6.7700000000000000e+02  -7.5763116501312595e+01
   6.7800000000000000e+02  -7.5162207870158198e+01
   6.7900000000000000e+02  -7.4932400783642294e+01
   6.8000000000000000e+02  -7.4933394187370993e+01
   6.8100000000000000e+02  -7.5022282568196204e+01
   6.8200000000000000e+02  -7.4234192543868502e+01
   6.8300000000000000e+02  -7.4523031116803693e+01
   6.8400000000000000e+02  -7.4623568845026199e+01
   6.8500000000000000e+02  -7.4889376766952296e+01
   6.8600000000000000e+02  -7.5059806687251495e+01
   6.8700000000000000e+02  -7.5668806733781807e+01
   6.8800000000000000e+02  -7.5090633101540305e+01
   6.8900000000000000e+02  -7.4852677323208397e+01
   6.9000000000000000e+02  -7.4881320970714000e+01
   6.9100000000000000e+02  -7.4667036340756297e+01
   6.9200000000000000e+02  -7.4893717237759304e+01
   6.9300000000000000e+02  -7.5098482335362306e+01
   6.9400000000000000e+02  -7.5389049421318106e+01
   6.9500000000000000e+02  -7.4951504352156505e+01
   6.9600000000000000e+02  -7.4400538449021795e+01
   6.9700000000000000e+02  -7.4294587787760307e+01
   6.9800000000000000e+02  -7.4177874005279605e+01
   6.9900000000000000e+02  -7.4458232490951502e+01
   7.0000000000000000e+02  -7.4226721586878398e+01
   7.0100000000000000e+02  -7.4297371851563000e+01
   7.0200000000000000e+02  -7.4516065790881100e+01
   7.0300000000000000e+02  -7.4480270721237304e+01
   7.0400000000000000e+02  -7.4628323257384906e+01
   7.0500000000000000e+02  -7.4845934745788000e+01
   7.0600000000000000e+02  -7.4956804783900097e+01
   7.0700000000000000e+02  -7.5567939515814203e+01
   7.0800000000000000e+02  -7.5176805628184198e+01
   7.0900000000000000e+02  -7.4838122527990393e+01
   7.1000000000000000e+02  -7.5414554378594801e+01
   7.1100000000000000e+02  -7.5544823955773396e+01
   7.1200000000000000e+02  -7.5745024485031493e+01
   7.1300000000000000e+02  -7.5737466346257406e+01
   7.1400000000000000e+02  -7.5523120976507499e+01
   7.1500000000000000e+02  -7.5478749867980895e+01
   7.1600000000000000e+02  -7.5191464639055098e+01
   7.1700000000000000e+02  -7.5424590180749803e+01
   7.1800000000000000e+02  -7.5394317328932701e+01
   7.1900000000000000e+02  -7.5024243770481107e+01
   7.2000000000000000e+02  -7.4979828386019307e+01
   7.2100000000000000e+02  -7.4351903879487807e+01
   7.2200000000000000e+02  -7.4609653202771796e+01
   7.2300000000000000e+02  -7.4047655075729594e+01
   7.2400000000000000e+02  -7.4149470926524700e+01
   7.2500000000000000e+02  -7.4246498369345403e+01
   7.2600000000000000e+02  -7.4366052279231894e+01
   7.2700000000000000e+02  -7.4080990226775100e+01
   7.2800000000000000e+02  -7.3923315916838703e+01
   7.2900000000000000e+02  -7.3664014060304396e+01
   7.3000000000000000e+02  -7.3855914737709199e+01
   7.3100000000000000e+02  -7.3787406426949303e+01
   7.3200000000000000e+02  -7.3762869339738501e+01
   7.3300000000000000e+02  -7.4074051022792105e+01
   7.3400000000000000e+02  -7.4032039784472303e+01
   7.3500000000000000e+02  -7.4329354580264194e+01
   7.3600000000000000e+02  -7.4214175055493797e+01
   7.3700000000000000e+02  -7.3785985199529804e+01
   7.3800000000000000e+02  -7.4098042210778900e+01
   7.3900000000000000e+02  -7.4335155052400495e+01
   7.4000000000000000e+02  -7.4308807432263507e+01
   7.4100000000000000e+02  -7.4840784007715797e+01
   7.4200000000000000e+02  -7.4670637536861904e+01
   7.4300000000000000e+02  -7.4987518038534105e+01
   7.4400000000000000e+02  -7.4730205945326304e+01
   7.4500000000000000e+02  -7.4973477180102194e+01
   7.4600000000000000e+02  -7.5231750478016707e+01
   7.4700000000000000e+02  -7.5534306609952395e+01
   7.4800000000000000e+02  -7.5547095605865394e+01
   7.4900000000000000e+02  -7.4992274079596498e+01
   7.5000000000000000e+02  -7.5094628397455494e+01
   7.5100000000000000e+02  -7.4993279037453405e+01
   7.5200000000000000e+02  -7.5360430497368696e+01
   7.5300000000000000e+02  -7.5093163725585299e+01
   7.5400000000000000e+02  -7.4980532482149698e+01
   7.5500000000000000e+02  -7.5116733149583695e+01
   7.5600000000000000e+02  -7.5095644219589104e+01
   7.5700000000000000e+02  -7.5493936100458896e+01
   7.5800000000000000e+02  -7.5441432183324807e+01
   7.5900000000000000e+02  -7.5280289553405296e+01
   7.6000000000000000e+02  -7.5602961706078005e+01
   7.6100000000000000e+02  -7.5510562515210395e+01
   7.6200000000000000e+02  -7.5393415129369103e+01
   7.6300000000000000e+02  -7.4932768500377506e+01
   7.6400000000000000e+02  -7.4909267966135005e+01
   7.6500000000000000e+02  -7.4889834609296400e+01
   7.6600000000000000e+02  -7.4864180803218204e+01
   7.6700000000000000e+02  -7.4150969503249300e+01
   7.6800000000000000e+02  -7.4460651698885002e+01
   7.6900000000000000e+02  -7.4277076951417300e+01
   7.7000000000000000e+02  -7.3937679287730802e+01
   7.7100000000000000e+02  -7.3798136485275805e+01
   7.7200000000000000e+02  -7.3836188000329301e+01
   7.7300000000000000e+02  -7.3870550162653899e+01
   7.7400000000000000e+02  -7.3991108000770495e+01
   7.7500000000000000e+02  -7.3599031090878100e+01
   7.7600000000000000e+02  -7.3643032372136901e+01
   7.7700000000000000e+02  -7.3400688885782500e+01
   7.7800000000000000e+02  -7.3374715275740101e+01
   7.7900000000000000e+02  -7.3210240789116398e+01
   7.8000000000000000e+02  -7.3307893172546201e+01
   7.8100000000000000e+02  -7.3633242137594607e+01
   7.8200000000000000e+02  -7.3573892245135596e+01
   7.8300000000000000e+02  -7.3519359209316505e+01
   7.8400000000000000e+02  -7.3694902072556800e+01
   7.8500000000000000e+02  -7.3597868268387302e+01
   7.8600000000000000e+02  -7.3683665726756402e+01
   7.8700000000000000e+02  -7.3814517059967002e+01
   7.8800000000000000e+02  -7.4274432440098494e+01
   7.8900000000000000e+02  -7.4245718667498906e+01
   7.9000000000000000e+02  -7.4024082065842094e+01
   7.9100000000000000e+02  -7.4538410194311993e+01
   7.9200000000000000e+02  -7.4369927807945601e+01
   7.9300000000000000e+02  -7.4477101737656596e+01
   7.9400000000000000e+02  -7.4546460453096003e+01
   7.9500000000000000e+02  -7.4432281259962707e+01
   7.9600000000000000e+02  -7.4658503721242795e+01
   7.9700000000000000e+02  -7.4795741138729596e+01
   7.9800000000000000e+02  -7.4946584178484400e+01
   7.9900000000000000e+02  -7.5038020618216095e+01
   8.0000000000000000e+02  -7.4830393503111097e+01
   8.0100000000000000e+02  -7.4748913865107397e+01
   8.0200000000000000e+02  -7.5361807983095900e+01
   8.0300000000000000e+02  -7.5406879266397297e+01
   8.0400000000000000e+02  -7.5445506955232105e+01
   8.0500000000000000e+02  -7.5589738915622704e+01
   8.0600000000000000e+02  -7.5830319422565907e+01
   8.0700000000000000e+02  -7.4945335353767504e+01
   8.0800000000000000e+02  -7.4888203565091104e+01
   8.0900000000000000e+02  -7.4907752516852398e+01
   8.1000000000000000e+02  -7.4851613627992506e+01
   8.1100000000000000e+02  -7.4159715285198203e+01
   8.1200000000000000e+02  -7.4418843098535405e+01
   8.1300000000000000e+02  -7.4327188564723301e+01
   8.1400000000000000e+02  -7.3628911428016593e+01
   8.1500000000000000e+02  -7.3652304705379805e+01
   8.1600000000000000e+02  -7.3392373552015002e+01
   8.1700000000000000e+02  -7.3092110638949507e+01
   8.1800000000000000e+02  -7.3217669034296804e+01
   8.1900000000000000e+02  -7.3632299295342804e+01
   8.2000000000000000e+02  -7.3930811374444204e+01
   8.2100000000000000e+02  -7.4102142484181002e+01
   8.2200000000000000e+02  -7.4279014973172394e+01
   8.2300000000000000e+02  -7.4034904365638099e+01
   8.2400000000000000e+02  -7.4111133762718893e+01
   8.2500000000000000e+02  -7.3585766625022899e+01
   8.2600000000000000e+02  -7.3634065839838499e+01
   8.2700000000000000e+02  -7.3842331460921997e+01
   8.2800000000000000e+02  -7.3656310344167096e+01
   8.2900000000000000e+02  -7.4040992983880500e+01
   8.3000000000000000e+02  -7.4240239395832702e+01
   8.3100000000000000e+02  -7.4193793356422702e+01
   8.3200000000000000e+02  -7.4008149333376394e+01
   8.3300000000000000e+02  -7.4062544335117806e+01
   8.3400000000000000e+02  -7.3871590263074793e+01
   8.3500000000000000e+02  -7.3895841370061305e+01
   8.3600000000000000e+02  -7.4175642342305096e+01
   8.3700000000000000e+02  -7.3855190557133398e+01
   8.3800000000000000e+02  -7.4070846693298805e+01
   8.3900000000000000e+02  -7.4547120025997998e+01
   8.4000000000000000e+02  -7.3914693640468400e+01
   8.4100000000000000e+02  -7.3917117169656294e+01
   8.4200000000000000e+02  -7.3980068591862207e+01
   8.4300000000000000e+02  -7.4022244099420007e+01
   8.4400000000000000e+02  -7.4612023055533697e+01
   8.4500000000000000e+02  -7.4676988543651106e+01
   8.4600000000000000e+02  -7.4658122896384100e+01
   8.4700000000000000e+02  -7.4660547465884804e+01
   8.4800000000000000e+02  -7.4071971346547002e+01
   8.4900000000000000e+02  -7.3992580181110895e+01
   8.5000000000000000e+02  -7.3547415649105403e+01
   8.5100000000000000e+02  -7.3165444690698706e+01
   8.5200000000000000e+02  -7.3480284778566997e+01
   8.5300000000000000e+02  -7.3952546871752901e+01
   8.5400000000000000e+02  -7.4103174761353301e+01
   8.5500000000000000e+02  -7.3776221074369801e+01
   8.5600000000000000e+02  -7.3658616065150596e+01
   8.5700000000000000e+02  -7.3360832193357197e+01
   8.5800000000000000e+02  -7.3227490799782899e+01
   8.5900000000000000e+02  -7.3330456185924504e+01
   8.6000000000000000e+02  -7.3410749891603700e+01
   8.6100000000000000e+02  -7.3506062254242494e+01
   8.6200000000000000e+02  -7.3913357368432500e+01
   8.6300000000000000e+02  -7.3840392577283097e+01
   8.6400000000000000e+02  -7.3885834310145995e+01
   8.6500000000000000e+02  -7.3030312060472397e+01
   8.6600000000000000e+02  -7.3098209216708099e+01
   8.6700000000000000e+02  -7.2558050637927394e+01
   8.6800000000000000e+02  -7.2385534156687598e+01
   8.6900000000000000e+02  -7.2092500588790799e+01
   8.7000000000000000e+02  -7.2113135534316996e+01
   8.7100000000000000e+02  -7.2148298389062106e+01
   8.7200000000000000e+02  -7.2302153059599803e+01
   8.7300000000000000e+02  -7.2191772306954604e+01
   8.7400000000000000e+02  -7.2015922993990998e+01
   8.7500000000000000e+02  -7.1960940293218698e+01
   8.7600000000000000e+02  -7.2309133466946804e+01
   8.7700000000000000e+02  -7.2134713152936399e+01
   8.7800000000000000e+02  -7.2050409926739107e+01
   8.7900000000000000e+02  -7.2264552402806700e+01
   8.8000000000000000e+02  -7.1339055946692596e+01
   8.8100000000000000e+02  -7.1437980271570297e+01
   8.8200000000000000e+02  -7.1837286496432895e+01
   8.8300000000000000e+02  -7.2090997495918103e+01
   8.8400000000000000e+02  -7.2057235222683701e+01
   8.8500000000000000e+02  -7.1921021797650795e+01
   8.8600000000000000e+02  -7.2073014016192701e+01
   8.8700000000000000e+02  -7.2294017913562797e+01
   8.8800000000000000e+02  -7.2114116342342498e+01
   8.8900000000000000e+02  -7.2696977399177598e+01
   8.9000000000000000e+02  -7.2281950441909899e+01
   8.9100000000000000e+02  -7.1473315273660106e+01
   8.9200000000000000e+02  -7.1714915370115193e+01
   8.9300000000000000e+02  -7.2142489996367104e+01
   8.9400000000000000e+02  -7.2051948657737199e+01
   8.9500000000000000e+02  -7.2659337807400405e+01
   8.9600000000000000e+02  -7.2687784062831497e+01
   8.9700000000000000e+02  -7.2714187702174300e+01
   8.9800000000000000e+02  -7.2902428024076599e+01
   8.9900000000000000e+02  -7.3202463830835896e+01
   9.0000000000000000e+02  -7.3857079852349699e+01
   9.0100000000000000e+02  -7.3655948533328598e+01
   9.0200000000000000e+02  -7.3826950960356896e+01
   9.0300000000000000e+02  -7.4125148957073094e+01
   9.0400000000000000e+02  -7.4469868143822396e+01
   9.0500000000000000e+02  -7.4266716420969999e+01
   9.0600000000000000e+02  -7.4398402834045200e+01
   9.0700000000000000e+02  -7.4527406827800306e+01
   9.0800000000000000e+02  -7.4021831589584906e+01
   9.0900000000000000e+02  -7.3922416574751793e+01
   9.1000000000000000e+02  -7.3794265874116206e+01
   9.1100000000000000e+02  -7.3514288272869393e+01
   9.1200000000000000e+02  -7.3504202636541606e+01
   9.1300000000000000e+02  -7.4097621040558806e+01
   9.1400000000000000e+02  -7.4026696512624099e+01
   9.1500000000000000e+02  -7.3562108902905393e+01
   9.1600000000000000e+02  -7.3832340794348795e+01
   9.1700000000000000e+02  -7.3562002218566704e+01
   9.1800000000000000e+02  -7.3962891596798201e+01
   9.1900000000000000e+02  -7.4053396615324104e+01
   9.2000000000000000e+02  -7.4356078168684903e+01
   9.2100000000000000e+02  -7.4643922782268902e+01
   9.2200000000000000e+02  -7.4622515542155099e+01
   9.2300000000000000e+02  -7.4415386473296394e+01
   9.2400000000000000e+02  -7.4459999917400197e+01
   9.2500000000000000e+02  -7.4420767789331094e+01
   9.2600000000000000e+02  -7.4819481309069602e+01
   9.2700000000000000e+02  -7.4530160958983600e+01
   9.2800000000000000e+02  -7.4718403587051796e+01
   9.2900000000000000e+02  -7.4874946597438097e+01
   9.3000000000000000e+02  -7.4436366312668596e+01
   9.3100000000000000e+02  -7.4166465435413002e+01
   9.3200000000000000e+02  -7.3824528891112607e+01
   9.3300000000000000e+02  -7.3689386668241994e+01
   9.3400000000000000e+02  -7.3502036258229197e+01
   9.3500000000000000e+02  -7.3607217152387804e+01
   9.3600000000000000e+02  -7.3326497446476594e+01
   9.3700000000000000e+02  -7.3871910078099205e+01
   9.3800000000000000e+02  -7.4054778664502805e+01
   9.3900000000000000e+02  -7.4344871011629394e+01
   9.4000000000000000e+02  -7.4088839321497701e+01
   9.4100000000000000e+02  -7.4084308040189001e+01
   9.4200000000000000e+02  -7.4003175915631005e+01
   9.4300000000000000e+02  -7.4236050118635504e+01
   9.4400000000000000e+02  -7.4602644051374895e+01
   9.4500000000000000e+02  -7.4239551359046899e+01
   9.4600000000000000e+02  -7.4302131591691307e+01
   9.4700000000000000e+02  -7.4045738786357404e+01
   9.4800000000000000e+02  -7.4252186743385707e+01
   9.4900000000000000e+02  -7.4557773328930594e+01
   9.5000000000000000e+02  -7.4497790209572500e+01
   9.5100000000000000e+02  -7.4433731056295002e+01
   9.5200000000000000e+02  -7.4456827073357701e+01
   9.5300000000000000e+02  -7.4513823777668804e+01
   9.5400000000000000e+02  -7.4408701376422599e+01
   9.5500000000000000e+02  -7.4227553867257399e+01
   9.5600000000000000e+02  -7.3674243691889401e+01
   9.5700000000000000e+02  -7.3155038027957403e+01
   9.5800000000000000e+02  -7.3496014057908397e+01
   9.5900000000000000e+02  -7.3529541043456902e+01
   9.6000000000000000e+02  -7.4009651056414498e+01
   9.6100000000000000e+02  -7.3825587644550595e+01
   9.6200000000000000e+02  -7.4490250227337100e+01
   9.6300000000000000e+02  -7.4334548984178198e+01
   9.6400000000000000e+02  -7.3712001399463105e+01
   9.6500000000000000e+02  -7.3726778074558197e+01
   9.6600000000000000e+02  -7.4034778765813996e+01
   9.6700000000000000e+02  -7.3912302538877796e+01
   9.6800000000000000e+02  -7.3515066681027307e+01
   9.6900000000000000e+02  -7.3279176194582206e+01
   9.7000000000000000e+02  -7.2889736080138803e+01
   9.7100000000000000e+02  -7.3053719954070701e+01
   9.7200000000000000e+02  -7.2587098132428693e+01
   9.7300000000000000e+02  -7.2913553526263598e+01
   9.7400000000000000e+02  -7.2217402097429002e+01
   9.7500000000000000e+02  -7.2305737333093901e+01
   9.7600000000000000e+02  -7.2110883905237003e+01
   9.7700000000000000e+02  -7.1842908129115003e+01
   9.7800000000000000e+02  -7.1522401618894904e+01
   9.7900000000000000e+02  -7.1792997344960497e+01
   9.8000000000000000e+02  -7.1561826020545297e+01
   9.8100000000000000e+02  -7.2115077877136201e+01
   9.8200000000000000e+02  -7.1987675863615905e+01
   9.8300000000000000e+02  -7.1751720369487600e+01
   9.8400000000000000e+02  -7.1942914954543795e+01
   9.8500000000000000e+02  -7.1774600151453498e+01
   9.8600000000000000e+02  -7.1884290925059702e+01
   9.8700000000000000e+02  -7.1849677406671006e+01
   9.8800000000000000e+02  -7.1802495725979796e+01
   9.8900000000000000e+02  -7.1690022539524804e+01
   9.9000000000000000e+02  -7.1636367092722097e+01
   9.9100000000000000e+02  -7.2088710968187300e+01
   9.9200000000000000e+02  -7.2155501712275495e+01
   9.9300000000000000e+02  -7.1963619137776504e+01
   9.9400000000000000e+02  -7.1840484145391500e+01
   9.9500000000000000e+02  -7.1412337293510504e+01
   9.9600000000000000e+02  -7.1823478299046897e+01
   9.9700000000000000e+02  -7.1692523519433394e+01
   9.9800000000000000e+02  -7.1896692087863499e+01
   9.9900000000000000e+02  -7.1618004750832100e+01
   1.0000000000000000e+03  -7.1431309346639196e+01
   1.0010000000000000e+03  -7.2198013518750798e+01
   1.0020000000000000e+03  -7.2256174365014800e+01
   1.0030000000000000e+03  -7.1991021705474793e+01
   1.0040000000000000e+03  -7.2374512673770496e+01
   1.0050000000000000e+03  -7.2198786987809001e+01
   1.0060000000000000e+03  -7.1852194603459793e+01
   1.0070000000000000e+03  -7.2381045298169795e+01
   1.0080000000000000e+03  -7.2181915131170200e+01
   1.0090000000000000e+03  -7.2655439432620497e+01
   1.0100000000000000e+03  -7.2909097639719207e+01
   1.0110000000000000e+03  -7.2947289226238496e+01
   1.0120000000000000e+03  -7.3432933227768899e+01
   1.0130000000000000e+03  -7.3858919303354099e+01
   1.0140000000000000e+03  -7.3581510238183398e+01
   1.0150000000000000e+03  -7.3166035943753201e+01
   1.0160000000000000e+03  -7.3067327097511694e+01
   1.0170000000000000e+03  -7.3210060601252096e+01
   1.0180000000000000e+03  -7.3065780395710206e+01
   1.0190000000000000e+03  -7.2862288950824293e+01
   1.0200000000000000e+03  -7.2766545824986693e+01
   1.0210000000000000e+03  -7.2984037074736094e+01
   1.0220000000000000e+03  -7.2823534074801103e+01
   1.0230000000000000e+03  -7.2387415343420599e+01
   1.0240000000000000e+03  -7.2471006389212803e+01
   1.0250000000000000e+03  -7.2248751069861598e+01
   1.0260000000000000e+03  -7.2353194666787701e+01
   1.0270000000000000e+03  -7.2237493994461900e+01
   1.0280000000000000e+03  -7.2031828536578203e+01
   1.0290000000000000e+03  -7.2135276871709706e+01
   1.0300000000000000e+03  -7.1698816183032605e+01
   1.0310000000000000e+03  -7.1625771936136303e+01
   1.0320000000000000e+03  -7.1404252582843696e+01
   1.0330000000000000e+03  -7.1260338372169599e+01
   1.0340000000000000e+03  -7.1205691306580803e+01
   1.0350000000000000e+03  -7.0779562355150105e+01
   1.0360000000000000e+03  -7.0557912469617705e+01
   1.0370000000000000e+03  -7.0315343897921096e+01
   1.0380000000000000e+03  -7.0210340586009195e+01
   1.0390000000000000e+03  -7.0721874668454902e+01
   1.0400000000000000e+03  -7.0599517515114897e+01
   1.0410000000000000e+03  -7.0797265605883197e+01
   1.0420000000000000e+03  -7.0599555001483694e+01
   1.0430000000000000e+03  -7.0491597273219696e+01
   1.0440000000000000e+03  -7.0212384269600193e+01
   1.0450000000000000e+03  -7.0248079551532598e+01
   1.0460000000000000e+03  -6.9504754868046604e+01
   1.0470000000000000e+03  -6.9326492588029296e+01
   1.0480000000000000e+03  -6.9325474754310093e+01
   1.0490000000000000e+03  -6.8937155224942600e+01
   1.0500000000000000e+03  -6.8834008771935501e+01
   1.0510000000000000e+03  -6.8800596958606903e+01
   1.0520000000000000e+03  -6.8468494364670093e+01
   1.0530000000000000e+03  -6.8250418955332904e+01
   1.0540000000000000e+03  -6.8204066438516406e+01
   1.0550000000000000e+03  -6.8209287122698996e+01
   1.0560000000000000e+03  -6.8456736616498304e+01
   1.0570000000000000e+03  -6.8418123976366900e+01
   1.0580000000000000e+03  -6.8362613345251205e+01
   1.0590000000000000e+03  -6.7906551145712697e+01
   1.0600000000000000e+03  -6.8309968074696798e+01
   1.0610000000000000e+03  -6.8554940151301196e+01
   1.0620000000000000e+03  -6.8092487676491501e+01
   1.0630000000000000e+03  -6.8240899257782601e+01
   1.0640000000000000e+03  -6.7775770589114103e+01
   1.0650000000000000e+03  -6.7473916245316303e+01
   1.0660000000000000e+03  -6.7165200906676802e+01
   1.0670000000000000e+03  -6.7211343816386602e+01
   1.0680000000000000e+03  -6.6775944332788896e+01
   1.0690000000000000e+03  -6.6978735844335603e+01
   1.0700000000000000e+03  -6.6800533884451298e+01
   1.0710000000000000e+03  -6.6595843769823603e+01
   1.0720000000000000e+03  -6.6051170357331699e+01
   1.0730000000000000e+03  -6.5587874717021805e+01
   1.0740000000000000e+03  -6.5047393661065300e+01
   1.0750000000000000e+03  -6.4872382233677101e+01
   1.0760000000000000e+03  -6.4904368265556897e+01
   1.0770000000000000e+03  -6.4518110041736193e+01
   1.0780000000000000e+03  -6.4034871602003605e+01
   1.0790000000000000e+03  -6.3415328150462003e+01
   1.0800000000000000e+03  -6.2175333759583097e+01
   1.0810000000000000e+03  -6.0908443883608001e+01
   1.0820000000000000e+03  -5.9230093438688399e+01
   1.0830000000000000e+03  -5.7007715829031497e+01
   1.0840000000000000e+03  -5.2502523749958200e+01
   1.0850000000000000e+03  -3.9420980433477602e+01
   1.0860000000000000e+03  -9.9576743470638398e+00
