  -1.0000000000000000e+02  -7.2008467734992195e+01
  -9.9000000000000000e+01  -7.2213037395122598e+01
  -9.8000000000000000e+01  -7.2260210751380299e+01
  -9.7000000000000000e+01  -7.2367341434977106e+01
  -9.6000000000000000e+01  -7.2555337477088500e+01
  -9.5000000000000000e+01  -7.2330896180996604e+01
  -9.4000000000000000e+01  -7.2679997289392603e+01
  -9.3000000000000000e+01  -7.2487965560488703e+01
  -9.2000000000000000e+01  -7.2748086197291698e+01
  -9.1000000000000000e+01  -7.2753472076058600e+01
  -9.0000000000000000e+01  -7.2690417538862704e+01
  -8.9000000000000000e+01  -7.2677767575413398e+01
  -8.8000000000000000e+01  -7.2511285627160703e+01
  -8.7000000000000000e+01  -7.2232547902315304e+01
  -8.6000000000000000e+01  -7.2470278329186300e+01
  -8.5000000000000000e+01  -7.2462602884322393e+01
  -8.4000000000000000e+01  -7.2577480374647905e+01
  -8.3000000000000000e+01  -7.2533089636797797e+01
  -8.2000000000000000e+01  -7.2338148558462706e+01
  -8.1000000000000000e+01  -7.2652880134816300e+01
  -8.0000000000000000e+01  -7.2753894817954503e+01
  -7.9000000000000000e+01  -7.3054675411626604e+01
  -7.8000000000000000e+01  -7.2767972850641598e+01
  -7.7000000000000000e+01  -7.2699967958286095e+01
  -7.6000000000000000e+01  -7.3169697177866894e+01
  -7.5000000000000000e+01  -7.2839404812318506e+01
  -7.4000000000000000e+01  -7.2488390074734596e+01
  -7.3000000000000000e+01  -7.1997212342653299e+01
  -7.2000000000000000e+01  -7.1785043851056400e+01
  -7.1000000000000000e+01  -7.2182418770209495e+01
  -7.0000000000000000e+01  -7.1601962592887801e+01
  -6.9000000000000000e+01  -7.1355269026874296e+01
  -6.8000000000000000e+01  -7.1243430812607897e+01
  -6.7000000000000000e+01  -7.1247198972838603e+01
  -6.6000000000000000e+01  -7.0985555269742207e+01
  -6.5000000000000000e+01  -7.0756803026150905e+01
  -6.4000000000000000e+01  -7.0640435283353000e+01
  -6.3000000000000000e+01  -7.0594102670873298e+01
  -6.2000000000000000e+01  -7.0833151075594301e+01
  -6.1000000000000000e+01  -7.1013669544178498e+01
  -6.0000000000000000e+01  -7.1201424436698701e+01
  -5.9000000000000000e+01  -7.1145763064784006e+01
  -5.8000000000000000e+01  -7.1521898403388306e+01
  -5.7000000000000000e+01  -7.1845714553906703e+01
  -5.6000000000000000e+01  -7.1963101069969895e+01
  -5.5000000000000000e+01  -7.2062924384437494e+01
  -5.4000000000000000e+01  -7.2064939300706399e+01
  -5.3000000000000000e+01  -7.2084438145045397e+01
  -5.2000000000000000e+01  -7.2165491913562306e+01
  -5.1000000000000000e+01  -7.2265822781061701e+01
  -5.0000000000000000e+01  -7.2329743561857697e+01
  -4.9000000000000000e+01  -7.2907423868806205e+01
  -4.8000000000000000e+01  -7.2924298880226601e+01
  -4.7000000000000000e+01  -7.2745012856274698e+01
  -4.6000000000000000e+01  -7.2886292047702597e+01
  -4.5000000000000000e+01  -7.3067529905485301e+01
  -4.4000000000000000e+01  -7.3143445951572502e+01
  -4.3000000000000000e+01  -7.2870618920911497e+01
  -4.2000000000000000e+01  -7.2142125824182202e+01
  -4.1000000000000000e+01  -7.1848111602265007e+01
  -4.0000000000000000e+01  -7.1509078622849401e+01
  -3.9000000000000000e+01  -7.0775395690303498e+01
  -3.8000000000000000e+01  -7.1036885046864697e+01
  -3.7000000000000000e+01  -7.1014286123124606e+01
  -3.6000000000000000e+01  -7.0890957883819993e+01
  -3.5000000000000000e+01  -7.0882186548271804e+01
  -3.4000000000000000e+01  -7.0352463715609900e+01
  -3.3000000000000000e+01  -7.0082720234728896e+01
  -3.2000000000000000e+01  -6.9492662788375398e+01
  -3.1000000000000000e+01  -6.8763862296975205e+01
  -3.0000000000000000e+01  -6.8392188824820195e+01
  -2.9000000000000000e+01  -6.8958027678597105e+01
  -2.8000000000000000e+01  -6.8760540526740996e+01
  -2.7000000000000000e+01  -6.8917720074951902e+01
  -2.6000000000000000e+01  -6.9063710854652896e+01
  -2.5000000000000000e+01  -6.8991653775615404e+01
  -2.4000000000000000e+01  -6.8885068675720206e+01
  -2.3000000000000000e+01  -6.8310827709692902e+01
  -2.2000000000000000e+01  -6.7883525834199901e+01
  -2.1000000000000000e+01  -6.7999323680053806e+01
  -2.0000000000000000e+01  -6.7876751732858295e+01
  -1.9000000000000000e+01  -6.8070459520411205e+01
  -1.8000000000000000e+01  -6.7657075929569800e+01
  -1.7000000000000000e+01  -6.7023402743052301e+01
  -1.6000000000000000e+01  -6.7119719990416399e+01
  -1.5000000000000000e+01  -6.7076004190651602e+01
  -1.4000000000000000e+01  -6.6799610490264598e+01
  -1.3000000000000000e+01  -6.6521374269696395e+01
  -1.2000000000000000e+01  -6.6265300411855605e+01
  -1.1000000000000000e+01  -6.5907346218998399e+01
  -1.0000000000000000e+01  -6.5541690985305493e+01
  -9.0000000000000000e+00  -6.5113050648830196e+01
  -8.0000000000000000e+00  -6.4725647711063900e+01
  -7.0000000000000000e+00  -6.3713794129320704e+01
  -6.0000000000000000e+00  -6.2603747430807204e+01
  -5.0000000000000000e+00  -6.1385342102654000e+01
  -4.0000000000000000e+00  -6.0137768657017901e+01
  -3.0000000000000000e+00  -5.8539062366898598e+01
  -2.0000000000000000e+00  -5.6033767789891101e+01
  -1.0000000000000000e+00  -5.0462979997167999e+01
   0.0000000000000000e+00  -2.7589346553543301e+01
   1.0000000000000000e+00  -1.6372662373182101e+00
   2.0000000000000000e+00   1.3223271871783499e+01
   3.0000000000000000e+00   2.0659549472528798e+01
   4.0000000000000000e+00   2.4433066541919398e+01
   5.0000000000000000e+00   2.6992431583399600e+01
   6.0000000000000000e+00   2.7900433305261199e+01
   7.0000000000000000e+00   2.8243673737947599e+01
   8.0000000000000000e+00   2.8468812518803400e+01
   9.0000000000000000e+00   2.8900014345031401e+01
   1.0000000000000000e+01   2.9364959193160800e+01
   1.1000000000000000e+01   2.9657655173381901e+01
   1.2000000000000000e+01   2.9458929790399200e+01
   1.3000000000000000e+01   3.0306190897532801e+01
   1.4000000000000000e+01   3.0302662808043699e+01
   1.5000000000000000e+01   3.0777421003040700e+01
   1.6000000000000000e+01   3.1069637551201701e+01
   1.7000000000000000e+01   3.1158977794384398e+01
   1.8000000000000000e+01   3.1043320623559001e+01
   1.9000000000000000e+01   3.0677306508821701e+01
   2.0000000000000000e+01   3.1046446458728401e+01
   2.1000000000000000e+01   3.0963466512480000e+01
   2.2000000000000000e+01   3.1761570013384201e+01
   2.3000000000000000e+01   3.2317290046312898e+01
   2.4000000000000000e+01   3.2376184762446002e+01
   2.5000000000000000e+01   3.2198857195313998e+01
   2.6000000000000000e+01   3.2164422798456499e+01
   2.7000000000000000e+01   3.1799775979006998e+01
   2.8000000000000000e+01   3.1922482832643500e+01
   2.9000000000000000e+01   3.2208612031830199e+01
   3.0000000000000000e+01   3.2488987550748000e+01
   3.1000000000000000e+01   3.2393051194879497e+01
   3.2000000000000000e+01   3.2585314059976000e+01
   3.3000000000000000e+01   3.2846526634002700e+01
   3.4000000000000000e+01   3.2956054269798798e+01
   3.5000000000000000e+01   3.3561288587832301e+01
   3.6000000000000000e+01   3.3711585664359298e+01
   3.7000000000000000e+01   3.3474869544941598e+01
   3.8000000000000000e+01   3.3452643137169403e+01
   3.9000000000000000e+01   3.3696147967575001e+01
   4.0000000000000000e+01   3.3465652652940399e+01
   4.1000000000000000e+01   3.3506087311798801e+01
   4.2000000000000000e+01   3.3352518851186801e+01
   4.3000000000000000e+01   3.3312765993578502e+01
   4.4000000000000000e+01   3.3406374706510903e+01
   4.5000000000000000e+01   3.3481900788708302e+01
   4.6000000000000000e+01   3.3676204404317602e+01
   4.7000000000000000e+01   3.3361115951498803e+01
   4.8000000000000000e+01   3.3872623205088999e+01
   4.9000000000000000e+01   3.4126657516689200e+01
   5.0000000000000000e+01   3.4462566324087597e+01
   5.1000000000000000e+01   3.4216754580610903e+01
   5.2000000000000000e+01   3.4409734946329301e+01
   5.3000000000000000e+01   3.4490485731045503e+01
   5.4000000000000000e+01   3.4682624712854803e+01
   5.5000000000000000e+01   3.4550501896526903e+01
   5.6000000000000000e+01   3.4852324124130497e+01
   5.7000000000000000e+01   3.5184075026639398e+01
   5.8000000000000000e+01   3.5377565509810701e+01
   5.9000000000000000e+01   3.5104357900227498e+01
   6.0000000000000000e+01   3.4947798021404097e+01
   6.1000000000000000e+01   3.5261012169759098e+01
   6.2000000000000000e+01   3.5337537556715603e+01
   6.3000000000000000e+01   3.4958396970801303e+01
   6.4000000000000000e+01   3.5011324164386103e+01
   6.5000000000000000e+01   3.4723313396158900e+01
   6.6000000000000000e+01   3.4969001224194997e+01
   6.7000000000000000e+01   3.5038013687729801e+01
   6.8000000000000000e+01   3.5160350012594698e+01
   6.9000000000000000e+01   3.5139109095157799e+01
   7.0000000000000000e+01   3.4857212996918797e+01
   7.1000000000000000e+01   3.5029226526989497e+01
   7.2000000000000000e+01   3.5276640974183003e+01
   7.3000000000000000e+01   3.5162300685704501e+01
   7.4000000000000000e+01   3.5093683444176300e+01
   7.5000000000000000e+01   3.4853265733105701e+01
   7.6000000000000000e+01   3.4808660016029101e+01
   7.7000000000000000e+01   3.4623325521266402e+01
   7.8000000000000000e+01   3.4709436511691202e+01
   7.9000000000000000e+01   3.4921758710536700e+01
   8.0000000000000000e+01   3.4401698827173099e+01
   8.1000000000000000e+01   3.4422415436927999e+01
   8.2000000000000000e+01   3.3859406400528002e+01
   8.3000000000000000e+01   3.4178579919311701e+01
   8.4000000000000000e+01   3.4085333550538202e+01
   8.5000000000000000e+01   3.4080303051502398e+01
   8.6000000000000000e+01   3.4042239824971098e+01
   8.7000000000000000e+01   3.4328662843698602e+01
   8.8000000000000000e+01   3.4009903184636798e+01
   8.9000000000000000e+01   3.4421123654217901e+01
   9.0000000000000000e+01   3.4922684890297397e+01
   9.1000000000000000e+01   3.4905277940958399e+01
   9.2000000000000000e+01   3.4854900268540902e+01
   9.3000000000000000e+01   3.4647820693042902e+01
   9.4000000000000000e+01   3.4561558512483202e+01
   9.5000000000000000e+01   3.4886386075533700e+01
   9.6000000000000000e+01   3.4845525543773903e+01
   9.7000000000000000e+01   3.4725204076611803e+01
   9.8000000000000000e+01   3.4382797150166901e+01
   9.9000000000000000e+01   3.4114852069328997e+01
   1.0000000000000000e+02   3.4315560495340598e+01
   1.0100000000000000e+02   3.4443668819428602e+01
   1.0200000000000000e+02   3.4498637162346299e+01
   1.0300000000000000e+02   3.4541719072662097e+01
   1.0400000000000000e+02   3.4626434825285997e+01
   1.0500000000000000e+02   3.4592615423210503e+01
   1.0600000000000000e+02   3.4178506458516203e+01
   1.0700000000000000e+02   3.3944873468659097e+01
   1.0800000000000000e+02   3.3719778940853899e+01
   1.0900000000000000e+02   3.3621491753698400e+01
   1.1000000000000000e+02   3.3628830213517197e+01
   1.1100000000000000e+02   3.3831584731869199e+01
   1.1200000000000000e+02   3.3818387984591197e+01
   1.1300000000000000e+02   3.4003426610299300e+01
   1.1400000000000000e+02   3.3451130611094896e+01
   1.1500000000000000e+02   3.3398676055820196e+01
   1.1600000000000000e+02   3.3804123023306097e+01
   1.1700000000000000e+02   3.3663786048685097e+01
   1.1800000000000000e+02   3.3330405116642098e+01
   1.1900000000000000e+02   3.3283452503939401e+01
   1.2000000000000000e+02   3.3734543786635200e+01
   1.2100000000000000e+02   3.3886244970660499e+01
   1.2200000000000000e+02   3.4138984136396402e+01
   1.2300000000000000e+02   3.4150611946159600e+01
   1.2400000000000000e+02   3.4135851255960297e+01
   1.2500000000000000e+02   3.4220701819183702e+01
   1.2600000000000000e+02   3.4058424952160102e+01
   1.2700000000000000e+02   3.4202921202946399e+01
   1.2800000000000000e+02   3.3737191112533900e+01
   1.2900000000000000e+02   3.3495091664748202e+01
   1.3000000000000000e+02   3.2905327610622898e+01
   1.3100000000000000e+02   3.2523499166672600e+01
   1.3200000000000000e+02   3.2432219301110202e+01
   1.3300000000000000e+02   3.2490085777426501e+01
   1.3400000000000000e+02   3.2574391030859502e+01
   1.3500000000000000e+02   3.2738467467337699e+01
   1.3600000000000000e+02   3.2962320249843103e+01
   1.3700000000000000e+02   3.3218830258549801e+01
   1.3800000000000000e+02   3.3076334506392200e+01
   1.3900000000000000e+02   3.3041952247790597e+01
   1.4000000000000000e+02   3.3533177448247500e+01
   1.4100000000000000e+02   3.3037716374816902e+01
   1.4200000000000000e+02   3.2504315744505803e+01
   1.4300000000000000e+02   3.2808115037420102e+01
   1.4400000000000000e+02   3.2844173904376298e+01
   1.4500000000000000e+02   3.3075255346660001e+01
   1.4600000000000000e+02   3.2738156011601902e+01
   1.4700000000000000e+02   3.3104444124745797e+01
   1.4800000000000000e+02   3.2717810294677697e+01
   1.4900000000000000e+02   3.2150246393825299e+01
   1.5000000000000000e+02   3.1968177626376100e+01
   1.5100000000000000e+02   3.1449591784911298e+01
   1.5200000000000000e+02   3.0717044429095200e+01
   1.5300000000000000e+02   3.0781524068391199e+01
   1.5400000000000000e+02   3.0836118451015899e+01
   1.5500000000000000e+02   3.1008041705751701e+01
   1.5600000000000000e+02   3.0599144853116702e+01
   1.5700000000000000e+02   3.0953634232853201e+01
   1.5800000000000000e+02   3.1106000216096401e+01
   1.5900000000000000e+02   3.1376155196976601e+01
   1.6000000000000000e+02   3.1044544684723000e+01
   1.6100000000000000e+02   3.1025482458338601e+01
   1.6200000000000000e+02   3.0614615255971799e+01
   1.6300000000000000e+02   3.0670198391738300e+01
   1.6400000000000000e+02   3.0845748481531398e+01
   1.6500000000000000e+02   3.0822384556923701e+01
   1.6600000000000000e+02   3.0403402974228001e+01
   1.6700000000000000e+02   3.0310171352320499e+01
   1.6800000000000000e+02   2.9698546487258501e+01
   1.6900000000000000e+02   3.0028936236294900e+01
   1.7000000000000000e+02   3.0144102774749200e+01
   1.7100000000000000e+02   2.9650970023529801e+01
   1.7200000000000000e+02   2.9424102674916501e+01
   1.7300000000000000e+02   2.8851653242092102e+01
   1.7400000000000000e+02   2.8855667133670000e+01
   1.7500000000000000e+02   2.8866426896296002e+01
   1.7600000000000000e+02   2.8771168197211299e+01
   1.7700000000000000e+02   2.8633253639213301e+01
   1.7800000000000000e+02   2.8448174827258200e+01
   1.7900000000000000e+02   2.8104357878484201e+01
   1.8000000000000000e+02   2.7893760109193099e+01
   1.8100000000000000e+02   2.7371976596166601e+01
   1.8200000000000000e+02   2.7258246955306301e+01
   1.8300000000000000e+02   2.6993744918552999e+01
   1.8400000000000000e+02   2.7159177425927201e+01
   1.8500000000000000e+02   2.7163134425933201e+01
   1.8600000000000000e+02   2.7584594835050400e+01
   1.8700000000000000e+02   2.7275845261942699e+01
   1.8800000000000000e+02   2.7014216229238901e+01
   1.8900000000000000e+02   2.6734688320385100e+01
   1.9000000000000000e+02   2.6545968847599099e+01
   1.9100000000000000e+02   2.6596897402179401e+01
   1.9200000000000000e+02   2.6472193992676399e+01
   1.9300000000000000e+02   2.6709417340292600e+01
   1.9400000000000000e+02   2.6719938189759599e+01
   1.9500000000000000e+02   2.6148857179916298e+01
   1.9600000000000000e+02   2.5848619829075101e+01
   1.9700000000000000e+02   2.5912915288168499e+01
   1.9800000000000000e+02   2.6003713776563199e+01
   1.9900000000000000e+02   2.5366243086289298e+01
   2.0000000000000000e+02   2.5312318201619298e+01
   2.0100000000000000e+02   2.5307626741019000e+01
   2.0200000000000000e+02   2.5617518425280402e+01
   2.0300000000000000e+02   2.5003459142642399e+01
   2.0400000000000000e+02   2.4768438882305698e+01
   2.0500000000000000e+02   2.4605359905762899e+01
   2.0600000000000000e+02   2.3993458829598300e+01
   2.0700000000000000e+02   2.4066629419745599e+01
   2.0800000000000000e+02   2.3797003753013399e+01
   2.0900000000000000e+02   2.3785731180740800e+01
   2.1000000000000000e+02   2.3654715190620500e+01
   2.1100000000000000e+02   2.3592131605269898e+01
   2.1200000000000000e+02   2.3787747485777899e+01
   2.1300000000000000e+02   2.3444043623740001e+01
   2.1400000000000000e+02   2.3402830999313100e+01
   2.1500000000000000e+02   2.3356127267654401e+01
   2.1600000000000000e+02   2.3270958180846801e+01
   2.1700000000000000e+02   2.3066908610374298e+01
   2.1800000000000000e+02   2.3240988840249901e+01
   2.1900000000000000e+02   2.2868690272591600e+01
   2.2000000000000000e+02   2.3017089093554802e+01
   2.2100000000000000e+02   2.2730950673498398e+01
   2.2200000000000000e+02   2.2417756430428899e+01
   2.2300000000000000e+02   2.2088942700179100e+01
   2.2400000000000000e+02   2.2508569024557001e+01
   2.2500000000000000e+02   2.2674724193450398e+01
   2.2600000000000000e+02   2.2707733540783600e+01
   2.2700000000000000e+02   2.2935193462271201e+01
   2.2800000000000000e+02   2.2322454323583699e+01
   2.2900000000000000e+02   2.1941460211578601e+01
   2.3000000000000000e+02   2.1732185515674900e+01
   2.3100000000000000e+02   2.1501467337442001e+01
   2.3200000000000000e+02   2.0759751600853701e+01
   2.3300000000000000e+02   2.0972524592370700e+01
   2.3400000000000000e+02   2.0448658805500799e+01
   2.3500000000000000e+02   2.0267143357327399e+01
   2.3600000000000000e+02   1.9967794269419599e+01
   2.3700000000000000e+02   1.9929747977874900e+01
   2.3800000000000000e+02   1.9563738206449798e+01
   2.3900000000000000e+02   1.9423568677787699e+01
   2.4000000000000000e+02   1.8857181651793798e+01
   2.4100000000000000e+02   1.8311161771540501e+01
   2.4200000000000000e+02   1.7827777801743501e+01
   2.4300000000000000e+02   1.7516266303157799e+01
   2.4400000000000000e+02   1.7340713424780201e+01
   2.4500000000000000e+02   1.7070053442302200e+01
   2.4600000000000000e+02   1.7272442511331001e+01
   2.4700000000000000e+02   1.7131207102463200e+01
   2.4800000000000000e+02   1.6607986400067698e+01
   2.4900000000000000e+02   1.6238656077443999e+01
   2.5000000000000000e+02   1.6261090980263798e+01
   2.5100000000000000e+02   1.5976376562884999e+01
   2.5200000000000000e+02   1.5435171749205001e+01
   2.5300000000000000e+02   1.5336067452188400e+01
   2.5400000000000000e+02   1.4639936256218601e+01
   2.5500000000000000e+02   1.4562558817326300e+01
   2.5600000000000000e+02   1.4274093814977901e+01
   2.5700000000000000e+02   1.3944680787924399e+01
   2.5800000000000000e+02   1.3805377654020800e+01
   2.5900000000000000e+02   1.3939783538464299e+01
   2.6000000000000000e+02   1.2976083336372501e+01
   2.6100000000000000e+02   1.3293208228924600e+01
   2.6200000000000000e+02   1.3154228381450899e+01
   2.6300000000000000e+02   1.3071460399561801e+01
   2.6400000000000000e+02   1.2957467880453899e+01
   2.6500000000000000e+02   1.3355270203467301e+01
   2.6600000000000000e+02   1.2939011159845499e+01
   2.6700000000000000e+02   1.2885986760839900e+01
   2.6800000000000000e+02   1.2384126824224699e+01
   2.6900000000000000e+02   1.2738849419930601e+01
   2.7000000000000000e+02   1.2420684013241400e+01
   2.7100000000000000e+02   1.2178450198832200e+01
   2.7200000000000000e+02   1.2072970554429199e+01
   2.7300000000000000e+02   1.2043572010560300e+01
   2.7400000000000000e+02   1.1956618583772400e+01
   2.7500000000000000e+02   1.2168580479308799e+01
   2.7600000000000000e+02   1.2051900971559100e+01
   2.7700000000000000e+02   1.1323159112628300e+01
   2.7800000000000000e+02   1.1057785529389299e+01
   2.7900000000000000e+02   1.0932993661263600e+01
   2.8000000000000000e+02   1.1073239072197399e+01
   2.8100000000000000e+02   1.0518976584490600e+01
   2.8200000000000000e+02   1.0262986281070001e+01
   2.8300000000000000e+02   9.7976523432764697e+00
   2.8400000000000000e+02   9.7304192838127896e+00
   2.8500000000000000e+02   9.3107182737491208e+00
   2.8600000000000000e+02   9.5894565437204307e+00
   2.8700000000000000e+02   9.2155155026783699e+00
   2.8800000000000000e+02   8.7068028334017207e+00
   2.8900000000000000e+02   8.6125791824074192e+00
   2.9000000000000000e+02   8.3971371157419892e+00
   2.9100000000000000e+02   8.0175808684511907e+00
   2.9200000000000000e+02   7.5787770327684703e+00
   2.9300000000000000e+02   7.3294807503508403e+00
   2.9400000000000000e+02   6.7372330907749696e+00
   2.9500000000000000e+02   6.6657236800718396e+00
   2.9600000000000000e+02   6.1790652969101103e+00
   2.9700000000000000e+02   5.7713371501780504e+00
   2.9800000000000000e+02   5.5677811650702704e+00
   2.9900000000000000e+02   5.2391003096980198e+00
   3.0000000000000000e+02   4.8728425929225203e+00
   3.0100000000000000e+02   4.9848952844687799e+00
   3.0200000000000000e+02   5.2944116163709403e+00
   3.0300000000000000e+02   4.6694483797113397e+00
   3.0400000000000000e+02   4.5529078678404700e+00
   3.0500000000000000e+02   4.3891553387612703e+00
   3.0600000000000000e+02   3.9560084350736302e+00
   3.0700000000000000e+02   3.5299418781090699e+00
   3.0800000000000000e+02   3.2848360350981900e+00
   3.0900000000000000e+02   2.1324642439670698e+00
   3.1000000000000000e+02   1.9113407497947901e+00
   3.1100000000000000e+02   1.9072202915454799e+00
   3.1200000000000000e+02   7.5643283795572402e-01
   3.1300000000000000e+02   7.5338308569607604e-01
   3.1400000000000000e+02   1.0912374243214000e+00
   3.1500000000000000e+02   7.0666605936078397e-01
   3.1600000000000000e+02   5.3270150445287900e-01
   3.1700000000000000e+02   3.9585047336975598e-01
   3.1800000000000000e+02   5.7933712928990599e-01
   3.1900000000000000e+02  -2.5016479137403101e-02
   3.2000000000000000e+02   4.2543390440742700e-02
   3.2100000000000000e+02   1.9555058251068499e-01
   3.2200000000000000e+02  -2.2846230866735900e-01
   3.2300000000000000e+02  -1.5875493932276299e-01
   3.2400000000000000e+02  -1.2134805532064401e+00
   3.2500000000000000e+02  -1.6050097727401600e+00
   3.2600000000000000e+02  -2.5298114904563200e+00
   3.2700000000000000e+02  -2.4218627047056001e+00
   3.2800000000000000e+02  -3.4709410730914199e+00
   3.2900000000000000e+02  -3.9645420875880899e+00
   3.3000000000000000e+02  -4.2008646330459296e+00
   3.3100000000000000e+02  -4.7796207064875400e+00
   3.3200000000000000e+02  -5.1397579097957502e+00
   3.3300000000000000e+02  -5.2257113273340998e+00
   3.3400000000000000e+02  -5.3476815851804700e+00
   3.3500000000000000e+02  -5.5794257455166196e+00
   3.3600000000000000e+02  -5.4796121442181001e+00
   3.3700000000000000e+02  -5.5681988022442299e+00
   3.3800000000000000e+02  -6.0908998909216798e+00
   3.3900000000000000e+02  -6.1726141729697899e+00
   3.4000000000000000e+02  -6.0720896314700603e+00
   3.4100000000000000e+02  -6.6216612602242799e+00
   3.4200000000000000e+02  -6.8797873172442303e+00
   3.4300000000000000e+02  -6.8594909523689296e+00
   3.4400000000000000e+02  -7.4719573866231102e+00
   3.4500000000000000e+02  -7.6415105304705504e+00
   3.4600000000000000e+02  -7.9874723253940303e+00
   3.4700000000000000e+02  -8.1498695078758399e+00
   3.4800000000000000e+02  -8.9297419094566308e+00
   3.4900000000000000e+02  -9.4579299627677305e+00
   3.5000000000000000e+02  -9.9515136204726602e+00
   3.5100000000000000e+02  -1.0639427986153400e+01
   3.5200000000000000e+02  -1.1005945869248700e+01
   3.5300000000000000e+02  -1.0999835406451799e+01
   3.5400000000000000e+02  -1.1766885872807300e+01
   3.5500000000000000e+02  -1.2454212994708699e+01
   3.5600000000000000e+02  -1.2413452229184401e+01
   3.5700000000000000e+02  -1.2298973270517999e+01
   3.5800000000000000e+02  -1.3542784215400800e+01
   3.5900000000000000e+02  -1.4384808795836300e+01
   3.6000000000000000e+02  -1.4968400538019999e+01
   3.6100000000000000e+02  -1.5240534569624900e+01
   3.6200000000000000e+02  -1.5603687703094900e+01
   3.6300000000000000e+02  -1.6053443046797600e+01
   3.6400000000000000e+02  -1.6456807931460300e+01
   3.6500000000000000e+02  -1.6883268266622299e+01
   3.6600000000000000e+02  -1.6852286133849798e+01
   3.6700000000000000e+02  -1.7544740122670500e+01
   3.6800000000000000e+02  -1.8086507518125401e+01
   3.6900000000000000e+02  -1.8089147345877500e+01
   3.7000000000000000e+02  -1.8109766300731700e+01
   3.7100000000000000e+02  -1.8687450200121599e+01
   3.7200000000000000e+02  -1.9350022062383101e+01
   3.7300000000000000e+02  -2.0218606272345099e+01
   3.7400000000000000e+02  -2.0658684338721500e+01
   3.7500000000000000e+02  -2.1363442215892800e+01
   3.7600000000000000e+02  -2.1845701280372101e+01
   3.7700000000000000e+02  -2.2246200188835001e+01
   3.7800000000000000e+02  -2.2405850223942100e+01
   3.7900000000000000e+02  -2.2986981331050899e+01
   3.8000000000000000e+02  -2.3603018575607599e+01
   3.8100000000000000e+02  -2.3917653620663799e+01
   3.8200000000000000e+02  -2.4592487465244400e+01
   3.8300000000000000e+02  -2.4549578600424798e+01
   3.8400000000000000e+02  -2.5296788963906401e+01
   3.8500000000000000e+02  -2.5522754449961301e+01
   3.8600000000000000e+02  -2.6034608119076498e+01
   3.8700000000000000e+02  -2.7233743005879500e+01
   3.8800000000000000e+02  -2.8045156438318099e+01
   3.8900000000000000e+02  -2.8925866183319101e+01
   3.9000000000000000e+02  -2.9670992052509600e+01
   3.9100000000000000e+02  -3.0223875118749199e+01
   3.9200000000000000e+02  -3.0671527970292200e+01
   3.9300000000000000e+02  -3.1260258483706199e+01
   3.9400000000000000e+02  -3.2266691646105699e+01
   3.9500000000000000e+02  -3.2787466978616997e+01
   3.9600000000000000e+02  -3.3014123595939097e+01
   3.9700000000000000e+02  -3.3339921310900998e+01
   3.9800000000000000e+02  -3.3910152664824800e+01
   3.9900000000000000e+02  -3.5017218076130497e+01
   4.0000000000000000e+02  -3.5595197800953102e+01
   4.0100000000000000e+02  -3.6362971112014897e+01
   4.0200000000000000e+02  -3.6555472182069600e+01
   4.0300000000000000e+02  -3.7510268782037897e+01
   4.0400000000000000e+02  -3.7688019240821603e+01
   4.0500000000000000e+02  -3.8030765816521800e+01
   4.0600000000000000e+02  -3.9156271988280700e+01
   4.0700000000000000e+02  -3.9962749557288198e+01
   4.0800000000000000e+02  -4.0952237021743400e+01
   4.0900000000000000e+02  -4.1794956354478202e+01
   4.1000000000000000e+02  -4.2683300913972502e+01
   4.1100000000000000e+02  -4.3218524243385303e+01
   4.1200000000000000e+02  -4.4016370730351099e+01
   4.1300000000000000e+02  -4.4936109168998698e+01
   4.1400000000000000e+02  -4.6097603398914501e+01
   4.1500000000000000e+02  -4.6979566201684896e+01
   4.1600000000000000e+02  -4.8473720996474000e+01
   4.1700000000000000e+02  -4.9079089013911101e+01
   4.1800000000000000e+02  -5.0090812046070099e+01
   4.1900000000000000e+02  -5.0754010080759997e+01
   4.2000000000000000e+02  -5.1359864400077399e+01
   4.2100000000000000e+02  -5.1721618132411898e+01
   4.2200000000000000e+02  -5.3066912174104203e+01
   4.2300000000000000e+02  -5.3648271241971102e+01
   4.2400000000000000e+02  -5.4176540795150999e+01
   4.2500000000000000e+02  -5.5450959271978299e+01
   4.2600000000000000e+02  -5.6573202899807299e+01
   4.2700000000000000e+02  -5.6864196926294099e+01
   4.2800000000000000e+02  -5.7934630318935497e+01
   4.2900000000000000e+02  -5.9517149360599298e+01
   4.3000000000000000e+02  -6.0270101211251102e+01
   4.3100000000000000e+02  -6.1362873014957998e+01
   4.3200000000000000e+02  -6.2475809619540001e+01
   4.3300000000000000e+02  -6.3287055137613201e+01
   4.3400000000000000e+02  -6.3985060039060798e+01
   4.3500000000000000e+02  -6.4182331763515805e+01
   4.3600000000000000e+02  -6.5200079139645197e+01
   4.3700000000000000e+02  -6.5714335474128802e+01
   4.3800000000000000e+02  -6.6036806019194998e+01
   4.3900000000000000e+02  -6.6265679811558797e+01
   4.4000000000000000e+02  -6.6610459931962794e+01
   4.4100000000000000e+02  -6.7068527892940907e+01
   4.4200000000000000e+02  -6.7807981295365593e+01
   4.4300000000000000e+02  -6.8427023955628201e+01
   4.4400000000000000e+02  -6.9563589068008099e+01
   4.4500000000000000e+02  -7.0344411921198699e+01
   4.4600000000000000e+02  -7.0776012668974900e+01
   4.4700000000000000e+02  -7.0980420700644601e+01
   4.4800000000000000e+02  -7.1106415078181399e+01
   4.4900000000000000e+02  -7.1802830727466997e+01
   4.5000000000000000e+02  -7.1963415269192495e+01
   4.5100000000000000e+02  -7.2207336458741906e+01
   4.5200000000000000e+02  -7.2111211465103494e+01
   4.5300000000000000e+02  -7.2748626878085901e+01
   4.5400000000000000e+02  -7.3236004710116902e+01
   4.5500000000000000e+02  -7.3241148527038206e+01
   4.5600000000000000e+02  -7.3317468405327006e+01
   4.5700000000000000e+02  -7.3219969263564593e+01
   4.5800000000000000e+02  -7.3760101110861996e+01
   4.5900000000000000e+02  -7.4006302421220099e+01
   4.6000000000000000e+02  -7.4708838408151706e+01
   4.6100000000000000e+02  -7.4807723366288002e+01
   4.6200000000000000e+02  -7.5100805115874195e+01
   4.6300000000000000e+02  -7.5218230008721903e+01
   4.6400000000000000e+02  -7.5257036071279103e+01
   4.6500000000000000e+02  -7.5732327342708601e+01
   4.6600000000000000e+02  -7.5298495810628395e+01
   4.6700000000000000e+02  -7.5625780829214804e+01
   4.6800000000000000e+02  -7.5723622817263802e+01
   4.6900000000000000e+02  -7.5642405801195906e+01
   4.7000000000000000e+02  -7.6239683053851294e+01
   4.7100000000000000e+02  -7.5597404723804701e+01
   4.7200000000000000e+02  -7.5454319825208898e+01
   4.7300000000000000e+02  -7.5165856328897107e+01
   4.7400000000000000e+02  -7.5086548874120297e+01
   4.7500000000000000e+02  -7.5285129937064994e+01
   4.7600000000000000e+02  -7.5182090470381993e+01
   4.7700000000000000e+02  -7.5437800574482694e+01
   4.7800000000000000e+02  -7.5354476691343393e+01
   4.7900000000000000e+02  -7.5181716130923903e+01
   4.8000000000000000e+02  -7.5612081420404294e+01
   4.8100000000000000e+02  -7.5751106238735900e+01
   4.8200000000000000e+02  -7.5448018191596702e+01
   4.8300000000000000e+02  -7.5807677516424306e+01
   4.8400000000000000e+02  -7.6231231757521897e+01
   4.8500000000000000e+02  -7.5945155285520997e+01
   4.8600000000000000e+02  -7.6209433139568105e+01
   4.8700000000000000e+02  -7.6313321322746802e+01
   4.8800000000000000e+02  -7.6203394368598197e+01
   4.8900000000000000e+02  -7.5822245668340798e+01
   4.9000000000000000e+02  -7.5254221017272201e+01
   4.9100000000000000e+02  -7.5374071452923602e+01
   4.9200000000000000e+02  -7.5282181122317894e+01
   4.9300000000000000e+02  -7.5089760330165007e+01
   4.9400000000000000e+02  -7.4625406915006295e+01
   4.9500000000000000e+02  -7.4935075323932395e+01
   4.9600000000000000e+02  -7.5177308275656799e+01
   4.9700000000000000e+02  -7.4897582698780298e+01
   4.9800000000000000e+02  -7.4873916100778601e+01
   4.9900000000000000e+02  -7.5152035686677905e+01
   5.0000000000000000e+02  -7.5585211090456596e+01
   5.0100000000000000e+02  -7.5466496741370904e+01
   5.0200000000000000e+02  -7.5322043269733896e+01
   5.0300000000000000e+02  -7.5371079789400994e+01
   5.0400000000000000e+02  -7.5654983864120695e+01
   5.0500000000000000e+02  -7.5474969458397794e+01
   5.0600000000000000e+02  -7.5228634696131294e+01
   5.0700000000000000e+02  -7.4639463141500102e+01
   5.0800000000000000e+02  -7.4457594551352102e+01
   5.0900000000000000e+02  -7.4377419650972996e+01
   5.1000000000000000e+02  -7.4211127094319195e+01
   5.1100000000000000e+02  -7.4622613893234501e+01
   5.1200000000000000e+02  -7.5446819822283402e+01
   5.1300000000000000e+02  -7.5456763303029106e+01
   5.1400000000000000e+02  -7.5841842185983694e+01
   5.1500000000000000e+02  -7.5310627120144005e+01
   5.1600000000000000e+02  -7.5751007384967707e+01
   5.1700000000000000e+02  -7.5473709526791197e+01
   5.1800000000000000e+02  -7.4961397846922495e+01
   5.1900000000000000e+02  -7.5289037867944998e+01
   5.2000000000000000e+02  -7.5448018195097902e+01
   5.2100000000000000e+02  -7.5642686760111204e+01
   5.2200000000000000e+02  -7.5790654106875905e+01
   5.2300000000000000e+02  -7.5749965729762494e+01
   5.2400000000000000e+02  -7.5918506910386597e+01
   5.2500000000000000e+02  -7.6494450464300897e+01
   5.2600000000000000e+02  -7.6304039939332895e+01
   5.2700000000000000e+02  -7.6394505147335593e+01
   5.2800000000000000e+02  -7.6272696021319007e+01
   5.2900000000000000e+02  -7.5382068305971202e+01
   5.3000000000000000e+02  -7.5383420166870295e+01
   5.3100000000000000e+02  -7.5527584195642902e+01
   5.3200000000000000e+02  -7.5418688309857600e+01
   5.3300000000000000e+02  -7.5981708653767200e+01
   5.3400000000000000e+02  -7.6127481159103795e+01
   5.3500000000000000e+02  -7.6371215609530196e+01
   5.3600000000000000e+02  -7.6272399318601401e+01
   5.3700000000000000e+02  -7.5991034464629394e+01
   5.3800000000000000e+02  -7.5684939165468904e+01
   5.3900000000000000e+02  -7.5543675523416695e+01
   5.4000000000000000e+02  -7.5803478025632401e+01
   5.4100000000000000e+02  -7.5829894142430703e+01
   5.4200000000000000e+02  -7.5715215325082696e+01
   5.4300000000000000e+02  -7.6072410835413294e+01
   5.4400000000000000e+02  -7.5912344467201194e+01
   5.4500000000000000e+02  -7.5396624826679201e+01
   5.4600000000000000e+02  -7.5371157772277797e+01
   5.4700000000000000e+02  -7.5641541686128207e+01
   5.4800000000000000e+02  -7.5727970105896802e+01
   5.4900000000000000e+02  -7.5853527844906097e+01
   5.5000000000000000e+02  -7.5842609757851406e+01
   5.5100000000000000e+02  -7.5427834882756898e+01
   5.5200000000000000e+02  -7.5409511366547804e+01
   5.5300000000000000e+02  -7.5816862197831696e+01
   5.5400000000000000e+02  -7.5902178991590304e+01
   5.5500000000000000e+02  -7.5991196345773204e+01
   5.5600000000000000e+02  -7.5388151369176398e+01
   5.5700000000000000e+02  -7.5876575345632702e+01
   5.5800000000000000e+02  -7.6011842842133206e+01
   5.5900000000000000e+02  -7.6216238403286695e+01
   5.6000000000000000e+02  -7.6050762987714407e+01
   5.6100000000000000e+02  -7.6361723878660399e+01
   5.6200000000000000e+02  -7.6052285000218305e+01
   5.6300000000000000e+02  -7.6159258870087996e+01
   5.6400000000000000e+02  -7.6208500739167206e+01
   5.6500000000000000e+02  -7.6556999791342506e+01
   5.6600000000000000e+02  -7.7204048056807494e+01
   5.6700000000000000e+02  -7.7089268536608699e+01
   5.6800000000000000e+02  -7.6668962090456702e+01
   5.6900000000000000e+02  -7.7021078619333295e+01
   5.7000000000000000e+02  -7.7449119524135000e+01
   5.7100000000000000e+02  -7.7723641106227106e+01
   5.7200000000000000e+02  -7.7715370872120999e+01
   5.7300000000000000e+02  -7.7956124549344295e+01
   5.7400000000000000e+02  -7.8127061784935705e+01
   5.7500000000000000e+02  -7.8266995695210994e+01
   5.7600000000000000e+02  -7.7851386279108794e+01
   5.7700000000000000e+02  -7.7626048236204099e+01
   5.7800000000000000e+02  -7.7545223430593495e+01
   5.7900000000000000e+02  -7.7839601047753305e+01
   5.8000000000000000e+02  -7.7988963925386400e+01
   5.8100000000000000e+02  -7.7530263190903895e+01
   5.8200000000000000e+02  -7.7178997954225395e+01
   5.8300000000000000e+02  -7.7212012744409904e+01
   5.8400000000000000e+02  -7.7252048480304197e+01
   5.8500000000000000e+02  -7.7296535313594603e+01
   5.8600000000000000e+02  -7.7355858250468302e+01
   5.8700000000000000e+02  -7.7085211523569797e+01
   5.8800000000000000e+02  -7.6882102237597294e+01
   5.8900000000000000e+02  -7.6800551648427003e+01
   5.9000000000000000e+02  -7.6986255734257995e+01
   5.9100000000000000e+02  -7.6485737785308800e+01
   5.9200000000000000e+02  -7.5813419528042601e+01
   5.9300000000000000e+02  -7.5460923729532794e+01
   5.9400000000000000e+02  -7.5570544811113706e+01
   5.9500000000000000e+02  -7.5926204313849794e+01
   5.9600000000000000e+02  -7.6135695661940900e+01
   5.9700000000000000e+02  -7.5982778812757203e+01
   5.9800000000000000e+02  -7.6320366591397999e+01
   5.9900000000000000e+02  -7.6363255673452002e+01
   6.0000000000000000e+02  -7.6701506511612394e+01
   6.0100000000000000e+02  -7.6861512652315398e+01
   6.0200000000000000e+02  -7.6681858514290894e+01
   6.0300000000000000e+02  -7.6561650899316007e+01
   6.0400000000000000e+02  -7.6632607407341197e+01
   6.0500000000000000e+02  -7.6712140906472101e+01
   6.0600000000000000e+02  -7.6801917462742594e+01
   6.0700000000000000e+02  -7.6784815172011804e+01
   6.0800000000000000e+02  -7.6339173141116902e+01
   6.0900000000000000e+02  -7.6558541171858096e+01
   6.1000000000000000e+02  -7.6632937891917095e+01
   6.1100000000000000e+02  -7.6777145130581999e+01
   6.1200000000000000e+02  -7.6582179702893598e+01
   6.1300000000000000e+02  -7.6613818532304805e+01
   6.1400000000000000e+02  -7.6414715414905302e+01
   6.1500000000000000e+02  -7.6133059514010895e+01
   6.1600000000000000e+02  -7.6280017346851906e+01
   6.1700000000000000e+02  -7.6583865614694105e+01
   6.1800000000000000e+02  -7.6927015917118894e+01
   6.1900000000000000e+02  -7.7305689803851195e+01
   6.2000000000000000e+02  -7.7202027174678705e+01
   6.2100000000000000e+02  -7.7267166034355299e+01
   6.2200000000000000e+02  -7.7260879741363695e+01
   6.2300000000000000e+02  -7.7289064303257803e+01
   6.2400000000000000e+02  -7.7330519085127804e+01
   6.2500000000000000e+02  -7.6850062071109093e+01
   6.2600000000000000e+02  -7.7037402534555895e+01
   6.2700000000000000e+02  -7.6988417718514697e+01
   6.2800000000000000e+02  -7.7306283696648507e+01
   6.2900000000000000e+02  -7.7300561293202307e+01
   6.3000000000000000e+02  -7.6917618099927793e+01
   6.3100000000000000e+02  -7.6524200492803502e+01
   6.3200000000000000e+02  -7.6134834535500602e+01
   6.3300000000000000e+02  -7.6067469737798305e+01
   6.3400000000000000e+02  -7.5645497715139399e+01
   6.3500000000000000e+02  -7.5276144874115502e+01
   6.3600000000000000e+02  -7.4907903998699993e+01
   6.3700000000000000e+02  -7.4437902331023693e+01
   6.3800000000000000e+02  -7.4559243726932493e+01
   6.3900000000000000e+02  -7.4774528277599501e+01
   6.4000000000000000e+02  -7.4670880492008394e+01
   6.4100000000000000e+02  -7.4353317997463705e+01
   6.4200000000000000e+02  -7.4552056271061801e+01
   6.4300000000000000e+02  -7.4706558561127807e+01
   6.4400000000000000e+02  -7.4945583325106696e+01
   6.4500000000000000e+02  -7.5206051218221504e+01
   6.4600000000000000e+02  -7.5714050488971196e+01
   6.4700000000000000e+02  -7.5751392618040995e+01
   6.4800000000000000e+02  -7.5684960981719200e+01
   6.4900000000000000e+02  -7.5261011575524805e+01
   6.5000000000000000e+02  -7.4914276881350006e+01
   6.5100000000000000e+02  -7.4815693167812398e+01
   6.5200000000000000e+02  -7.4561506893857000e+01
   6.5300000000000000e+02  -7.4445931731026207e+01
   6.5400000000000000e+02  -7.4243154491496696e+01
   6.5500000000000000e+02  -7.3840533126794597e+01
   6.5600000000000000e+02  -7.3830720547094003e+01
   6.5700000000000000e+02  -7.3529392243975707e+01
   6.5800000000000000e+02  -7.3923292045330996e+01
   6.5900000000000000e+02  -7.4464277303336900e+01
   6.6000000000000000e+02  -7.4374066435453898e+01
   6.6100000000000000e+02  -7.4508473235116696e+01
   6.6200000000000000e+02  -7.4945502810633499e+01
   6.6300000000000000e+02  -7.5404392335478093e+01
   6.6400000000000000e+02  -7.5321184925523497e+01
   6.6500000000000000e+02  -7.5499573679159298e+01
   6.6600000000000000e+02  -7.5237475466828002e+01
   6.6700000000000000e+02  -7.5301630064421801e+01
   6.6800000000000000e+02  -7.5496772943611106e+01
   6.6900000000000000e+02  -7.5521186529171800e+01
   6.7000000000000000e+02  -7.5123976113932102e+01
   6.7100000000000000e+02  -7.5342099636796206e+01
   6.7200000000000000e+02  -7.5360722599846198e+01
   6.7300000000000000e+02  -7.6200868486236104e+01
   6.7400000000000000e+02  -7.6708629125138003e+01
   6.7500000000000000e+02  -7.6505261996645601e+01
   6.7600000000000000e+02  -7.5999212829434398e+01
   6.7700000000000000e+02  -7.6262379786031900e+01
   6.7800000000000000e+02  -7.6076807790512007e+01
   6.7900000000000000e+02  -7.5135882245055299e+01
   6.8000000000000000e+02  -7.5028859134452603e+01
   6.8100000000000000e+02  -7.5566143460540900e+01
   6.8200000000000000e+02  -7.6423873560485006e+01
   6.8300000000000000e+02  -7.6441162310556805e+01
   6.8400000000000000e+02  -7.6505593672830301e+01
   6.8500000000000000e+02  -7.5870491307114605e+01
   6.8600000000000000e+02  -7.6562227131634202e+01
   6.8700000000000000e+02  -7.6172504029726994e+01
   6.8800000000000000e+02  -7.6394971987568397e+01
   6.8900000000000000e+02  -7.6238442380258306e+01
   6.9000000000000000e+02  -7.6780821790013604e+01
   6.9100000000000000e+02  -7.7267419569717504e+01
   6.9200000000000000e+02  -7.7181922038905597e+01
   6.9300000000000000e+02  -7.6823446306960605e+01
   6.9400000000000000e+02  -7.7104636531353904e+01
   6.9500000000000000e+02  -7.6292733287041102e+01
   6.9600000000000000e+02  -7.6782453994664394e+01
   6.9700000000000000e+02  -7.7230933135332805e+01
   6.9800000000000000e+02  -7.7162285254363297e+01
   6.9900000000000000e+02  -7.6961970512435997e+01
   7.0000000000000000e+02  -7.6930747442098095e+01
   7.0100000000000000e+02  -7.6344503799484798e+01
   7.0200000000000000e+02  -7.5748725379154706e+01
   7.0300000000000000e+02  -7.6136698194258003e+01
   7.0400000000000000e+02  -7.5618302447786306e+01
   7.0500000000000000e+02  -7.5431057843360094e+01
   7.0600000000000000e+02  -7.5050696455866699e+01
   7.0700000000000000e+02  -7.4326191547260507e+01
   7.0800000000000000e+02  -7.3918043932452406e+01
   7.0900000000000000e+02  -7.4066100073962701e+01
   7.1000000000000000e+02  -7.4248274821512197e+01
   7.1100000000000000e+02  -7.3825565010479394e+01
   7.1200000000000000e+02  -7.3671753535772098e+01
   7.1300000000000000e+02  -7.3429747498147407e+01
   7.1400000000000000e+02  -7.3437510975598599e+01
   7.1500000000000000e+02  -7.3885112736375504e+01
   7.1600000000000000e+02  -7.3708188166406899e+01
   7.1700000000000000e+02  -7.3825243151408898e+01
   7.1800000000000000e+02  -7.3500320574852296e+01
   7.1900000000000000e+02  -7.3924584561624997e+01
   7.2000000000000000e+02  -7.4192617306122600e+01
   7.2100000000000000e+02  -7.4425652501662697e+01
   7.2200000000000000e+02  -7.4095838408366404e+01
   7.2300000000000000e+02  -7.4556365541039597e+01
   7.2400000000000000e+02  -7.4368946463921105e+01
   7.2500000000000000e+02  -7.4447218625786206e+01
   7.2600000000000000e+02  -7.4504084787910202e+01
   7.2700000000000000e+02  -7.5083462469650598e+01
   7.2800000000000000e+02  -7.4832805734576695e+01
   7.2900000000000000e+02  -7.5270745263996105e+01
   7.3000000000000000e+02  -7.5313380590513205e+01
   7.3100000000000000e+02  -7.5920745975770899e+01
   7.3200000000000000e+02  -7.5376946911107396e+01
   7.3300000000000000e+02  -7.5600641506196197e+01
   7.3400000000000000e+02  -7.5568023320996105e+01
   7.3500000000000000e+02  -7.5636484311980993e+01
   7.3600000000000000e+02  -7.5758026276780200e+01
   7.3700000000000000e+02  -7.5742422149227707e+01
   7.3800000000000000e+02  -7.5317298886434401e+01
   7.3900000000000000e+02  -7.5276793205699207e+01
   7.4000000000000000e+02  -7.5087274795797200e+01
   7.4100000000000000e+02  -7.5182759530769204e+01
   7.4200000000000000e+02  -7.5396885676710198e+01
   7.4300000000000000e+02  -7.5444034176066594e+01
   7.4400000000000000e+02  -7.5089261212374197e+01
   7.4500000000000000e+02  -7.5008641868181002e+01
   7.4600000000000000e+02  -7.4944580714371696e+01
   7.4700000000000000e+02  -7.5245986216041302e+01
   7.4800000000000000e+02  -7.4826741007457301e+01
   7.4900000000000000e+02  -7.4485738861168997e+01
   7.5000000000000000e+02  -7.4381546066438702e+01
   7.5100000000000000e+02  -7.4787510981079095e+01
   7.5200000000000000e+02  -7.4914789291898899e+01
   7.5300000000000000e+02  -7.4839936444307099e+01
   7.5400000000000000e+02  -7.4974368505325401e+01
   7.5500000000000000e+02  -7.5125346785178905e+01
   7.5600000000000000e+02  -7.4782479611988094e+01
   7.5700000000000000e+02  -7.4840358553030299e+01
   7.5800000000000000e+02  -7.4942225414724703e+01
   7.5900000000000000e+02  -7.5147090760842005e+01
   7.6000000000000000e+02  -7.5199838627002606e+01
   7.6100000000000000e+02  -7.5266028746313097e+01
   7.6200000000000000e+02  -7.5823378086834495e+01
   7.6300000000000000e+02  -7.5727464664074404e+01
   7.6400000000000000e+02  -7.5519621858931401e+01
   7.6500000000000000e+02  -7.5405377797390898e+01
   7.6600000000000000e+02  -7.5633397984631898e+01
   7.6700000000000000e+02  -7.5441862742351702e+01
   7.6800000000000000e+02  -7.5620701500613393e+01
   7.6900000000000000e+02  -7.5650331841464606e+01
   7.7000000000000000e+02  -7.5533003138250393e+01
   7.7100000000000000e+02  -7.4970621941776301e+01
   7.7200000000000000e+02  -7.4995968827726401e+01
   7.7300000000000000e+02  -7.5230079556392994e+01
   7.7400000000000000e+02  -7.5535422414763303e+01
   7.7500000000000000e+02  -7.5744721850236203e+01
   7.7600000000000000e+02  -7.5900728616819094e+01
   7.7700000000000000e+02  -7.5399851146762700e+01
   7.7800000000000000e+02  -7.5105501237069305e+01
   7.7900000000000000e+02  -7.5204813477137293e+01
   7.8000000000000000e+02  -7.6103743764364495e+01
   7.8100000000000000e+02  -7.5603725015649303e+01
   7.8200000000000000e+02  -7.5711791880308496e+01
   7.8300000000000000e+02  -7.5691528685380007e+01
   7.8400000000000000e+02  -7.5244720343337093e+01
   7.8500000000000000e+02  -7.5082337618702297e+01
   7.8600000000000000e+02  -7.5075563508298202e+01
   7.8700000000000000e+02  -7.4781574880224994e+01
   7.8800000000000000e+02  -7.5116917220234598e+01
   7.8900000000000000e+02  -7.5428512549323500e+01
   7.9000000000000000e+02  -7.5242697319632299e+01
   7.9100000000000000e+02  -7.4770921877920998e+01
   7.9200000000000000e+02  -7.4657258346230805e+01
   7.9300000000000000e+02  -7.4340505408007502e+01
   7.9400000000000000e+02  -7.4043872205853901e+01
   7.9500000000000000e+02  -7.4222427828719105e+01
   7.9600000000000000e+02  -7.4239227486744596e+01
   7.9700000000000000e+02  -7.3569993958033393e+01
   7.9800000000000000e+02  -7.3602268663457593e+01
   7.9900000000000000e+02  -7.4088887607625296e+01
   8.0000000000000000e+02  -7.4349442539846905e+01
   8.0100000000000000e+02  -7.3758287697683002e+01
   8.0200000000000000e+02  -7.2984999472420000e+01
   8.0300000000000000e+02  -7.2431520111150206e+01
   8.0400000000000000e+02  -7.2032232892531894e+01
   8.0500000000000000e+02  -7.1831975080188798e+01
   8.0600000000000000e+02  -7.1763663578875594e+01
   8.0700000000000000e+02  -7.2032196539644005e+01
   8.0800000000000000e+02  -7.2736506909039207e+01
   8.0900000000000000e+02  -7.2561268906288504e+01
   8.1000000000000000e+02  -7.3104634673451798e+01
   8.1100000000000000e+02  -7.2978136403420905e+01
   8.1200000000000000e+02  -7.3377695967448801e+01
   8.1300000000000000e+02  -7.3055401155129104e+01
   8.1400000000000000e+02  -7.3382177791870802e+01
   8.1500000000000000e+02  -7.3064976924599407e+01
   8.1600000000000000e+02  -7.3068430198647505e+01
   8.1700000000000000e+02  -7.3069015568857907e+01
   8.1800000000000000e+02  -7.3230715020117401e+01
   8.1900000000000000e+02  -7.2916731378070395e+01
   8.2000000000000000e+02  -7.2910112818207196e+01
   8.2100000000000000e+02  -7.2836670849458997e+01
   8.2200000000000000e+02  -7.2312377170668498e+01
   8.2300000000000000e+02  -7.2475265249390105e+01
   8.2400000000000000e+02  -7.2891323534871006e+01
   8.2500000000000000e+02  -7.2811094654298600e+01
   8.2600000000000000e+02  -7.2864583241911305e+01
   8.2700000000000000e+02  -7.2688961233799006e+01
   8.2800000000000000e+02  -7.2830910321602602e+01
   8.2900000000000000e+02  -7.2930975630340598e+01
   8.3000000000000000e+02  -7.3217523940791295e+01
   8.3100000000000000e+02  -7.3166376790142493e+01
   8.3200000000000000e+02  -7.3404887736426303e+01
   8.3300000000000000e+02  -7.3890269395367895e+01
   8.3400000000000000e+02  -7.3634465139056900e+01
   8.3500000000000000e+02  -7.3729752733740895e+01
   8.3600000000000000e+02  -7.3785947620346306e+01
   8.3700000000000000e+02  -7.3648755124194295e+01
   8.3800000000000000e+02  -7.4007377717739004e+01
   8.3900000000000000e+02  -7.3621562921752300e+01
   8.4000000000000000e+02  -7.3685656770249395e+01
   8.4100000000000000e+02  -7.3693654337745301e+01
   8.4200000000000000e+02  -7.3573820467274004e+01
   8.4300000000000000e+02  -7.3110409165489003e+01
   8.4400000000000000e+02  -7.3302407374134106e+01
   8.4500000000000000e+02  -7.2961546365290900e+01
   8.4600000000000000e+02  -7.2743967969642796e+01
   8.4700000000000000e+02  -7.2635653679824600e+01
   8.4800000000000000e+02  -7.2924079725068594e+01
   8.4900000000000000e+02  -7.2756281532708002e+01
   8.5000000000000000e+02  -7.2611073098754204e+01
   8.5100000000000000e+02  -7.2587350131328506e+01
   8.5200000000000000e+02  -7.2826045044032000e+01
   8.5300000000000000e+02  -7.2304796439751101e+01
   8.5400000000000000e+02  -7.2941020598622003e+01
   8.5500000000000000e+02  -7.2596959934798903e+01
   8.5600000000000000e+02  -7.2190917413445305e+01
   8.5700000000000000e+02  -7.2107253744259097e+01
   8.5800000000000000e+02  -7.2382893946889496e+01
   8.5900000000000000e+02  -7.2177012202257899e+01
   8.6000000000000000e+02  -7.2482446488685000e+01
   8.6100000000000000e+02  -7.2191438756899800e+01
   8.6200000000000000e+02  -7.2520806525577399e+01
   8.6300000000000000e+02  -7.1973699766103095e+01
   8.6400000000000000e+02  -7.1426394521747994e+01
   8.6500000000000000e+02  -7.1809296681236503e+01
   8.6600000000000000e+02  -7.1608151575223701e+01
   8.6700000000000000e+02  -7.1471308650749705e+01
   8.6800000000000000e+02  -7.0983409605444194e+01
   8.6900000000000000e+02  -7.1044800822824399e+01
   8.7000000000000000e+02  -7.1260528711271704e+01
   8.7100000000000000e+02  -7.1611978350241600e+01
   8.7200000000000000e+02  -7.1572505626174504e+01
   8.7300000000000000e+02  -7.1135121360178204e+01
   8.7400000000000000e+02  -7.0795906909054693e+01
   8.7500000000000000e+02  -7.1086846414491902e+01
   8.7600000000000000e+02  -7.0835387240197505e+01
   8.7700000000000000e+02  -7.0991038061260198e+01
   8.7800000000000000e+02  -7.0760354728335102e+01
   8.7900000000000000e+02  -7.0911114116468099e+01
   8.8000000000000000e+02  -7.0964499857596493e+01
   8.8100000000000000e+02  -7.0820375338196996e+01
   8.8200000000000000e+02  -7.0886116567520205e+01
   8.8300000000000000e+02  -7.1340178259697197e+01
   8.8400000000000000e+02  -7.1492640326022496e+01
   8.8500000000000000e+02  -7.1175498342409597e+01
   8.8600000000000000e+02  -7.0997197683343998e+01
   8.8700000000000000e+02  -7.1424258020952607e+01
   8.8800000000000000e+02  -7.1235700119019498e+01
   8.8900000000000000e+02  -7.0956227623048704e+01
   8.9000000000000000e+02  -7.1271088072102799e+01
   8.9100000000000000e+02  -7.1023534402655599e+01
   8.9200000000000000e+02  -7.0752395995006907e+01
   8.9300000000000000e+02  -7.0971050115761400e+01
   8.9400000000000000e+02  -7.1134718342747803e+01
   8.9500000000000000e+02  -7.1352366960083202e+01
   8.9600000000000000e+02  -7.1291908064908100e+01
   8.9700000000000000e+02  -7.1233604215835598e+01
   8.9800000000000000e+02  -7.1373866270923600e+01
   8.9900000000000000e+02  -7.1277551644163395e+01
   9.0000000000000000e+02  -7.1565196786724101e+01
   9.0100000000000000e+02  -7.1517344847505697e+01
   9.0200000000000000e+02  -7.1459118269871098e+01
   9.0300000000000000e+02  -7.1507645751262999e+01
   9.0400000000000000e+02  -7.1555268767198896e+01
   9.0500000000000000e+02  -7.1660282978335701e+01
   9.0600000000000000e+02  -7.1859722074785097e+01
   9.0700000000000000e+02  -7.1481390591391701e+01
   9.0800000000000000e+02  -7.1280695200889596e+01
   9.0900000000000000e+02  -7.1247429930288206e+01
   9.1000000000000000e+02  -7.0852664844691503e+01
   9.1100000000000000e+02  -7.0691833217406895e+01
   9.1200000000000000e+02  -7.0740709625650496e+01
   9.1300000000000000e+02  -7.0893287481642005e+01
   9.1400000000000000e+02  -7.1078756151282093e+01
   9.1500000000000000e+02  -7.0844964186359505e+01
   9.1600000000000000e+02  -7.0565791912887406e+01
   9.1700000000000000e+02  -7.0991031191970094e+01
   9.1800000000000000e+02  -7.0955072624953303e+01
   9.1900000000000000e+02  -7.0822902614533106e+01
   9.2000000000000000e+02  -7.0647403166325006e+01
   9.2100000000000000e+02  -7.0892821288499306e+01
   9.2200000000000000e+02  -7.0808590040448394e+01
   9.2300000000000000e+02  -7.1045452312603800e+01
   9.2400000000000000e+02  -7.0839788832279893e+01
   9.2500000000000000e+02  -7.0517678189330297e+01
   9.2600000000000000e+02  -7.0065126997813394e+01
   9.2700000000000000e+02  -6.9858952151286900e+01
   9.2800000000000000e+02  -7.0016381382536807e+01
   9.2900000000000000e+02  -6.9957099619283895e+01
   9.3000000000000000e+02  -7.0125110590676002e+01
   9.3100000000000000e+02  -6.9882306713708402e+01
   9.3200000000000000e+02  -6.9642222690946298e+01
   9.3300000000000000e+02  -6.9684746151043896e+01
   9.3400000000000000e+02  -6.9989907946716102e+01
   9.3500000000000000e+02  -7.0152902646872803e+01
   9.3600000000000000e+02  -7.0292191635749703e+01
   9.3700000000000000e+02  -7.0019565276915301e+01
   9.3800000000000000e+02  -6.9477546116872304e+01
   9.3900000000000000e+02  -6.9519484992163996e+01
   9.4000000000000000e+02  -6.9536233759428001e+01
   9.4100000000000000e+02  -6.9829828067329103e+01
   9.4200000000000000e+02  -7.0276760945339902e+01
   9.4300000000000000e+02  -7.0629486591369002e+01
   9.4400000000000000e+02  -7.1106628028614494e+01
   9.4500000000000000e+02  -7.1182780475814297e+01
   9.4600000000000000e+02  -7.1434107765803105e+01
   9.4700000000000000e+02  -7.1534157933566107e+01
   9.4800000000000000e+02  -7.1965832146579004e+01
   9.4900000000000000e+02  -7.1705471386810203e+01
   9.5000000000000000e+02  -7.1718284875734597e+01
   9.5100000000000000e+02  -7.1853072035030195e+01
   9.5200000000000000e+02  -7.1725471663622002e+01
   9.5300000000000000e+02  -7.1682792471599996e+01
   9.5400000000000000e+02  -7.1021288611159207e+01
   9.5500000000000000e+02  -7.0919834535930804e+01
   9.5600000000000000e+02  -7.1152490538948300e+01
   9.5700000000000000e+02  -7.1048064925143706e+01
   9.5800000000000000e+02  -7.0828627780122503e+01
   9.5900000000000000e+02  -7.0247553904542002e+01
   9.6000000000000000e+02  -6.9828341631136396e+01
   9.6100000000000000e+02  -6.9954538359301694e+01
   9.6200000000000000e+02  -6.9901818253861904e+01
   9.6300000000000000e+02  -6.9804375010906398e+01
   9.6400000000000000e+02  -7.0099259213326306e+01
   9.6500000000000000e+02  -7.0160319040594999e+01
   9.6600000000000000e+02  -7.0469992436445693e+01
   9.6700000000000000e+02  -7.0509324856882003e+01
   9.6800000000000000e+02  -7.0336022999922307e+01
   9.6900000000000000e+02  -7.0340398170317499e+01
   9.7000000000000000e+02  -7.0434965898485203e+01
   9.7100000000000000e+02  -7.0249196092460593e+01
   9.7200000000000000e+02  -6.9994188073931696e+01
   9.7300000000000000e+02  -6.9941818244849998e+01
   9.7400000000000000e+02  -7.0568480547579497e+01
   9.7500000000000000e+02  -7.1100316697018002e+01
   9.7600000000000000e+02  -7.1170441720346105e+01
   9.7700000000000000e+02  -7.1400351927329297e+01
   9.7800000000000000e+02  -7.1321077502616006e+01
   9.7900000000000000e+02  -7.1603932339107601e+01
   9.8000000000000000e+02  -7.1355833411621504e+01
   9.8100000000000000e+02  -7.0818006662618103e+01
   9.8200000000000000e+02  -7.0697870431274296e+01
   9.8300000000000000e+02  -7.0564427341486606e+01
   9.8400000000000000e+02  -7.0489536055197803e+01
   9.8500000000000000e+02  -7.0784144019356404e+01
   9.8600000000000000e+02  -7.0687853390014993e+01
   9.8700000000000000e+02  -7.0027161461616700e+01
   9.8800000000000000e+02  -7.0179857032635596e+01
   9.8900000000000000e+02  -7.0259129765339694e+01
   9.9000000000000000e+02  -6.9895915144286803e+01
   9.9100000000000000e+02  -6.9387565287658205e+01
   9.9200000000000000e+02  -6.9701227679673394e+01
   9.9300000000000000e+02  -6.9770839184932598e+01
   9.9400000000000000e+02  -6.9063312660737196e+01
   9.9500000000000000e+02  -6.9017461881488003e+01
   9.9600000000000000e+02  -6.8769388770538299e+01
   9.9700000000000000e+02  -6.8474984980033994e+01
   9.9800000000000000e+02  -6.8235603943565906e+01
   9.9900000000000000e+02  -6.8096682826174600e+01
   1.0000000000000000e+03  -6.8056428438890407e+01
   1.0010000000000000e+03  -6.8096674337805794e+01
   1.0020000000000000e+03  -6.7828531228166199e+01
   1.0030000000000000e+03  -6.7897255221132298e+01
   1.0040000000000000e+03  -6.8172704928473905e+01
   1.0050000000000000e+03  -6.8070151471738299e+01
   1.0060000000000000e+03  -6.7824151090304397e+01
   1.0070000000000000e+03  -6.8017784805801995e+01
   1.0080000000000000e+03  -6.7610735228162795e+01
   1.0090000000000000e+03  -6.7567237594090798e+01
   1.0100000000000000e+03  -6.7322497061884604e+01
   1.0110000000000000e+03  -6.7059719648568802e+01
   1.0120000000000000e+03  -6.6822034038931406e+01
   1.0130000000000000e+03  -6.6896689363983697e+01
   1.0140000000000000e+03  -6.6572997500481193e+01
   1.0150000000000000e+03  -6.5552357315316897e+01
   1.0160000000000000e+03  -6.5305627832924401e+01
   1.0170000000000000e+03  -6.5237745762673299e+01
   1.0180000000000000e+03  -6.4742872510085505e+01
   1.0190000000000000e+03  -6.4746514118797904e+01
   1.0200000000000000e+03  -6.4198072642875402e+01
   1.0210000000000000e+03  -6.3497144205962599e+01
   1.0220000000000000e+03  -6.3364086838316503e+01
   1.0230000000000000e+03  -6.1915581323688301e+01
   1.0240000000000000e+03  -6.0934539177728901e+01
   1.0250000000000000e+03  -6.0160781899893003e+01
   1.0260000000000000e+03  -5.8160548637483402e+01
   1.0270000000000000e+03  -5.5244575594742301e+01
   1.0280000000000000e+03  -4.9011506276846703e+01
   1.0290000000000000e+03  -2.6049591952878099e+01
