  -1.0000000000000000e+02  -7.3483194823799806e+01
  -9.9000000000000000e+01  -7.2978417705377097e+01
  -9.8000000000000000e+01  -7.2916152509081201e+01
  -9.7000000000000000e+01  -7.2755067910765902e+01
  -9.6000000000000000e+01  -7.2583382764119193e+01
  -9.5000000000000000e+01  -7.2545432906575002e+01
  -9.4000000000000000e+01  -7.2490576357519700e+01
  -9.3000000000000000e+01  -7.2242885903485600e+01
  -9.2000000000000000e+01  -7.2484021168052607e+01
  -9.1000000000000000e+01  -7.2564929292822001e+01
  -9.0000000000000000e+01  -7.2434856019656095e+01
  -8.9000000000000000e+01  -7.2449992810991603e+01
  -8.8000000000000000e+01  -7.2707811880195905e+01
  -8.7000000000000000e+01  -7.3096595861556693e+01
  -8.6000000000000000e+01  -7.3138412152362903e+01
  -8.5000000000000000e+01  -7.3321920966125504e+01
  -8.4000000000000000e+01  -7.3542439178090405e+01
  -8.3000000000000000e+01  -7.3737488194888101e+01
  -8.2000000000000000e+01  -7.3669483346244405e+01
  -8.1000000000000000e+01  -7.3215424891186402e+01
  -8.0000000000000000e+01  -7.3674766397869305e+01
  -7.9000000000000000e+01  -7.3785115387184703e+01
  -7.8000000000000000e+01  -7.3423381532266703e+01
  -7.7000000000000000e+01  -7.3215498121454999e+01
  -7.6000000000000000e+01  -7.3534297288074598e+01
  -7.5000000000000000e+01  -7.3238863857359704e+01
  -7.4000000000000000e+01  -7.2671308247212394e+01
  -7.3000000000000000e+01  -7.2355926787193596e+01
  -7.2000000000000000e+01  -7.2341423612666901e+01
  -7.1000000000000000e+01  -7.2196513287916204e+01
  -7.0000000000000000e+01  -7.1760461624642403e+01
  -6.9000000000000000e+01  -7.1194976169016499e+01
  -6.8000000000000000e+01  -7.1348888594460504e+01
  -6.7000000000000000e+01  -7.1489415160579398e+01
  -6.6000000000000000e+01  -7.1958983242277995e+01
  -6.5000000000000000e+01  -7.1972963814404196e+01
  -6.4000000000000000e+01  -7.2383514795696996e+01
  -6.3000000000000000e+01  -7.3007435021708801e+01
  -6.2000000000000000e+01  -7.3101106798274401e+01
  -6.1000000000000000e+01  -7.3178342543841097e+01
  -6.0000000000000000e+01  -7.3181567890886896e+01
  -5.9000000000000000e+01  -7.3375993518135701e+01
  -5.8000000000000000e+01  -7.3291387624937300e+01
  -5.7000000000000000e+01  -7.3145242383955704e+01
  -5.6000000000000000e+01  -7.3201871937216893e+01
  -5.5000000000000000e+01  -7.3122453657498198e+01
  -5.4000000000000000e+01  -7.2972691710944304e+01
  -5.3000000000000000e+01  -7.2950606482364705e+01
  -5.2000000000000000e+01  -7.2667378146440598e+01
  -5.1000000000000000e+01  -7.2286291896783794e+01
  -5.0000000000000000e+01  -7.2440880969433493e+01
  -4.9000000000000000e+01  -7.3053838095724601e+01
  -4.8000000000000000e+01  -7.2645592288680305e+01
  -4.7000000000000000e+01  -7.2541561488043001e+01
  -4.6000000000000000e+01  -7.1873461075223901e+01
  -4.5000000000000000e+01  -7.2373796389918894e+01
  -4.4000000000000000e+01  -7.2188814559549598e+01
  -4.3000000000000000e+01  -7.2400842969026002e+01
  -4.2000000000000000e+01  -7.1977003839945098e+01
  -4.1000000000000000e+01  -7.2354367876813498e+01
  -4.0000000000000000e+01  -7.1812031219832306e+01
  -3.9000000000000000e+01  -7.1972231173659495e+01
  -3.8000000000000000e+01  -7.1912354518086204e+01
  -3.7000000000000000e+01  -7.1501486697347801e+01
  -3.6000000000000000e+01  -7.1358873442859604e+01
  -3.5000000000000000e+01  -7.0824421509309403e+01
  -3.4000000000000000e+01  -7.0865997797482393e+01
  -3.3000000000000000e+01  -7.0540431302174994e+01
  -3.2000000000000000e+01  -7.0374079184745796e+01
  -3.1000000000000000e+01  -7.0390565783638806e+01
  -3.0000000000000000e+01  -7.0190595087274701e+01
  -2.9000000000000000e+01  -6.9633454206228393e+01
  -2.8000000000000000e+01  -6.9661576083395801e+01
  -2.7000000000000000e+01  -6.9042552155350805e+01
  -2.6000000000000000e+01  -6.9072699885268705e+01
  -2.5000000000000000e+01  -6.8820724341091804e+01
  -2.4000000000000000e+01  -6.8808234678275497e+01
  -2.3000000000000000e+01  -6.8563037116379803e+01
  -2.2000000000000000e+01  -6.7827650237262404e+01
  -2.1000000000000000e+01  -6.7789620783202196e+01
  -2.0000000000000000e+01  -6.7074141866372401e+01
  -1.9000000000000000e+01  -6.6643206612441205e+01
  -1.8000000000000000e+01  -6.6227910124257704e+01
  -1.7000000000000000e+01  -6.6377530998927796e+01
  -1.6000000000000000e+01  -6.6350717435242103e+01
  -1.5000000000000000e+01  -6.6056625006152402e+01
  -1.4000000000000000e+01  -6.6017485566930603e+01
  -1.3000000000000000e+01  -6.5743916059259703e+01
  -1.2000000000000000e+01  -6.4969421136831102e+01
  -1.1000000000000000e+01  -6.4644822760644502e+01
  -1.0000000000000000e+01  -6.4370971897851305e+01
  -9.0000000000000000e+00  -6.3890560927859099e+01
  -8.0000000000000000e+00  -6.3404234596777897e+01
  -7.0000000000000000e+00  -6.2520903584824701e+01
  -6.0000000000000000e+00  -6.2028350027875199e+01
  -5.0000000000000000e+00  -6.0342153919494599e+01
  -4.0000000000000000e+00  -5.8978298023373299e+01
  -3.0000000000000000e+00  -5.7090575971683101e+01
  -2.0000000000000000e+00  -5.3080141789095897e+01
  -1.0000000000000000e+00  -4.2360016548935000e+01
   0.0000000000000000e+00  -1.4613999513627100e+01
   1.0000000000000000e+00   3.8725541871416702e+00
   2.0000000000000000e+00   1.5185759075821901e+01
   3.0000000000000000e+00   2.0535941158870902e+01
   4.0000000000000000e+00   2.3773595501828499e+01
   5.0000000000000000e+00   2.5126741101540699e+01
   6.0000000000000000e+00   2.6115290519982700e+01
   7.0000000000000000e+00   2.6600276923647499e+01
   8.0000000000000000e+00   2.6794916264273901e+01
   9.0000000000000000e+00   2.7304050465088501e+01
   1.0000000000000000e+01   2.7668979063515401e+01
   1.1000000000000000e+01   2.8121354320751500e+01
   1.2000000000000000e+01   2.8543751767563901e+01
   1.3000000000000000e+01   2.8945320726832399e+01
   1.4000000000000000e+01   2.9164211449994198e+01
   1.5000000000000000e+01   2.9400823394057198e+01
   1.6000000000000000e+01   2.9758617311611602e+01
   1.7000000000000000e+01   2.9901006111512999e+01
   1.8000000000000000e+01   3.0227047440142499e+01
   1.9000000000000000e+01   3.0200055536633300e+01
   2.0000000000000000e+01   3.0350350142997101e+01
   2.1000000000000000e+01   3.1003002020172101e+01
   2.2000000000000000e+01   3.1556294354344701e+01
   2.3000000000000000e+01   3.1011820125608299e+01
   2.4000000000000000e+01   3.0996763803827399e+01
   2.5000000000000000e+01   3.0798432444363598e+01
   2.6000000000000000e+01   3.1015356983641400e+01
   2.7000000000000000e+01   3.0888151916270601e+01
   2.8000000000000000e+01   3.1152433436482099e+01
   2.9000000000000000e+01   3.1214991954917501e+01
   3.0000000000000000e+01   3.1143032156874899e+01
   3.1000000000000000e+01   3.1160843422627199e+01
   3.2000000000000000e+01   3.0617831253069799e+01
   3.3000000000000000e+01   3.0520591088956799e+01
   3.4000000000000000e+01   3.0520902570274600e+01
   3.5000000000000000e+01   3.0717436553756201e+01
   3.6000000000000000e+01   3.0364488873555000e+01
   3.7000000000000000e+01   3.0984283012327701e+01
   3.8000000000000000e+01   3.1360692437409401e+01
   3.9000000000000000e+01   3.1393180552477400e+01
   4.0000000000000000e+01   3.2034366518227898e+01
   4.1000000000000000e+01   3.2087091428736599e+01
   4.2000000000000000e+01   3.2136755267616302e+01
   4.3000000000000000e+01   3.1881567308840999e+01
   4.4000000000000000e+01   3.2226458163642100e+01
   4.5000000000000000e+01   3.2639266356434497e+01
   4.6000000000000000e+01   3.2518673345517797e+01
   4.7000000000000000e+01   3.2469882463452102e+01
   4.8000000000000000e+01   3.2894395075364400e+01
   4.9000000000000000e+01   3.3116721666757101e+01
   5.0000000000000000e+01   3.3545763094623602e+01
   5.1000000000000000e+01   3.3591382269495000e+01
   5.2000000000000000e+01   3.3294447459512597e+01
   5.3000000000000000e+01   3.3228780097103403e+01
   5.4000000000000000e+01   3.4001008182174999e+01
   5.5000000000000000e+01   3.4087767004153697e+01
   5.6000000000000000e+01   3.3710820832220797e+01
   5.7000000000000000e+01   3.4080483194040603e+01
   5.8000000000000000e+01   3.4627290087032797e+01
   5.9000000000000000e+01   3.4710189899685801e+01
   6.0000000000000000e+01   3.4397667849639703e+01
   6.1000000000000000e+01   3.4306884492955803e+01
   6.2000000000000000e+01   3.4445249218962800e+01
   6.3000000000000000e+01   3.4733255283434602e+01
   6.4000000000000000e+01   3.4616227630224301e+01
   6.5000000000000000e+01   3.4735358243043002e+01
   6.6000000000000000e+01   3.4941443511891798e+01
   6.7000000000000000e+01   3.5728232556857698e+01
   6.8000000000000000e+01   3.5850000129167000e+01
   6.9000000000000000e+01   3.5666071361214399e+01
   7.0000000000000000e+01   3.5493513644631598e+01
   7.1000000000000000e+01   3.5726205649744998e+01
   7.2000000000000000e+01   3.5813028373465102e+01
   7.3000000000000000e+01   3.6821318504801198e+01
   7.4000000000000000e+01   3.6881785238046398e+01
   7.5000000000000000e+01   3.6733251682296398e+01
   7.6000000000000000e+01   3.5993546570549597e+01
   7.7000000000000000e+01   3.5957378631570300e+01
   7.8000000000000000e+01   3.5946968968715602e+01
   7.9000000000000000e+01   3.5556917900369797e+01
   8.0000000000000000e+01   3.5150472929170597e+01
   8.1000000000000000e+01   3.4890496091505000e+01
   8.2000000000000000e+01   3.4915237707913001e+01
   8.3000000000000000e+01   3.5244650257738002e+01
   8.4000000000000000e+01   3.5798297236865800e+01
   8.5000000000000000e+01   3.5571522925565901e+01
   8.6000000000000000e+01   3.5537946743395800e+01
   8.7000000000000000e+01   3.5123874096636797e+01
   8.8000000000000000e+01   3.5510297766628398e+01
   8.9000000000000000e+01   3.5706978784697597e+01
   9.0000000000000000e+01   3.5448674009053398e+01
   9.1000000000000000e+01   3.5592936535256001e+01
   9.2000000000000000e+01   3.5646278015728697e+01
   9.3000000000000000e+01   3.5519759010459602e+01
   9.4000000000000000e+01   3.5064283810738900e+01
   9.5000000000000000e+01   3.5429253104962399e+01
   9.6000000000000000e+01   3.5162362638079799e+01
   9.7000000000000000e+01   3.4703494359272497e+01
   9.8000000000000000e+01   3.4983025547063200e+01
   9.9000000000000000e+01   3.5252432637519902e+01
   1.0000000000000000e+02   3.5637955293717901e+01
   1.0100000000000000e+02   3.5793159612319599e+01
   1.0200000000000000e+02   3.5433997529876898e+01
   1.0300000000000000e+02   3.5741529604328903e+01
   1.0400000000000000e+02   3.5630869941745303e+01
   1.0500000000000000e+02   3.5713460060763403e+01
   1.0600000000000000e+02   3.5344179239862797e+01
   1.0700000000000000e+02   3.5436802384445500e+01
   1.0800000000000000e+02   3.5986385133406202e+01
   1.0900000000000000e+02   3.5714318671653999e+01
   1.1000000000000000e+02   3.5758089927203898e+01
   1.1100000000000000e+02   3.5772574683796996e+01
   1.1200000000000000e+02   3.5691772441797603e+01
   1.1300000000000000e+02   3.5891212894623401e+01
   1.1400000000000000e+02   3.5485950404983299e+01
   1.1500000000000000e+02   3.5334029363111803e+01
   1.1600000000000000e+02   3.5159191932311799e+01
   1.1700000000000000e+02   3.4957272460350502e+01
   1.1800000000000000e+02   3.4695266439625797e+01
   1.1900000000000000e+02   3.4682280587545101e+01
   1.2000000000000000e+02   3.4282681955114001e+01
   1.2100000000000000e+02   3.4395591835365103e+01
   1.2200000000000000e+02   3.4681340042842898e+01
   1.2300000000000000e+02   3.4588675059484501e+01
   1.2400000000000000e+02   3.4352795937774800e+01
   1.2500000000000000e+02   3.4033132859917202e+01
   1.2600000000000000e+02   3.4221162193301097e+01
   1.2700000000000000e+02   3.3862752222778298e+01
   1.2800000000000000e+02   3.3472304467719198e+01
   1.2900000000000000e+02   3.2864344780033399e+01
   1.3000000000000000e+02   3.2592904816397798e+01
   1.3100000000000000e+02   3.2037969223319401e+01
   1.3200000000000000e+02   3.1854607178357600e+01
   1.3300000000000000e+02   3.1502906570617199e+01
   1.3400000000000000e+02   3.1065354482003201e+01
   1.3500000000000000e+02   3.0499368315111798e+01
   1.3600000000000000e+02   3.0528195018057499e+01
   1.3700000000000000e+02   3.0339592532423701e+01
   1.3800000000000000e+02   3.0750873594736799e+01
   1.3900000000000000e+02   3.0576206681533300e+01
   1.4000000000000000e+02   3.0779652819938701e+01
   1.4100000000000000e+02   3.0701968164377401e+01
   1.4200000000000000e+02   3.0784828230076499e+01
   1.4300000000000000e+02   3.0331928655967801e+01
   1.4400000000000000e+02   3.0041831401615799e+01
   1.4500000000000000e+02   2.9831132890534999e+01
   1.4600000000000000e+02   2.9739574477019001e+01
   1.4700000000000000e+02   2.9278726008563101e+01
   1.4800000000000000e+02   2.9265802174604200e+01
   1.4900000000000000e+02   2.9250127450536201e+01
   1.5000000000000000e+02   2.8966476698339999e+01
   1.5100000000000000e+02   2.8512186278812901e+01
   1.5200000000000000e+02   2.8537191532304401e+01
   1.5300000000000000e+02   2.8811825157271802e+01
   1.5400000000000000e+02   2.8918374915929800e+01
   1.5500000000000000e+02   2.8510467529838099e+01
   1.5600000000000000e+02   2.8766312359171600e+01
   1.5700000000000000e+02   2.8250300920005301e+01
   1.5800000000000000e+02   2.8369273508088501e+01
   1.5900000000000000e+02   2.8106499311312401e+01
   1.6000000000000000e+02   2.7758541572039899e+01
   1.6100000000000000e+02   2.7821474390644799e+01
   1.6200000000000000e+02   2.7388871275998000e+01
   1.6300000000000000e+02   2.7612510922180100e+01
   1.6400000000000000e+02   2.7486235673127702e+01
   1.6500000000000000e+02   2.7255396311753501e+01
   1.6600000000000000e+02   2.7430151536013199e+01
   1.6700000000000000e+02   2.7456303781951100e+01
   1.6800000000000000e+02   2.6766268519545800e+01
   1.6900000000000000e+02   2.6407734281968199e+01
   1.7000000000000000e+02   2.6123892772803000e+01
   1.7100000000000000e+02   2.6204788332198198e+01
   1.7200000000000000e+02   2.5537800041110501e+01
   1.7300000000000000e+02   2.5791288431508399e+01
   1.7400000000000000e+02   2.5279693483072101e+01
   1.7500000000000000e+02   2.4789120734780500e+01
   1.7600000000000000e+02   2.5103176123068000e+01
   1.7700000000000000e+02   2.4686710497091202e+01
   1.7800000000000000e+02   2.4605096078380399e+01
   1.7900000000000000e+02   2.4220276304010699e+01
   1.8000000000000000e+02   2.3876616031388100e+01
   1.8100000000000000e+02   2.3599643205232901e+01
   1.8200000000000000e+02   2.3951721068907300e+01
   1.8300000000000000e+02   2.3813767721756300e+01
   1.8400000000000000e+02   2.4049788068250699e+01
   1.8500000000000000e+02   2.3845992609528800e+01
   1.8600000000000000e+02   2.3796275550305200e+01
   1.8700000000000000e+02   2.3889297801833699e+01
   1.8800000000000000e+02   2.3456274805391200e+01
   1.8900000000000000e+02   2.3232383866588300e+01
   1.9000000000000000e+02   2.2667058811614300e+01
   1.9100000000000000e+02   2.2736087029662201e+01
   1.9200000000000000e+02   2.2168092385558200e+01
   1.9300000000000000e+02   2.2190478284914999e+01
   1.9400000000000000e+02   2.1876367388597700e+01
   1.9500000000000000e+02   2.1477518911561699e+01
   1.9600000000000000e+02   2.1502642831031000e+01
   1.9700000000000000e+02   2.1677445038329701e+01
   1.9800000000000000e+02   2.1046215655074299e+01
   1.9900000000000000e+02   2.1287441847445798e+01
   2.0000000000000000e+02   2.1199136133683901e+01
   2.0100000000000000e+02   2.0571768988042798e+01
   2.0200000000000000e+02   2.0901248896843899e+01
   2.0300000000000000e+02   2.0746518396152599e+01
   2.0400000000000000e+02   2.0386880358309799e+01
   2.0500000000000000e+02   2.0368194054993602e+01
   2.0600000000000000e+02   2.0235879201987199e+01
   2.0700000000000000e+02   2.0153599308901601e+01
   2.0800000000000000e+02   2.0355133819109600e+01
   2.0900000000000000e+02   2.0382858492779398e+01
   2.1000000000000000e+02   2.0299756035188000e+01
   2.1100000000000000e+02   2.0269932112107799e+01
   2.1200000000000000e+02   2.0719455417890600e+01
   2.1300000000000000e+02   2.0510570209119599e+01
   2.1400000000000000e+02   2.0306971463015898e+01
   2.1500000000000000e+02   2.0078562355663301e+01
   2.1600000000000000e+02   2.0601291973056600e+01
   2.1700000000000000e+02   2.0668089062343700e+01
   2.1800000000000000e+02   2.0879753157203400e+01
   2.1900000000000000e+02   2.1022823007956699e+01
   2.2000000000000000e+02   2.1049369925869101e+01
   2.2100000000000000e+02   2.0988497072025300e+01
   2.2200000000000000e+02   2.0923735417349899e+01
   2.2300000000000000e+02   2.0656451040068699e+01
   2.2400000000000000e+02   2.0081602434423900e+01
   2.2500000000000000e+02   2.0448566536764499e+01
   2.2600000000000000e+02   2.0324859346531500e+01
   2.2700000000000000e+02   2.0043975148728698e+01
   2.2800000000000000e+02   1.9609873090747499e+01
   2.2900000000000000e+02   1.9460706331715400e+01
   2.3000000000000000e+02   1.8899985490544900e+01
   2.3100000000000000e+02   1.8605507232609600e+01
   2.3200000000000000e+02   1.8416691167571798e+01
   2.3300000000000000e+02   1.8445526828733399e+01
   2.3400000000000000e+02   1.8444627767893198e+01
   2.3500000000000000e+02   1.7977518186763302e+01
   2.3600000000000000e+02   1.7687778540728800e+01
   2.3700000000000000e+02   1.7531598739244799e+01
   2.3800000000000000e+02   1.6982342802016799e+01
   2.3900000000000000e+02   1.6967211621219800e+01
   2.4000000000000000e+02   1.6679381121626299e+01
   2.4100000000000000e+02   1.6372018471972101e+01
   2.4200000000000000e+02   1.5698245908893499e+01
   2.4300000000000000e+02   1.5098743660576201e+01
   2.4400000000000000e+02   1.4914589095717300e+01
   2.4500000000000000e+02   1.5219330348556500e+01
   2.4600000000000000e+02   1.5313750938751800e+01
   2.4700000000000000e+02   1.4737226560177200e+01
   2.4800000000000000e+02   1.4468650815360300e+01
   2.4900000000000000e+02   1.4768908180774799e+01
   2.5000000000000000e+02   1.3950275414953200e+01
   2.5100000000000000e+02   1.3389009808299900e+01
   2.5200000000000000e+02   1.3104581918624101e+01
   2.5300000000000000e+02   1.2596440380747801e+01
   2.5400000000000000e+02   1.2090798309102000e+01
   2.5500000000000000e+02   1.2067625786156400e+01
   2.5600000000000000e+02   1.1688776985240800e+01
   2.5700000000000000e+02   1.1626255940868200e+01
   2.5800000000000000e+02   1.1220509192598000e+01
   2.5900000000000000e+02   1.0741747899020600e+01
   2.6000000000000000e+02   1.0334084666735000e+01
   2.6100000000000000e+02   1.0135945829644500e+01
   2.6200000000000000e+02   1.0064949559310000e+01
   2.6300000000000000e+02   9.5603274002872798e+00
   2.6400000000000000e+02   9.1498930528567897e+00
   2.6500000000000000e+02   8.6811152142206094e+00
   2.6600000000000000e+02   8.2369954927071394e+00
   2.6700000000000000e+02   8.0976652715976094e+00
   2.6800000000000000e+02   8.5830547417099599e+00
   2.6900000000000000e+02   8.3082675980125398e+00
   2.7000000000000000e+02   8.3854437170989495e+00
   2.7100000000000000e+02   8.1596585590059991e+00
   2.7200000000000000e+02   7.4736202098156301e+00
   2.7300000000000000e+02   7.2455038559136096e+00
   2.7400000000000000e+02   6.8211097490801196e+00
   2.7500000000000000e+02   6.5581357500073798e+00
   2.7600000000000000e+02   6.2583598371740896e+00
   2.7700000000000000e+02   6.3311792928167296e+00
   2.7800000000000000e+02   6.2364472648612699e+00
   2.7900000000000000e+02   5.9818053165175700e+00
   2.8000000000000000e+02   5.8083383799132600e+00
   2.8100000000000000e+02   5.5935864660593504e+00
   2.8200000000000000e+02   5.5195275072417500e+00
   2.8300000000000000e+02   5.4093912606965500e+00
   2.8400000000000000e+02   5.0274108671814002e+00
   2.8500000000000000e+02   4.3804873685408596e+00
   2.8600000000000000e+02   4.4206257975052496e+00
   2.8700000000000000e+02   4.0852205482186896e+00
   2.8800000000000000e+02   3.5411174707060700e+00
   2.8900000000000000e+02   3.8398610265804098e+00
   2.9000000000000000e+02   3.2375951499011499e+00
   2.9100000000000000e+02   2.9852411680962199e+00
   2.9200000000000000e+02   2.7455748633345700e+00
   2.9300000000000000e+02   2.5642926329230402e+00
   2.9400000000000000e+02   1.9666731510705600e+00
   2.9500000000000000e+02   1.6955761430061800e+00
   2.9600000000000000e+02   1.6167238212976400e+00
   2.9700000000000000e+02   1.7786124210952801e+00
   2.9800000000000000e+02   1.5781658804712699e+00
   2.9900000000000000e+02   1.1392229435441299e+00
   3.0000000000000000e+02   8.0113773503955699e-01
   3.0100000000000000e+02  -2.5295240711327099e-01
   3.0200000000000000e+02  -2.3423738114069001e-01
   3.0300000000000000e+02  -3.5663623685627799e-01
   3.0400000000000000e+02  -8.5400687875906001e-01
   3.0500000000000000e+02  -1.0696566824292499e+00
   3.0600000000000000e+02  -1.2592401298913301e+00
   3.0700000000000000e+02  -1.2754653753802101e+00
   3.0800000000000000e+02  -1.2744689873902300e+00
   3.0900000000000000e+02  -1.4248578456208301e+00
   3.1000000000000000e+02  -1.9824257440625299e+00
   3.1100000000000000e+02  -2.5646195923616699e+00
   3.1200000000000000e+02  -3.3425635250071899e+00
   3.1300000000000000e+02  -4.1807025870826697e+00
   3.1400000000000000e+02  -4.5420815041509401e+00
   3.1500000000000000e+02  -5.4941370353988797e+00
   3.1600000000000000e+02  -5.9651162983618304e+00
   3.1700000000000000e+02  -6.3827520801380198e+00
   3.1800000000000000e+02  -7.0242944141913997e+00
   3.1900000000000000e+02  -7.6401139155908702e+00
   3.2000000000000000e+02  -7.7492126818201399e+00
   3.2100000000000000e+02  -7.9180463686219902e+00
   3.2200000000000000e+02  -8.0739648070212198e+00
   3.2300000000000000e+02  -7.8064140775766200e+00
   3.2400000000000000e+02  -7.5000215682811104e+00
   3.2500000000000000e+02  -7.8600950429613103e+00
   3.2600000000000000e+02  -8.0375799797094700e+00
   3.2700000000000000e+02  -8.2040698963710295e+00
   3.2800000000000000e+02  -9.3117066637954995e+00
   3.2900000000000000e+02  -9.5975937916087108e+00
   3.3000000000000000e+02  -9.6487256713649092e+00
   3.3100000000000000e+02  -9.8789282163258303e+00
   3.3200000000000000e+02  -9.9592224773617204e+00
   3.3300000000000000e+02  -1.0379426801140800e+01
   3.3400000000000000e+02  -1.0696430591536901e+01
   3.3500000000000000e+02  -1.1419679486667301e+01
   3.3600000000000000e+02  -1.1975896061107800e+01
   3.3700000000000000e+02  -1.2805939900600100e+01
   3.3800000000000000e+02  -1.2746862331684000e+01
   3.3900000000000000e+02  -1.2879186765731699e+01
   3.4000000000000000e+02  -1.3466902974387200e+01
   3.4100000000000000e+02  -1.3451451408154799e+01
   3.4200000000000000e+02  -1.3637046677035700e+01
   3.4300000000000000e+02  -1.4362812326828800e+01
   3.4400000000000000e+02  -1.4489797801928001e+01
   3.4500000000000000e+02  -1.4677658558072100e+01
   3.4600000000000000e+02  -1.4906971117675001e+01
   3.4700000000000000e+02  -1.5743141942328100e+01
   3.4800000000000000e+02  -1.6010802785841300e+01
   3.4900000000000000e+02  -1.6640844050825301e+01
   3.5000000000000000e+02  -1.7252771807517099e+01
   3.5100000000000000e+02  -1.7801955001134100e+01
   3.5200000000000000e+02  -1.8425932268483201e+01
   3.5300000000000000e+02  -1.8995727759930901e+01
   3.5400000000000000e+02  -1.9592018612852801e+01
   3.5500000000000000e+02  -1.9675470566637401e+01
   3.5600000000000000e+02  -2.0583183731614699e+01
   3.5700000000000000e+02  -2.0920604061435199e+01
   3.5800000000000000e+02  -2.1351077705762901e+01
   3.5900000000000000e+02  -2.1728295482331301e+01
   3.6000000000000000e+02  -2.2425231813729901e+01
   3.6100000000000000e+02  -2.3429675481294101e+01
   3.6200000000000000e+02  -2.4277216300391700e+01
   3.6300000000000000e+02  -2.5225695397030300e+01
   3.6400000000000000e+02  -2.6101534707983902e+01
   3.6500000000000000e+02  -2.6349905755216898e+01
   3.6600000000000000e+02  -2.6605374432657001e+01
   3.6700000000000000e+02  -2.7212304052378901e+01
   3.6800000000000000e+02  -2.7974323802781001e+01
   3.6900000000000000e+02  -2.8334907116306599e+01
   3.7000000000000000e+02  -2.9045198462644699e+01
   3.7100000000000000e+02  -2.9759106400801802e+01
   3.7200000000000000e+02  -3.0854154534045701e+01
   3.7300000000000000e+02  -3.1620966754823002e+01
   3.7400000000000000e+02  -3.2834778518415597e+01
   3.7500000000000000e+02  -3.3554954765938902e+01
   3.7600000000000000e+02  -3.3967966422456598e+01
   3.7700000000000000e+02  -3.4805729188323298e+01
   3.7800000000000000e+02  -3.5512252608486300e+01
   3.7900000000000000e+02  -3.6550181616503401e+01
   3.8000000000000000e+02  -3.7128905640345501e+01
   3.8100000000000000e+02  -3.7718411680848703e+01
   3.8200000000000000e+02  -3.8419252196376199e+01
   3.8300000000000000e+02  -3.9359074810147497e+01
   3.8400000000000000e+02  -3.9913568598302497e+01
   3.8500000000000000e+02  -4.0728832711865103e+01
   3.8600000000000000e+02  -4.1075340802473299e+01
   3.8700000000000000e+02  -4.1834613839460197e+01
   3.8800000000000000e+02  -4.2826899661993700e+01
   3.8900000000000000e+02  -4.3254944632322903e+01
   3.9000000000000000e+02  -4.4209474670315601e+01
   3.9100000000000000e+02  -4.4642744234517103e+01
   3.9200000000000000e+02  -4.5166935264497901e+01
   3.9300000000000000e+02  -4.5948449178286900e+01
   3.9400000000000000e+02  -4.6473363682936402e+01
   3.9500000000000000e+02  -4.6657955553368801e+01
   3.9600000000000000e+02  -4.7088450617555800e+01
   3.9700000000000000e+02  -4.7171513587513402e+01
   3.9800000000000000e+02  -4.8143786656710802e+01
   3.9900000000000000e+02  -4.8862754228322302e+01
   4.0000000000000000e+02  -4.9705563741562301e+01
   4.0100000000000000e+02  -5.0403879014586600e+01
   4.0200000000000000e+02  -5.1378554724568602e+01
   4.0300000000000000e+02  -5.2363044180121499e+01
   4.0400000000000000e+02  -5.3212377593890899e+01
   4.0500000000000000e+02  -5.4428599869284596e+01
   4.0600000000000000e+02  -5.5286165369081203e+01
   4.0700000000000000e+02  -5.6431296820358398e+01
   4.0800000000000000e+02  -5.7333424568155898e+01
   4.0900000000000000e+02  -5.7989145562117798e+01
   4.1000000000000000e+02  -5.9072701057239101e+01
   4.1100000000000000e+02  -6.0043740455183404e+01
   4.1200000000000000e+02  -6.0995585112247802e+01
   4.1300000000000000e+02  -6.1848083781179596e+01
   4.1400000000000000e+02  -6.2402859275912000e+01
   4.1500000000000000e+02  -6.2939600360780503e+01
   4.1600000000000000e+02  -6.3672591019711398e+01
   4.1700000000000000e+02  -6.4641086995191699e+01
   4.1800000000000000e+02  -6.5186475646484695e+01
   4.1900000000000000e+02  -6.5518276592665003e+01
   4.2000000000000000e+02  -6.5879992907025894e+01
   4.2100000000000000e+02  -6.6452254814718700e+01
   4.2200000000000000e+02  -6.6885660521377801e+01
   4.2300000000000000e+02  -6.7849620088529406e+01
   4.2400000000000000e+02  -6.8562018367373994e+01
   4.2500000000000000e+02  -6.8839446586679003e+01
   4.2600000000000000e+02  -6.9390413439408107e+01
   4.2700000000000000e+02  -6.9567676201479699e+01
   4.2800000000000000e+02  -6.9835096656367398e+01
   4.2900000000000000e+02  -7.0350607603489905e+01
   4.3000000000000000e+02  -7.0852757536566997e+01
   4.3100000000000000e+02  -7.1467308145612193e+01
   4.3200000000000000e+02  -7.1862804878329698e+01
   4.3300000000000000e+02  -7.2535778970316102e+01
   4.3400000000000000e+02  -7.2496409877437102e+01
   4.3500000000000000e+02  -7.3091955262453297e+01
   4.3600000000000000e+02  -7.3508150305555105e+01
   4.3700000000000000e+02  -7.3524112630269400e+01
   4.3800000000000000e+02  -7.3544055580993600e+01
   4.3900000000000000e+02  -7.3465976838722398e+01
   4.4000000000000000e+02  -7.3808514515953604e+01
   4.4100000000000000e+02  -7.3480649187043696e+01
   4.4200000000000000e+02  -7.3369195478801302e+01
   4.4300000000000000e+02  -7.2986499321822905e+01
   4.4400000000000000e+02  -7.3205520628146601e+01
   4.4500000000000000e+02  -7.3214605078764095e+01
   4.4600000000000000e+02  -7.3103413912706898e+01
   4.4700000000000000e+02  -7.3379913105994305e+01
   4.4800000000000000e+02  -7.3532031713126301e+01
   4.4900000000000000e+02  -7.3201915685300804e+01
   4.5000000000000000e+02  -7.2751723985111198e+01
   4.5100000000000000e+02  -7.2866612466820996e+01
   4.5200000000000000e+02  -7.2936146092127302e+01
   4.5300000000000000e+02  -7.3595567303191800e+01
   4.5400000000000000e+02  -7.3454666621701605e+01
   4.5500000000000000e+02  -7.3840976809609401e+01
   4.5600000000000000e+02  -7.3633516733526093e+01
   4.5700000000000000e+02  -7.3615028337628402e+01
   4.5800000000000000e+02  -7.3700243170673303e+01
   4.5900000000000000e+02  -7.3572812555457205e+01
   4.6000000000000000e+02  -7.3717727905393900e+01
   4.6100000000000000e+02  -7.3837084238631903e+01
   4.6200000000000000e+02  -7.3842015577888503e+01
   4.6300000000000000e+02  -7.3780065702871497e+01
   4.6400000000000000e+02  -7.3799337173907503e+01
   4.6500000000000000e+02  -7.3669741968768307e+01
   4.6600000000000000e+02  -7.4220661128106698e+01
   4.6700000000000000e+02  -7.4407298145788999e+01
   4.6800000000000000e+02  -7.4527936729316295e+01
   4.6900000000000000e+02  -7.4657581207355804e+01
   4.7000000000000000e+02  -7.5054024856901904e+01
   4.7100000000000000e+02  -7.5124977814001099e+01
   4.7200000000000000e+02  -7.4950312436336105e+01
   4.7300000000000000e+02  -7.4719269044723305e+01
   4.7400000000000000e+02  -7.4234061013890695e+01
   4.7500000000000000e+02  -7.4486243350342207e+01
   4.7600000000000000e+02  -7.4369844174362996e+01
   4.7700000000000000e+02  -7.4232015256296805e+01
   4.7800000000000000e+02  -7.4247631488822705e+01
   4.7900000000000000e+02  -7.4247788145466203e+01
   4.8000000000000000e+02  -7.4282599771021296e+01
   4.8100000000000000e+02  -7.4318434411825294e+01
   4.8200000000000000e+02  -7.4456782952123206e+01
   4.8300000000000000e+02  -7.4925713059326199e+01
   4.8400000000000000e+02  -7.4546496003924702e+01
   4.8500000000000000e+02  -7.4658615172140003e+01
   4.8600000000000000e+02  -7.4371356164761707e+01
   4.8700000000000000e+02  -7.4995432823756403e+01
   4.8800000000000000e+02  -7.5566552415788095e+01
   4.8900000000000000e+02  -7.5595579580773503e+01
   4.9000000000000000e+02  -7.5317209482213698e+01
   4.9100000000000000e+02  -7.5314135127011994e+01
   4.9200000000000000e+02  -7.5404112769388803e+01
   4.9300000000000000e+02  -7.5641668175700900e+01
   4.9400000000000000e+02  -7.5370041886841506e+01
   4.9500000000000000e+02  -7.4900519536011899e+01
   4.9600000000000000e+02  -7.4944796823278395e+01
   4.9700000000000000e+02  -7.5034035326000705e+01
   4.9800000000000000e+02  -7.5402126139726704e+01
   4.9900000000000000e+02  -7.5218312028718998e+01
   5.0000000000000000e+02  -7.5199691862139503e+01
   5.0100000000000000e+02  -7.5161317843143806e+01
   5.0200000000000000e+02  -7.5067755536747100e+01
   5.0300000000000000e+02  -7.5391915740026803e+01
   5.0400000000000000e+02  -7.5334697750168701e+01
   5.0500000000000000e+02  -7.4953509921774696e+01
   5.0600000000000000e+02  -7.5070134413985102e+01
   5.0700000000000000e+02  -7.5242384990008702e+01
   5.0800000000000000e+02  -7.5459744999187905e+01
   5.0900000000000000e+02  -7.5015451340009605e+01
   5.1000000000000000e+02  -7.5737135998103994e+01
   5.1100000000000000e+02  -7.5690774602659502e+01
   5.1200000000000000e+02  -7.5516957103161104e+01
   5.1300000000000000e+02  -7.6258547629627003e+01
   5.1400000000000000e+02  -7.5986599820919395e+01
   5.1500000000000000e+02  -7.6087658591934897e+01
   5.1600000000000000e+02  -7.6164367221496306e+01
   5.1700000000000000e+02  -7.5804646962003801e+01
   5.1800000000000000e+02  -7.5736866304853294e+01
   5.1900000000000000e+02  -7.5657592240655404e+01
   5.2000000000000000e+02  -7.5955810207935897e+01
   5.2100000000000000e+02  -7.6271268138718995e+01
   5.2200000000000000e+02  -7.6273790603771999e+01
   5.2300000000000000e+02  -7.6069464716362006e+01
   5.2400000000000000e+02  -7.6323093556049400e+01
   5.2500000000000000e+02  -7.6273173853989206e+01
   5.2600000000000000e+02  -7.5920063857275906e+01
   5.2700000000000000e+02  -7.5999604188085797e+01
   5.2800000000000000e+02  -7.5793555090223094e+01
   5.2900000000000000e+02  -7.5873704187417005e+01
   5.3000000000000000e+02  -7.5713911556244000e+01
   5.3100000000000000e+02  -7.5277570533490106e+01
   5.3200000000000000e+02  -7.4984489744460802e+01
   5.3300000000000000e+02  -7.4532639713494802e+01
   5.3400000000000000e+02  -7.4421972624081803e+01
   5.3500000000000000e+02  -7.4244392692608400e+01
   5.3600000000000000e+02  -7.4086012610847803e+01
   5.3700000000000000e+02  -7.4055141155946600e+01
   5.3800000000000000e+02  -7.3914898403491506e+01
   5.3900000000000000e+02  -7.3522110480843907e+01
   5.4000000000000000e+02  -7.3092566849216595e+01
   5.4100000000000000e+02  -7.3110295502138300e+01
   5.4200000000000000e+02  -7.2991765289897501e+01
   5.4300000000000000e+02  -7.3007785051834901e+01
   5.4400000000000000e+02  -7.3664756614385297e+01
   5.4500000000000000e+02  -7.4381828681554197e+01
   5.4600000000000000e+02  -7.4422165952778002e+01
   5.4700000000000000e+02  -7.4462091627410103e+01
   5.4800000000000000e+02  -7.4882652561364495e+01
   5.4900000000000000e+02  -7.4871215169156997e+01
   5.5000000000000000e+02  -7.4557746190609095e+01
   5.5100000000000000e+02  -7.4668503011201096e+01
   5.5200000000000000e+02  -7.4664632042863303e+01
   5.5300000000000000e+02  -7.4933441305715604e+01
   5.5400000000000000e+02  -7.4802561799692995e+01
   5.5500000000000000e+02  -7.4725170902339698e+01
   5.5600000000000000e+02  -7.4942758503818595e+01
   5.5700000000000000e+02  -7.4986485782968899e+01
   5.5800000000000000e+02  -7.5053667105336402e+01
   5.5900000000000000e+02  -7.5276415231414106e+01
   5.6000000000000000e+02  -7.5397489760598802e+01
   5.6100000000000000e+02  -7.5286766863978897e+01
   5.6200000000000000e+02  -7.5229612991571400e+01
   5.6300000000000000e+02  -7.4511801068164502e+01
   5.6400000000000000e+02  -7.4635282088221203e+01
   5.6500000000000000e+02  -7.4786723991576196e+01
   5.6600000000000000e+02  -7.5177947945032997e+01
   5.6700000000000000e+02  -7.5197287684013105e+01
   5.6800000000000000e+02  -7.4908684340926300e+01
   5.6900000000000000e+02  -7.4407023420199096e+01
   5.7000000000000000e+02  -7.4445664946239702e+01
   5.7100000000000000e+02  -7.4486253286670902e+01
   5.7200000000000000e+02  -7.4545079528209200e+01
   5.7300000000000000e+02  -7.4160383892518496e+01
   5.7400000000000000e+02  -7.3782158034792701e+01
   5.7500000000000000e+02  -7.3343400201427201e+01
   5.7600000000000000e+02  -7.3420562548765204e+01
   5.7700000000000000e+02  -7.3070312703109394e+01
   5.7800000000000000e+02  -7.3127927240249605e+01
   5.7900000000000000e+02  -7.3557255954661898e+01
   5.8000000000000000e+02  -7.3356114577939607e+01
   5.8100000000000000e+02  -7.3590229169887806e+01
   5.8200000000000000e+02  -7.3882028489033402e+01
   5.8300000000000000e+02  -7.3892340390662696e+01
   5.8400000000000000e+02  -7.3488507202095903e+01
   5.8500000000000000e+02  -7.3910800473882801e+01
   5.8600000000000000e+02  -7.4662215460209794e+01
   5.8700000000000000e+02  -7.4184889410160693e+01
   5.8800000000000000e+02  -7.4755930794249707e+01
   5.8900000000000000e+02  -7.4956241899157206e+01
   5.9000000000000000e+02  -7.4919210736826699e+01
   5.9100000000000000e+02  -7.4860728555510406e+01
   5.9200000000000000e+02  -7.4805852062401897e+01
   5.9300000000000000e+02  -7.4507123505772995e+01
   5.9400000000000000e+02  -7.4097524021023204e+01
   5.9500000000000000e+02  -7.3799560154554399e+01
   5.9600000000000000e+02  -7.3465408689190497e+01
   5.9700000000000000e+02  -7.3187066033241095e+01
   5.9800000000000000e+02  -7.3161419275796604e+01
   5.9900000000000000e+02  -7.3337201734305907e+01
   6.0000000000000000e+02  -7.3267409394113002e+01
   6.0100000000000000e+02  -7.3538910565838094e+01
   6.0200000000000000e+02  -7.3318456301827794e+01
   6.0300000000000000e+02  -7.3262267047755699e+01
   6.0400000000000000e+02  -7.2628348517107696e+01
   6.0500000000000000e+02  -7.2907803524710602e+01
   6.0600000000000000e+02  -7.2977532794862995e+01
   6.0700000000000000e+02  -7.2671994285971195e+01
   6.0800000000000000e+02  -7.2585599946904495e+01
   6.0900000000000000e+02  -7.2722874513113794e+01
   6.1000000000000000e+02  -7.2448207197754996e+01
   6.1100000000000000e+02  -7.2443588572763701e+01
   6.1200000000000000e+02  -7.2270211289558205e+01
   6.1300000000000000e+02  -7.2430072963586696e+01
   6.1400000000000000e+02  -7.2224283648754295e+01
   6.1500000000000000e+02  -7.2663203646446206e+01
   6.1600000000000000e+02  -7.2803219444705903e+01
   6.1700000000000000e+02  -7.2856467525816996e+01
   6.1800000000000000e+02  -7.3013013255598096e+01
   6.1900000000000000e+02  -7.3142579926220506e+01
   6.2000000000000000e+02  -7.2690602187863007e+01
   6.2100000000000000e+02  -7.2467809299541202e+01
   6.2200000000000000e+02  -7.2560231996191504e+01
   6.2300000000000000e+02  -7.2644062061442199e+01
   6.2400000000000000e+02  -7.2683968626519601e+01
   6.2500000000000000e+02  -7.2665205437485696e+01
   6.2600000000000000e+02  -7.2766513928970298e+01
   6.2700000000000000e+02  -7.3059094558858405e+01
   6.2800000000000000e+02  -7.2784820339028698e+01
   6.2900000000000000e+02  -7.3271341257961197e+01
   6.3000000000000000e+02  -7.2899850874578505e+01
   6.3100000000000000e+02  -7.3114694070168397e+01
   6.3200000000000000e+02  -7.3042996817759104e+01
   6.3300000000000000e+02  -7.2768417034252593e+01
   6.3400000000000000e+02  -7.2680612506628705e+01
   6.3500000000000000e+02  -7.2602853786656496e+01
   6.3600000000000000e+02  -7.3157836024305993e+01
   6.3700000000000000e+02  -7.2808246462331695e+01
   6.3800000000000000e+02  -7.3255117028911997e+01
   6.3900000000000000e+02  -7.4016286406818097e+01
   6.4000000000000000e+02  -7.3833494746238401e+01
   6.4100000000000000e+02  -7.4110243784115696e+01
   6.4200000000000000e+02  -7.4001760306688993e+01
   6.4300000000000000e+02  -7.4315451854281406e+01
   6.4400000000000000e+02  -7.4349348434053496e+01
   6.4500000000000000e+02  -7.4578764765556599e+01
   6.4600000000000000e+02  -7.4285133661074596e+01
   6.4700000000000000e+02  -7.4361204742766404e+01
   6.4800000000000000e+02  -7.4483664374700595e+01
   6.4900000000000000e+02  -7.4310632114691799e+01
   6.5000000000000000e+02  -7.4689884434504194e+01
   6.5100000000000000e+02  -7.4720754881294994e+01
   6.5200000000000000e+02  -7.5030200548884494e+01
   6.5300000000000000e+02  -7.5594120174238100e+01
   6.5400000000000000e+02  -7.5422087645224096e+01
   6.5500000000000000e+02  -7.5132223384330203e+01
   6.5600000000000000e+02  -7.5269106706440894e+01
   6.5700000000000000e+02  -7.5284140351979502e+01
   6.5800000000000000e+02  -7.5045167123558002e+01
   6.5900000000000000e+02  -7.5160836228845994e+01
   6.6000000000000000e+02  -7.4841628959300607e+01
   6.6100000000000000e+02  -7.5108396533095004e+01
   6.6200000000000000e+02  -7.4721039085982895e+01
   6.6300000000000000e+02  -7.4824886991541206e+01
   6.6400000000000000e+02  -7.4708888341441394e+01
   6.6500000000000000e+02  -7.4632264356498297e+01
   6.6600000000000000e+02  -7.4522402577019193e+01
   6.6700000000000000e+02  -7.4135428908910995e+01
   6.6800000000000000e+02  -7.4111023474554599e+01
   6.6900000000000000e+02  -7.3554118469312996e+01
   6.7000000000000000e+02  -7.3373792148537504e+01
   6.7100000000000000e+02  -7.3136092479162599e+01
   6.7200000000000000e+02  -7.3062894230208897e+01
   6.7300000000000000e+02  -7.3290290134386893e+01
   6.7400000000000000e+02  -7.3502126397610198e+01
   6.7500000000000000e+02  -7.3046522479850594e+01
   6.7600000000000000e+02  -7.2824538990814403e+01
   6.7700000000000000e+02  -7.3094766070989195e+01
   6.7800000000000000e+02  -7.3441149345540694e+01
   6.7900000000000000e+02  -7.3784788709280605e+01
   6.8000000000000000e+02  -7.4165495817457497e+01
   6.8100000000000000e+02  -7.4343727004367807e+01
   6.8200000000000000e+02  -7.4570232526357302e+01
   6.8300000000000000e+02  -7.4784565998298902e+01
   6.8400000000000000e+02  -7.4784053052316906e+01
   6.8500000000000000e+02  -7.5129786008009901e+01
   6.8600000000000000e+02  -7.4672510016873005e+01
   6.8700000000000000e+02  -7.4708215302795793e+01
   6.8800000000000000e+02  -7.4519899651920497e+01
   6.8900000000000000e+02  -7.4843586610411094e+01
   6.9000000000000000e+02  -7.4387951012798297e+01
   6.9100000000000000e+02  -7.4722471624783296e+01
   6.9200000000000000e+02  -7.4510753930934499e+01
   6.9300000000000000e+02  -7.4399349974180694e+01
   6.9400000000000000e+02  -7.4240690556866298e+01
   6.9500000000000000e+02  -7.3783667938779899e+01
   6.9600000000000000e+02  -7.3733022394131297e+01
   6.9700000000000000e+02  -7.3838818343543096e+01
   6.9800000000000000e+02  -7.3372262805698895e+01
   6.9900000000000000e+02  -7.2966753986994703e+01
   7.0000000000000000e+02  -7.2886663797739999e+01
   7.0100000000000000e+02  -7.2610565268880606e+01
   7.0200000000000000e+02  -7.2080586540059898e+01
   7.0300000000000000e+02  -7.1769032346869196e+01
   7.0400000000000000e+02  -7.1596792814393694e+01
   7.0500000000000000e+02  -7.1943837739290203e+01
   7.0600000000000000e+02  -7.1895170597065103e+01
   7.0700000000000000e+02  -7.1793893366925403e+01
   7.0800000000000000e+02  -7.1917219155804503e+01
   7.0900000000000000e+02  -7.1892175572910503e+01
   7.1000000000000000e+02  -7.1704989708452601e+01
   7.1100000000000000e+02  -7.1955052694753803e+01
   7.1200000000000000e+02  -7.1636770373165305e+01
   7.1300000000000000e+02  -7.1632096263821893e+01
   7.1400000000000000e+02  -7.1749277330733193e+01
   7.1500000000000000e+02  -7.1494742075520406e+01
   7.1600000000000000e+02  -7.1701426137940899e+01
   7.1700000000000000e+02  -7.2098842996986093e+01
   7.1800000000000000e+02  -7.2035408766720906e+01
   7.1900000000000000e+02  -7.2433877226180996e+01
   7.2000000000000000e+02  -7.2972333076203398e+01
   7.2100000000000000e+02  -7.2940857825242901e+01
   7.2200000000000000e+02  -7.3255403447832293e+01
   7.2300000000000000e+02  -7.3681215603459293e+01
   7.2400000000000000e+02  -7.3612855844840794e+01
   7.2500000000000000e+02  -7.3420431262380404e+01
   7.2600000000000000e+02  -7.3797265283846599e+01
   7.2700000000000000e+02  -7.3892769895718800e+01
   7.2800000000000000e+02  -7.3910318836127004e+01
   7.2900000000000000e+02  -7.4162449067038395e+01
   7.3000000000000000e+02  -7.3919452835442499e+01
   7.3100000000000000e+02  -7.3971098504563997e+01
   7.3200000000000000e+02  -7.4316736196341594e+01
   7.3300000000000000e+02  -7.4470478450108004e+01
   7.3400000000000000e+02  -7.4932502998407102e+01
   7.3500000000000000e+02  -7.5176083886401003e+01
   7.3600000000000000e+02  -7.5200402629119594e+01
   7.3700000000000000e+02  -7.4894120636821000e+01
   7.3800000000000000e+02  -7.5190523238313503e+01
   7.3900000000000000e+02  -7.5036505512879998e+01
   7.4000000000000000e+02  -7.5414085789715003e+01
   7.4100000000000000e+02  -7.5115753474195401e+01
   7.4200000000000000e+02  -7.5200973276599200e+01
   7.4300000000000000e+02  -7.5862334186109607e+01
   7.4400000000000000e+02  -7.6183184135466703e+01
   7.4500000000000000e+02  -7.6697962716604707e+01
   7.4600000000000000e+02  -7.6630589407618302e+01
   7.4700000000000000e+02  -7.6607989158001601e+01
   7.4800000000000000e+02  -7.6702205305179405e+01
   7.4900000000000000e+02  -7.6491432609873300e+01
   7.5000000000000000e+02  -7.6680047555162801e+01
   7.5100000000000000e+02  -7.6587342723467202e+01
   7.5200000000000000e+02  -7.6567778229946896e+01
   7.5300000000000000e+02  -7.6297108564643196e+01
   7.5400000000000000e+02  -7.6717644687873104e+01
   7.5500000000000000e+02  -7.5691725411325294e+01
   7.5600000000000000e+02  -7.5245575716544494e+01
   7.5700000000000000e+02  -7.5378091949216696e+01
   7.5800000000000000e+02  -7.5783523409886200e+01
   7.5900000000000000e+02  -7.6229860714751595e+01
   7.6000000000000000e+02  -7.6157579520762596e+01
   7.6100000000000000e+02  -7.6166159283463600e+01
   7.6200000000000000e+02  -7.5660157975828199e+01
   7.6300000000000000e+02  -7.5429623621397596e+01
   7.6400000000000000e+02  -7.5082529794268197e+01
   7.6500000000000000e+02  -7.5178831438931695e+01
   7.6600000000000000e+02  -7.4756103572818802e+01
   7.6700000000000000e+02  -7.5029263583634901e+01
   7.6800000000000000e+02  -7.5771327948684004e+01
   7.6900000000000000e+02  -7.6056958076994107e+01
   7.7000000000000000e+02  -7.6028419945248700e+01
   7.7100000000000000e+02  -7.5753545535343093e+01
   7.7200000000000000e+02  -7.5934082589499596e+01
   7.7300000000000000e+02  -7.5506129106523503e+01
   7.7400000000000000e+02  -7.5278691647550204e+01
   7.7500000000000000e+02  -7.5034789355582106e+01
   7.7600000000000000e+02  -7.5515902272561107e+01
   7.7700000000000000e+02  -7.6069780660883893e+01
   7.7800000000000000e+02  -7.6404100517526700e+01
   7.7900000000000000e+02  -7.6538976239228703e+01
   7.8000000000000000e+02  -7.6361272445807302e+01
   7.8100000000000000e+02  -7.6359290787852800e+01
   7.8200000000000000e+02  -7.6477427701552102e+01
   7.8300000000000000e+02  -7.6650218618275204e+01
   7.8400000000000000e+02  -7.5937716221952897e+01
   7.8500000000000000e+02  -7.5753525311014798e+01
   7.8600000000000000e+02  -7.5262451703061203e+01
   7.8700000000000000e+02  -7.5360493181521903e+01
   7.8800000000000000e+02  -7.5548676145274896e+01
   7.8900000000000000e+02  -7.5216539361325800e+01
   7.9000000000000000e+02  -7.4817181228130593e+01
   7.9100000000000000e+02  -7.4810336330831404e+01
   7.9200000000000000e+02  -7.5065421070406998e+01
   7.9300000000000000e+02  -7.5028973998062796e+01
   7.9400000000000000e+02  -7.5578919665773199e+01
   7.9500000000000000e+02  -7.5360900413442394e+01
   7.9600000000000000e+02  -7.5502949737265894e+01
   7.9700000000000000e+02  -7.5439197147814596e+01
   7.9800000000000000e+02  -7.5143181944954094e+01
   7.9900000000000000e+02  -7.5650582265693004e+01
   8.0000000000000000e+02  -7.5467906639399899e+01
   8.0100000000000000e+02  -7.5256404087357396e+01
   8.0200000000000000e+02  -7.5305723622247399e+01
   8.0300000000000000e+02  -7.5111591786509393e+01
   8.0400000000000000e+02  -7.4943702164740500e+01
   8.0500000000000000e+02  -7.4598300154516494e+01
   8.0600000000000000e+02  -7.4165526949729099e+01
   8.0700000000000000e+02  -7.4024549048931604e+01
   8.0800000000000000e+02  -7.3950709392396902e+01
   8.0900000000000000e+02  -7.3630047310251499e+01
   8.1000000000000000e+02  -7.3964737354657899e+01
   8.1100000000000000e+02  -7.3696832541194198e+01
   8.1200000000000000e+02  -7.2894778158570702e+01
   8.1300000000000000e+02  -7.2660530730968105e+01
   8.1400000000000000e+02  -7.2834288145161693e+01
   8.1500000000000000e+02  -7.3015223683201995e+01
   8.1600000000000000e+02  -7.3032945706691805e+01
   8.1700000000000000e+02  -7.2447073324720606e+01
   8.1800000000000000e+02  -7.2783685768613196e+01
   8.1900000000000000e+02  -7.2858194641767696e+01
   8.2000000000000000e+02  -7.2672189137655906e+01
   8.2100000000000000e+02  -7.2143176679633299e+01
   8.2200000000000000e+02  -7.1880488792769398e+01
   8.2300000000000000e+02  -7.1507516090606998e+01
   8.2400000000000000e+02  -7.1873940185767296e+01
   8.2500000000000000e+02  -7.2014937602122700e+01
   8.2600000000000000e+02  -7.1452628711362905e+01
   8.2700000000000000e+02  -7.1884782967125702e+01
   8.2800000000000000e+02  -7.1678265278772599e+01
   8.2900000000000000e+02  -7.1148072084475700e+01
   8.3000000000000000e+02  -7.1059965846111197e+01
   8.3100000000000000e+02  -7.0699768722949898e+01
   8.3200000000000000e+02  -7.0277246943642496e+01
   8.3300000000000000e+02  -6.9987659196732295e+01
   8.3400000000000000e+02  -6.9922998208722206e+01
   8.3500000000000000e+02  -6.9433469030164801e+01
   8.3600000000000000e+02  -6.9248198951457994e+01
   8.3700000000000000e+02  -6.8722912061237906e+01
   8.3800000000000000e+02  -6.7921137167764300e+01
   8.3900000000000000e+02  -6.7953554657230200e+01
   8.4000000000000000e+02  -6.7820036537817700e+01
   8.4100000000000000e+02  -6.7246062983919103e+01
   8.4200000000000000e+02  -6.6788304363227397e+01
   8.4300000000000000e+02  -6.6480753558176005e+01
   8.4400000000000000e+02  -6.6367068231234200e+01
   8.4500000000000000e+02  -6.6130435232061203e+01
   8.4600000000000000e+02  -6.6364347373658305e+01
   8.4700000000000000e+02  -6.6070717299429504e+01
   8.4800000000000000e+02  -6.5513293313147003e+01
   8.4900000000000000e+02  -6.5469548052652399e+01
   8.5000000000000000e+02  -6.4922730167231293e+01
   8.5100000000000000e+02  -6.4338315486122696e+01
   8.5200000000000000e+02  -6.3806863874846400e+01
   8.5300000000000000e+02  -6.2991252286096397e+01
   8.5400000000000000e+02  -6.2834375475469500e+01
   8.5500000000000000e+02  -6.2094774662893599e+01
   8.5600000000000000e+02  -6.1108832672597302e+01
   8.5700000000000000e+02  -5.9521918303009400e+01
   8.5800000000000000e+02  -5.7875137040258899e+01
   8.5900000000000000e+02  -5.5098669141810497e+01
   8.6000000000000000e+02  -5.0123504390770997e+01
   8.6100000000000000e+02  -3.3998638382299298e+01
   8.6200000000000000e+02  -1.0909170652309999e+01
