  -1.0000000000000000e+02  -7.1499302916389695e+01
  -9.9000000000000000e+01  -7.1488369410866994e+01
  -9.8000000000000000e+01  -7.1126281998492800e+01
  -9.7000000000000000e+01  -7.1746511520673806e+01
  -9.6000000000000000e+01  -7.1964924461254398e+01
  -9.5000000000000000e+01  -7.2015730039548899e+01
  -9.4000000000000000e+01  -7.2092134990551102e+01
  -9.3000000000000000e+01  -7.2272790309374898e+01
  -9.2000000000000000e+01  -7.1875466272606801e+01
  -9.1000000000000000e+01  -7.2024523614762401e+01
  -9.0000000000000000e+01  -7.1832586804279302e+01
  -8.9000000000000000e+01  -7.1669551540324903e+01
  -8.8000000000000000e+01  -7.1315153023150401e+01
  -8.7000000000000000e+01  -7.1259197921939503e+01
  -8.6000000000000000e+01  -7.1681055678649599e+01
  -8.5000000000000000e+01  -7.1357285747455606e+01
  -8.4000000000000000e+01  -7.0850356855073599e+01
  -8.3000000000000000e+01  -7.1075632405977700e+01
  -8.2000000000000000e+01  -7.0657240995153899e+01
  -8.1000000000000000e+01  -7.0376879532100602e+01
  -8.0000000000000000e+01  -7.0298951777907405e+01
  -7.9000000000000000e+01  -7.0230911329736003e+01
  -7.8000000000000000e+01  -7.0105339605692805e+01
  -7.7000000000000000e+01  -6.9960304891690896e+01
  -7.6000000000000000e+01  -7.0223248782068595e+01
  -7.5000000000000000e+01  -7.0096998564601904e+01
  -7.4000000000000000e+01  -6.9859030215186706e+01
  -7.3000000000000000e+01  -7.0214344943028493e+01
  -7.2000000000000000e+01  -7.0484298160080698e+01
  -7.1000000000000000e+01  -7.0675349825175701e+01
  -7.0000000000000000e+01  -7.0479631225844898e+01
  -6.9000000000000000e+01  -7.0042857555146696e+01
  -6.8000000000000000e+01  -6.9567357766552902e+01
  -6.7000000000000000e+01  -6.9424910933460097e+01
  -6.6000000000000000e+01  -6.9428138364541894e+01
  -6.5000000000000000e+01  -6.9074633350995100e+01
  -6.4000000000000000e+01  -6.8811364631378197e+01
  -6.3000000000000000e+01  -6.9386076441389505e+01
  -6.2000000000000000e+01  -6.9455937017040597e+01
  -6.1000000000000000e+01  -6.9440022349320600e+01
  -6.0000000000000000e+01  -6.8915557123328995e+01
  -5.9000000000000000e+01  -6.9005596361454806e+01
  -5.8000000000000000e+01  -6.9118257165545003e+01
  -5.7000000000000000e+01  -6.8905215189082597e+01
  -5.6000000000000000e+01  -6.8786388471181397e+01
  -5.5000000000000000e+01  -6.8709395022176594e+01
  -5.4000000000000000e+01  -6.8363602429732495e+01
  -5.3000000000000000e+01  -6.8462489399227195e+01
  -5.2000000000000000e+01  -6.8373397637070795e+01
  -5.1000000000000000e+01  -6.8403193475879604e+01
  -5.0000000000000000e+01  -6.8359160478058001e+01
  -4.9000000000000000e+01  -6.8245367813331200e+01
  -4.8000000000000000e+01  -6.8260837314564597e+01
  -4.7000000000000000e+01  -6.8252044609009701e+01
  -4.6000000000000000e+01  -6.8230732556553093e+01
  -4.5000000000000000e+01  -6.8251407951690794e+01
  -4.4000000000000000e+01  -6.8625785314416206e+01
  -4.3000000000000000e+01  -6.9003473295682596e+01
  -4.2000000000000000e+01  -6.8978259348594406e+01
  -4.1000000000000000e+01  -6.9011757990253102e+01
  -4.0000000000000000e+01  -6.9657375329540997e+01
  -3.9000000000000000e+01  -6.9323702531024395e+01
  -3.8000000000000000e+01  -6.9339381824698407e+01
  -3.7000000000000000e+01  -7.0029270434796700e+01
  -3.6000000000000000e+01  -6.9458793983947501e+01
  -3.5000000000000000e+01  -6.9616989851681893e+01
  -3.4000000000000000e+01  -6.9524161834986401e+01
  -3.3000000000000000e+01  -6.8971393960331895e+01
  -3.2000000000000000e+01  -6.8462027293266999e+01
  -3.1000000000000000e+01  -6.8423402535094098e+01
  -3.0000000000000000e+01  -6.8165031597867397e+01
  -2.9000000000000000e+01  -6.8143963175576403e+01
  -2.8000000000000000e+01  -6.8584600261589699e+01
  -2.7000000000000000e+01  -6.8262161542225897e+01
  -2.6000000000000000e+01  -6.7973448018488995e+01
  -2.5000000000000000e+01  -6.7908623352870293e+01
  -2.4000000000000000e+01  -6.7678693058877997e+01
  -2.3000000000000000e+01  -6.7367449218051405e+01
  -2.2000000000000000e+01  -6.6991827647245998e+01
  -2.1000000000000000e+01  -6.7507255388914103e+01
  -2.0000000000000000e+01  -6.7521706524049094e+01
  -1.9000000000000000e+01  -6.7100324520386295e+01
  -1.8000000000000000e+01  -6.6841898721211905e+01
  -1.7000000000000000e+01  -6.6630420499658996e+01
  -1.6000000000000000e+01  -6.6297789787141298e+01
  -1.5000000000000000e+01  -6.6499402442687199e+01
  -1.4000000000000000e+01  -6.6184903541435006e+01
  -1.3000000000000000e+01  -6.5845290096931095e+01
  -1.2000000000000000e+01  -6.5337748120908401e+01
  -1.1000000000000000e+01  -6.4589599529580198e+01
  -1.0000000000000000e+01  -6.4266805456868198e+01
  -9.0000000000000000e+00  -6.4017253723250505e+01
  -8.0000000000000000e+00  -6.3240712506824103e+01
  -7.0000000000000000e+00  -6.2259045400182899e+01
  -6.0000000000000000e+00  -6.1331255939961700e+01
  -5.0000000000000000e+00  -6.0329057081957799e+01
  -4.0000000000000000e+00  -5.9031857107560803e+01
  -3.0000000000000000e+00  -5.7457682936621602e+01
  -2.0000000000000000e+00  -5.4408136110805501e+01
  -1.0000000000000000e+00  -4.7724109139411297e+01
   0.0000000000000000e+00  -2.5225884024106900e+01
   1.0000000000000000e+00  -4.6007245490033402e+00
   2.0000000000000000e+00   1.0421737375116500e+01
   3.0000000000000000e+00   1.8308826877183701e+01
   4.0000000000000000e+00   2.2455028750964900e+01
   5.0000000000000000e+00   2.4856951530246700e+01
   6.0000000000000000e+00   2.6101464574890901e+01
   7.0000000000000000e+00   2.6654474834194300e+01
   8.0000000000000000e+00   2.7050037631385798e+01
   9.0000000000000000e+00   2.7077053776872098e+01
   1.0000000000000000e+01   2.7444493766408598e+01
   1.1000000000000000e+01   2.7459994255888201e+01
   1.2000000000000000e+01   2.7612634493067901e+01
   1.3000000000000000e+01   2.7931039344588100e+01
   1.4000000000000000e+01   2.8292339435705500e+01
   1.5000000000000000e+01   2.8535174869033600e+01
   1.6000000000000000e+01   2.9218853762295598e+01
   1.7000000000000000e+01   2.9331559678561700e+01
   1.8000000000000000e+01   2.9935620495060000e+01
   1.9000000000000000e+01   3.0129663439412798e+01
   2.0000000000000000e+01   3.0171498787973398e+01
   2.1000000000000000e+01   2.9827511355683800e+01
   2.2000000000000000e+01   3.0256208130566900e+01
   2.3000000000000000e+01   3.0082212844932801e+01
   2.4000000000000000e+01   3.0108652959353201e+01
   2.5000000000000000e+01   2.9852484661834900e+01
   2.6000000000000000e+01   2.9961110625814200e+01
   2.7000000000000000e+01   3.0186723370424801e+01
   2.8000000000000000e+01   2.9977649112889601e+01
   2.9000000000000000e+01   3.0330744316648701e+01
   3.0000000000000000e+01   3.0382232389443200e+01
   3.1000000000000000e+01   3.0300257745850899e+01
   3.2000000000000000e+01   3.0559924097294701e+01
   3.3000000000000000e+01   3.0357752018498299e+01
   3.4000000000000000e+01   3.0224671883010600e+01
   3.5000000000000000e+01   3.0102722371014998e+01
   3.6000000000000000e+01   2.9969422152974300e+01
   3.7000000000000000e+01   3.0149555044814800e+01
   3.8000000000000000e+01   3.0683884427979500e+01
   3.9000000000000000e+01   3.0847439631528101e+01
   4.0000000000000000e+01   3.1682367481663601e+01
   4.1000000000000000e+01   3.1358893704676699e+01
   4.2000000000000000e+01   3.1041237386960098e+01
   4.3000000000000000e+01   3.1586698941086500e+01
   4.4000000000000000e+01   3.1664007163684001e+01
   4.5000000000000000e+01   3.1561097257797201e+01
   4.6000000000000000e+01   3.1996741373538800e+01
   4.7000000000000000e+01   3.2094384694932003e+01
   4.8000000000000000e+01   3.2303232611863102e+01
   4.9000000000000000e+01   3.2716719875264999e+01
   5.0000000000000000e+01   3.2476435835065303e+01
   5.1000000000000000e+01   3.2427321045460900e+01
   5.2000000000000000e+01   3.2677841076975000e+01
   5.3000000000000000e+01   3.3564228278350399e+01
   5.4000000000000000e+01   3.3514908857915103e+01
   5.5000000000000000e+01   3.3451837921277999e+01
   5.6000000000000000e+01   3.3068873132778300e+01
   5.7000000000000000e+01   3.2723606432780500e+01
   5.8000000000000000e+01   3.3110168527728099e+01
   5.9000000000000000e+01   3.3019156330347698e+01
   6.0000000000000000e+01   3.3016005867504397e+01
   6.1000000000000000e+01   3.3148882362849697e+01
   6.2000000000000000e+01   3.2987855342585704e+01
   6.3000000000000000e+01   3.2910248539744700e+01
   6.4000000000000000e+01   3.2727394494386601e+01
   6.5000000000000000e+01   3.2847053799592302e+01
   6.6000000000000000e+01   3.2827992878650903e+01
   6.7000000000000000e+01   3.3031835730555997e+01
   6.8000000000000000e+01   3.2997496052379603e+01
   6.9000000000000000e+01   3.3605741255526802e+01
   7.0000000000000000e+01   3.3085179385524299e+01
   7.1000000000000000e+01   3.2819339258879303e+01
   7.2000000000000000e+01   3.2900881240988497e+01
   7.3000000000000000e+01   3.2710597485939800e+01
   7.4000000000000000e+01   3.2707951025583803e+01
   7.5000000000000000e+01   3.3290395263397997e+01
   7.6000000000000000e+01   3.3563857504311002e+01
   7.7000000000000000e+01   3.3428763460468602e+01
   7.8000000000000000e+01   3.3406512503667798e+01
   7.9000000000000000e+01   3.3432406758979198e+01
   8.0000000000000000e+01   3.3168978590116801e+01
   8.1000000000000000e+01   3.3620557714012300e+01
   8.2000000000000000e+01   3.3464113303412702e+01
   8.3000000000000000e+01   3.3542769850897301e+01
   8.4000000000000000e+01   3.3577213580232304e+01
   8.5000000000000000e+01   3.3664191332816003e+01
   8.6000000000000000e+01   3.3549052103054599e+01
   8.7000000000000000e+01   3.3994659364480498e+01
   8.8000000000000000e+01   3.3491594480737596e+01
   8.9000000000000000e+01   3.3409601039014703e+01
   9.0000000000000000e+01   3.3139256833408197e+01
   9.1000000000000000e+01   3.3216205375465300e+01
   9.2000000000000000e+01   3.3507188063484598e+01
   9.3000000000000000e+01   3.3449163693308201e+01
   9.4000000000000000e+01   3.3058403472064199e+01
   9.5000000000000000e+01   3.3609831953087799e+01
   9.6000000000000000e+01   3.3041083968645701e+01
   9.7000000000000000e+01   3.2765212581308496e+01
   9.8000000000000000e+01   3.2612580447002500e+01
   9.9000000000000000e+01   3.2362231678142201e+01
   1.0000000000000000e+02   3.2158583831039898e+01
   1.0100000000000000e+02   3.2226994750989697e+01
   1.0200000000000000e+02   3.2414233430374701e+01
   1.0300000000000000e+02   3.1554075653879501e+01
   1.0400000000000000e+02   3.1384126244177001e+01
   1.0500000000000000e+02   3.0808642175418999e+01
   1.0600000000000000e+02   3.0708984511004200e+01
   1.0700000000000000e+02   3.1203772139158701e+01
   1.0800000000000000e+02   3.1318641980950201e+01
   1.0900000000000000e+02   3.0951382947333499e+01
   1.1000000000000000e+02   3.0457897621160100e+01
   1.1100000000000000e+02   3.0199719530598699e+01
   1.1200000000000000e+02   3.0147599874906199e+01
   1.1300000000000000e+02   3.0046805351318199e+01
   1.1400000000000000e+02   2.9876875650636400e+01
   1.1500000000000000e+02   2.9317212468154299e+01
   1.1600000000000000e+02   2.9119460929821599e+01
   1.1700000000000000e+02   2.9140755310080301e+01
   1.1800000000000000e+02   2.9232187626636200e+01
   1.1900000000000000e+02   2.9838832930713298e+01
   1.2000000000000000e+02   3.0011172883429001e+01
   1.2100000000000000e+02   3.0152657285754099e+01
   1.2200000000000000e+02   3.0082415493790400e+01
   1.2300000000000000e+02   2.9874473108496300e+01
   1.2400000000000000e+02   2.9857104257072201e+01
   1.2500000000000000e+02   2.9783892536677200e+01
   1.2600000000000000e+02   2.9722525369797900e+01
   1.2700000000000000e+02   2.9542756326629299e+01
   1.2800000000000000e+02   2.9120938157463002e+01
   1.2900000000000000e+02   2.9320556490666700e+01
   1.3000000000000000e+02   2.9678346840414999e+01
   1.3100000000000000e+02   2.9870547940016799e+01
   1.3200000000000000e+02   2.9956806502035100e+01
   1.3300000000000000e+02   2.9752314420960300e+01
   1.3400000000000000e+02   2.9791573577733800e+01
   1.3500000000000000e+02   2.9766527800643502e+01
   1.3600000000000000e+02   2.9616144846330599e+01
   1.3700000000000000e+02   2.9190945746016901e+01
   1.3800000000000000e+02   2.8978841396869299e+01
   1.3900000000000000e+02   2.9199064593947298e+01
   1.4000000000000000e+02   2.9505565216507300e+01
   1.4100000000000000e+02   2.9562872004697201e+01
   1.4200000000000000e+02   2.9336983261651099e+01
   1.4300000000000000e+02   2.9553758093313100e+01
   1.4400000000000000e+02   2.9298946883710801e+01
   1.4500000000000000e+02   2.8700963640433699e+01
   1.4600000000000000e+02   2.8855149286162899e+01
   1.4700000000000000e+02   2.8364089868716299e+01
   1.4800000000000000e+02   2.8614464003798801e+01
   1.4900000000000000e+02   2.8518193550322700e+01
   1.5000000000000000e+02   2.8533950028675001e+01
   1.5100000000000000e+02   2.8371949509111101e+01
   1.5200000000000000e+02   2.8391948134495099e+01
   1.5300000000000000e+02   2.8331224551772699e+01
   1.5400000000000000e+02   2.7709209693000901e+01
   1.5500000000000000e+02   2.7708017226054700e+01
   1.5600000000000000e+02   2.7356475578434299e+01
   1.5700000000000000e+02   2.7404581145051399e+01
   1.5800000000000000e+02   2.6677118703371800e+01
   1.5900000000000000e+02   2.6471742158249999e+01
   1.6000000000000000e+02   2.6034706613049298e+01
   1.6100000000000000e+02   2.6042071823310501e+01
   1.6200000000000000e+02   2.5778291076421901e+01
   1.6300000000000000e+02   2.5514285519674200e+01
   1.6400000000000000e+02   2.5344334642618300e+01
   1.6500000000000000e+02   2.5269890262486701e+01
   1.6600000000000000e+02   2.5308269466629199e+01
   1.6700000000000000e+02   2.5278869999275500e+01
   1.6800000000000000e+02   2.4999602577226700e+01
   1.6900000000000000e+02   2.5109409964738902e+01
   1.7000000000000000e+02   2.4723491389442000e+01
   1.7100000000000000e+02   2.4756369479777099e+01
   1.7200000000000000e+02   2.4098000664308000e+01
   1.7300000000000000e+02   2.3573042091179900e+01
   1.7400000000000000e+02   2.3706442106075301e+01
   1.7500000000000000e+02   2.4106567123636999e+01
   1.7600000000000000e+02   2.3870977844237601e+01
   1.7700000000000000e+02   2.3501981051908299e+01
   1.7800000000000000e+02   2.3535642987927400e+01
   1.7900000000000000e+02   2.3071610594929400e+01
   1.8000000000000000e+02   2.2945102423341599e+01
   1.8100000000000000e+02   2.2505837516828901e+01
   1.8200000000000000e+02   2.2026084605382000e+01
   1.8300000000000000e+02   2.1831811844772002e+01
   1.8400000000000000e+02   2.1850346760070199e+01
   1.8500000000000000e+02   2.1135147471482998e+01
   1.8600000000000000e+02   2.1374820120007200e+01
   1.8700000000000000e+02   2.1241770009774399e+01
   1.8800000000000000e+02   2.0843048186470099e+01
   1.8900000000000000e+02   2.0715575665732601e+01
   1.9000000000000000e+02   2.0490486349131999e+01
   1.9100000000000000e+02   2.0319583341355099e+01
   1.9200000000000000e+02   2.0276895526860301e+01
   1.9300000000000000e+02   2.0097782111716800e+01
   1.9400000000000000e+02   1.9558729240863201e+01
   1.9500000000000000e+02   1.9274214611703400e+01
   1.9600000000000000e+02   1.9299928995798300e+01
   1.9700000000000000e+02   1.9637104113156301e+01
   1.9800000000000000e+02   1.9684972172961999e+01
   1.9900000000000000e+02   1.9167792348893698e+01
   2.0000000000000000e+02   1.9771535998345300e+01
   2.0100000000000000e+02   1.9688507151594202e+01
   2.0200000000000000e+02   1.9733145654464700e+01
   2.0300000000000000e+02   1.9965049652215800e+01
   2.0400000000000000e+02   2.0181872309077601e+01
   2.0500000000000000e+02   2.0019641186431500e+01
   2.0600000000000000e+02   1.9851836634278602e+01
   2.0700000000000000e+02   1.9876308561374799e+01
   2.0800000000000000e+02   1.9722347305674500e+01
   2.0900000000000000e+02   1.9699873107502800e+01
   2.1000000000000000e+02   1.9784119155879299e+01
   2.1100000000000000e+02   1.9558063206137700e+01
   2.1200000000000000e+02   1.9146549771682299e+01
   2.1300000000000000e+02   1.9037204385153501e+01
   2.1400000000000000e+02   1.8872378662626101e+01
   2.1500000000000000e+02   1.8144141013791401e+01
   2.1600000000000000e+02   1.7736007486276900e+01
   2.1700000000000000e+02   1.7895414755936901e+01
   2.1800000000000000e+02   1.7455310546858701e+01
   2.1900000000000000e+02   1.7373602907692000e+01
   2.2000000000000000e+02   1.6491007028507401e+01
   2.2100000000000000e+02   1.6268158422018502e+01
   2.2200000000000000e+02   1.6194420579844198e+01
   2.2300000000000000e+02   1.6297709913025098e+01
   2.2400000000000000e+02   1.6280290471073901e+01
   2.2500000000000000e+02   1.6301028025459999e+01
   2.2600000000000000e+02   1.6082034586954400e+01
   2.2700000000000000e+02   1.6439904269294100e+01
   2.2800000000000000e+02   1.5681562178649401e+01
   2.2900000000000000e+02   1.5467138951045699e+01
   2.3000000000000000e+02   1.5542778996003401e+01
   2.3100000000000000e+02   1.5065538737338001e+01
   2.3200000000000000e+02   1.5368364718164001e+01
   2.3300000000000000e+02   1.4390087366551500e+01
   2.3400000000000000e+02   1.4603506688864799e+01
   2.3500000000000000e+02   1.4331406609495600e+01
   2.3600000000000000e+02   1.4078683997792499e+01
   2.3700000000000000e+02   1.4007286283500299e+01
   2.3800000000000000e+02   1.3801921512070001e+01
   2.3900000000000000e+02   1.3257410180881200e+01
   2.4000000000000000e+02   1.3201227836993700e+01
   2.4100000000000000e+02   1.3061274049470500e+01
   2.4200000000000000e+02   1.2765238098453001e+01
   2.4300000000000000e+02   1.2128576614105301e+01
   2.4400000000000000e+02   1.2241213005024600e+01
   2.4500000000000000e+02   1.1812624191009700e+01
   2.4600000000000000e+02   1.1615324311788701e+01
   2.4700000000000000e+02   1.1512967472194701e+01
   2.4800000000000000e+02   1.1842218415076299e+01
   2.4900000000000000e+02   1.1249370127788600e+01
   2.5000000000000000e+02   1.0604700675807299e+01
   2.5100000000000000e+02   1.0676616832066401e+01
   2.5200000000000000e+02   1.0623374507819900e+01
   2.5300000000000000e+02   1.1069774767102000e+01
   2.5400000000000000e+02   1.0955655460494500e+01
   2.5500000000000000e+02   1.0688256170085401e+01
   2.5600000000000000e+02   1.0733090457313400e+01
   2.5700000000000000e+02   1.0829432314478000e+01
   2.5800000000000000e+02   1.1232828138383100e+01
   2.5900000000000000e+02   1.1550231030774601e+01
   2.6000000000000000e+02   1.1191951840808599e+01
   2.6100000000000000e+02   1.1320990639595699e+01
   2.6200000000000000e+02   1.0748331781955400e+01
   2.6300000000000000e+02   1.0488331380762199e+01
   2.6400000000000000e+02   1.0269008832296400e+01
   2.6500000000000000e+02   1.0302625136018200e+01
   2.6600000000000000e+02   1.0078598632830300e+01
   2.6700000000000000e+02   9.6863142770916202e+00
   2.6800000000000000e+02   9.1449809008691094e+00
   2.6900000000000000e+02   8.6132035213956595e+00
   2.7000000000000000e+02   7.9161237060956804e+00
   2.7100000000000000e+02   8.1043788925971096e+00
   2.7200000000000000e+02   8.0631435995377103e+00
   2.7300000000000000e+02   7.4165255115504696e+00
   2.7400000000000000e+02   7.4432651895979003e+00
   2.7500000000000000e+02   6.7197945956576604e+00
   2.7600000000000000e+02   6.5857341738480599e+00
   2.7700000000000000e+02   6.1280572579280204e+00
   2.7800000000000000e+02   5.6855785158511498e+00
   2.7900000000000000e+02   5.5075588374234501e+00
   2.8000000000000000e+02   5.0655315826507898e+00
   2.8100000000000000e+02   5.0816623018988096e+00
   2.8200000000000000e+02   4.8646920346833999e+00
   2.8300000000000000e+02   4.6796268950672903e+00
   2.8400000000000000e+02   4.1985283233494499e+00
   2.8500000000000000e+02   4.0538394815349097e+00
   2.8600000000000000e+02   3.8375377284072800e+00
   2.8700000000000000e+02   3.5398395369984299e+00
   2.8800000000000000e+02   3.0011850553264900e+00
   2.8900000000000000e+02   3.2541207863658701e+00
   2.9000000000000000e+02   3.3230665943375000e+00
   2.9100000000000000e+02   2.6739815791349999e+00
   2.9200000000000000e+02   2.7951986954143000e+00
   2.9300000000000000e+02   2.4115433846580498e+00
   2.9400000000000000e+02   1.4871032610399899e+00
   2.9500000000000000e+02   9.6614034192150899e-01
   2.9600000000000000e+02   8.5161077145376096e-01
   2.9700000000000000e+02   1.2211681949000399e+00
   2.9800000000000000e+02   9.8155906323461095e-01
   2.9900000000000000e+02   3.8972014626282903e-01
   3.0000000000000000e+02  -1.5394010712325301e-01
   3.0100000000000000e+02  -6.4419998814321500e-01
   3.0200000000000000e+02  -4.4234761862666599e-01
   3.0300000000000000e+02  -2.8913344713135303e-01
   3.0400000000000000e+02  -1.1434217144501000e+00
   3.0500000000000000e+02  -5.9179401037769996e-01
   3.0600000000000000e+02  -6.5792640854334405e-01
   3.0700000000000000e+02  -6.4268711537924805e-01
   3.0800000000000000e+02  -1.0984268642140900e+00
   3.0900000000000000e+02  -1.3326706399406401e+00
   3.1000000000000000e+02  -1.6925714036393400e+00
   3.1100000000000000e+02  -2.3835568059557599e+00
   3.1200000000000000e+02  -2.1874844102693798e+00
   3.1300000000000000e+02  -3.0181438190872698e+00
   3.1400000000000000e+02  -3.2588444381101200e+00
   3.1500000000000000e+02  -3.4852170307508401e+00
   3.1600000000000000e+02  -3.7110600633517401e+00
   3.1700000000000000e+02  -4.0583823988351400e+00
   3.1800000000000000e+02  -4.2097457017935502e+00
   3.1900000000000000e+02  -4.5986725707796499e+00
   3.2000000000000000e+02  -5.3598593510161603e+00
   3.2100000000000000e+02  -6.0264207492241502e+00
   3.2200000000000000e+02  -6.3288116276901896e+00
   3.2300000000000000e+02  -6.6880589421548802e+00
   3.2400000000000000e+02  -6.9716694499956899e+00
   3.2500000000000000e+02  -7.0510640595583700e+00
   3.2600000000000000e+02  -7.6125225581740903e+00
   3.2700000000000000e+02  -8.2744054703906205e+00
   3.2800000000000000e+02  -8.7650512376028100e+00
   3.2900000000000000e+02  -9.3427224597271099e+00
   3.3000000000000000e+02  -9.5656661036176605e+00
   3.3100000000000000e+02  -9.6052657744596193e+00
   3.3200000000000000e+02  -1.0304896815862101e+01
   3.3300000000000000e+02  -1.0899435822259299e+01
   3.3400000000000000e+02  -1.1218019315242600e+01
   3.3500000000000000e+02  -1.1461213740487899e+01
   3.3600000000000000e+02  -1.2149467638090499e+01
   3.3700000000000000e+02  -1.2786343303895700e+01
   3.3800000000000000e+02  -1.3473830387712200e+01
   3.3900000000000000e+02  -1.4297424857505501e+01
   3.4000000000000000e+02  -1.4859884857820600e+01
   3.4100000000000000e+02  -1.5383519023607899e+01
   3.4200000000000000e+02  -1.5698774729222800e+01
   3.4300000000000000e+02  -1.6208129600144002e+01
   3.4400000000000000e+02  -1.6629976621389400e+01
   3.4500000000000000e+02  -1.6990308113072000e+01
   3.4600000000000000e+02  -1.7139410524776299e+01
   3.4700000000000000e+02  -1.8062209067537399e+01
   3.4800000000000000e+02  -1.8513260153259200e+01
   3.4900000000000000e+02  -1.9086057975223301e+01
   3.5000000000000000e+02  -1.9485579060585401e+01
   3.5100000000000000e+02  -2.0023411454404901e+01
   3.5200000000000000e+02  -2.0479997906785201e+01
   3.5300000000000000e+02  -2.1391905879189899e+01
   3.5400000000000000e+02  -2.1966974328626900e+01
   3.5500000000000000e+02  -2.2585983542499701e+01
   3.5600000000000000e+02  -2.2734866554053699e+01
   3.5700000000000000e+02  -2.3307900198137400e+01
   3.5800000000000000e+02  -2.3758532905759001e+01
   3.5900000000000000e+02  -2.4121336320887501e+01
   3.6000000000000000e+02  -2.4557243163629501e+01
   3.6100000000000000e+02  -2.5012691056489700e+01
   3.6200000000000000e+02  -2.5722331883757800e+01
   3.6300000000000000e+02  -2.6633843932929199e+01
   3.6400000000000000e+02  -2.7633577546804400e+01
   3.6500000000000000e+02  -2.8352150151446899e+01
   3.6600000000000000e+02  -2.9136195592778702e+01
   3.6700000000000000e+02  -3.0302123795499099e+01
   3.6800000000000000e+02  -3.1196045041020199e+01
   3.6900000000000000e+02  -3.1960434055136702e+01
   3.7000000000000000e+02  -3.3169292006262900e+01
   3.7100000000000000e+02  -3.4392230269363402e+01
   3.7200000000000000e+02  -3.5551248850667001e+01
   3.7300000000000000e+02  -3.6553515987216699e+01
   3.7400000000000000e+02  -3.7451859651206099e+01
   3.7500000000000000e+02  -3.8201770543792001e+01
   3.7600000000000000e+02  -3.9074959572064500e+01
   3.7700000000000000e+02  -4.0027605891896400e+01
   3.7800000000000000e+02  -4.0674986537149799e+01
   3.7900000000000000e+02  -4.1411307887420200e+01
   3.8000000000000000e+02  -4.2325951137984497e+01
   3.8100000000000000e+02  -4.2792389225135601e+01
   3.8200000000000000e+02  -4.3711536410930499e+01
   3.8300000000000000e+02  -4.3872251266404596e+01
   3.8400000000000000e+02  -4.4639235580744199e+01
   3.8500000000000000e+02  -4.5757005767071398e+01
   3.8600000000000000e+02  -4.6655849660379999e+01
   3.8700000000000000e+02  -4.7740473578677502e+01
   3.8800000000000000e+02  -4.8575112632552603e+01
   3.8900000000000000e+02  -4.9158181563258999e+01
   3.9000000000000000e+02  -4.9809268174121698e+01
   3.9100000000000000e+02  -5.0943388488315797e+01
   3.9200000000000000e+02  -5.2089230844872702e+01
   3.9300000000000000e+02  -5.2968143951962702e+01
   3.9400000000000000e+02  -5.4154366363033503e+01
   3.9500000000000000e+02  -5.4853792560714702e+01
   3.9600000000000000e+02  -5.5607299428899701e+01
   3.9700000000000000e+02  -5.6662983161526299e+01
   3.9800000000000000e+02  -5.7280717253316901e+01
   3.9900000000000000e+02  -5.8454830547971397e+01
   4.0000000000000000e+02  -5.9141191637415702e+01
   4.0100000000000000e+02  -5.9677290897828698e+01
   4.0200000000000000e+02  -6.0751015943432897e+01
   4.0300000000000000e+02  -6.1548574980838701e+01
   4.0400000000000000e+02  -6.2135729952334103e+01
   4.0500000000000000e+02  -6.2551223244344598e+01
   4.0600000000000000e+02  -6.3863103963838299e+01
   4.0700000000000000e+02  -6.4416591592962106e+01
   4.0800000000000000e+02  -6.5245137899479602e+01
   4.0900000000000000e+02  -6.5914026658151201e+01
   4.1000000000000000e+02  -6.6798355356465393e+01
   4.1100000000000000e+02  -6.7374275787138998e+01
   4.1200000000000000e+02  -6.8235720639130506e+01
   4.1300000000000000e+02  -6.8683316433856206e+01
   4.1400000000000000e+02  -6.9811738174796801e+01
   4.1500000000000000e+02  -6.9986320928898905e+01
   4.1600000000000000e+02  -7.0198095568632795e+01
   4.1700000000000000e+02  -7.0753766637885704e+01
   4.1800000000000000e+02  -7.1218331133135493e+01
   4.1900000000000000e+02  -7.1593142910718399e+01
   4.2000000000000000e+02  -7.2198376579920904e+01
   4.2100000000000000e+02  -7.2901369766723803e+01
   4.2200000000000000e+02  -7.2825324817874105e+01
   4.2300000000000000e+02  -7.3500706342645898e+01
   4.2400000000000000e+02  -7.3962715424148200e+01
   4.2500000000000000e+02  -7.4416599928177803e+01
   4.2600000000000000e+02  -7.5004571200140404e+01
   4.2700000000000000e+02  -7.5445445270844203e+01
   4.2800000000000000e+02  -7.5262920655643001e+01
   4.2900000000000000e+02  -7.5400210174256898e+01
   4.3000000000000000e+02  -7.6000602767754202e+01
   4.3100000000000000e+02  -7.5728585136728398e+01
   4.3200000000000000e+02  -7.5150098970556400e+01
   4.3300000000000000e+02  -7.4990903574867801e+01
   4.3400000000000000e+02  -7.4858463663553295e+01
   4.3500000000000000e+02  -7.4963112584417502e+01
   4.3600000000000000e+02  -7.5322497206042399e+01
   4.3700000000000000e+02  -7.4822481701285398e+01
   4.3800000000000000e+02  -7.5160385023031594e+01
   4.3900000000000000e+02  -7.4810533263826102e+01
   4.4000000000000000e+02  -7.4381062910004601e+01
   4.4100000000000000e+02  -7.4170006474688407e+01
   4.4200000000000000e+02  -7.3921727895984006e+01
   4.4300000000000000e+02  -7.3934861723525202e+01
   4.4400000000000000e+02  -7.3805406676761393e+01
   4.4500000000000000e+02  -7.3701958232090902e+01
   4.4600000000000000e+02  -7.3570079306661597e+01
   4.4700000000000000e+02  -7.4174791719942405e+01
   4.4800000000000000e+02  -7.4520450211743395e+01
   4.4900000000000000e+02  -7.4393649330486696e+01
   4.5000000000000000e+02  -7.4268128773359706e+01
   4.5100000000000000e+02  -7.4439223522831099e+01
   4.5200000000000000e+02  -7.4603172034866304e+01
   4.5300000000000000e+02  -7.4987176183036496e+01
   4.5400000000000000e+02  -7.4536082625126795e+01
   4.5500000000000000e+02  -7.4390580024754996e+01
   4.5600000000000000e+02  -7.4585404295244899e+01
   4.5700000000000000e+02  -7.4524412786048799e+01
   4.5800000000000000e+02  -7.4790364083316902e+01
   4.5900000000000000e+02  -7.5292185200519995e+01
   4.6000000000000000e+02  -7.5434905135787105e+01
   4.6100000000000000e+02  -7.5198038814058194e+01
   4.6200000000000000e+02  -7.5314825843101005e+01
   4.6300000000000000e+02  -7.4670215166177300e+01
   4.6400000000000000e+02  -7.4276638541813597e+01
   4.6500000000000000e+02  -7.5028446409224202e+01
   4.6600000000000000e+02  -7.4906318110717194e+01
   4.6700000000000000e+02  -7.5004838250174600e+01
   4.6800000000000000e+02  -7.5047053933432494e+01
   4.6900000000000000e+02  -7.5045794182254497e+01
   4.7000000000000000e+02  -7.5327813739244206e+01
   4.7100000000000000e+02  -7.5180502254614098e+01
   4.7200000000000000e+02  -7.5161542173135004e+01
   4.7300000000000000e+02  -7.5913983793002203e+01
   4.7400000000000000e+02  -7.5931931404316998e+01
   4.7500000000000000e+02  -7.6213480882329605e+01
   4.7600000000000000e+02  -7.6126006079584300e+01
   4.7700000000000000e+02  -7.5844495690269795e+01
   4.7800000000000000e+02  -7.5983078417503094e+01
   4.7900000000000000e+02  -7.5622590746937306e+01
   4.8000000000000000e+02  -7.5196097445427597e+01
   4.8100000000000000e+02  -7.5542588536682103e+01
   4.8200000000000000e+02  -7.5666340751638600e+01
   4.8300000000000000e+02  -7.6180074625719797e+01
   4.8400000000000000e+02  -7.6018082393879894e+01
   4.8500000000000000e+02  -7.5782188310621393e+01
   4.8600000000000000e+02  -7.5949428479242101e+01
   4.8700000000000000e+02  -7.6339195640155793e+01
   4.8800000000000000e+02  -7.6733840028979401e+01
   4.8900000000000000e+02  -7.6243864562666303e+01
   4.9000000000000000e+02  -7.6219637555791905e+01
   4.9100000000000000e+02  -7.5734389193170998e+01
   4.9200000000000000e+02  -7.5764510344153706e+01
   4.9300000000000000e+02  -7.6110864187096894e+01
   4.9400000000000000e+02  -7.5909981130128898e+01
   4.9500000000000000e+02  -7.5642826372073799e+01
   4.9600000000000000e+02  -7.5817318836944807e+01
   4.9700000000000000e+02  -7.6363875387278497e+01
   4.9800000000000000e+02  -7.6049144506495495e+01
   4.9900000000000000e+02  -7.5946498945088095e+01
   5.0000000000000000e+02  -7.6189641686212397e+01
   5.0100000000000000e+02  -7.6303577226830200e+01
   5.0200000000000000e+02  -7.5973094410131296e+01
   5.0300000000000000e+02  -7.5948769609744900e+01
   5.0400000000000000e+02  -7.6146009006310905e+01
   5.0500000000000000e+02  -7.6278877580470706e+01
   5.0600000000000000e+02  -7.5885236534333501e+01
   5.0700000000000000e+02  -7.5514002598661605e+01
   5.0800000000000000e+02  -7.5357014375563494e+01
   5.0900000000000000e+02  -7.5319077917774095e+01
   5.1000000000000000e+02  -7.5043031250973200e+01
   5.1100000000000000e+02  -7.5036018598783400e+01
   5.1200000000000000e+02  -7.5147892873402299e+01
   5.1300000000000000e+02  -7.5491640985265093e+01
   5.1400000000000000e+02  -7.5310942902081194e+01
   5.1500000000000000e+02  -7.5051343893308797e+01
   5.1600000000000000e+02  -7.5278780707167201e+01
   5.1700000000000000e+02  -7.5166960098401404e+01
   5.1800000000000000e+02  -7.4905594427929003e+01
   5.1900000000000000e+02  -7.4556785916159399e+01
   5.2000000000000000e+02  -7.5046072166592296e+01
   5.2100000000000000e+02  -7.5005135632557895e+01
   5.2200000000000000e+02  -7.5001427036666499e+01
   5.2300000000000000e+02  -7.5078086373320701e+01
   5.2400000000000000e+02  -7.4434837449499000e+01
   5.2500000000000000e+02  -7.4556336290468394e+01
   5.2600000000000000e+02  -7.4461709976535701e+01
   5.2700000000000000e+02  -7.5184803121384803e+01
   5.2800000000000000e+02  -7.5234296626749796e+01
   5.2900000000000000e+02  -7.5127489507035605e+01
   5.3000000000000000e+02  -7.5601702022405107e+01
   5.3100000000000000e+02  -7.5860520823441405e+01
   5.3200000000000000e+02  -7.5833427632951697e+01
   5.3300000000000000e+02  -7.5773891658682501e+01
   5.3400000000000000e+02  -7.5589700016664693e+01
   5.3500000000000000e+02  -7.6126162235883896e+01
   5.3600000000000000e+02  -7.5849416840773301e+01
   5.3700000000000000e+02  -7.6123549459826194e+01
   5.3800000000000000e+02  -7.6043362253802002e+01
   5.3900000000000000e+02  -7.5925243808660596e+01
   5.4000000000000000e+02  -7.5561407917773096e+01
   5.4100000000000000e+02  -7.5134168611013195e+01
   5.4200000000000000e+02  -7.5284426888525900e+01
   5.4300000000000000e+02  -7.5136989680401300e+01
   5.4400000000000000e+02  -7.5154695263322196e+01
   5.4500000000000000e+02  -7.5010711298999993e+01
   5.4600000000000000e+02  -7.4585156291453202e+01
   5.4700000000000000e+02  -7.5127158010200404e+01
   5.4800000000000000e+02  -7.5491399574075601e+01
   5.4900000000000000e+02  -7.5553847015770998e+01
   5.5000000000000000e+02  -7.5773243581257503e+01
   5.5100000000000000e+02  -7.5510629081369800e+01
   5.5200000000000000e+02  -7.5192360437001000e+01
   5.5300000000000000e+02  -7.5556070104845404e+01
   5.5400000000000000e+02  -7.5384898221657707e+01
   5.5500000000000000e+02  -7.5202944670164996e+01
   5.5600000000000000e+02  -7.5183212330939597e+01
   5.5700000000000000e+02  -7.5586013065843701e+01
   5.5800000000000000e+02  -7.5535085877919499e+01
   5.5900000000000000e+02  -7.5348401138524807e+01
   5.6000000000000000e+02  -7.5569061629516497e+01
   5.6100000000000000e+02  -7.5313862226019694e+01
   5.6200000000000000e+02  -7.4552564995896105e+01
   5.6300000000000000e+02  -7.5036926028269804e+01
   5.6400000000000000e+02  -7.5485907898683195e+01
   5.6500000000000000e+02  -7.5496018355268703e+01
   5.6600000000000000e+02  -7.5556131350250297e+01
   5.6700000000000000e+02  -7.6016394320426002e+01
   5.6800000000000000e+02  -7.5859287415573405e+01
   5.6900000000000000e+02  -7.5677107137325905e+01
   5.7000000000000000e+02  -7.5573413822505401e+01
   5.7100000000000000e+02  -7.5881450643900493e+01
   5.7200000000000000e+02  -7.6014792365286397e+01
   5.7300000000000000e+02  -7.5587654913793600e+01
   5.7400000000000000e+02  -7.5861175719076002e+01
   5.7500000000000000e+02  -7.5598832947013307e+01
   5.7600000000000000e+02  -7.5780185107939701e+01
   5.7700000000000000e+02  -7.5974260340963994e+01
   5.7800000000000000e+02  -7.5644416101586799e+01
   5.7900000000000000e+02  -7.5964106034911595e+01
   5.8000000000000000e+02  -7.6267859538944904e+01
   5.8100000000000000e+02  -7.6091293379441794e+01
   5.8200000000000000e+02  -7.6675008326437094e+01
   5.8300000000000000e+02  -7.6760971563005199e+01
   5.8400000000000000e+02  -7.6232531911745397e+01
   5.8500000000000000e+02  -7.6044205877780101e+01
   5.8600000000000000e+02  -7.6053269152261706e+01
   5.8700000000000000e+02  -7.5698241374199497e+01
   5.8800000000000000e+02  -7.6289750127065801e+01
   5.8900000000000000e+02  -7.6312994352242100e+01
   5.9000000000000000e+02  -7.6343482278955705e+01
   5.9100000000000000e+02  -7.5802419468440206e+01
   5.9200000000000000e+02  -7.5976398919873503e+01
   5.9300000000000000e+02  -7.6415528007183795e+01
   5.9400000000000000e+02  -7.6580581333553496e+01
   5.9500000000000000e+02  -7.6226695557764003e+01
   5.9600000000000000e+02  -7.6327760434804603e+01
   5.9700000000000000e+02  -7.6329108551491004e+01
   5.9800000000000000e+02  -7.6450225457875902e+01
   5.9900000000000000e+02  -7.6713433127006496e+01
   6.0000000000000000e+02  -7.6348550968686695e+01
   6.0100000000000000e+02  -7.6079369287846802e+01
   6.0200000000000000e+02  -7.5682696181751695e+01
   6.0300000000000000e+02  -7.5581764895177500e+01
   6.0400000000000000e+02  -7.5698946466433995e+01
   6.0500000000000000e+02  -7.5605189454409199e+01
   6.0600000000000000e+02  -7.5648674753685796e+01
   6.0700000000000000e+02  -7.5787934500605701e+01
   6.0800000000000000e+02  -7.5625783189557296e+01
   6.0900000000000000e+02  -7.5423967348686304e+01
   6.1000000000000000e+02  -7.5157298190917700e+01
   6.1100000000000000e+02  -7.4910585497720007e+01
   6.1200000000000000e+02  -7.5073213037057201e+01
   6.1300000000000000e+02  -7.5302541478598499e+01
   6.1400000000000000e+02  -7.5561567542056295e+01
   6.1500000000000000e+02  -7.5640000538370700e+01
   6.1600000000000000e+02  -7.5330212127895507e+01
   6.1700000000000000e+02  -7.5293271069197900e+01
   6.1800000000000000e+02  -7.4918276726828296e+01
   6.1900000000000000e+02  -7.4981594267962706e+01
   6.2000000000000000e+02  -7.4740865622009693e+01
   6.2100000000000000e+02  -7.4539086338782496e+01
   6.2200000000000000e+02  -7.4851846581620194e+01
   6.2300000000000000e+02  -7.5296033290372904e+01
   6.2400000000000000e+02  -7.5276459628837600e+01
   6.2500000000000000e+02  -7.5300767163844299e+01
   6.2600000000000000e+02  -7.4643293531363398e+01
   6.2700000000000000e+02  -7.4904145981919100e+01
   6.2800000000000000e+02  -7.4924083584181503e+01
   6.2900000000000000e+02  -7.4267059541975101e+01
   6.3000000000000000e+02  -7.4349396186913495e+01
   6.3100000000000000e+02  -7.4321664328447497e+01
   6.3200000000000000e+02  -7.4209144678282598e+01
   6.3300000000000000e+02  -7.3814504928630200e+01
   6.3400000000000000e+02  -7.3773061367226106e+01
   6.3500000000000000e+02  -7.4105396854004795e+01
   6.3600000000000000e+02  -7.4265078517687598e+01
   6.3700000000000000e+02  -7.4031386773509595e+01
   6.3800000000000000e+02  -7.3487858711396896e+01
   6.3900000000000000e+02  -7.3274273811171796e+01
   6.4000000000000000e+02  -7.3431049198461395e+01
   6.4100000000000000e+02  -7.3578297508874002e+01
   6.4200000000000000e+02  -7.3570439384417199e+01
   6.4300000000000000e+02  -7.3657496735832197e+01
   6.4400000000000000e+02  -7.3570925865098005e+01
   6.4500000000000000e+02  -7.4140172118948698e+01
   6.4600000000000000e+02  -7.4163306612930995e+01
   6.4700000000000000e+02  -7.3397133297939902e+01
   6.4800000000000000e+02  -7.3806428095086602e+01
   6.4900000000000000e+02  -7.3363854781970204e+01
   6.5000000000000000e+02  -7.3597884621662402e+01
   6.5100000000000000e+02  -7.3611995331681598e+01
   6.5200000000000000e+02  -7.3653748579001601e+01
   6.5300000000000000e+02  -7.3877941594489499e+01
   6.5400000000000000e+02  -7.4272494927086399e+01
   6.5500000000000000e+02  -7.3974219723626703e+01
   6.5600000000000000e+02  -7.4405910434642095e+01
   6.5700000000000000e+02  -7.4631288154291497e+01
   6.5800000000000000e+02  -7.4677246677084995e+01
   6.5900000000000000e+02  -7.4478578704746994e+01
   6.6000000000000000e+02  -7.4577183461249106e+01
   6.6100000000000000e+02  -7.4674299337808094e+01
   6.6200000000000000e+02  -7.4762027229815700e+01
   6.6300000000000000e+02  -7.5195218805804700e+01
   6.6400000000000000e+02  -7.4807566648928301e+01
   6.6500000000000000e+02  -7.4440611495501798e+01
   6.6600000000000000e+02  -7.3715058077909404e+01
   6.6700000000000000e+02  -7.3823761733189102e+01
   6.6800000000000000e+02  -7.3853108858004802e+01
   6.6900000000000000e+02  -7.3423286734978902e+01
   6.7000000000000000e+02  -7.2996114898494795e+01
   6.7100000000000000e+02  -7.2498032941325903e+01
   6.7200000000000000e+02  -7.2357470456996495e+01
   6.7300000000000000e+02  -7.2826457016949405e+01
   6.7400000000000000e+02  -7.2730136060520806e+01
   6.7500000000000000e+02  -7.3103656609450596e+01
   6.7600000000000000e+02  -7.3190030459959104e+01
   6.7700000000000000e+02  -7.3494909719566095e+01
   6.7800000000000000e+02  -7.3905669690582499e+01
   6.7900000000000000e+02  -7.3762030980351994e+01
   6.8000000000000000e+02  -7.3612842315649004e+01
   6.8100000000000000e+02  -7.3378630086403803e+01
   6.8200000000000000e+02  -7.3623244762718301e+01
   6.8300000000000000e+02  -7.4098223159113999e+01
   6.8400000000000000e+02  -7.3937849497421098e+01
   6.8500000000000000e+02  -7.3518290361263595e+01
   6.8600000000000000e+02  -7.3517549004581994e+01
   6.8700000000000000e+02  -7.3191608995788300e+01
   6.8800000000000000e+02  -7.2620156956976999e+01
   6.8900000000000000e+02  -7.2761866404579294e+01
   6.9000000000000000e+02  -7.2635626014522003e+01
   6.9100000000000000e+02  -7.2690251630991597e+01
   6.9200000000000000e+02  -7.2802067805628297e+01
   6.9300000000000000e+02  -7.2850111935596502e+01
   6.9400000000000000e+02  -7.2897268590403797e+01
   6.9500000000000000e+02  -7.3002721163931199e+01
   6.9600000000000000e+02  -7.3003478878333894e+01
   6.9700000000000000e+02  -7.3366173187812805e+01
   6.9800000000000000e+02  -7.3190793258447599e+01
   6.9900000000000000e+02  -7.3252554523793506e+01
   7.0000000000000000e+02  -7.3476941177977395e+01
   7.0100000000000000e+02  -7.3747641391801807e+01
   7.0200000000000000e+02  -7.4084581349694403e+01
   7.0300000000000000e+02  -7.3519897924228800e+01
   7.0400000000000000e+02  -7.3813036689669303e+01
   7.0500000000000000e+02  -7.3982666233048207e+01
   7.0600000000000000e+02  -7.3836986519120003e+01
   7.0700000000000000e+02  -7.3978067395945502e+01
   7.0800000000000000e+02  -7.3623202633101300e+01
   7.0900000000000000e+02  -7.3088718281498302e+01
   7.1000000000000000e+02  -7.2799920667419400e+01
   7.1100000000000000e+02  -7.3563656478919000e+01
   7.1200000000000000e+02  -7.3180585196738605e+01
   7.1300000000000000e+02  -7.2761433907220095e+01
   7.1400000000000000e+02  -7.2686785350519500e+01
   7.1500000000000000e+02  -7.2896871222254603e+01
   7.1600000000000000e+02  -7.3287392196452700e+01
   7.1700000000000000e+02  -7.3872428202444894e+01
   7.1800000000000000e+02  -7.4096096629057598e+01
   7.1900000000000000e+02  -7.4009491747547997e+01
   7.2000000000000000e+02  -7.3800163562081295e+01
   7.2100000000000000e+02  -7.3986688505342798e+01
   7.2200000000000000e+02  -7.3650221039310594e+01
   7.2300000000000000e+02  -7.3811024723280497e+01
   7.2400000000000000e+02  -7.3399535270598605e+01
   7.2500000000000000e+02  -7.3081795037221696e+01
   7.2600000000000000e+02  -7.3583630326682993e+01
   7.2700000000000000e+02  -7.3649145284981998e+01
   7.2800000000000000e+02  -7.3606166147489802e+01
   7.2900000000000000e+02  -7.3694924567134294e+01
   7.3000000000000000e+02  -7.3682276317749299e+01
   7.3100000000000000e+02  -7.4163902974390695e+01
   7.3200000000000000e+02  -7.4353297686539307e+01
   7.3300000000000000e+02  -7.4674056187125700e+01
   7.3400000000000000e+02  -7.4704414968540306e+01
   7.3500000000000000e+02  -7.4598378657320893e+01
   7.3600000000000000e+02  -7.4391988982919898e+01
   7.3700000000000000e+02  -7.4960453511728701e+01
   7.3800000000000000e+02  -7.4761900104458206e+01
   7.3900000000000000e+02  -7.5034964686384100e+01
   7.4000000000000000e+02  -7.4966840103672496e+01
   7.4100000000000000e+02  -7.5001099542362695e+01
   7.4200000000000000e+02  -7.4818806200234803e+01
   7.4300000000000000e+02  -7.4670980696228298e+01
   7.4400000000000000e+02  -7.4245027653894795e+01
   7.4500000000000000e+02  -7.4230563429613994e+01
   7.4600000000000000e+02  -7.3963889467728805e+01
   7.4700000000000000e+02  -7.3879983503972795e+01
   7.4800000000000000e+02  -7.3889118717600795e+01
   7.4900000000000000e+02  -7.3987986291927001e+01
   7.5000000000000000e+02  -7.3843989272830797e+01
   7.5100000000000000e+02  -7.4024936642997204e+01
   7.5200000000000000e+02  -7.3976328144960306e+01
   7.5300000000000000e+02  -7.4232420628316007e+01
   7.5400000000000000e+02  -7.4958426764544001e+01
   7.5500000000000000e+02  -7.4924104568251394e+01
   7.5600000000000000e+02  -7.5313280465744995e+01
   7.5700000000000000e+02  -7.5424659691481693e+01
   7.5800000000000000e+02  -7.4965344015667299e+01
   7.5900000000000000e+02  -7.5426162382058195e+01
   7.6000000000000000e+02  -7.5194192059392705e+01
   7.6100000000000000e+02  -7.4862208468638300e+01
   7.6200000000000000e+02  -7.4745812426795993e+01
   7.6300000000000000e+02  -7.5265043573701007e+01
   7.6400000000000000e+02  -7.4994970708128506e+01
   7.6500000000000000e+02  -7.4779839236433602e+01
   7.6600000000000000e+02  -7.5004186048260806e+01
   7.6700000000000000e+02  -7.4940026022166805e+01
   7.6800000000000000e+02  -7.4976971341298096e+01
   7.6900000000000000e+02  -7.4935668367212003e+01
   7.7000000000000000e+02  -7.5191092541489098e+01
   7.7100000000000000e+02  -7.5100237470314397e+01
   7.7200000000000000e+02  -7.4879786919962200e+01
   7.7300000000000000e+02  -7.4708676401195802e+01
   7.7400000000000000e+02  -7.4683032925207300e+01
   7.7500000000000000e+02  -7.4498696544299406e+01
   7.7600000000000000e+02  -7.4348930902728597e+01
   7.7700000000000000e+02  -7.4608997213009403e+01
   7.7800000000000000e+02  -7.4731157425571595e+01
   7.7900000000000000e+02  -7.4268447544674203e+01
   7.8000000000000000e+02  -7.4203574467089993e+01
   7.8100000000000000e+02  -7.4533277767400307e+01
   7.8200000000000000e+02  -7.4442482453489603e+01
   7.8300000000000000e+02  -7.4446112335031799e+01
   7.8400000000000000e+02  -7.4895121590541095e+01
   7.8500000000000000e+02  -7.4891300720601805e+01
   7.8600000000000000e+02  -7.4830691261419403e+01
   7.8700000000000000e+02  -7.4970695974131601e+01
   7.8800000000000000e+02  -7.4872644448564003e+01
   7.8900000000000000e+02  -7.4819671279677195e+01
   7.9000000000000000e+02  -7.5267058146495998e+01
   7.9100000000000000e+02  -7.5347179921263404e+01
   7.9200000000000000e+02  -7.5237400554022202e+01
   7.9300000000000000e+02  -7.5441096928431506e+01
   7.9400000000000000e+02  -7.6045162814591606e+01
   7.9500000000000000e+02  -7.6130343320063403e+01
   7.9600000000000000e+02  -7.5719568941747397e+01
   7.9700000000000000e+02  -7.5661613398578297e+01
   7.9800000000000000e+02  -7.5583409667445494e+01
   7.9900000000000000e+02  -7.6279538513315501e+01
   8.0000000000000000e+02  -7.6249607034619103e+01
   8.0100000000000000e+02  -7.5971905213681097e+01
   8.0200000000000000e+02  -7.5664933394350797e+01
   8.0300000000000000e+02  -7.5946570327345796e+01
   8.0400000000000000e+02  -7.6343945075517993e+01
   8.0500000000000000e+02  -7.5979595372602802e+01
   8.0600000000000000e+02  -7.6056102018129195e+01
   8.0700000000000000e+02  -7.5713546763413902e+01
   8.0800000000000000e+02  -7.5611860810456506e+01
   8.0900000000000000e+02  -7.5997150260881995e+01
   8.1000000000000000e+02  -7.6513948991631096e+01
   8.1100000000000000e+02  -7.6270113488737294e+01
   8.1200000000000000e+02  -7.5904088372899096e+01
   8.1300000000000000e+02  -7.5664284997976495e+01
   8.1400000000000000e+02  -7.6086076592302405e+01
   8.1500000000000000e+02  -7.6032268399952997e+01
   8.1600000000000000e+02  -7.6169579518270993e+01
   8.1700000000000000e+02  -7.5829091082093498e+01
   8.1800000000000000e+02  -7.5814169689300797e+01
   8.1900000000000000e+02  -7.5613165478242195e+01
   8.2000000000000000e+02  -7.5909211004239694e+01
   8.2100000000000000e+02  -7.5341640384883902e+01
   8.2200000000000000e+02  -7.5888244425286103e+01
   8.2300000000000000e+02  -7.5829019572183299e+01
   8.2400000000000000e+02  -7.5989477093693495e+01
   8.2500000000000000e+02  -7.6234629670533494e+01
   8.2600000000000000e+02  -7.5891504431345496e+01
   8.2700000000000000e+02  -7.5718314413470196e+01
   8.2800000000000000e+02  -7.5556942729073299e+01
   8.2900000000000000e+02  -7.5769506342913502e+01
   8.3000000000000000e+02  -7.5346590214387902e+01
   8.3100000000000000e+02  -7.5637182657856101e+01
   8.3200000000000000e+02  -7.5511779335098197e+01
   8.3300000000000000e+02  -7.5070857661816206e+01
   8.3400000000000000e+02  -7.5558066302756799e+01
   8.3500000000000000e+02  -7.5389369555515998e+01
   8.3600000000000000e+02  -7.5117419917284096e+01
   8.3700000000000000e+02  -7.4293906446102994e+01
   8.3800000000000000e+02  -7.4390871230390502e+01
   8.3900000000000000e+02  -7.4694183283249799e+01
   8.4000000000000000e+02  -7.4615128728224505e+01
   8.4100000000000000e+02  -7.4231211369683507e+01
   8.4200000000000000e+02  -7.4406511815905802e+01
   8.4300000000000000e+02  -7.4502635517180806e+01
   8.4400000000000000e+02  -7.4240345614233703e+01
   8.4500000000000000e+02  -7.4540227100768305e+01
   8.4600000000000000e+02  -7.4480445560832706e+01
   8.4700000000000000e+02  -7.4288456382251695e+01
   8.4800000000000000e+02  -7.4284978489503501e+01
   8.4900000000000000e+02  -7.4416026322427697e+01
   8.5000000000000000e+02  -7.4660990149165599e+01
   8.5100000000000000e+02  -7.4867691757963797e+01
   8.5200000000000000e+02  -7.5002104442718405e+01
   8.5300000000000000e+02  -7.4781549961449400e+01
   8.5400000000000000e+02  -7.4910200493760797e+01
   8.5500000000000000e+02  -7.4553448235021506e+01
   8.5600000000000000e+02  -7.4478458700778503e+01
   8.5700000000000000e+02  -7.4325964627171004e+01
   8.5800000000000000e+02  -7.4660688004407405e+01
   8.5900000000000000e+02  -7.5247249145906807e+01
   8.6000000000000000e+02  -7.4857676967770004e+01
   8.6100000000000000e+02  -7.4426981814103499e+01
   8.6200000000000000e+02  -7.4231780987661296e+01
   8.6300000000000000e+02  -7.3830959137877400e+01
   8.6400000000000000e+02  -7.3503530010387706e+01
   8.6500000000000000e+02  -7.4063731901589605e+01
   8.6600000000000000e+02  -7.4137801879268295e+01
   8.6700000000000000e+02  -7.4209771998711602e+01
   8.6800000000000000e+02  -7.3812402363656005e+01
   8.6900000000000000e+02  -7.3587244502382603e+01
   8.7000000000000000e+02  -7.3635166208598207e+01
   8.7100000000000000e+02  -7.3340870347166103e+01
   8.7200000000000000e+02  -7.3667871990768802e+01
   8.7300000000000000e+02  -7.3891556904543094e+01
   8.7400000000000000e+02  -7.4366164171464106e+01
   8.7500000000000000e+02  -7.4044125226590694e+01
   8.7600000000000000e+02  -7.4227339782296696e+01
   8.7700000000000000e+02  -7.4379044625953597e+01
   8.7800000000000000e+02  -7.4365140638421806e+01
   8.7900000000000000e+02  -7.3833771729825799e+01
   8.8000000000000000e+02  -7.4138660942673397e+01
   8.8100000000000000e+02  -7.3602433254542007e+01
   8.8200000000000000e+02  -7.3628708519240405e+01
   8.8300000000000000e+02  -7.3434214699814802e+01
   8.8400000000000000e+02  -7.3433486935929395e+01
   8.8500000000000000e+02  -7.3258126582484806e+01
   8.8600000000000000e+02  -7.3394170136056701e+01
   8.8700000000000000e+02  -7.2977229108453201e+01
   8.8800000000000000e+02  -7.3197911992990100e+01
   8.8900000000000000e+02  -7.3431905595757698e+01
   8.9000000000000000e+02  -7.3157343899747303e+01
   8.9100000000000000e+02  -7.3226665797868904e+01
   8.9200000000000000e+02  -7.3035699550277002e+01
   8.9300000000000000e+02  -7.2910863853737496e+01
   8.9400000000000000e+02  -7.3232287307150003e+01
   8.9500000000000000e+02  -7.3244412103478794e+01
   8.9600000000000000e+02  -7.3058281793741003e+01
   8.9700000000000000e+02  -7.2774657504779398e+01
   8.9800000000000000e+02  -7.2890010846594294e+01
   8.9900000000000000e+02  -7.2423442774126698e+01
   9.0000000000000000e+02  -7.2614517834782603e+01
   9.0100000000000000e+02  -7.2443381989180693e+01
   9.0200000000000000e+02  -7.2185191222141597e+01
   9.0300000000000000e+02  -7.2826772379716800e+01
   9.0400000000000000e+02  -7.3116275150443798e+01
   9.0500000000000000e+02  -7.2314557333167997e+01
   9.0600000000000000e+02  -7.1713655981782097e+01
   9.0700000000000000e+02  -7.1396327608940894e+01
   9.0800000000000000e+02  -7.2141638261668206e+01
   9.0900000000000000e+02  -7.2584634515269201e+01
   9.1000000000000000e+02  -7.2400835260251000e+01
   9.1100000000000000e+02  -7.2229093948932601e+01
   9.1200000000000000e+02  -7.2764883716378193e+01
   9.1300000000000000e+02  -7.2801421674607894e+01
   9.1400000000000000e+02  -7.2956538975133896e+01
   9.1500000000000000e+02  -7.2868496526643000e+01
   9.1600000000000000e+02  -7.2706377486481301e+01
   9.1700000000000000e+02  -7.2362773923579795e+01
   9.1800000000000000e+02  -7.2384600951850999e+01
   9.1900000000000000e+02  -7.2326324682615393e+01
   9.2000000000000000e+02  -7.2785110359341402e+01
   9.2100000000000000e+02  -7.2694835898271407e+01
   9.2200000000000000e+02  -7.2526101836865394e+01
   9.2300000000000000e+02  -7.2839393194991601e+01
   9.2400000000000000e+02  -7.3062347542419303e+01
   9.2500000000000000e+02  -7.3357465119263196e+01
   9.2600000000000000e+02  -7.3314921639234100e+01
   9.2700000000000000e+02  -7.3471701119536405e+01
   9.2800000000000000e+02  -7.3260745010924197e+01
   9.2900000000000000e+02  -7.3188388754510299e+01
   9.3000000000000000e+02  -7.3012844600949904e+01
   9.3100000000000000e+02  -7.2561086516571194e+01
   9.3200000000000000e+02  -7.1983742763019293e+01
   9.3300000000000000e+02  -7.1987905775915905e+01
   9.3400000000000000e+02  -7.1926923844389904e+01
   9.3500000000000000e+02  -7.1519187631298806e+01
   9.3600000000000000e+02  -7.1639580126175602e+01
   9.3700000000000000e+02  -7.1822036372054399e+01
   9.3800000000000000e+02  -7.1279167745426705e+01
   9.3900000000000000e+02  -7.0973693329529596e+01
   9.4000000000000000e+02  -7.1234157087711907e+01
   9.4100000000000000e+02  -7.1135480545865207e+01
   9.4200000000000000e+02  -7.1179323326032403e+01
   9.4300000000000000e+02  -7.0875197380882994e+01
   9.4400000000000000e+02  -7.0589056081129996e+01
   9.4500000000000000e+02  -7.0542787876674595e+01
   9.4600000000000000e+02  -7.0556777155543202e+01
   9.4700000000000000e+02  -7.0128027849113906e+01
   9.4800000000000000e+02  -7.0192174614567904e+01
   9.4900000000000000e+02  -7.0162091413822694e+01
   9.5000000000000000e+02  -6.9945654811345506e+01
   9.5100000000000000e+02  -7.0335008351763605e+01
   9.5200000000000000e+02  -7.0022578150745503e+01
   9.5300000000000000e+02  -7.0646366844615201e+01
   9.5400000000000000e+02  -7.0298867670483702e+01
   9.5500000000000000e+02  -6.9682810060881195e+01
   9.5600000000000000e+02  -6.9630045120663397e+01
   9.5700000000000000e+02  -7.0339315939596204e+01
   9.5800000000000000e+02  -6.9979117442805702e+01
   9.5900000000000000e+02  -7.0062980255676095e+01
   9.6000000000000000e+02  -7.0385383487606106e+01
   9.6100000000000000e+02  -7.0193012110921103e+01
   9.6200000000000000e+02  -6.9773174815618503e+01
   9.6300000000000000e+02  -7.0162872961445103e+01
   9.6400000000000000e+02  -6.9461535146775006e+01
   9.6500000000000000e+02  -6.8902724687038102e+01
   9.6600000000000000e+02  -6.8773138319845103e+01
   9.6700000000000000e+02  -6.9132273157455899e+01
   9.6800000000000000e+02  -6.9109295640486806e+01
   9.6900000000000000e+02  -6.9365879884983499e+01
   9.7000000000000000e+02  -6.8981920295951198e+01
   9.7100000000000000e+02  -6.8993923426094895e+01
   9.7200000000000000e+02  -6.8870037635066396e+01
   9.7300000000000000e+02  -6.8800819478328293e+01
   9.7400000000000000e+02  -6.8453039505521403e+01
   9.7500000000000000e+02  -6.8347283556996999e+01
   9.7600000000000000e+02  -6.8462241346468403e+01
   9.7700000000000000e+02  -6.8244623793474005e+01
   9.7800000000000000e+02  -6.7633722299663603e+01
   9.7900000000000000e+02  -6.7797845260159804e+01
   9.8000000000000000e+02  -6.8137225277805797e+01
   9.8100000000000000e+02  -6.8290692815779707e+01
   9.8200000000000000e+02  -6.8477586883456098e+01
   9.8300000000000000e+02  -6.8290909609479499e+01
   9.8400000000000000e+02  -6.8150670522004205e+01
   9.8500000000000000e+02  -6.7735559557136000e+01
   9.8600000000000000e+02  -6.8075357640478103e+01
   9.8700000000000000e+02  -6.7546420307972994e+01
   9.8800000000000000e+02  -6.7536076347628807e+01
   9.8900000000000000e+02  -6.7375729654627605e+01
   9.9000000000000000e+02  -6.7338035022126206e+01
   9.9100000000000000e+02  -6.7527999114397701e+01
   9.9200000000000000e+02  -6.6454255534411701e+01
   9.9300000000000000e+02  -6.6518870989991697e+01
   9.9400000000000000e+02  -6.6613394027227599e+01
   9.9500000000000000e+02  -6.6314918492186607e+01
   9.9600000000000000e+02  -6.5802166148637099e+01
   9.9700000000000000e+02  -6.5992457559439600e+01
   9.9800000000000000e+02  -6.5732798555042095e+01
   9.9900000000000000e+02  -6.5449130663014699e+01
   1.0000000000000000e+03  -6.4714585613783100e+01
   1.0010000000000000e+03  -6.4095293108603101e+01
   1.0020000000000000e+03  -6.3251327145388800e+01
   1.0030000000000000e+03  -6.2411514734910298e+01
   1.0040000000000000e+03  -6.1373585707815700e+01
   1.0050000000000000e+03  -6.0475370193842501e+01
   1.0060000000000000e+03  -5.9348770994492199e+01
   1.0070000000000000e+03  -5.7096704367978802e+01
   1.0080000000000000e+03  -5.3256324976693797e+01
   1.0090000000000000e+03  -4.2917492936683900e+01
   1.0100000000000000e+03  -1.4494530247314600e+01
