  -1.0000000000000000e+02  -7.0860417874220602e+01
  -9.9000000000000000e+01  -7.0845431401207904e+01
  -9.8000000000000000e+01  -7.1298633580763195e+01
  -9.7000000000000000e+01  -7.1053957442517302e+01
  -9.6000000000000000e+01  -7.0650763562066203e+01
  -9.5000000000000000e+01  -7.0440353367555801e+01
  -9.4000000000000000e+01  -7.0173688587815207e+01
  -9.3000000000000000e+01  -7.0158804102794903e+01
  -9.2000000000000000e+01  -7.0193000835328306e+01
  -9.1000000000000000e+01  -7.0324745978490995e+01
  -9.0000000000000000e+01  -7.0254080569658299e+01
  -8.9000000000000000e+01  -7.0535941166164406e+01
  -8.8000000000000000e+01  -7.0343166942040796e+01
  -8.7000000000000000e+01  -7.0072648948973395e+01
  -8.6000000000000000e+01  -7.0058776373498006e+01
  -8.5000000000000000e+01  -6.9812973082497194e+01
  -8.4000000000000000e+01  -6.9505551949820003e+01
  -8.3000000000000000e+01  -6.9978674914956201e+01
  -8.2000000000000000e+01  -6.9889488432754206e+01
  -8.1000000000000000e+01  -7.0057283771767203e+01
  -8.0000000000000000e+01  -7.0135087448569394e+01
  -7.9000000000000000e+01  -7.0322781250857602e+01
  -7.8000000000000000e+01  -7.0617140971615697e+01
  -7.7000000000000000e+01  -7.0585330210423194e+01
  -7.6000000000000000e+01  -7.0320976802771796e+01
  -7.5000000000000000e+01  -7.0746645203997105e+01
  -7.4000000000000000e+01  -7.0704333031701495e+01
  -7.3000000000000000e+01  -7.0663316880398497e+01
  -7.2000000000000000e+01  -7.1182854091305799e+01
  -7.1000000000000000e+01  -7.0928904371416294e+01
  -7.0000000000000000e+01  -7.0988409884249606e+01
  -6.9000000000000000e+01  -7.0906753867980598e+01
  -6.8000000000000000e+01  -7.1108952782392294e+01
  -6.7000000000000000e+01  -7.1442916521474800e+01
  -6.6000000000000000e+01  -7.1072867961275705e+01
  -6.5000000000000000e+01  -7.0920056224514298e+01
  -6.4000000000000000e+01  -7.0700131079508296e+01
  -6.3000000000000000e+01  -7.1162047605732994e+01
  -6.2000000000000000e+01  -7.0804029925999103e+01
  -6.1000000000000000e+01  -7.1212861432685202e+01
  -6.0000000000000000e+01  -7.1389754689341999e+01
  -5.9000000000000000e+01  -7.0592775527347897e+01
  -5.8000000000000000e+01  -7.0858226411184503e+01
  -5.7000000000000000e+01  -7.0578263406615804e+01
  -5.6000000000000000e+01  -7.0732250414502900e+01
  -5.5000000000000000e+01  -7.0778004732375194e+01
  -5.4000000000000000e+01  -7.0275675238776500e+01
  -5.3000000000000000e+01  -7.0142620897121304e+01
  -5.2000000000000000e+01  -7.0645477139658198e+01
  -5.1000000000000000e+01  -7.1018531003027505e+01
  -5.0000000000000000e+01  -7.0478621368841303e+01
  -4.9000000000000000e+01  -7.0111512498515694e+01
  -4.8000000000000000e+01  -7.0429993643202707e+01
  -4.7000000000000000e+01  -6.9585872109280402e+01
  -4.6000000000000000e+01  -6.9575496180716101e+01
  -4.5000000000000000e+01  -6.9974640696708505e+01
  -4.4000000000000000e+01  -6.9571058474398697e+01
  -4.3000000000000000e+01  -6.9834734082786696e+01
  -4.2000000000000000e+01  -6.9572474770109906e+01
  -4.1000000000000000e+01  -6.9650545704916695e+01
  -4.0000000000000000e+01  -7.0186765040207405e+01
  -3.9000000000000000e+01  -7.0177518445764306e+01
  -3.8000000000000000e+01  -6.9581179256534597e+01
  -3.7000000000000000e+01  -6.9369840717702800e+01
  -3.6000000000000000e+01  -6.9076038566495100e+01
  -3.5000000000000000e+01  -6.8851869671170803e+01
  -3.4000000000000000e+01  -6.8946038661102705e+01
  -3.3000000000000000e+01  -6.8650678604411794e+01
  -3.2000000000000000e+01  -6.8287367516370097e+01
  -3.1000000000000000e+01  -6.8192422289500101e+01
  -3.0000000000000000e+01  -6.8095533933271497e+01
  -2.9000000000000000e+01  -6.8067397141175604e+01
  -2.8000000000000000e+01  -6.7976482490728799e+01
  -2.7000000000000000e+01  -6.8078474361883494e+01
  -2.6000000000000000e+01  -6.7950446155272999e+01
  -2.5000000000000000e+01  -6.7348833068172596e+01
  -2.4000000000000000e+01  -6.7315932344294595e+01
  -2.3000000000000000e+01  -6.7155354554582402e+01
  -2.2000000000000000e+01  -6.6678002707791904e+01
  -2.1000000000000000e+01  -6.7142104762350996e+01
  -2.0000000000000000e+01  -6.6563734494556996e+01
  -1.9000000000000000e+01  -6.6724368278881002e+01
  -1.8000000000000000e+01  -6.6588395585213306e+01
  -1.7000000000000000e+01  -6.6371373333413501e+01
  -1.6000000000000000e+01  -6.6013607736680299e+01
  -1.5000000000000000e+01  -6.5743913059407703e+01
  -1.4000000000000000e+01  -6.5371971116701303e+01
  -1.3000000000000000e+01  -6.5149379505516904e+01
  -1.2000000000000000e+01  -6.4659116569875707e+01
  -1.1000000000000000e+01  -6.4610136535719406e+01
  -1.0000000000000000e+01  -6.3668603989053601e+01
  -9.0000000000000000e+00  -6.3155449813709502e+01
  -8.0000000000000000e+00  -6.2534614290708802e+01
  -7.0000000000000000e+00  -6.2014264922374203e+01
  -6.0000000000000000e+00  -6.1385640406985701e+01
  -5.0000000000000000e+00  -6.0086670208079298e+01
  -4.0000000000000000e+00  -5.8745254388342602e+01
  -3.0000000000000000e+00  -5.5697944014902703e+01
  -2.0000000000000000e+00  -5.1491230527031497e+01
  -1.0000000000000000e+00  -4.0126414684737703e+01
   0.0000000000000000e+00  -1.6235378103725200e+01
   1.0000000000000000e+00   5.9213812178058600e-01
   2.0000000000000000e+00   1.2553553658344200e+01
   3.0000000000000000e+00   1.8348741243939902e+01
   4.0000000000000000e+00   2.1627440840125900e+01
   5.0000000000000000e+00   2.3702373478474499e+01
   6.0000000000000000e+00   2.4882800177264102e+01
   7.0000000000000000e+00   2.5366904961542701e+01
   8.0000000000000000e+00   2.6235965185780898e+01
   9.0000000000000000e+00   2.6898048566484000e+01
   1.0000000000000000e+01   2.6737066858951898e+01
   1.1000000000000000e+01   2.6892926157943698e+01
   1.2000000000000000e+01   2.7313806506405800e+01
   1.3000000000000000e+01   2.7344790402447501e+01
   1.4000000000000000e+01   2.7491074288321101e+01
   1.5000000000000000e+01   2.7876098283638900e+01
   1.6000000000000000e+01   2.8352049669245101e+01
   1.7000000000000000e+01   2.8163398167991801e+01
   1.8000000000000000e+01   2.8498510835207199e+01
   1.9000000000000000e+01   2.8883510633702400e+01
   2.0000000000000000e+01   2.8899439157538399e+01
   2.1000000000000000e+01   2.8474041351473900e+01
   2.2000000000000000e+01   2.8300406475461500e+01
   2.3000000000000000e+01   2.8625738150550902e+01
   2.4000000000000000e+01   2.8567872913245498e+01
   2.5000000000000000e+01   2.8464376862906299e+01
   2.6000000000000000e+01   2.8444563079493200e+01
   2.7000000000000000e+01   2.8817228600375500e+01
   2.8000000000000000e+01   2.9002194214336001e+01
   2.9000000000000000e+01   2.8966314182434200e+01
   3.0000000000000000e+01   2.9157349007554298e+01
   3.1000000000000000e+01   2.9334472893615501e+01
   3.2000000000000000e+01   2.9474326250034899e+01
   3.3000000000000000e+01   2.9607225117227600e+01
   3.4000000000000000e+01   2.9610516950611601e+01
   3.5000000000000000e+01   2.9574010741615300e+01
   3.6000000000000000e+01   2.9961777883357001e+01
   3.7000000000000000e+01   3.0391733876327301e+01
   3.8000000000000000e+01   3.0672195859565502e+01
   3.9000000000000000e+01   3.0743814286306201e+01
   4.0000000000000000e+01   3.0713453101132700e+01
   4.1000000000000000e+01   3.0616689090425599e+01
   4.2000000000000000e+01   3.0546883919357899e+01
   4.3000000000000000e+01   3.1694266376991301e+01
   4.4000000000000000e+01   3.1955264025168301e+01
   4.5000000000000000e+01   3.2143615013426100e+01
   4.6000000000000000e+01   3.2233082843673600e+01
   4.7000000000000000e+01   3.1867616760647699e+01
   4.8000000000000000e+01   3.1545774363053699e+01
   4.9000000000000000e+01   3.1368468288004401e+01
   5.0000000000000000e+01   3.1397694207409199e+01
   5.1000000000000000e+01   3.1291565079452301e+01
   5.2000000000000000e+01   3.1241250258022401e+01
   5.3000000000000000e+01   3.0897535983128101e+01
   5.4000000000000000e+01   3.1136290707935501e+01
   5.5000000000000000e+01   3.1321100860645299e+01
   5.6000000000000000e+01   3.1465335751082801e+01
   5.7000000000000000e+01   3.1279110746955201e+01
   5.8000000000000000e+01   3.1456418175296001e+01
   5.9000000000000000e+01   3.1652762983271600e+01
   6.0000000000000000e+01   3.1562005460943301e+01
   6.1000000000000000e+01   3.1836889075632001e+01
   6.2000000000000000e+01   3.1467721507492200e+01
   6.3000000000000000e+01   3.1663636867850400e+01
   6.4000000000000000e+01   3.2015781445777499e+01
   6.5000000000000000e+01   3.2215323661107597e+01
   6.6000000000000000e+01   3.2181121504295199e+01
   6.7000000000000000e+01   3.2104508600057201e+01
   6.8000000000000000e+01   3.2208320272071902e+01
   6.9000000000000000e+01   3.2135846810984198e+01
   7.0000000000000000e+01   3.2599495284993999e+01
   7.1000000000000000e+01   3.2769222632533001e+01
   7.2000000000000000e+01   3.2980860260546102e+01
   7.3000000000000000e+01   3.2936123578587200e+01
   7.4000000000000000e+01   3.3229349848742999e+01
   7.5000000000000000e+01   3.3600801236244102e+01
   7.6000000000000000e+01   3.3685850590963902e+01
   7.7000000000000000e+01   3.3787403541186499e+01
   7.8000000000000000e+01   3.4477491559218500e+01
   7.9000000000000000e+01   3.4311069615449703e+01
   8.0000000000000000e+01   3.3920056711047202e+01
   8.1000000000000000e+01   3.3912566441323399e+01
   8.2000000000000000e+01   3.4058995536159202e+01
   8.3000000000000000e+01   3.3960874984669601e+01
   8.4000000000000000e+01   3.4040546605557303e+01
   8.5000000000000000e+01   3.4032859549931402e+01
   8.6000000000000000e+01   3.3949692890688098e+01
   8.7000000000000000e+01   3.4006448115962499e+01
   8.8000000000000000e+01   3.4324126386311903e+01
   8.9000000000000000e+01   3.4061680851735900e+01
   9.0000000000000000e+01   3.4072976724098602e+01
   9.1000000000000000e+01   3.3894685509238897e+01
   9.2000000000000000e+01   3.3623442382447301e+01
   9.3000000000000000e+01   3.3595091411759199e+01
   9.4000000000000000e+01   3.3940772243589798e+01
   9.5000000000000000e+01   3.3697982947130598e+01
   9.6000000000000000e+01   3.3475751868007002e+01
   9.7000000000000000e+01   3.3456546548016902e+01
   9.8000000000000000e+01   3.3594688661740904e+01
   9.9000000000000000e+01   3.3514332636369502e+01
   1.0000000000000000e+02   3.3213664817660700e+01
   1.0100000000000000e+02   3.3494834357812998e+01
   1.0200000000000000e+02   3.3230466289713803e+01
   1.0300000000000000e+02   3.3498585999755498e+01
   1.0400000000000000e+02   3.3098010666020699e+01
   1.0500000000000000e+02   3.2552776547340301e+01
   1.0600000000000000e+02   3.2450428552476502e+01
   1.0700000000000000e+02   3.2201700384418501e+01
   1.0800000000000000e+02   3.1660387200780200e+01
   1.0900000000000000e+02   3.1676640074799000e+01
   1.1000000000000000e+02   3.1719140690018300e+01
   1.1100000000000000e+02   3.1532622816006999e+01
   1.1200000000000000e+02   3.0939255792323500e+01
   1.1300000000000000e+02   3.0668174182448400e+01
   1.1400000000000000e+02   3.0796517280777302e+01
   1.1500000000000000e+02   3.0546693556695100e+01
   1.1600000000000000e+02   3.0972184943312701e+01
   1.1700000000000000e+02   3.0700953788736300e+01
   1.1800000000000000e+02   3.0590280866796800e+01
   1.1900000000000000e+02   3.0910266038222900e+01
   1.2000000000000000e+02   3.0889940251163299e+01
   1.2100000000000000e+02   3.0798704869587500e+01
   1.2200000000000000e+02   3.0873574685996299e+01
   1.2300000000000000e+02   3.1224347218718599e+01
   1.2400000000000000e+02   3.1241775538200500e+01
   1.2500000000000000e+02   3.0793207014765400e+01
   1.2600000000000000e+02   3.0689737122426699e+01
   1.2700000000000000e+02   3.0543233096259499e+01
   1.2800000000000000e+02   3.0606531953549901e+01
   1.2900000000000000e+02   3.0294553387879201e+01
   1.3000000000000000e+02   3.0148451405900001e+01
   1.3100000000000000e+02   2.9685316859962501e+01
   1.3200000000000000e+02   2.9617170335307001e+01
   1.3300000000000000e+02   3.0017973315833402e+01
   1.3400000000000000e+02   3.0189379038717600e+01
   1.3500000000000000e+02   3.0101771515739600e+01
   1.3600000000000000e+02   3.0712979922657901e+01
   1.3700000000000000e+02   3.0953897335672600e+01
   1.3800000000000000e+02   3.0576989404058800e+01
   1.3900000000000000e+02   3.0456826555197800e+01
   1.4000000000000000e+02   2.9594492970610201e+01
   1.4100000000000000e+02   2.9705115062890702e+01
   1.4200000000000000e+02   2.9472603665959500e+01
   1.4300000000000000e+02   2.8618047494452199e+01
   1.4400000000000000e+02   2.8121722113222699e+01
   1.4500000000000000e+02   2.7836663123595699e+01
   1.4600000000000000e+02   2.6938358021124898e+01
   1.4700000000000000e+02   2.6521892767849700e+01
   1.4800000000000000e+02   2.6187939140926101e+01
   1.4900000000000000e+02   2.6350548811082799e+01
   1.5000000000000000e+02   2.5858973160068398e+01
   1.5100000000000000e+02   2.5721169519259501e+01
   1.5200000000000000e+02   2.6104655968089801e+01
   1.5300000000000000e+02   2.5312946935007002e+01
   1.5400000000000000e+02   2.5492520865964099e+01
   1.5500000000000000e+02   2.5188546704233801e+01
   1.5600000000000000e+02   2.5049969175065499e+01
   1.5700000000000000e+02   2.5193163986797799e+01
   1.5800000000000000e+02   2.5661640856751301e+01
   1.5900000000000000e+02   2.5761164650427101e+01
   1.6000000000000000e+02   2.5823354333031400e+01
   1.6100000000000000e+02   2.6017532370560300e+01
   1.6200000000000000e+02   2.5191025426934001e+01
   1.6300000000000000e+02   2.5428361165009900e+01
   1.6400000000000000e+02   2.4878157054573300e+01
   1.6500000000000000e+02   2.4892522588419101e+01
   1.6600000000000000e+02   2.4664947977200502e+01
   1.6700000000000000e+02   2.4467147739520598e+01
   1.6800000000000000e+02   2.4203915875539501e+01
   1.6900000000000000e+02   2.4868140374256900e+01
   1.7000000000000000e+02   2.4826775911561800e+01
   1.7100000000000000e+02   2.4482920554316401e+01
   1.7200000000000000e+02   2.4387870594261599e+01
   1.7300000000000000e+02   2.3888377714589701e+01
   1.7400000000000000e+02   2.4213348701732802e+01
   1.7500000000000000e+02   2.4035860894673998e+01
   1.7600000000000000e+02   2.3448538385966302e+01
   1.7700000000000000e+02   2.3446123320430701e+01
   1.7800000000000000e+02   2.3495009249433402e+01
   1.7900000000000000e+02   2.3388130155539201e+01
   1.8000000000000000e+02   2.3534349603669501e+01
   1.8100000000000000e+02   2.3092807186469301e+01
   1.8200000000000000e+02   2.2783831598188200e+01
   1.8300000000000000e+02   2.2753651087164201e+01
   1.8400000000000000e+02   2.2082834076911901e+01
   1.8500000000000000e+02   2.2085356950767501e+01
   1.8600000000000000e+02   2.1889898684885299e+01
   1.8700000000000000e+02   2.1517254611102700e+01
   1.8800000000000000e+02   2.1857141595067102e+01
   1.8900000000000000e+02   2.2319263249472201e+01
   1.9000000000000000e+02   2.2757708478282101e+01
   1.9100000000000000e+02   2.2381068803272399e+01
   1.9200000000000000e+02   2.2436801044562699e+01
   1.9300000000000000e+02   2.1556529002420302e+01
   1.9400000000000000e+02   2.1629078000539000e+01
   1.9500000000000000e+02   2.1748201162231599e+01
   1.9600000000000000e+02   2.0961283585903200e+01
   1.9700000000000000e+02   2.1229561447438002e+01
   1.9800000000000000e+02   2.0523326521551500e+01
   1.9900000000000000e+02   2.0557613283687299e+01
   2.0000000000000000e+02   2.0146731780169201e+01
   2.0100000000000000e+02   1.9889166493811000e+01
   2.0200000000000000e+02   2.0073916244861401e+01
   2.0300000000000000e+02   1.9399705951156299e+01
   2.0400000000000000e+02   1.9181654067931198e+01
   2.0500000000000000e+02   1.8353091269994099e+01
   2.0600000000000000e+02   1.8389254919691400e+01
   2.0700000000000000e+02   1.8598233177290400e+01
   2.0800000000000000e+02   1.8393230121750101e+01
   2.0900000000000000e+02   1.8573241070580799e+01
   2.1000000000000000e+02   1.8004534509204099e+01
   2.1100000000000000e+02   1.8046133343254599e+01
   2.1200000000000000e+02   1.8167993864128100e+01
   2.1300000000000000e+02   1.8173993351792902e+01
   2.1400000000000000e+02   1.7892991319192500e+01
   2.1500000000000000e+02   1.7902573963323100e+01
   2.1600000000000000e+02   1.7683419323160301e+01
   2.1700000000000000e+02   1.7668787167432701e+01
   2.1800000000000000e+02   1.7402569413914499e+01
   2.1900000000000000e+02   1.7512285374472800e+01
   2.2000000000000000e+02   1.7470368097440701e+01
   2.2100000000000000e+02   1.7136976399270001e+01
   2.2200000000000000e+02   1.6737550311102598e+01
   2.2300000000000000e+02   1.7121033362687498e+01
   2.2400000000000000e+02   1.6570083082768399e+01
   2.2500000000000000e+02   1.6281487615825199e+01
   2.2600000000000000e+02   1.6470133224998602e+01
   2.2700000000000000e+02   1.6045701757120298e+01
   2.2800000000000000e+02   1.5523448059703000e+01
   2.2900000000000000e+02   1.5299866256850599e+01
   2.3000000000000000e+02   1.4639114961684299e+01
   2.3100000000000000e+02   1.4586330886006900e+01
   2.3200000000000000e+02   1.4469875408915501e+01
   2.3300000000000000e+02   1.4443291694695700e+01
   2.3400000000000000e+02   1.4075593589509500e+01
   2.3500000000000000e+02   1.4097738644712299e+01
   2.3600000000000000e+02   1.3923241911174900e+01
   2.3700000000000000e+02   1.3472973340340999e+01
   2.3800000000000000e+02   1.3190815906148300e+01
   2.3900000000000000e+02   1.2952650270130100e+01
   2.4000000000000000e+02   1.3209183227318601e+01
   2.4100000000000000e+02   1.3364138819365500e+01
   2.4200000000000000e+02   1.3215166148659000e+01
   2.4300000000000000e+02   1.3023966584446899e+01
   2.4400000000000000e+02   1.2106643076928499e+01
   2.4500000000000000e+02   1.1595227140136600e+01
   2.4600000000000000e+02   1.1584616540950600e+01
   2.4700000000000000e+02   1.1054869127991600e+01
   2.4800000000000000e+02   1.1152116242000901e+01
   2.4900000000000000e+02   1.0827000461785801e+01
   2.5000000000000000e+02   1.0660359678622999e+01
   2.5100000000000000e+02   1.0480063712710900e+01
   2.5200000000000000e+02   1.0434820294191301e+01
   2.5300000000000000e+02   1.0074927814959000e+01
   2.5400000000000000e+02   9.7381611917416908e+00
   2.5500000000000000e+02   9.6552304042513395e+00
   2.5600000000000000e+02   9.0629713168816295e+00
   2.5700000000000000e+02   8.9521034941467192e+00
   2.5800000000000000e+02   7.9668933375882300e+00
   2.5900000000000000e+02   7.3802206083849802e+00
   2.6000000000000000e+02   6.9053877147395504e+00
   2.6100000000000000e+02   6.6903502335384504e+00
   2.6200000000000000e+02   6.0283441981198198e+00
   2.6300000000000000e+02   6.0825322726114601e+00
   2.6400000000000000e+02   5.8579382099018797e+00
   2.6500000000000000e+02   5.7644639773506698e+00
   2.6600000000000000e+02   5.6040438510923201e+00
   2.6700000000000000e+02   4.8053075818193998e+00
   2.6800000000000000e+02   4.6583837602219598e+00
   2.6900000000000000e+02   4.3746522800371999e+00
   2.7000000000000000e+02   3.9845113969661199e+00
   2.7100000000000000e+02   3.5343941165065602e+00
   2.7200000000000000e+02   2.9176967767658799e+00
   2.7300000000000000e+02   2.6651684352839999e+00
   2.7400000000000000e+02   2.3667417964495798e+00
   2.7500000000000000e+02   2.0816296408839201e+00
   2.7600000000000000e+02   2.1270283007624098e+00
   2.7700000000000000e+02   1.5252282909120500e+00
   2.7800000000000000e+02   1.2747124753736201e+00
   2.7900000000000000e+02   1.6237655405902800e+00
   2.8000000000000000e+02   1.5335602046181100e+00
   2.8100000000000000e+02   1.2616781029444299e+00
   2.8200000000000000e+02   1.0572470479310800e+00
   2.8300000000000000e+02   8.8837509990966701e-01
   2.8400000000000000e+02   7.5312121140948296e-01
   2.8500000000000000e+02   5.6459320326120599e-01
   2.8600000000000000e+02   8.3702824947625198e-01
   2.8700000000000000e+02   5.9929000004262700e-01
   2.8800000000000000e+02   7.4949434539837601e-02
   2.8900000000000000e+02   2.3573355009612099e-01
   2.9000000000000000e+02   2.2031594303171601e-02
   2.9100000000000000e+02  -8.2861345888210300e-02
   2.9200000000000000e+02  -6.2162663178442901e-01
   2.9300000000000000e+02  -1.0773181887584999e+00
   2.9400000000000000e+02  -1.6873301757995101e+00
   2.9500000000000000e+02  -2.0856705840849701e+00
   2.9600000000000000e+02  -2.5867137049373601e+00
   2.9700000000000000e+02  -3.2619473113036599e+00
   2.9800000000000000e+02  -3.7676497813660301e+00
   2.9900000000000000e+02  -4.5420376100382898e+00
   3.0000000000000000e+02  -4.7353953933139401e+00
   3.0100000000000000e+02  -5.3607520976192697e+00
   3.0200000000000000e+02  -5.4117526010296597e+00
   3.0300000000000000e+02  -5.8829074447167899e+00
   3.0400000000000000e+02  -6.6815374814305004e+00
   3.0500000000000000e+02  -7.0987138051031504e+00
   3.0600000000000000e+02  -7.4570429189775602e+00
   3.0700000000000000e+02  -7.7285646241965598e+00
   3.0800000000000000e+02  -8.1212937523124307e+00
   3.0900000000000000e+02  -8.4732200868828205e+00
   3.1000000000000000e+02  -8.2167003911143794e+00
   3.1100000000000000e+02  -8.9333362420392906e+00
   3.1200000000000000e+02  -9.2411064831151997e+00
   3.1300000000000000e+02  -9.0120302245957902e+00
   3.1400000000000000e+02  -9.4089134362487208e+00
   3.1500000000000000e+02  -1.0032314011363001e+01
   3.1600000000000000e+02  -1.0235382660345600e+01
   3.1700000000000000e+02  -1.0636893620575799e+01
   3.1800000000000000e+02  -1.1152753586753700e+01
   3.1900000000000000e+02  -1.1517259445665101e+01
   3.2000000000000000e+02  -1.1711439427550800e+01
   3.2100000000000000e+02  -1.2382392422837199e+01
   3.2200000000000000e+02  -1.3223436727580600e+01
   3.2300000000000000e+02  -1.3511138819333301e+01
   3.2400000000000000e+02  -1.4186386491996300e+01
   3.2500000000000000e+02  -1.4682236742303600e+01
   3.2600000000000000e+02  -1.5330752993199900e+01
   3.2700000000000000e+02  -1.5348617747339899e+01
   3.2800000000000000e+02  -1.5900655404518700e+01
   3.2900000000000000e+02  -1.6252015885196201e+01
   3.3000000000000000e+02  -1.6384763067931001e+01
   3.3100000000000000e+02  -1.6941332547196001e+01
   3.3200000000000000e+02  -1.8308427936546099e+01
   3.3300000000000000e+02  -1.9162336503632801e+01
   3.3400000000000000e+02  -1.9798493753604401e+01
   3.3500000000000000e+02  -2.0744796146752002e+01
   3.3600000000000000e+02  -2.1252678617578798e+01
   3.3700000000000000e+02  -2.1791053960846298e+01
   3.3800000000000000e+02  -2.2004120822136301e+01
   3.3900000000000000e+02  -2.2159729501489998e+01
   3.4000000000000000e+02  -2.2773584283840002e+01
   3.4100000000000000e+02  -2.3458308065636601e+01
   3.4200000000000000e+02  -2.4792064052710600e+01
   3.4300000000000000e+02  -2.5279678292018900e+01
   3.4400000000000000e+02  -2.6256253834399899e+01
   3.4500000000000000e+02  -2.6914284159159902e+01
   3.4600000000000000e+02  -2.7767800739812198e+01
   3.4700000000000000e+02  -2.8652908681654701e+01
   3.4800000000000000e+02  -2.9243208089464801e+01
   3.4900000000000000e+02  -3.0328013562825699e+01
   3.5000000000000000e+02  -3.0933721877783402e+01
   3.5100000000000000e+02  -3.1611547457462301e+01
   3.5200000000000000e+02  -3.1891245728768499e+01
   3.5300000000000000e+02  -3.2321555847479502e+01
   3.5400000000000000e+02  -3.2889331791004999e+01
   3.5500000000000000e+02  -3.3631625613728403e+01
   3.5600000000000000e+02  -3.4627626011429300e+01
   3.5700000000000000e+02  -3.5657270019612099e+01
   3.5800000000000000e+02  -3.6456313044812099e+01
   3.5900000000000000e+02  -3.6842807336878799e+01
   3.6000000000000000e+02  -3.7529846514319203e+01
   3.6100000000000000e+02  -3.8677939601653797e+01
   3.6200000000000000e+02  -3.9343639342633701e+01
   3.6300000000000000e+02  -4.0286925979954297e+01
   3.6400000000000000e+02  -4.0698482979861900e+01
   3.6500000000000000e+02  -4.1563569511816503e+01
   3.6600000000000000e+02  -4.2099301712981301e+01
   3.6700000000000000e+02  -4.2839772447358897e+01
   3.6800000000000000e+02  -4.3445571814850403e+01
   3.6900000000000000e+02  -4.4464974779768902e+01
   3.7000000000000000e+02  -4.5169806512927003e+01
   3.7100000000000000e+02  -4.5918305034257202e+01
   3.7200000000000000e+02  -4.6929355501083798e+01
   3.7300000000000000e+02  -4.7784720726608100e+01
   3.7400000000000000e+02  -4.8397297629501701e+01
   3.7500000000000000e+02  -4.8929202229394697e+01
   3.7600000000000000e+02  -4.9738075957854100e+01
   3.7700000000000000e+02  -5.0853973760643498e+01
   3.7800000000000000e+02  -5.1488116750453997e+01
   3.7900000000000000e+02  -5.2410400439090800e+01
   3.8000000000000000e+02  -5.3474352573998900e+01
   3.8100000000000000e+02  -5.4421541883142403e+01
   3.8200000000000000e+02  -5.4988828748598699e+01
   3.8300000000000000e+02  -5.5348316082105100e+01
   3.8400000000000000e+02  -5.5631182591843100e+01
   3.8500000000000000e+02  -5.6379063352694800e+01
   3.8600000000000000e+02  -5.6483266417806398e+01
   3.8700000000000000e+02  -5.7557862061547198e+01
   3.8800000000000000e+02  -5.8266052697975603e+01
   3.8900000000000000e+02  -5.8538060397213698e+01
   3.9000000000000000e+02  -5.8912442545664902e+01
   3.9100000000000000e+02  -5.9887962755362402e+01
   3.9200000000000000e+02  -6.0705392188590302e+01
   3.9300000000000000e+02  -6.1808541698672300e+01
   3.9400000000000000e+02  -6.3137183858642601e+01
   3.9500000000000000e+02  -6.3722521078582197e+01
   3.9600000000000000e+02  -6.4326583642560095e+01
   3.9700000000000000e+02  -6.4907840060285693e+01
   3.9800000000000000e+02  -6.5104769764748397e+01
   3.9900000000000000e+02  -6.5710387836346897e+01
   4.0000000000000000e+02  -6.6577460325855299e+01
   4.0100000000000000e+02  -6.7305017327972806e+01
   4.0200000000000000e+02  -6.8027538735734197e+01
   4.0300000000000000e+02  -6.8340299220898501e+01
   4.0400000000000000e+02  -6.8788240112881894e+01
   4.0500000000000000e+02  -6.8708757625157304e+01
   4.0600000000000000e+02  -6.9412957391521800e+01
   4.0700000000000000e+02  -6.8927725857367193e+01
   4.0800000000000000e+02  -6.9319283736042195e+01
   4.0900000000000000e+02  -6.9916921018268397e+01
   4.1000000000000000e+02  -7.0686656814675601e+01
   4.1100000000000000e+02  -7.0819176656920604e+01
   4.1200000000000000e+02  -7.1250105179604702e+01
   4.1300000000000000e+02  -7.1557164099864195e+01
   4.1400000000000000e+02  -7.1634684244557903e+01
   4.1500000000000000e+02  -7.1962972862847906e+01
   4.1600000000000000e+02  -7.2179754385727705e+01
   4.1700000000000000e+02  -7.2200770470978298e+01
   4.1800000000000000e+02  -7.2589250663417303e+01
   4.1900000000000000e+02  -7.2907283059432004e+01
   4.2000000000000000e+02  -7.2638322347884497e+01
   4.2100000000000000e+02  -7.3490062354320202e+01
   4.2200000000000000e+02  -7.3618625681229304e+01
   4.2300000000000000e+02  -7.3485184994552696e+01
   4.2400000000000000e+02  -7.4026970076964503e+01
   4.2500000000000000e+02  -7.4342483050097897e+01
   4.2600000000000000e+02  -7.4349965401702704e+01
   4.2700000000000000e+02  -7.4426320964490898e+01
   4.2800000000000000e+02  -7.4605526606507297e+01
   4.2900000000000000e+02  -7.4673751218229100e+01
   4.3000000000000000e+02  -7.5076148394833595e+01
   4.3100000000000000e+02  -7.5460951791777404e+01
   4.3200000000000000e+02  -7.5246384365255096e+01
   4.3300000000000000e+02  -7.5289384452826894e+01
   4.3400000000000000e+02  -7.4878064444810207e+01
   4.3500000000000000e+02  -7.4970079368162004e+01
   4.3600000000000000e+02  -7.5005405424659202e+01
   4.3700000000000000e+02  -7.4827368258170395e+01
   4.3800000000000000e+02  -7.5105334385684401e+01
   4.3900000000000000e+02  -7.5760666029294399e+01
   4.4000000000000000e+02  -7.6019377619916696e+01
   4.4100000000000000e+02  -7.6153401471358293e+01
   4.4200000000000000e+02  -7.6065825653465396e+01
   4.4300000000000000e+02  -7.5770410946222199e+01
   4.4400000000000000e+02  -7.5697039211959407e+01
   4.4500000000000000e+02  -7.5554949395287906e+01
   4.4600000000000000e+02  -7.5346822732752500e+01
   4.4700000000000000e+02  -7.5197086072890002e+01
   4.4800000000000000e+02  -7.5419302821947895e+01
   4.4900000000000000e+02  -7.5174342926645195e+01
   4.5000000000000000e+02  -7.5777440163870295e+01
   4.5100000000000000e+02  -7.5831581997377697e+01
   4.5200000000000000e+02  -7.5832290756514396e+01
   4.5300000000000000e+02  -7.5563154196139905e+01
   4.5400000000000000e+02  -7.5598322232093594e+01
   4.5500000000000000e+02  -7.5522808869714694e+01
   4.5600000000000000e+02  -7.5991859476032900e+01
   4.5700000000000000e+02  -7.6068744368610197e+01
   4.5800000000000000e+02  -7.6442133656445094e+01
   4.5900000000000000e+02  -7.5914903929426501e+01
   4.6000000000000000e+02  -7.5636654771848995e+01
   4.6100000000000000e+02  -7.6139198792897602e+01
   4.6200000000000000e+02  -7.5876445481987503e+01
   4.6300000000000000e+02  -7.5420902747188194e+01
   4.6400000000000000e+02  -7.5535657822156296e+01
   4.6500000000000000e+02  -7.5460106147799493e+01
   4.6600000000000000e+02  -7.5201517366699207e+01
   4.6700000000000000e+02  -7.4968492645930795e+01
   4.6800000000000000e+02  -7.4481079752382598e+01
   4.6900000000000000e+02  -7.4393312018088807e+01
   4.7000000000000000e+02  -7.4126458594040798e+01
   4.7100000000000000e+02  -7.4587919723792794e+01
   4.7200000000000000e+02  -7.4765782107876007e+01
   4.7300000000000000e+02  -7.4751632176411405e+01
   4.7400000000000000e+02  -7.4851742649158695e+01
   4.7500000000000000e+02  -7.4960380099299897e+01
   4.7600000000000000e+02  -7.4435256803949002e+01
   4.7700000000000000e+02  -7.4280290447493897e+01
   4.7800000000000000e+02  -7.5348968785880402e+01
   4.7900000000000000e+02  -7.5100323270149900e+01
   4.8000000000000000e+02  -7.5181403878722094e+01
   4.8100000000000000e+02  -7.5171641863085696e+01
   4.8200000000000000e+02  -7.5185448670329606e+01
   4.8300000000000000e+02  -7.5213601287716997e+01
   4.8400000000000000e+02  -7.5200780231414001e+01
   4.8500000000000000e+02  -7.4703788357406793e+01
   4.8600000000000000e+02  -7.4948290672206497e+01
   4.8700000000000000e+02  -7.4959552427043803e+01
   4.8800000000000000e+02  -7.4956583722494599e+01
   4.8900000000000000e+02  -7.4543648800818502e+01
   4.9000000000000000e+02  -7.4020237293180998e+01
   4.9100000000000000e+02  -7.4357944959678605e+01
   4.9200000000000000e+02  -7.4450354501925702e+01
   4.9300000000000000e+02  -7.4960294551326797e+01
   4.9400000000000000e+02  -7.5241175665630607e+01
   4.9500000000000000e+02  -7.5057918910037799e+01
   4.9600000000000000e+02  -7.5459375834346602e+01
   4.9700000000000000e+02  -7.5423272654377200e+01
   4.9800000000000000e+02  -7.4747705663444606e+01
   4.9900000000000000e+02  -7.4246455428216706e+01
   5.0000000000000000e+02  -7.4301839653718005e+01
   5.0100000000000000e+02  -7.4232733588251705e+01
   5.0200000000000000e+02  -7.4183428328781403e+01
   5.0300000000000000e+02  -7.4167386485210201e+01
   5.0400000000000000e+02  -7.4374657101178201e+01
   5.0500000000000000e+02  -7.4632605380183804e+01
   5.0600000000000000e+02  -7.4417732494316496e+01
   5.0700000000000000e+02  -7.4717114435908101e+01
   5.0800000000000000e+02  -7.4546376168723896e+01
   5.0900000000000000e+02  -7.3992099737436405e+01
   5.1000000000000000e+02  -7.3774336955581106e+01
   5.1100000000000000e+02  -7.4021555577143005e+01
   5.1200000000000000e+02  -7.3823188923104098e+01
   5.1300000000000000e+02  -7.4254529001649601e+01
   5.1400000000000000e+02  -7.4471997455709598e+01
   5.1500000000000000e+02  -7.4180645258250195e+01
   5.1600000000000000e+02  -7.4012020171239897e+01
   5.1700000000000000e+02  -7.4257958837762004e+01
   5.1800000000000000e+02  -7.4589712917149001e+01
   5.1900000000000000e+02  -7.4681794865720093e+01
   5.2000000000000000e+02  -7.4673482828016105e+01
   5.2100000000000000e+02  -7.4444719580691896e+01
   5.2200000000000000e+02  -7.4573377880844504e+01
   5.2300000000000000e+02  -7.4582352461247694e+01
   5.2400000000000000e+02  -7.4470281061102298e+01
   5.2500000000000000e+02  -7.4396688783834094e+01
   5.2600000000000000e+02  -7.4516965715348604e+01
   5.2700000000000000e+02  -7.4885371709777104e+01
   5.2800000000000000e+02  -7.5140482613585803e+01
   5.2900000000000000e+02  -7.5682676635940297e+01
   5.3000000000000000e+02  -7.5504932763166295e+01
   5.3100000000000000e+02  -7.5556057159358005e+01
   5.3200000000000000e+02  -7.5444989997753098e+01
   5.3300000000000000e+02  -7.5896513184453198e+01
   5.3400000000000000e+02  -7.5618547664193500e+01
   5.3500000000000000e+02  -7.5947886513952596e+01
   5.3600000000000000e+02  -7.5716884445384906e+01
   5.3700000000000000e+02  -7.5274521941132093e+01
   5.3800000000000000e+02  -7.5155651514289900e+01
   5.3900000000000000e+02  -7.5540968585175193e+01
   5.4000000000000000e+02  -7.5655144795677899e+01
   5.4100000000000000e+02  -7.5580547553257205e+01
   5.4200000000000000e+02  -7.5701612338694204e+01
   5.4300000000000000e+02  -7.5991033809580301e+01
   5.4400000000000000e+02  -7.6271534590707603e+01
   5.4500000000000000e+02  -7.5745804591307007e+01
   5.4600000000000000e+02  -7.5989921293452397e+01
   5.4700000000000000e+02  -7.6238460901303696e+01
   5.4800000000000000e+02  -7.6223653030172798e+01
   5.4900000000000000e+02  -7.5583613080875807e+01
   5.5000000000000000e+02  -7.5275139243734202e+01
   5.5100000000000000e+02  -7.5376780165560305e+01
   5.5200000000000000e+02  -7.5398916447129395e+01
   5.5300000000000000e+02  -7.5745017618321100e+01
   5.5400000000000000e+02  -7.5294403041349696e+01
   5.5500000000000000e+02  -7.4942916635594997e+01
   5.5600000000000000e+02  -7.5421789670414597e+01
   5.5700000000000000e+02  -7.5490463732908196e+01
   5.5800000000000000e+02  -7.5519923344211705e+01
   5.5900000000000000e+02  -7.5205011541444605e+01
   5.6000000000000000e+02  -7.4808422094677894e+01
   5.6100000000000000e+02  -7.4588532734544401e+01
   5.6200000000000000e+02  -7.4080635463388901e+01
   5.6300000000000000e+02  -7.3828479967164895e+01
   5.6400000000000000e+02  -7.4188007474629401e+01
   5.6500000000000000e+02  -7.4318739702591799e+01
   5.6600000000000000e+02  -7.4712003727278201e+01
   5.6700000000000000e+02  -7.5072818809123007e+01
   5.6800000000000000e+02  -7.5084731353823798e+01
   5.6900000000000000e+02  -7.4958677451876000e+01
   5.7000000000000000e+02  -7.4784653871010804e+01
   5.7100000000000000e+02  -7.5010541102189094e+01
   5.7200000000000000e+02  -7.5076971086789996e+01
   5.7300000000000000e+02  -7.5601451328543106e+01
   5.7400000000000000e+02  -7.5793162488544695e+01
   5.7500000000000000e+02  -7.6044981594421699e+01
   5.7600000000000000e+02  -7.6164844270615205e+01
   5.7700000000000000e+02  -7.6773982215662599e+01
   5.7800000000000000e+02  -7.6708601036710803e+01
   5.7900000000000000e+02  -7.7000488975986499e+01
   5.8000000000000000e+02  -7.6998917950213297e+01
   5.8100000000000000e+02  -7.7279254503048605e+01
   5.8200000000000000e+02  -7.6888843436060100e+01
   5.8300000000000000e+02  -7.6695557130067499e+01
   5.8400000000000000e+02  -7.6648139020012195e+01
   5.8500000000000000e+02  -7.6579440101205194e+01
   5.8600000000000000e+02  -7.6080218455064994e+01
   5.8700000000000000e+02  -7.5988838876237594e+01
   5.8800000000000000e+02  -7.5663355311036895e+01
   5.8900000000000000e+02  -7.5648165667971497e+01
   5.9000000000000000e+02  -7.5982522807818796e+01
   5.9100000000000000e+02  -7.5982511407670202e+01
   5.9200000000000000e+02  -7.5158624198356804e+01
   5.9300000000000000e+02  -7.5129172374443101e+01
   5.9400000000000000e+02  -7.5171066124221994e+01
   5.9500000000000000e+02  -7.5521334414949706e+01
   5.9600000000000000e+02  -7.5273776643010805e+01
   5.9700000000000000e+02  -7.5211429409402001e+01
   5.9800000000000000e+02  -7.5281872886407598e+01
   5.9900000000000000e+02  -7.5429139275842601e+01
   6.0000000000000000e+02  -7.5523674415496103e+01
   6.0100000000000000e+02  -7.5351126165389800e+01
   6.0200000000000000e+02  -7.5408950828651498e+01
   6.0300000000000000e+02  -7.5340762105687602e+01
   6.0400000000000000e+02  -7.5280604283765399e+01
   6.0500000000000000e+02  -7.5260736883307203e+01
   6.0600000000000000e+02  -7.4766371365722705e+01
   6.0700000000000000e+02  -7.4272433109401504e+01
   6.0800000000000000e+02  -7.4452937208006901e+01
   6.0900000000000000e+02  -7.4345246960642200e+01
   6.1000000000000000e+02  -7.4603044181307695e+01
   6.1100000000000000e+02  -7.4817673573548404e+01
   6.1200000000000000e+02  -7.5270898725635405e+01
   6.1300000000000000e+02  -7.5206659282867406e+01
   6.1400000000000000e+02  -7.5682377570054896e+01
   6.1500000000000000e+02  -7.5349433420568204e+01
   6.1600000000000000e+02  -7.5469236665981498e+01
   6.1700000000000000e+02  -7.5674271369219397e+01
   6.1800000000000000e+02  -7.5579162704553397e+01
   6.1900000000000000e+02  -7.5531447213485293e+01
   6.2000000000000000e+02  -7.5111784657156903e+01
   6.2100000000000000e+02  -7.5163295994108793e+01
   6.2200000000000000e+02  -7.4830738857734204e+01
   6.2300000000000000e+02  -7.4901688217235602e+01
   6.2400000000000000e+02  -7.4943988161308098e+01
   6.2500000000000000e+02  -7.4567743036623597e+01
   6.2600000000000000e+02  -7.4133313120563400e+01
   6.2700000000000000e+02  -7.4034953786318198e+01
   6.2800000000000000e+02  -7.4195513420908995e+01
   6.2900000000000000e+02  -7.4137128286834695e+01
   6.3000000000000000e+02  -7.4053739457494800e+01
   6.3100000000000000e+02  -7.4129538047551904e+01
   6.3200000000000000e+02  -7.4384195702478294e+01
   6.3300000000000000e+02  -7.4304229432157399e+01
   6.3400000000000000e+02  -7.4816554898910297e+01
   6.3500000000000000e+02  -7.4855298275722504e+01
   6.3600000000000000e+02  -7.4562231995491103e+01
   6.3700000000000000e+02  -7.4465270068230097e+01
   6.3800000000000000e+02  -7.4396711876402804e+01
   6.3900000000000000e+02  -7.4647893844406994e+01
   6.4000000000000000e+02  -7.5276224616834497e+01
   6.4100000000000000e+02  -7.5200652794647894e+01
   6.4200000000000000e+02  -7.5061262076335197e+01
   6.4300000000000000e+02  -7.5223322332537194e+01
   6.4400000000000000e+02  -7.5227178547776703e+01
   6.4500000000000000e+02  -7.5390378049710705e+01
   6.4600000000000000e+02  -7.4994930290476603e+01
   6.4700000000000000e+02  -7.5197313874560393e+01
   6.4800000000000000e+02  -7.5095777505643596e+01
   6.4900000000000000e+02  -7.5498048988877798e+01
   6.5000000000000000e+02  -7.5146457990637103e+01
   6.5100000000000000e+02  -7.6019590104864093e+01
   6.5200000000000000e+02  -7.5481959834799895e+01
   6.5300000000000000e+02  -7.5628573558912507e+01
   6.5400000000000000e+02  -7.5673385727536797e+01
   6.5500000000000000e+02  -7.5412424316448707e+01
   6.5600000000000000e+02  -7.4876653661692401e+01
   6.5700000000000000e+02  -7.4853076872261894e+01
   6.5800000000000000e+02  -7.4786723483529400e+01
   6.5900000000000000e+02  -7.4604774445654101e+01
   6.6000000000000000e+02  -7.5244223586541196e+01
   6.6100000000000000e+02  -7.5004852290703795e+01
   6.6200000000000000e+02  -7.4820576610872905e+01
   6.6300000000000000e+02  -7.5029063445771698e+01
   6.6400000000000000e+02  -7.5247120180992496e+01
   6.6500000000000000e+02  -7.5053381165006201e+01
   6.6600000000000000e+02  -7.5247309551155396e+01
   6.6700000000000000e+02  -7.5432057119684202e+01
   6.6800000000000000e+02  -7.5442081299582497e+01
   6.6900000000000000e+02  -7.5667832215440200e+01
   6.7000000000000000e+02  -7.5603892863051399e+01
   6.7100000000000000e+02  -7.4909586785689001e+01
   6.7200000000000000e+02  -7.5340065623462493e+01
   6.7300000000000000e+02  -7.5241851713291794e+01
   6.7400000000000000e+02  -7.5111502556377403e+01
   6.7500000000000000e+02  -7.4665172124241096e+01
   6.7600000000000000e+02  -7.4971739383536701e+01
   6.7700000000000000e+02  -7.5000630805780801e+01
   6.7800000000000000e+02  -7.4657238535746998e+01
   6.7900000000000000e+02  -7.4762232657097300e+01
   6.8000000000000000e+02  -7.4507404907747201e+01
   6.8100000000000000e+02  -7.5018010103671898e+01
   6.8200000000000000e+02  -7.5595109878173403e+01
   6.8300000000000000e+02  -7.5771631748004197e+01
   6.8400000000000000e+02  -7.5850744051935095e+01
   6.8500000000000000e+02  -7.6465552479316599e+01
   6.8600000000000000e+02  -7.7141457222970203e+01
   6.8700000000000000e+02  -7.7065247604545405e+01
   6.8800000000000000e+02  -7.7533283851979803e+01
   6.8900000000000000e+02  -7.7267399099881800e+01
   6.9000000000000000e+02  -7.7675969028745300e+01
   6.9100000000000000e+02  -7.7889966362649304e+01
   6.9200000000000000e+02  -7.7712315667550200e+01
   6.9300000000000000e+02  -7.7729145725428197e+01
   6.9400000000000000e+02  -7.7629258995304596e+01
   6.9500000000000000e+02  -7.7871398252473199e+01
   6.9600000000000000e+02  -7.7928658073580294e+01
   6.9700000000000000e+02  -7.7929134099510804e+01
   6.9800000000000000e+02  -7.7951532802050195e+01
   6.9900000000000000e+02  -7.7844600046825406e+01
   7.0000000000000000e+02  -7.7866957940655595e+01
   7.0100000000000000e+02  -7.7497599512822404e+01
   7.0200000000000000e+02  -7.7501898997375307e+01
   7.0300000000000000e+02  -7.7253249604569206e+01
   7.0400000000000000e+02  -7.6816752605100802e+01
   7.0500000000000000e+02  -7.7009663060503996e+01
   7.0600000000000000e+02  -7.7121753050939304e+01
   7.0700000000000000e+02  -7.6940555302444594e+01
   7.0800000000000000e+02  -7.6850889768228996e+01
   7.0900000000000000e+02  -7.6980658718249302e+01
   7.1000000000000000e+02  -7.7337444756260496e+01
   7.1100000000000000e+02  -7.7045494043202098e+01
   7.1200000000000000e+02  -7.6959184931261902e+01
   7.1300000000000000e+02  -7.6774952413088300e+01
   7.1400000000000000e+02  -7.6632629286216201e+01
   7.1500000000000000e+02  -7.6739855608991505e+01
   7.1600000000000000e+02  -7.6675378452119801e+01
   7.1700000000000000e+02  -7.7194609282359394e+01
   7.1800000000000000e+02  -7.7869332331243896e+01
   7.1900000000000000e+02  -7.7563865414201601e+01
   7.2000000000000000e+02  -7.7554231173416994e+01
   7.2100000000000000e+02  -7.7763037531441498e+01
   7.2200000000000000e+02  -7.7686514450046502e+01
   7.2300000000000000e+02  -7.7495143386604795e+01
   7.2400000000000000e+02  -7.7180384492982597e+01
   7.2500000000000000e+02  -7.7528877313713096e+01
   7.2600000000000000e+02  -7.7240032144386106e+01
   7.2700000000000000e+02  -7.7744019911980104e+01
   7.2800000000000000e+02  -7.7713281356219696e+01
   7.2900000000000000e+02  -7.7726973735096706e+01
   7.3000000000000000e+02  -7.7597977815806701e+01
   7.3100000000000000e+02  -7.7287587978418003e+01
   7.3200000000000000e+02  -7.6898998839654894e+01
   7.3300000000000000e+02  -7.6889964059989794e+01
   7.3400000000000000e+02  -7.7080322850120595e+01
   7.3500000000000000e+02  -7.7087333650110097e+01
   7.3600000000000000e+02  -7.7046954584868601e+01
   7.3700000000000000e+02  -7.7071860220245995e+01
   7.3800000000000000e+02  -7.7019622441169005e+01
   7.3900000000000000e+02  -7.6712945249440594e+01
   7.4000000000000000e+02  -7.6675982650932696e+01
   7.4100000000000000e+02  -7.6524574673493305e+01
   7.4200000000000000e+02  -7.6271356172753201e+01
   7.4300000000000000e+02  -7.5935010269863497e+01
   7.4400000000000000e+02  -7.5836626479423003e+01
   7.4500000000000000e+02  -7.5934782857997405e+01
   7.4600000000000000e+02  -7.5528156479552194e+01
   7.4700000000000000e+02  -7.5616452292495794e+01
   7.4800000000000000e+02  -7.5277468513088806e+01
   7.4900000000000000e+02  -7.5644550903595601e+01
   7.5000000000000000e+02  -7.5544860614117894e+01
   7.5100000000000000e+02  -7.5184172349399603e+01
   7.5200000000000000e+02  -7.5489829828076793e+01
   7.5300000000000000e+02  -7.5479101452404393e+01
   7.5400000000000000e+02  -7.5379203435619104e+01
   7.5500000000000000e+02  -7.5452147261236902e+01
   7.5600000000000000e+02  -7.4963962548239394e+01
   7.5700000000000000e+02  -7.5149213397886200e+01
   7.5800000000000000e+02  -7.4578121769397896e+01
   7.5900000000000000e+02  -7.4581417332865996e+01
   7.6000000000000000e+02  -7.4950258353350307e+01
   7.6100000000000000e+02  -7.5132765099167997e+01
   7.6200000000000000e+02  -7.4797246765994700e+01
   7.6300000000000000e+02  -7.4876284880195101e+01
   7.6400000000000000e+02  -7.4723012984392398e+01
   7.6500000000000000e+02  -7.5048554391158405e+01
   7.6600000000000000e+02  -7.4824752986534804e+01
   7.6700000000000000e+02  -7.5067674351388106e+01
   7.6800000000000000e+02  -7.4811776829036305e+01
   7.6900000000000000e+02  -7.5081721790309899e+01
   7.7000000000000000e+02  -7.4743575505967499e+01
   7.7100000000000000e+02  -7.4433088107997605e+01
   7.7200000000000000e+02  -7.4443251681420193e+01
   7.7300000000000000e+02  -7.4671353626406997e+01
   7.7400000000000000e+02  -7.4175714411241003e+01
   7.7500000000000000e+02  -7.4266755621009395e+01
   7.7600000000000000e+02  -7.4544549375998997e+01
   7.7700000000000000e+02  -7.5030687656112704e+01
   7.7800000000000000e+02  -7.4991456226615298e+01
   7.7900000000000000e+02  -7.4906592542366496e+01
   7.8000000000000000e+02  -7.4785770855059198e+01
   7.8100000000000000e+02  -7.4139205510571799e+01
   7.8200000000000000e+02  -7.4479703200579195e+01
   7.8300000000000000e+02  -7.4324174608884803e+01
   7.8400000000000000e+02  -7.4436740994367099e+01
   7.8500000000000000e+02  -7.4558094204129404e+01
   7.8600000000000000e+02  -7.4270634715263995e+01
   7.8700000000000000e+02  -7.4135803190511993e+01
   7.8800000000000000e+02  -7.4217162873119904e+01
   7.8900000000000000e+02  -7.4782413012196599e+01
   7.9000000000000000e+02  -7.4436994079047295e+01
   7.9100000000000000e+02  -7.3954366013833805e+01
   7.9200000000000000e+02  -7.3757701881236599e+01
   7.9300000000000000e+02  -7.3451277932279197e+01
   7.9400000000000000e+02  -7.3489061047667093e+01
   7.9500000000000000e+02  -7.3236791360592903e+01
   7.9600000000000000e+02  -7.3104121421024601e+01
   7.9700000000000000e+02  -7.2921531997872805e+01
   7.9800000000000000e+02  -7.3010206220734901e+01
   7.9900000000000000e+02  -7.3022967889256194e+01
   8.0000000000000000e+02  -7.3294990384875305e+01
   8.0100000000000000e+02  -7.3613118545400397e+01
   8.0200000000000000e+02  -7.3383900442798193e+01
   8.0300000000000000e+02  -7.3400980147451904e+01
   8.0400000000000000e+02  -7.3101026728969700e+01
   8.0500000000000000e+02  -7.2957633642196399e+01
   8.0600000000000000e+02  -7.2769470114190398e+01
   8.0700000000000000e+02  -7.2993279257362701e+01
   8.0800000000000000e+02  -7.2847800068767697e+01
   8.0900000000000000e+02  -7.3001046969374499e+01
   8.1000000000000000e+02  -7.2793259106900805e+01
   8.1100000000000000e+02  -7.2290793148090302e+01
   8.1200000000000000e+02  -7.2287961885753205e+01
   8.1300000000000000e+02  -7.2130631215961998e+01
   8.1400000000000000e+02  -7.2397477602819507e+01
   8.1500000000000000e+02  -7.2657627659623600e+01
   8.1600000000000000e+02  -7.2715875442978600e+01
   8.1700000000000000e+02  -7.2336296930031807e+01
   8.1800000000000000e+02  -7.2255841640481407e+01
   8.1900000000000000e+02  -7.2403430984760902e+01
   8.2000000000000000e+02  -7.2144319936217201e+01
   8.2100000000000000e+02  -7.2060701469969999e+01
   8.2200000000000000e+02  -7.1758698216731801e+01
   8.2300000000000000e+02  -7.1838721997205596e+01
   8.2400000000000000e+02  -7.1832407345962807e+01
   8.2500000000000000e+02  -7.2103607904002601e+01
   8.2600000000000000e+02  -7.2125279463381304e+01
   8.2700000000000000e+02  -7.1987472166931994e+01
   8.2800000000000000e+02  -7.2778031306394993e+01
   8.2900000000000000e+02  -7.3141692687827202e+01
   8.3000000000000000e+02  -7.3137672640022998e+01
   8.3100000000000000e+02  -7.3443584687771306e+01
   8.3200000000000000e+02  -7.3423782331320496e+01
   8.3300000000000000e+02  -7.3539820062683106e+01
   8.3400000000000000e+02  -7.3915897174847998e+01
   8.3500000000000000e+02  -7.3340379747648598e+01
   8.3600000000000000e+02  -7.3483844924848498e+01
   8.3700000000000000e+02  -7.3649537494818702e+01
   8.3800000000000000e+02  -7.3452409948559193e+01
   8.3900000000000000e+02  -7.3686792999277202e+01
   8.4000000000000000e+02  -7.4072086180714393e+01
   8.4100000000000000e+02  -7.3878467023853204e+01
   8.4200000000000000e+02  -7.4081676467687501e+01
   8.4300000000000000e+02  -7.4153628834861095e+01
   8.4400000000000000e+02  -7.4360460854841904e+01
   8.4500000000000000e+02  -7.3795009402030303e+01
   8.4600000000000000e+02  -7.4368146541499399e+01
   8.4700000000000000e+02  -7.4362536270100506e+01
   8.4800000000000000e+02  -7.4202369227256398e+01
   8.4900000000000000e+02  -7.4500521110380006e+01
   8.5000000000000000e+02  -7.4858009913546496e+01
   8.5100000000000000e+02  -7.4863783776788296e+01
   8.5200000000000000e+02  -7.4941034945427702e+01
   8.5300000000000000e+02  -7.4923209684312994e+01
   8.5400000000000000e+02  -7.4946416885475998e+01
   8.5500000000000000e+02  -7.4831483153960406e+01
   8.5600000000000000e+02  -7.4612415213887800e+01
   8.5700000000000000e+02  -7.4217056868910205e+01
   8.5800000000000000e+02  -7.4010836692129999e+01
   8.5900000000000000e+02  -7.3789223720051098e+01
   8.6000000000000000e+02  -7.3748022489326900e+01
   8.6100000000000000e+02  -7.3974941585930594e+01
   8.6200000000000000e+02  -7.3945710053959402e+01
   8.6300000000000000e+02  -7.3108566135527397e+01
   8.6400000000000000e+02  -7.3217960725539896e+01
   8.6500000000000000e+02  -7.2759711438957197e+01
   8.6600000000000000e+02  -7.2533959597942200e+01
   8.6700000000000000e+02  -7.2134415893459106e+01
   8.6800000000000000e+02  -7.1931550378108398e+01
   8.6900000000000000e+02  -7.1874665362203800e+01
   8.7000000000000000e+02  -7.2160985653264902e+01
   8.7100000000000000e+02  -7.2767521891727398e+01
   8.7200000000000000e+02  -7.2692651697998798e+01
   8.7300000000000000e+02  -7.2271628931257595e+01
   8.7400000000000000e+02  -7.2576441822781604e+01
   8.7500000000000000e+02  -7.2832195973701005e+01
   8.7600000000000000e+02  -7.2319695529026504e+01
   8.7700000000000000e+02  -7.2380771696420695e+01
   8.7800000000000000e+02  -7.2257277100638802e+01
   8.7900000000000000e+02  -7.2849818129469696e+01
   8.8000000000000000e+02  -7.3067687296079001e+01
   8.8100000000000000e+02  -7.3508495040262304e+01
   8.8200000000000000e+02  -7.3554177126936906e+01
   8.8300000000000000e+02  -7.3497816213884406e+01
   8.8400000000000000e+02  -7.3921953215883505e+01
   8.8500000000000000e+02  -7.3996960682287906e+01
   8.8600000000000000e+02  -7.3938582602865907e+01
   8.8700000000000000e+02  -7.3925323167817595e+01
   8.8800000000000000e+02  -7.3800737674971202e+01
   8.8900000000000000e+02  -7.3966595937903094e+01
   8.9000000000000000e+02  -7.4003923411469600e+01
   8.9100000000000000e+02  -7.4386566877934399e+01
   8.9200000000000000e+02  -7.3920115464276293e+01
   8.9300000000000000e+02  -7.4095875475550400e+01
   8.9400000000000000e+02  -7.3641246283978205e+01
   8.9500000000000000e+02  -7.3708624303378201e+01
   8.9600000000000000e+02  -7.3285604802649004e+01
   8.9700000000000000e+02  -7.2907697839248002e+01
   8.9800000000000000e+02  -7.2828968689819703e+01
   8.9900000000000000e+02  -7.2608163822676104e+01
   9.0000000000000000e+02  -7.3000311813793502e+01
   9.0100000000000000e+02  -7.3149611205582900e+01
   9.0200000000000000e+02  -7.3021358786341594e+01
   9.0300000000000000e+02  -7.3432559215185506e+01
   9.0400000000000000e+02  -7.3364407172325400e+01
   9.0500000000000000e+02  -7.3042643192156802e+01
   9.0600000000000000e+02  -7.3026486935036303e+01
   9.0700000000000000e+02  -7.2418963323240305e+01
   9.0800000000000000e+02  -7.2334133882180694e+01
   9.0900000000000000e+02  -7.2180212423412101e+01
   9.1000000000000000e+02  -7.2381255041134906e+01
   9.1100000000000000e+02  -7.2401259098677798e+01
   9.1200000000000000e+02  -7.2674493000644105e+01
   9.1300000000000000e+02  -7.2266114265191206e+01
   9.1400000000000000e+02  -7.2127589309226295e+01
   9.1500000000000000e+02  -7.2294426072234899e+01
   9.1600000000000000e+02  -7.3031953473744494e+01
   9.1700000000000000e+02  -7.2898612894349299e+01
   9.1800000000000000e+02  -7.2563896558469906e+01
   9.1900000000000000e+02  -7.2601544705671799e+01
   9.2000000000000000e+02  -7.2458388081587898e+01
   9.2100000000000000e+02  -7.2732358038421594e+01
   9.2200000000000000e+02  -7.2959826091590898e+01
   9.2300000000000000e+02  -7.2602728794436800e+01
   9.2400000000000000e+02  -7.2502234080925703e+01
   9.2500000000000000e+02  -7.1776013599202699e+01
   9.2600000000000000e+02  -7.1243887825167306e+01
   9.2700000000000000e+02  -7.1241378821593102e+01
   9.2800000000000000e+02  -7.1628250563236904e+01
   9.2900000000000000e+02  -7.1603153257265902e+01
   9.3000000000000000e+02  -7.1688989890211005e+01
   9.3100000000000000e+02  -7.1763054852340602e+01
   9.3200000000000000e+02  -7.1742622207220904e+01
   9.3300000000000000e+02  -7.1474193694796497e+01
   9.3400000000000000e+02  -7.1104025937827004e+01
   9.3500000000000000e+02  -7.0885025618066706e+01
   9.3600000000000000e+02  -7.0840115056732898e+01
   9.3700000000000000e+02  -7.0529577244402205e+01
   9.3800000000000000e+02  -7.0944497243628803e+01
   9.3900000000000000e+02  -7.0590965612076602e+01
   9.4000000000000000e+02  -7.0634496274701604e+01
   9.4100000000000000e+02  -7.0325787990879604e+01
   9.4200000000000000e+02  -7.0070903621202802e+01
   9.4300000000000000e+02  -7.0463637300072804e+01
   9.4400000000000000e+02  -7.0435694547053401e+01
   9.4500000000000000e+02  -7.0103160612879904e+01
   9.4600000000000000e+02  -7.0007687333522597e+01
   9.4700000000000000e+02  -7.0265343372607205e+01
   9.4800000000000000e+02  -7.0018497405195902e+01
   9.4900000000000000e+02  -6.9993543875266596e+01
   9.5000000000000000e+02  -6.9823367313474705e+01
   9.5100000000000000e+02  -6.9993323448373999e+01
   9.5200000000000000e+02  -7.0102354285235606e+01
   9.5300000000000000e+02  -7.0387298097266594e+01
   9.5400000000000000e+02  -7.0268732539007502e+01
   9.5500000000000000e+02  -7.0378687140517101e+01
   9.5600000000000000e+02  -7.0932583362092004e+01
   9.5700000000000000e+02  -7.0934187798494705e+01
   9.5800000000000000e+02  -7.0922899093712800e+01
   9.5900000000000000e+02  -7.1143682072641795e+01
   9.6000000000000000e+02  -7.1193662466832706e+01
   9.6100000000000000e+02  -7.0685968773486493e+01
   9.6200000000000000e+02  -7.0545990663581094e+01
   9.6300000000000000e+02  -6.9805975961915706e+01
   9.6400000000000000e+02  -7.0096761957825606e+01
   9.6500000000000000e+02  -7.0301875425443399e+01
   9.6600000000000000e+02  -7.0005523644965706e+01
   9.6700000000000000e+02  -7.0048923723695296e+01
   9.6800000000000000e+02  -6.9887758323296595e+01
   9.6900000000000000e+02  -7.0411136173727201e+01
   9.7000000000000000e+02  -7.0000277239149995e+01
   9.7100000000000000e+02  -7.0274111322672994e+01
   9.7200000000000000e+02  -7.0248069040797006e+01
   9.7300000000000000e+02  -7.0489660751344999e+01
   9.7400000000000000e+02  -7.0164084903415798e+01
   9.7500000000000000e+02  -7.0352113642985898e+01
   9.7600000000000000e+02  -7.0109228008786303e+01
   9.7700000000000000e+02  -7.0149616194788507e+01
   9.7800000000000000e+02  -7.0155465173604696e+01
   9.7900000000000000e+02  -7.0633451106818896e+01
   9.8000000000000000e+02  -7.0613525690996994e+01
   9.8100000000000000e+02  -7.0858319471645700e+01
   9.8200000000000000e+02  -7.0585267218574998e+01
   9.8300000000000000e+02  -7.0552125086062304e+01
   9.8400000000000000e+02  -7.0256695527443100e+01
   9.8500000000000000e+02  -7.0397156079228196e+01
   9.8600000000000000e+02  -7.1107278347677493e+01
   9.8700000000000000e+02  -7.0836292762861206e+01
   9.8800000000000000e+02  -7.0109290361920202e+01
   9.8900000000000000e+02  -7.0028819230120504e+01
   9.9000000000000000e+02  -6.9953389441123093e+01
   9.9100000000000000e+02  -6.9908410427683705e+01
   9.9200000000000000e+02  -6.9743557360441599e+01
   9.9300000000000000e+02  -6.9682191058507001e+01
   9.9400000000000000e+02  -6.9878521396069999e+01
   9.9500000000000000e+02  -6.9805385424219907e+01
   9.9600000000000000e+02  -6.9641880917230907e+01
   9.9700000000000000e+02  -6.9716242320309505e+01
   9.9800000000000000e+02  -6.9454741711437904e+01
   9.9900000000000000e+02  -6.9361610380435707e+01
   1.0000000000000000e+03  -6.9005943821032901e+01
   1.0010000000000000e+03  -6.9177807602129306e+01
   1.0020000000000000e+03  -6.8980982848574200e+01
   1.0030000000000000e+03  -6.8780310962277696e+01
   1.0040000000000000e+03  -6.8492425788076602e+01
   1.0050000000000000e+03  -6.8260618775547002e+01
   1.0060000000000000e+03  -6.8158700338576196e+01
   1.0070000000000000e+03  -6.7296883977903803e+01
   1.0080000000000000e+03  -6.6151430502305800e+01
   1.0090000000000000e+03  -6.5770085751686096e+01
   1.0100000000000000e+03  -6.5293947211971499e+01
   1.0110000000000000e+03  -6.4936947703103101e+01
   1.0120000000000000e+03  -6.4888429868601705e+01
   1.0130000000000000e+03  -6.4069812579025495e+01
   1.0140000000000000e+03  -6.3162505555855802e+01
   1.0150000000000000e+03  -6.2823843252765599e+01
   1.0160000000000000e+03  -6.2055272808873902e+01
   1.0170000000000000e+03  -6.1067941695043501e+01
   1.0180000000000000e+03  -5.8773179618387204e+01
   1.0190000000000000e+03  -5.5869578079553300e+01
   1.0200000000000000e+03  -5.0119935301460103e+01
   1.0210000000000000e+03  -2.7547942015007699e+01
