  -1.0000000000000000e+02  -7.5347880107495897e+01
  -9.9000000000000000e+01  -7.5593357335269900e+01
  -9.8000000000000000e+01  -7.5794847816991805e+01
  -9.7000000000000000e+01  -7.5557311943010006e+01
  -9.6000000000000000e+01  -7.5552108817700002e+01
  -9.5000000000000000e+01  -7.5830522810193997e+01
  -9.4000000000000000e+01  -7.5692098761280405e+01
  -9.3000000000000000e+01  -7.5378141441546703e+01
  -9.2000000000000000e+01  -7.5478253227864400e+01
  -9.1000000000000000e+01  -7.5364977861970004e+01
  -9.0000000000000000e+01  -7.5670240067524205e+01
  -8.9000000000000000e+01  -7.5374569738991099e+01
  -8.8000000000000000e+01  -7.4932506127444398e+01
  -8.7000000000000000e+01  -7.4578787954025302e+01
  -8.6000000000000000e+01  -7.4184016028781102e+01
  -8.5000000000000000e+01  -7.4048896227515897e+01
  -8.4000000000000000e+01  -7.4057286978088797e+01
  -8.3000000000000000e+01  -7.3500824802365202e+01
  -8.2000000000000000e+01  -7.3120824933642794e+01
  -8.1000000000000000e+01  -7.2974247265990300e+01
  -8.0000000000000000e+01  -7.2825012239925599e+01
  -7.9000000000000000e+01  -7.2803166088437294e+01
  -7.8000000000000000e+01  -7.3152728339243097e+01
  -7.7000000000000000e+01  -7.2973452058282007e+01
  -7.6000000000000000e+01  -7.3385773495627404e+01
  -7.5000000000000000e+01  -7.3157443865088396e+01
  -7.4000000000000000e+01  -7.3115783986697593e+01
  -7.3000000000000000e+01  -7.2802857017585694e+01
  -7.2000000000000000e+01  -7.2439783195969596e+01
  -7.1000000000000000e+01  -7.2746202010589201e+01
  -7.0000000000000000e+01  -7.2733422907392594e+01
  -6.9000000000000000e+01  -7.2833730570812705e+01
  -6.8000000000000000e+01  -7.2702829167605302e+01
  -6.7000000000000000e+01  -7.2741015297945097e+01
  -6.6000000000000000e+01  -7.2683546471241797e+01
  -6.5000000000000000e+01  -7.2908497131281393e+01
  -6.4000000000000000e+01  -7.3162007320959603e+01
  -6.3000000000000000e+01  -7.3328064707390595e+01
  -6.2000000000000000e+01  -7.2803697390928207e+01
  -6.1000000000000000e+01  -7.3014927227685106e+01
  -6.0000000000000000e+01  -7.2979788389609496e+01
  -5.9000000000000000e+01  -7.3233031995836896e+01
  -5.8000000000000000e+01  -7.3105743791755700e+01
  -5.7000000000000000e+01  -7.3110180605435801e+01
  -5.6000000000000000e+01  -7.3145580664133007e+01
  -5.5000000000000000e+01  -7.3474435894841506e+01
  -5.4000000000000000e+01  -7.3104828034592003e+01
  -5.3000000000000000e+01  -7.3485298074308503e+01
  -5.2000000000000000e+01  -7.3253913782707301e+01
  -5.1000000000000000e+01  -7.2456091361191397e+01
  -5.0000000000000000e+01  -7.2678167080702906e+01
  -4.9000000000000000e+01  -7.2133594025404804e+01
  -4.8000000000000000e+01  -7.2407804925681404e+01
  -4.7000000000000000e+01  -7.2309950398514800e+01
  -4.6000000000000000e+01  -7.2393817454531899e+01
  -4.5000000000000000e+01  -7.2070006648474703e+01
  -4.4000000000000000e+01  -7.1796675486376699e+01
  -4.3000000000000000e+01  -7.1765003466883599e+01
  -4.2000000000000000e+01  -7.1726052188084694e+01
  -4.1000000000000000e+01  -7.1839271095014496e+01
  -4.0000000000000000e+01  -7.1660127780604398e+01
  -3.9000000000000000e+01  -7.1293557631069305e+01
  -3.8000000000000000e+01  -7.1473949247128004e+01
  -3.7000000000000000e+01  -7.1392560708612194e+01
  -3.6000000000000000e+01  -7.0713795667403204e+01
  -3.5000000000000000e+01  -7.0489626859032398e+01
  -3.4000000000000000e+01  -7.0079910392791803e+01
  -3.3000000000000000e+01  -7.0092920127739006e+01
  -3.2000000000000000e+01  -7.0149696466743293e+01
  -3.1000000000000000e+01  -7.0159605799730599e+01
  -3.0000000000000000e+01  -6.9972582915094407e+01
  -2.9000000000000000e+01  -6.9930521584777594e+01
  -2.8000000000000000e+01  -6.9563691170087495e+01
  -2.7000000000000000e+01  -6.9357523084578304e+01
  -2.6000000000000000e+01  -6.9792206521998594e+01
  -2.5000000000000000e+01  -6.9775759506773497e+01
  -2.4000000000000000e+01  -6.8960057222485204e+01
  -2.3000000000000000e+01  -6.9037018173792006e+01
  -2.2000000000000000e+01  -6.8908198705574407e+01
  -2.1000000000000000e+01  -6.8912393456685805e+01
  -2.0000000000000000e+01  -6.8587454960794403e+01
  -1.9000000000000000e+01  -6.8340969720863598e+01
  -1.8000000000000000e+01  -6.7804811049525796e+01
  -1.7000000000000000e+01  -6.7616511489985598e+01
  -1.6000000000000000e+01  -6.7477922989179305e+01
  -1.5000000000000000e+01  -6.7478363484162401e+01
  -1.4000000000000000e+01  -6.6742238718797495e+01
  -1.3000000000000000e+01  -6.6131006477870002e+01
  -1.2000000000000000e+01  -6.5989814988605005e+01
  -1.1000000000000000e+01  -6.5195656719916599e+01
  -1.0000000000000000e+01  -6.5312630922580396e+01
  -9.0000000000000000e+00  -6.4691918927936101e+01
  -8.0000000000000000e+00  -6.4081800652425301e+01
  -7.0000000000000000e+00  -6.3226888998891802e+01
  -6.0000000000000000e+00  -6.2923532213931601e+01
  -5.0000000000000000e+00  -6.1881513681159497e+01
  -4.0000000000000000e+00  -6.0863510233296701e+01
  -3.0000000000000000e+00  -5.8940804647569799e+01
  -2.0000000000000000e+00  -5.6292210060288298e+01
  -1.0000000000000000e+00  -5.1317213954983004e+01
   0.0000000000000000e+00  -2.9633652444105000e+01
   1.0000000000000000e+00  -1.4363481171811701e+00
   2.0000000000000000e+00   1.3718646567565100e+01
   3.0000000000000000e+00   2.0888410375902200e+01
   4.0000000000000000e+00   2.4950866291985001e+01
   5.0000000000000000e+00   2.6835830036736500e+01
   6.0000000000000000e+00   2.7530796291440801e+01
   7.0000000000000000e+00   2.7947380542211199e+01
   8.0000000000000000e+00   2.8003010431210999e+01
   9.0000000000000000e+00   2.8423897714703799e+01
   1.0000000000000000e+01   2.8729243682634699e+01
   1.1000000000000000e+01   2.9073395093082802e+01
   1.2000000000000000e+01   2.9388827652943998e+01
   1.3000000000000000e+01   2.9486914313469502e+01
   1.4000000000000000e+01   3.0276010388158099e+01
   1.5000000000000000e+01   3.0647817941570000e+01
   1.6000000000000000e+01   3.0958131699439399e+01
   1.7000000000000000e+01   3.1365371962223701e+01
   1.8000000000000000e+01   3.1607209031939298e+01
   1.9000000000000000e+01   3.2217375601744500e+01
   2.0000000000000000e+01   3.2314269977769101e+01
   2.1000000000000000e+01   3.2030908175425900e+01
   2.2000000000000000e+01   3.2118441786514900e+01
   2.3000000000000000e+01   3.1792265400262998e+01
   2.4000000000000000e+01   3.1601724026684600e+01
   2.5000000000000000e+01   3.1510840219125502e+01
   2.6000000000000000e+01   3.1627562707558400e+01
   2.7000000000000000e+01   3.1330284060710699e+01
   2.8000000000000000e+01   3.1481296170096702e+01
   2.9000000000000000e+01   3.1404908273141800e+01
   3.0000000000000000e+01   3.1459534731489200e+01
   3.1000000000000000e+01   3.1828329736287401e+01
   3.2000000000000000e+01   3.1322354684590501e+01
   3.3000000000000000e+01   3.1304959831872900e+01
   3.4000000000000000e+01   3.1535191101982299e+01
   3.5000000000000000e+01   3.1719469838690500e+01
   3.6000000000000000e+01   3.2089371569480100e+01
   3.7000000000000000e+01   3.2007935776445301e+01
   3.8000000000000000e+01   3.1871911787997899e+01
   3.9000000000000000e+01   3.2053765553867798e+01
   4.0000000000000000e+01   3.2128312963473000e+01
   4.1000000000000000e+01   3.2088351030885597e+01
   4.2000000000000000e+01   3.2074500338057902e+01
   4.3000000000000000e+01   3.2069670475996702e+01
   4.4000000000000000e+01   3.2245622673729400e+01
   4.5000000000000000e+01   3.2867951743555203e+01
   4.6000000000000000e+01   3.2889649637456600e+01
   4.7000000000000000e+01   3.2830541280719203e+01
   4.8000000000000000e+01   3.3132397416748297e+01
   4.9000000000000000e+01   3.2875427005901997e+01
   5.0000000000000000e+01   3.2570162472789200e+01
   5.1000000000000000e+01   3.2340620175096397e+01
   5.2000000000000000e+01   3.2687505349049502e+01
   5.3000000000000000e+01   3.2760254733125699e+01
   5.4000000000000000e+01   3.3096062048140404e+01
   5.5000000000000000e+01   3.3424734170459899e+01
   5.6000000000000000e+01   3.3408082742523497e+01
   5.7000000000000000e+01   3.3065364011603599e+01
   5.8000000000000000e+01   3.3825234279829402e+01
   5.9000000000000000e+01   3.4014821683486097e+01
   6.0000000000000000e+01   3.4123302829432298e+01
   6.1000000000000000e+01   3.4379192162002497e+01
   6.2000000000000000e+01   3.5036740675347097e+01
   6.3000000000000000e+01   3.5018725261082899e+01
   6.4000000000000000e+01   3.5141369540862101e+01
   6.5000000000000000e+01   3.4999142551516002e+01
   6.6000000000000000e+01   3.5172919128080800e+01
   6.7000000000000000e+01   3.5178798949489803e+01
   6.8000000000000000e+01   3.5202108170589597e+01
   6.9000000000000000e+01   3.4959713726136499e+01
   7.0000000000000000e+01   3.4506885860291199e+01
   7.1000000000000000e+01   3.4501960643319102e+01
   7.2000000000000000e+01   3.4687143598718002e+01
   7.3000000000000000e+01   3.4551350021405902e+01
   7.4000000000000000e+01   3.4006853932674900e+01
   7.5000000000000000e+01   3.4154290835348100e+01
   7.6000000000000000e+01   3.4697000078158297e+01
   7.7000000000000000e+01   3.4483277455384602e+01
   7.8000000000000000e+01   3.4655071813846597e+01
   7.9000000000000000e+01   3.5004821862527997e+01
   8.0000000000000000e+01   3.4820945624140897e+01
   8.1000000000000000e+01   3.5428356626443900e+01
   8.2000000000000000e+01   3.5537721142448099e+01
   8.3000000000000000e+01   3.4845849564007104e+01
   8.4000000000000000e+01   3.5131421487793403e+01
   8.5000000000000000e+01   3.5392143448375201e+01
   8.6000000000000000e+01   3.5525973336278703e+01
   8.7000000000000000e+01   3.5545631843673199e+01
   8.8000000000000000e+01   3.5243846006568397e+01
   8.9000000000000000e+01   3.5078412960536802e+01
   9.0000000000000000e+01   3.5167255721971500e+01
   9.1000000000000000e+01   3.5061916279526500e+01
   9.2000000000000000e+01   3.4884497547256103e+01
   9.3000000000000000e+01   3.4418599096332102e+01
   9.4000000000000000e+01   3.4676735855280100e+01
   9.5000000000000000e+01   3.4461761622068899e+01
   9.6000000000000000e+01   3.4171075948236400e+01
   9.7000000000000000e+01   3.4339606870087501e+01
   9.8000000000000000e+01   3.4040848064179997e+01
   9.9000000000000000e+01   3.3719635042006502e+01
   1.0000000000000000e+02   3.3259172575492798e+01
   1.0100000000000000e+02   3.3208863559403397e+01
   1.0200000000000000e+02   3.2627141753950802e+01
   1.0300000000000000e+02   3.2630661605351399e+01
   1.0400000000000000e+02   3.2527462584732397e+01
   1.0500000000000000e+02   3.2884788210999702e+01
   1.0600000000000000e+02   3.2815602976950103e+01
   1.0700000000000000e+02   3.2906029164846103e+01
   1.0800000000000000e+02   3.3521876440579199e+01
   1.0900000000000000e+02   3.3417359135203100e+01
   1.1000000000000000e+02   3.3311108406660402e+01
   1.1100000000000000e+02   3.3077483292291497e+01
   1.1200000000000000e+02   3.3527680040034099e+01
   1.1300000000000000e+02   3.4124262480896597e+01
   1.1400000000000000e+02   3.4906000382997803e+01
   1.1500000000000000e+02   3.5077112917473698e+01
   1.1600000000000000e+02   3.5669176140334898e+01
   1.1700000000000000e+02   3.5879649184379900e+01
   1.1800000000000000e+02   3.5890258854119999e+01
   1.1900000000000000e+02   3.6056383851382300e+01
   1.2000000000000000e+02   3.6288346853893302e+01
   1.2100000000000000e+02   3.5846469482083798e+01
   1.2200000000000000e+02   3.5530288648537798e+01
   1.2300000000000000e+02   3.5843825506162503e+01
   1.2400000000000000e+02   3.5102356893392503e+01
   1.2500000000000000e+02   3.5283212594074698e+01
   1.2600000000000000e+02   3.5152395938749002e+01
   1.2700000000000000e+02   3.5124917756814298e+01
   1.2800000000000000e+02   3.4883947128835899e+01
   1.2900000000000000e+02   3.4645357854921997e+01
   1.3000000000000000e+02   3.3892491892683999e+01
   1.3100000000000000e+02   3.3702621624554297e+01
   1.3200000000000000e+02   3.3264271504020698e+01
   1.3300000000000000e+02   3.3063617917763402e+01
   1.3400000000000000e+02   3.2938689920574397e+01
   1.3500000000000000e+02   3.3208735653395500e+01
   1.3600000000000000e+02   3.2986562173512802e+01
   1.3700000000000000e+02   3.2355505437947400e+01
   1.3800000000000000e+02   3.2073758445184801e+01
   1.3900000000000000e+02   3.2028113373737099e+01
   1.4000000000000000e+02   3.1784197938110701e+01
   1.4100000000000000e+02   3.1537218968008499e+01
   1.4200000000000000e+02   3.0439536344885500e+01
   1.4300000000000000e+02   2.9880344952289001e+01
   1.4400000000000000e+02   2.9126146964547999e+01
   1.4500000000000000e+02   2.9260796434952098e+01
   1.4600000000000000e+02   2.9647962428180499e+01
   1.4700000000000000e+02   2.9265320687683001e+01
   1.4800000000000000e+02   2.9054618185713800e+01
   1.4900000000000000e+02   2.9430878031827199e+01
   1.5000000000000000e+02   2.9992924342680102e+01
   1.5100000000000000e+02   3.0298813594047800e+01
   1.5200000000000000e+02   2.9231375223843099e+01
   1.5300000000000000e+02   2.9248972279500499e+01
   1.5400000000000000e+02   2.8791752129322699e+01
   1.5500000000000000e+02   2.8353648408566698e+01
   1.5600000000000000e+02   2.8451203396752600e+01
   1.5700000000000000e+02   2.8632217293537099e+01
   1.5800000000000000e+02   2.8304290238196700e+01
   1.5900000000000000e+02   2.8779415369360699e+01
   1.6000000000000000e+02   2.8586420770355701e+01
   1.6100000000000000e+02   2.8652930460594899e+01
   1.6200000000000000e+02   2.8547082613414901e+01
   1.6300000000000000e+02   2.8868338974804200e+01
   1.6400000000000000e+02   2.8396679511793199e+01
   1.6500000000000000e+02   2.8391985796295000e+01
   1.6600000000000000e+02   2.7994453064488400e+01
   1.6700000000000000e+02   2.7923806869876302e+01
   1.6800000000000000e+02   2.7596484686132701e+01
   1.6900000000000000e+02   2.7774444225371699e+01
   1.7000000000000000e+02   2.8374030728571999e+01
   1.7100000000000000e+02   2.7536455144825400e+01
   1.7200000000000000e+02   2.7560228341121402e+01
   1.7300000000000000e+02   2.7266130570707698e+01
   1.7400000000000000e+02   2.7222652495320599e+01
   1.7500000000000000e+02   2.7054577990482301e+01
   1.7600000000000000e+02   2.7125300204088600e+01
   1.7700000000000000e+02   2.6865587372221601e+01
   1.7800000000000000e+02   2.6892066264761201e+01
   1.7900000000000000e+02   2.6947959070386901e+01
   1.8000000000000000e+02   2.6778081322848500e+01
   1.8100000000000000e+02   2.6682097448975799e+01
   1.8200000000000000e+02   2.6644375247380999e+01
   1.8300000000000000e+02   2.6752010386160499e+01
   1.8400000000000000e+02   2.6844447306810199e+01
   1.8500000000000000e+02   2.6580395547650500e+01
   1.8600000000000000e+02   2.5991817146247701e+01
   1.8700000000000000e+02   2.6050967392077599e+01
   1.8800000000000000e+02   2.5368420473604100e+01
   1.8900000000000000e+02   2.5112382393793698e+01
   1.9000000000000000e+02   2.4829357403039999e+01
   1.9100000000000000e+02   2.4403930839850101e+01
   1.9200000000000000e+02   2.3910543470712000e+01
   1.9300000000000000e+02   2.3714264153984502e+01
   1.9400000000000000e+02   2.3926634266581502e+01
   1.9500000000000000e+02   2.2782523300039902e+01
   1.9600000000000000e+02   2.2385358878300000e+01
   1.9700000000000000e+02   2.1583632045733200e+01
   1.9800000000000000e+02   2.1755235314417600e+01
   1.9900000000000000e+02   2.1793923632230602e+01
   2.0000000000000000e+02   2.1308032235523498e+01
   2.0100000000000000e+02   2.1315397667002301e+01
   2.0200000000000000e+02   2.0940827163332902e+01
   2.0300000000000000e+02   2.0592520618574699e+01
   2.0400000000000000e+02   2.0547730564563398e+01
   2.0500000000000000e+02   2.0569891300180601e+01
   2.0600000000000000e+02   2.0246613582829600e+01
   2.0700000000000000e+02   1.9654513379577999e+01
   2.0800000000000000e+02   1.9064380283058899e+01
   2.0900000000000000e+02   1.9151577078969702e+01
   2.1000000000000000e+02   1.8592553311752400e+01
   2.1100000000000000e+02   1.8640494471701601e+01
   2.1200000000000000e+02   1.9192081832630599e+01
   2.1300000000000000e+02   1.9552259016217199e+01
   2.1400000000000000e+02   1.9731538311323298e+01
   2.1500000000000000e+02   1.9739743404942601e+01
   2.1600000000000000e+02   1.9594490664647601e+01
   2.1700000000000000e+02   1.9649129334058301e+01
   2.1800000000000000e+02   1.9317549013936201e+01
   2.1900000000000000e+02   1.9080871838703398e+01
   2.2000000000000000e+02   1.8476301406404300e+01
   2.2100000000000000e+02   1.8586782114690202e+01
   2.2200000000000000e+02   1.8109572154312598e+01
   2.2300000000000000e+02   1.8429375185638101e+01
   2.2400000000000000e+02   1.8796550612059502e+01
   2.2500000000000000e+02   1.8850369106147600e+01
   2.2600000000000000e+02   1.8800395004017201e+01
   2.2700000000000000e+02   1.8296494861965300e+01
   2.2800000000000000e+02   1.7933234380957501e+01
   2.2900000000000000e+02   1.7278509639729300e+01
   2.3000000000000000e+02   1.6955194104606299e+01
   2.3100000000000000e+02   1.7062428432052201e+01
   2.3200000000000000e+02   1.6845696909424301e+01
   2.3300000000000000e+02   1.6394001918675301e+01
   2.3400000000000000e+02   1.5963087002275200e+01
   2.3500000000000000e+02   1.5592593318341001e+01
   2.3600000000000000e+02   1.5517620828727701e+01
   2.3700000000000000e+02   1.5314391229290401e+01
   2.3800000000000000e+02   1.5544475899750999e+01
   2.3900000000000000e+02   1.5347368369447899e+01
   2.4000000000000000e+02   1.4902789149799000e+01
   2.4100000000000000e+02   1.5399254007359399e+01
   2.4200000000000000e+02   1.5447311685759100e+01
   2.4300000000000000e+02   1.4908762637422400e+01
   2.4400000000000000e+02   1.4679407152409199e+01
   2.4500000000000000e+02   1.4976408364687400e+01
   2.4600000000000000e+02   1.4616269624807799e+01
   2.4700000000000000e+02   1.4355120690040801e+01
   2.4800000000000000e+02   1.4311051782607400e+01
   2.4900000000000000e+02   1.3767294287878601e+01
   2.5000000000000000e+02   1.3730677309764401e+01
   2.5100000000000000e+02   1.3796308993847900e+01
   2.5200000000000000e+02   1.3556421706357400e+01
   2.5300000000000000e+02   1.3408220825596500e+01
   2.5400000000000000e+02   1.3694128867182100e+01
   2.5500000000000000e+02   1.3370264069615500e+01
   2.5600000000000000e+02   1.3466308552643000e+01
   2.5700000000000000e+02   1.3073411992625500e+01
   2.5800000000000000e+02   1.2404484345854099e+01
   2.5900000000000000e+02   1.2576052106247699e+01
   2.6000000000000000e+02   1.2105506569290300e+01
   2.6100000000000000e+02   1.2010492407266900e+01
   2.6200000000000000e+02   1.2059993580037499e+01
   2.6300000000000000e+02   1.1316869072738800e+01
   2.6400000000000000e+02   1.0989275743737000e+01
   2.6500000000000000e+02   1.0300566636144101e+01
   2.6600000000000000e+02   1.0849301606108099e+01
   2.6700000000000000e+02   1.0512100388435400e+01
   2.6800000000000000e+02   1.0616644058496300e+01
   2.6900000000000000e+02   1.0185988617077300e+01
   2.7000000000000000e+02   9.5478915392894308e+00
   2.7100000000000000e+02   9.6921722336024096e+00
   2.7200000000000000e+02   9.3702361115220505e+00
   2.7300000000000000e+02   9.1386899591574995e+00
   2.7400000000000000e+02   9.0213641826734907e+00
   2.7500000000000000e+02   8.9927913732620404e+00
   2.7600000000000000e+02   8.6505279196680291e+00
   2.7700000000000000e+02   9.0219280289556796e+00
   2.7800000000000000e+02   9.1340531189625001e+00
   2.7900000000000000e+02   8.4344292021183893e+00
   2.8000000000000000e+02   8.8675297234531794e+00
   2.8100000000000000e+02   8.5251412452101700e+00
   2.8200000000000000e+02   8.6761665432892006e+00
   2.8300000000000000e+02   8.7340103755199099e+00
   2.8400000000000000e+02   7.7995333689015300e+00
   2.8500000000000000e+02   7.5551128511000796e+00
   2.8600000000000000e+02   7.0982700692290503e+00
   2.8700000000000000e+02   6.6772534525460303e+00
   2.8800000000000000e+02   6.9744766400176399e+00
   2.8900000000000000e+02   6.8489172466703403e+00
   2.9000000000000000e+02   6.2394888065584304e+00
   2.9100000000000000e+02   6.4821119051743796e+00
   2.9200000000000000e+02   6.2973049020591603e+00
   2.9300000000000000e+02   5.9739570441780296e+00
   2.9400000000000000e+02   6.5176255228908699e+00
   2.9500000000000000e+02   6.5286480783915897e+00
   2.9600000000000000e+02   6.0754191536867097e+00
   2.9700000000000000e+02   5.6689954920192900e+00
   2.9800000000000000e+02   5.6346042339551996e+00
   2.9900000000000000e+02   5.7859745508097200e+00
   3.0000000000000000e+02   4.9316909664648803e+00
   3.0100000000000000e+02   4.3369132743886798e+00
   3.0200000000000000e+02   3.8948539346564099e+00
   3.0300000000000000e+02   3.9166745574108801e+00
   3.0400000000000000e+02   4.1735600442026497e+00
   3.0500000000000000e+02   3.8535398687965201e+00
   3.0600000000000000e+02   4.2782660117825202e+00
   3.0700000000000000e+02   3.9857791561710898e+00
   3.0800000000000000e+02   3.6516263159678499e+00
   3.0900000000000000e+02   3.4553511782252500e+00
   3.1000000000000000e+02   2.8509181277332898e+00
   3.1100000000000000e+02   2.5318245294620998e+00
   3.1200000000000000e+02   2.0055741187245300e+00
   3.1300000000000000e+02   1.8207277853530699e+00
   3.1400000000000000e+02   1.4508062422151700e+00
   3.1500000000000000e+02   1.4016023418516901e+00
   3.1600000000000000e+02   7.8525785320327102e-01
   3.1700000000000000e+02   8.5493500700376202e-01
   3.1800000000000000e+02   7.7400498767752401e-01
   3.1900000000000000e+02   3.6113202417606599e-01
   3.2000000000000000e+02  -4.5516140598903798e-02
   3.2100000000000000e+02  -4.0265766930785801e-01
   3.2200000000000000e+02  -2.1667251156968900e-01
   3.2300000000000000e+02  -3.9538529507130898e-01
   3.2400000000000000e+02  -8.1856268897642503e-01
   3.2500000000000000e+02  -9.0612876053150604e-01
   3.2600000000000000e+02  -1.4193363182100600e+00
   3.2700000000000000e+02  -2.1015079056220300e+00
   3.2800000000000000e+02  -2.4052175858115099e+00
   3.2900000000000000e+02  -2.6540686765814998e+00
   3.3000000000000000e+02  -3.6766542220045300e+00
   3.3100000000000000e+02  -3.6902739347157199e+00
   3.3200000000000000e+02  -3.7699029670593598e+00
   3.3300000000000000e+02  -4.1590426693192502e+00
   3.3400000000000000e+02  -3.8802267778981201e+00
   3.3500000000000000e+02  -4.3662914187112696e+00
   3.3600000000000000e+02  -4.9656783255105799e+00
   3.3700000000000000e+02  -5.6131169634355000e+00
   3.3800000000000000e+02  -6.0861630831934601e+00
   3.3900000000000000e+02  -6.7545076908904198e+00
   3.4000000000000000e+02  -6.8213766778615899e+00
   3.4100000000000000e+02  -6.7693885672676499e+00
   3.4200000000000000e+02  -6.8737634616061598e+00
   3.4300000000000000e+02  -7.3835986993653604e+00
   3.4400000000000000e+02  -8.0459732329332301e+00
   3.4500000000000000e+02  -8.4926460430495201e+00
   3.4600000000000000e+02  -8.4702791711604508e+00
   3.4700000000000000e+02  -8.9607698502004798e+00
   3.4800000000000000e+02  -9.7385016660083306e+00
   3.4900000000000000e+02  -1.0381449306334201e+01
   3.5000000000000000e+02  -1.0948555339165800e+01
   3.5100000000000000e+02  -1.0910239523639500e+01
   3.5200000000000000e+02  -1.1166568974226999e+01
   3.5300000000000000e+02  -1.1801551565600001e+01
   3.5400000000000000e+02  -1.2411884843376299e+01
   3.5500000000000000e+02  -1.2537479480494200e+01
   3.5600000000000000e+02  -1.2757745302877900e+01
   3.5700000000000000e+02  -1.2845668584510900e+01
   3.5800000000000000e+02  -1.3662778038899400e+01
   3.5900000000000000e+02  -1.3962415187681700e+01
   3.6000000000000000e+02  -1.4000434180159999e+01
   3.6100000000000000e+02  -1.4659843436003500e+01
   3.6200000000000000e+02  -1.5093364641005000e+01
   3.6300000000000000e+02  -1.5430563844439000e+01
   3.6400000000000000e+02  -1.6172423741918600e+01
   3.6500000000000000e+02  -1.6896478092416402e+01
   3.6600000000000000e+02  -1.7452519217241999e+01
   3.6700000000000000e+02  -1.8070058782521500e+01
   3.6800000000000000e+02  -1.8726427141104999e+01
   3.6900000000000000e+02  -1.9420100934051298e+01
   3.7000000000000000e+02  -2.0170212194963501e+01
   3.7100000000000000e+02  -2.0708103017185501e+01
   3.7200000000000000e+02  -2.1272061612548701e+01
   3.7300000000000000e+02  -2.2135709210952999e+01
   3.7400000000000000e+02  -2.2794611516519200e+01
   3.7500000000000000e+02  -2.3410356395800999e+01
   3.7600000000000000e+02  -2.3611185899514499e+01
   3.7700000000000000e+02  -2.4464408347080798e+01
   3.7800000000000000e+02  -2.5191768002882601e+01
   3.7900000000000000e+02  -2.5592351009179101e+01
   3.8000000000000000e+02  -2.6372665352275501e+01
   3.8100000000000000e+02  -2.7061058415782501e+01
   3.8200000000000000e+02  -2.7708410504833900e+01
   3.8300000000000000e+02  -2.8409799641217500e+01
   3.8400000000000000e+02  -2.9606856573953898e+01
   3.8500000000000000e+02  -3.0013889368151101e+01
   3.8600000000000000e+02  -3.0848354845358401e+01
   3.8700000000000000e+02  -3.1677713103538299e+01
   3.8800000000000000e+02  -3.2188167749334902e+01
   3.8900000000000000e+02  -3.2611603160854898e+01
   3.9000000000000000e+02  -3.3953902857961999e+01
   3.9100000000000000e+02  -3.4961269533958699e+01
   3.9200000000000000e+02  -3.5313913358968698e+01
   3.9300000000000000e+02  -3.6476524103737198e+01
   3.9400000000000000e+02  -3.7408950750139702e+01
   3.9500000000000000e+02  -3.7807946644520101e+01
   3.9600000000000000e+02  -3.8738302385381800e+01
   3.9700000000000000e+02  -3.9161694043727401e+01
   3.9800000000000000e+02  -4.0214467226685898e+01
   3.9900000000000000e+02  -4.0676682257336402e+01
   4.0000000000000000e+02  -4.0974496874036198e+01
   4.0100000000000000e+02  -4.1938624946587701e+01
   4.0200000000000000e+02  -4.3073990435382598e+01
   4.0300000000000000e+02  -4.3351950222084497e+01
   4.0400000000000000e+02  -4.4562487046840900e+01
   4.0500000000000000e+02  -4.5230134782452602e+01
   4.0600000000000000e+02  -4.6025050749283302e+01
   4.0700000000000000e+02  -4.5992689061832600e+01
   4.0800000000000000e+02  -4.6660605118348997e+01
   4.0900000000000000e+02  -4.7327960574581802e+01
   4.1000000000000000e+02  -4.8864558035485103e+01
   4.1100000000000000e+02  -4.9520294417594798e+01
   4.1200000000000000e+02  -5.0113470841395099e+01
   4.1300000000000000e+02  -5.0903622127443299e+01
   4.1400000000000000e+02  -5.1994028306175203e+01
   4.1500000000000000e+02  -5.2903535693243697e+01
   4.1600000000000000e+02  -5.3304292623311298e+01
   4.1700000000000000e+02  -5.4013700720786701e+01
   4.1800000000000000e+02  -5.4870450380529000e+01
   4.1900000000000000e+02  -5.5447186988600599e+01
   4.2000000000000000e+02  -5.5918664274977999e+01
   4.2100000000000000e+02  -5.6830134488851002e+01
   4.2200000000000000e+02  -5.8030786164389099e+01
   4.2300000000000000e+02  -5.8568618362965502e+01
   4.2400000000000000e+02  -5.9354030328757602e+01
   4.2500000000000000e+02  -5.9845491976116797e+01
   4.2600000000000000e+02  -6.0505729528514003e+01
   4.2700000000000000e+02  -6.0708724049933799e+01
   4.2800000000000000e+02  -6.1248358276418500e+01
   4.2900000000000000e+02  -6.1807330385885798e+01
   4.3000000000000000e+02  -6.2694362671963802e+01
   4.3100000000000000e+02  -6.3302033689124997e+01
   4.3200000000000000e+02  -6.4454895509553296e+01
   4.3300000000000000e+02  -6.5385058146156595e+01
   4.3400000000000000e+02  -6.6371340999044307e+01
   4.3500000000000000e+02  -6.7448539616465297e+01
   4.3600000000000000e+02  -6.7682575171641105e+01
   4.3700000000000000e+02  -6.8129931918211099e+01
   4.3800000000000000e+02  -6.8364184642645000e+01
   4.3900000000000000e+02  -6.8589068236675502e+01
   4.4000000000000000e+02  -6.9272451869592700e+01
   4.4100000000000000e+02  -6.9219437202336096e+01
   4.4200000000000000e+02  -6.9907246338384397e+01
   4.4300000000000000e+02  -6.9996470967074998e+01
   4.4400000000000000e+02  -7.0049832398783593e+01
   4.4500000000000000e+02  -7.0872442316158299e+01
   4.4600000000000000e+02  -7.1030637859184395e+01
   4.4700000000000000e+02  -7.0888347670614493e+01
   4.4800000000000000e+02  -7.1429956341223999e+01
   4.4900000000000000e+02  -7.1991126729538493e+01
   4.5000000000000000e+02  -7.2255352716859903e+01
   4.5100000000000000e+02  -7.2612443600332000e+01
   4.5200000000000000e+02  -7.2884896683302998e+01
   4.5300000000000000e+02  -7.3551111597902505e+01
   4.5400000000000000e+02  -7.3616452370446694e+01
   4.5500000000000000e+02  -7.3941888840448797e+01
   4.5600000000000000e+02  -7.4415561894729507e+01
   4.5700000000000000e+02  -7.4819214235972495e+01
   4.5800000000000000e+02  -7.5222506595574799e+01
   4.5900000000000000e+02  -7.5104079217066399e+01
   4.6000000000000000e+02  -7.5323448417013907e+01
   4.6100000000000000e+02  -7.5141821822808595e+01
   4.6200000000000000e+02  -7.5152477391576397e+01
   4.6300000000000000e+02  -7.5112427368713298e+01
   4.6400000000000000e+02  -7.4794318948440804e+01
   4.6500000000000000e+02  -7.5368120684747495e+01
   4.6600000000000000e+02  -7.5446918593394898e+01
   4.6700000000000000e+02  -7.5341357208507404e+01
   4.6800000000000000e+02  -7.5290011419205996e+01
   4.6900000000000000e+02  -7.5670992773326304e+01
   4.7000000000000000e+02  -7.5710441136405805e+01
   4.7100000000000000e+02  -7.5693476311625503e+01
   4.7200000000000000e+02  -7.5766737281305296e+01
   4.7300000000000000e+02  -7.5834688381580904e+01
   4.7400000000000000e+02  -7.5568225901177996e+01
   4.7500000000000000e+02  -7.5470755841960894e+01
   4.7600000000000000e+02  -7.5230675217884993e+01
   4.7700000000000000e+02  -7.5165778124550897e+01
   4.7800000000000000e+02  -7.5096558312767698e+01
   4.7900000000000000e+02  -7.5154145468370700e+01
   4.8000000000000000e+02  -7.5144790884795199e+01
   4.8100000000000000e+02  -7.5180994889487806e+01
   4.8200000000000000e+02  -7.5163662331505705e+01
   4.8300000000000000e+02  -7.5317895988615803e+01
   4.8400000000000000e+02  -7.5527299506965406e+01
   4.8500000000000000e+02  -7.5780878469561301e+01
   4.8600000000000000e+02  -7.5340864135983495e+01
   4.8700000000000000e+02  -7.5291021687818400e+01
   4.8800000000000000e+02  -7.5407747696268700e+01
   4.8900000000000000e+02  -7.5316080138334300e+01
   4.9000000000000000e+02  -7.4910911293457303e+01
   4.9100000000000000e+02  -7.4837963018495003e+01
   4.9200000000000000e+02  -7.4904866660986201e+01
   4.9300000000000000e+02  -7.4864247820469103e+01
   4.9400000000000000e+02  -7.4834005526182693e+01
   4.9500000000000000e+02  -7.4523105314808504e+01
   4.9600000000000000e+02  -7.4778876350165703e+01
   4.9700000000000000e+02  -7.5495430418380394e+01
   4.9800000000000000e+02  -7.5251222084953696e+01
   4.9900000000000000e+02  -7.5719630924122598e+01
   5.0000000000000000e+02  -7.5654278040403497e+01
   5.0100000000000000e+02  -7.5716717259135606e+01
   5.0200000000000000e+02  -7.5597846162206395e+01
   5.0300000000000000e+02  -7.5140477582182001e+01
   5.0400000000000000e+02  -7.4711480034891807e+01
   5.0500000000000000e+02  -7.4606909750004903e+01
   5.0600000000000000e+02  -7.4346058853458800e+01
   5.0700000000000000e+02  -7.4434626193433104e+01
   5.0800000000000000e+02  -7.4957757413154695e+01
   5.0900000000000000e+02  -7.5057351712526398e+01
   5.1000000000000000e+02  -7.4732552081045100e+01
   5.1100000000000000e+02  -7.4986395211199195e+01
   5.1200000000000000e+02  -7.4809734798494006e+01
   5.1300000000000000e+02  -7.4867161479308905e+01
   5.1400000000000000e+02  -7.4874184125761005e+01
   5.1500000000000000e+02  -7.4441381895713306e+01
   5.1600000000000000e+02  -7.4255501299357206e+01
   5.1700000000000000e+02  -7.4324192331805094e+01
   5.1800000000000000e+02  -7.4352553903744194e+01
   5.1900000000000000e+02  -7.4210779175446703e+01
   5.2000000000000000e+02  -7.4052711051520603e+01
   5.2100000000000000e+02  -7.4014080553224801e+01
   5.2200000000000000e+02  -7.4763604359491296e+01
   5.2300000000000000e+02  -7.4482555205266493e+01
   5.2400000000000000e+02  -7.4495496885766798e+01
   5.2500000000000000e+02  -7.4941296051175598e+01
   5.2600000000000000e+02  -7.5017817831552307e+01
   5.2700000000000000e+02  -7.4764180897269995e+01
   5.2800000000000000e+02  -7.4802002043820593e+01
   5.2900000000000000e+02  -7.5016923135085193e+01
   5.3000000000000000e+02  -7.4875794593761299e+01
   5.3100000000000000e+02  -7.5066104276398306e+01
   5.3200000000000000e+02  -7.4957838989067994e+01
   5.3300000000000000e+02  -7.4411278958771803e+01
   5.3400000000000000e+02  -7.4364322625930299e+01
   5.3500000000000000e+02  -7.4051227628362199e+01
   5.3600000000000000e+02  -7.3997885197561999e+01
   5.3700000000000000e+02  -7.4071575067688102e+01
   5.3800000000000000e+02  -7.4242907867920906e+01
   5.3900000000000000e+02  -7.3918779353393504e+01
   5.4000000000000000e+02  -7.4006972442809001e+01
   5.4100000000000000e+02  -7.4258935803070301e+01
   5.4200000000000000e+02  -7.3920276493214303e+01
   5.4300000000000000e+02  -7.4269430740759006e+01
   5.4400000000000000e+02  -7.4633830254365904e+01
   5.4500000000000000e+02  -7.4655834282415100e+01
   5.4600000000000000e+02  -7.4336900770925396e+01
   5.4700000000000000e+02  -7.4944420843212100e+01
   5.4800000000000000e+02  -7.4882581789025807e+01
   5.4900000000000000e+02  -7.4859070356400494e+01
   5.5000000000000000e+02  -7.4784825405171702e+01
   5.5100000000000000e+02  -7.4256821688823706e+01
   5.5200000000000000e+02  -7.4446749453799697e+01
   5.5300000000000000e+02  -7.4599302996377403e+01
   5.5400000000000000e+02  -7.4643277455707505e+01
   5.5500000000000000e+02  -7.4098932173983499e+01
   5.5600000000000000e+02  -7.4451189493246602e+01
   5.5700000000000000e+02  -7.4325965256751303e+01
   5.5800000000000000e+02  -7.4352893348852604e+01
   5.5900000000000000e+02  -7.4394607263984099e+01
   5.6000000000000000e+02  -7.4399065914881803e+01
   5.6100000000000000e+02  -7.4646135386561198e+01
   5.6200000000000000e+02  -7.4711997493137702e+01
   5.6300000000000000e+02  -7.5188407641974393e+01
   5.6400000000000000e+02  -7.5169301240004899e+01
   5.6500000000000000e+02  -7.5257347430889595e+01
   5.6600000000000000e+02  -7.5653888906090103e+01
   5.6700000000000000e+02  -7.5519922434224796e+01
   5.6800000000000000e+02  -7.5713542752134302e+01
   5.6900000000000000e+02  -7.5219261613311204e+01
   5.7000000000000000e+02  -7.5024623849788995e+01
   5.7100000000000000e+02  -7.5135795608052305e+01
   5.7200000000000000e+02  -7.5033056857167693e+01
   5.7300000000000000e+02  -7.4770276327486897e+01
   5.7400000000000000e+02  -7.4509719079662801e+01
   5.7500000000000000e+02  -7.4433401309460507e+01
   5.7600000000000000e+02  -7.4393776904028798e+01
   5.7700000000000000e+02  -7.4322508138772605e+01
   5.7800000000000000e+02  -7.4298645991752096e+01
   5.7900000000000000e+02  -7.4196457054873605e+01
   5.8000000000000000e+02  -7.4222525701251797e+01
   5.8100000000000000e+02  -7.4684999208571398e+01
   5.8200000000000000e+02  -7.5049199354807897e+01
   5.8300000000000000e+02  -7.5479210491851703e+01
   5.8400000000000000e+02  -7.6233229899362797e+01
   5.8500000000000000e+02  -7.6487387020056602e+01
   5.8600000000000000e+02  -7.6540583148498300e+01
   5.8700000000000000e+02  -7.6229243961362897e+01
   5.8800000000000000e+02  -7.6651592370705501e+01
   5.8900000000000000e+02  -7.6837924701102196e+01
   5.9000000000000000e+02  -7.7078615190562402e+01
   5.9100000000000000e+02  -7.7830595801349801e+01
   5.9200000000000000e+02  -7.7852396270205702e+01
   5.9300000000000000e+02  -7.7250530619422705e+01
   5.9400000000000000e+02  -7.7589799671068306e+01
   5.9500000000000000e+02  -7.7590833387291894e+01
   5.9600000000000000e+02  -7.7623492329221904e+01
   5.9700000000000000e+02  -7.7738781714970301e+01
   5.9800000000000000e+02  -7.7125053396480993e+01
   5.9900000000000000e+02  -7.6825631149818093e+01
   6.0000000000000000e+02  -7.7718984967673606e+01
   6.0100000000000000e+02  -7.7930930156560393e+01
   6.0200000000000000e+02  -7.7596380259667100e+01
   6.0300000000000000e+02  -7.7308113267646206e+01
   6.0400000000000000e+02  -7.7503386209437707e+01
   6.0500000000000000e+02  -7.7449308049256004e+01
   6.0600000000000000e+02  -7.7553743996068107e+01
   6.0700000000000000e+02  -7.7457244285327207e+01
   6.0800000000000000e+02  -7.7172003577057595e+01
   6.0900000000000000e+02  -7.6892483830930900e+01
   6.1000000000000000e+02  -7.6993032340427206e+01
   6.1100000000000000e+02  -7.6769867629745804e+01
   6.1200000000000000e+02  -7.6541653556490999e+01
   6.1300000000000000e+02  -7.5896383980337205e+01
   6.1400000000000000e+02  -7.5708296417820094e+01
   6.1500000000000000e+02  -7.5768677058254795e+01
   6.1600000000000000e+02  -7.5855689586258706e+01
   6.1700000000000000e+02  -7.6001341459802504e+01
   6.1800000000000000e+02  -7.6143271622480000e+01
   6.1900000000000000e+02  -7.5857361620539294e+01
   6.2000000000000000e+02  -7.6183256770326594e+01
   6.2100000000000000e+02  -7.6247647365297595e+01
   6.2200000000000000e+02  -7.6385741612786603e+01
   6.2300000000000000e+02  -7.6264366671434701e+01
   6.2400000000000000e+02  -7.6217172483415595e+01
   6.2500000000000000e+02  -7.5931957800957605e+01
   6.2600000000000000e+02  -7.6054314916347806e+01
   6.2700000000000000e+02  -7.6666112716691003e+01
   6.2800000000000000e+02  -7.6790017939301407e+01
   6.2900000000000000e+02  -7.6983984231754803e+01
   6.3000000000000000e+02  -7.6926856695587404e+01
   6.3100000000000000e+02  -7.6296563016945100e+01
   6.3200000000000000e+02  -7.5865827184767994e+01
   6.3300000000000000e+02  -7.5773484174912895e+01
   6.3400000000000000e+02  -7.5522315537861004e+01
   6.3500000000000000e+02  -7.5223694175030403e+01
   6.3600000000000000e+02  -7.5224103460713295e+01
   6.3700000000000000e+02  -7.5599027879860998e+01
   6.3800000000000000e+02  -7.5948998813356297e+01
   6.3900000000000000e+02  -7.5638497268946793e+01
   6.4000000000000000e+02  -7.5492807380604802e+01
   6.4100000000000000e+02  -7.5585710461824704e+01
   6.4200000000000000e+02  -7.5509034498370696e+01
   6.4300000000000000e+02  -7.5117783164861507e+01
   6.4400000000000000e+02  -7.4539000434287601e+01
   6.4500000000000000e+02  -7.4782750500776302e+01
   6.4600000000000000e+02  -7.4981957812380500e+01
   6.4700000000000000e+02  -7.4848871011617803e+01
   6.4800000000000000e+02  -7.5020930277226299e+01
   6.4900000000000000e+02  -7.5119718623674302e+01
   6.5000000000000000e+02  -7.4951644803427598e+01
   6.5100000000000000e+02  -7.4980156714614793e+01
   6.5200000000000000e+02  -7.4808357920339802e+01
   6.5300000000000000e+02  -7.4839299504708407e+01
   6.5400000000000000e+02  -7.4631158686265593e+01
   6.5500000000000000e+02  -7.4238573089374697e+01
   6.5600000000000000e+02  -7.3901724070721798e+01
   6.5700000000000000e+02  -7.3911230492366400e+01
   6.5800000000000000e+02  -7.4393712231385607e+01
   6.5900000000000000e+02  -7.4448853710970994e+01
   6.6000000000000000e+02  -7.4834509243780801e+01
   6.6100000000000000e+02  -7.4502950890416898e+01
   6.6200000000000000e+02  -7.4386343852508304e+01
   6.6300000000000000e+02  -7.4767609105125203e+01
   6.6400000000000000e+02  -7.4863523396263702e+01
   6.6500000000000000e+02  -7.5217981063388507e+01
   6.6600000000000000e+02  -7.5496695319216698e+01
   6.6700000000000000e+02  -7.5242801653119997e+01
   6.6800000000000000e+02  -7.5026757096562903e+01
   6.6900000000000000e+02  -7.4887544741776395e+01
   6.7000000000000000e+02  -7.4491315634256395e+01
   6.7100000000000000e+02  -7.5136433146099805e+01
   6.7200000000000000e+02  -7.4560279432681199e+01
   6.7300000000000000e+02  -7.4900504976320406e+01
   6.7400000000000000e+02  -7.4770114943326703e+01
   6.7500000000000000e+02  -7.4608136704368107e+01
   6.7600000000000000e+02  -7.4430941569514701e+01
   6.7700000000000000e+02  -7.4911387625725098e+01
   6.7800000000000000e+02  -7.4756955403639907e+01
   6.7900000000000000e+02  -7.4806873207420693e+01
   6.8000000000000000e+02  -7.5477920168476800e+01
   6.8100000000000000e+02  -7.5298129548343596e+01
   6.8200000000000000e+02  -7.5513912073689994e+01
   6.8300000000000000e+02  -7.5120593227960200e+01
   6.8400000000000000e+02  -7.5427953303295695e+01
   6.8500000000000000e+02  -7.5315153155479706e+01
   6.8600000000000000e+02  -7.5282968922722205e+01
   6.8700000000000000e+02  -7.5586909904443601e+01
   6.8800000000000000e+02  -7.5609767908423194e+01
   6.8900000000000000e+02  -7.6113492566154207e+01
   6.9000000000000000e+02  -7.6079417942352194e+01
   6.9100000000000000e+02  -7.5874940877732897e+01
   6.9200000000000000e+02  -7.5843823546655997e+01
   6.9300000000000000e+02  -7.5909297114911098e+01
   6.9400000000000000e+02  -7.5323569474194400e+01
   6.9500000000000000e+02  -7.5185707841707099e+01
   6.9600000000000000e+02  -7.5073009237741800e+01
   6.9700000000000000e+02  -7.5192821182848903e+01
   6.9800000000000000e+02  -7.4735139755559402e+01
   6.9900000000000000e+02  -7.4499731131443895e+01
   7.0000000000000000e+02  -7.4743530752364705e+01
   7.0100000000000000e+02  -7.4382172472744102e+01
   7.0200000000000000e+02  -7.4979884120967199e+01
   7.0300000000000000e+02  -7.5146969446038995e+01
   7.0400000000000000e+02  -7.4750315744685494e+01
   7.0500000000000000e+02  -7.4757634085730700e+01
   7.0600000000000000e+02  -7.4550925820477602e+01
   7.0700000000000000e+02  -7.4935918074805898e+01
   7.0800000000000000e+02  -7.5312438845114201e+01
   7.0900000000000000e+02  -7.5259337626710305e+01
   7.1000000000000000e+02  -7.5615181420940303e+01
   7.1100000000000000e+02  -7.5877105385685695e+01
   7.1200000000000000e+02  -7.6181864118694307e+01
   7.1300000000000000e+02  -7.5464206273740501e+01
   7.1400000000000000e+02  -7.4994562475471795e+01
   7.1500000000000000e+02  -7.5214573800695902e+01
   7.1600000000000000e+02  -7.5396586962339597e+01
   7.1700000000000000e+02  -7.5092759997099193e+01
   7.1800000000000000e+02  -7.4844710154997799e+01
   7.1900000000000000e+02  -7.4663706553139207e+01
   7.2000000000000000e+02  -7.4298433126988897e+01
   7.2100000000000000e+02  -7.4267602688609998e+01
   7.2200000000000000e+02  -7.4065059399832506e+01
   7.2300000000000000e+02  -7.4016784514842300e+01
   7.2400000000000000e+02  -7.3782844225638200e+01
   7.2500000000000000e+02  -7.4145503968490402e+01
   7.2600000000000000e+02  -7.4390266359672395e+01
   7.2700000000000000e+02  -7.4040193628565007e+01
   7.2800000000000000e+02  -7.4484155168126406e+01
   7.2900000000000000e+02  -7.4128440864629695e+01
   7.3000000000000000e+02  -7.4194462053024793e+01
   7.3100000000000000e+02  -7.4244448101618403e+01
   7.3200000000000000e+02  -7.4414090382375207e+01
   7.3300000000000000e+02  -7.4097657723601898e+01
   7.3400000000000000e+02  -7.4518313569295103e+01
   7.3500000000000000e+02  -7.4524901483474693e+01
   7.3600000000000000e+02  -7.5706011281310396e+01
   7.3700000000000000e+02  -7.5550672345066005e+01
   7.3800000000000000e+02  -7.5803515562448197e+01
   7.3900000000000000e+02  -7.5804197465920893e+01
   7.4000000000000000e+02  -7.5817920368761406e+01
   7.4100000000000000e+02  -7.5774161931770493e+01
   7.4200000000000000e+02  -7.5984456443781994e+01
   7.4300000000000000e+02  -7.5611766260557403e+01
   7.4400000000000000e+02  -7.5461774848366005e+01
   7.4500000000000000e+02  -7.5496744649894396e+01
   7.4600000000000000e+02  -7.4735649212900398e+01
   7.4700000000000000e+02  -7.5104744482943900e+01
   7.4800000000000000e+02  -7.5311143614990996e+01
   7.4900000000000000e+02  -7.5306174477094700e+01
   7.5000000000000000e+02  -7.5859586274425695e+01
   7.5100000000000000e+02  -7.5448720041588203e+01
   7.5200000000000000e+02  -7.4898368471714804e+01
   7.5300000000000000e+02  -7.5252077045563297e+01
   7.5400000000000000e+02  -7.5036913504447995e+01
   7.5500000000000000e+02  -7.5214758342006704e+01
   7.5600000000000000e+02  -7.5130362751719701e+01
   7.5700000000000000e+02  -7.4949361837034203e+01
   7.5800000000000000e+02  -7.5249806470858601e+01
   7.5900000000000000e+02  -7.4978579714357707e+01
   7.6000000000000000e+02  -7.4998042795755595e+01
   7.6100000000000000e+02  -7.5075346153943201e+01
   7.6200000000000000e+02  -7.5041546507970907e+01
   7.6300000000000000e+02  -7.5343449888020302e+01
   7.6400000000000000e+02  -7.5198092940665305e+01
   7.6500000000000000e+02  -7.5397629661462105e+01
   7.6600000000000000e+02  -7.5103970725104205e+01
   7.6700000000000000e+02  -7.4837082132676400e+01
   7.6800000000000000e+02  -7.5076770414321800e+01
   7.6900000000000000e+02  -7.5233491766959403e+01
   7.7000000000000000e+02  -7.5430485451896004e+01
   7.7100000000000000e+02  -7.5943811128203393e+01
   7.7200000000000000e+02  -7.5939279474613500e+01
   7.7300000000000000e+02  -7.5212252139274696e+01
   7.7400000000000000e+02  -7.5075309954064195e+01
   7.7500000000000000e+02  -7.5307960751862794e+01
   7.7600000000000000e+02  -7.5484170320077595e+01
   7.7700000000000000e+02  -7.4966323590006795e+01
   7.7800000000000000e+02  -7.4708965108829602e+01
   7.7900000000000000e+02  -7.4454919243615507e+01
   7.8000000000000000e+02  -7.4473417215057395e+01
   7.8100000000000000e+02  -7.4748270693939801e+01
   7.8200000000000000e+02  -7.5093769626302603e+01
   7.8300000000000000e+02  -7.5559452937847198e+01
   7.8400000000000000e+02  -7.5181269660352598e+01
   7.8500000000000000e+02  -7.4945066608524201e+01
   7.8600000000000000e+02  -7.4965567455803395e+01
   7.8700000000000000e+02  -7.4565942674603207e+01
   7.8800000000000000e+02  -7.4874271356099797e+01
   7.8900000000000000e+02  -7.4629665109305705e+01
   7.9000000000000000e+02  -7.4449427253601996e+01
   7.9100000000000000e+02  -7.4887465639517700e+01
   7.9200000000000000e+02  -7.4901364363689694e+01
   7.9300000000000000e+02  -7.4794968793986101e+01
   7.9400000000000000e+02  -7.4927600104621902e+01
   7.9500000000000000e+02  -7.5398112071769503e+01
   7.9600000000000000e+02  -7.5860001467621203e+01
   7.9700000000000000e+02  -7.5436709440275806e+01
   7.9800000000000000e+02  -7.5384679385493996e+01
   7.9900000000000000e+02  -7.5693432692695495e+01
   8.0000000000000000e+02  -7.5932569829363700e+01
   8.0100000000000000e+02  -7.5649632508069004e+01
   8.0200000000000000e+02  -7.5871260352419498e+01
   8.0300000000000000e+02  -7.5569054685634100e+01
   8.0400000000000000e+02  -7.5378630220616998e+01
   8.0500000000000000e+02  -7.5416327074543901e+01
   8.0600000000000000e+02  -7.5257434809293798e+01
   8.0700000000000000e+02  -7.5047210630812003e+01
   8.0800000000000000e+02  -7.5288164036635393e+01
   8.0900000000000000e+02  -7.5102460677659295e+01
   8.1000000000000000e+02  -7.4850531903223398e+01
   8.1100000000000000e+02  -7.4998448663261797e+01
   8.1200000000000000e+02  -7.4597208070068106e+01
   8.1300000000000000e+02  -7.4408312610008196e+01
   8.1400000000000000e+02  -7.3876247857741902e+01
   8.1500000000000000e+02  -7.4062925899670105e+01
   8.1600000000000000e+02  -7.4664724874699999e+01
   8.1700000000000000e+02  -7.4412732901166095e+01
   8.1800000000000000e+02  -7.4541534549139897e+01
   8.1900000000000000e+02  -7.4093394135705495e+01
   8.2000000000000000e+02  -7.3887529993935601e+01
   8.2100000000000000e+02  -7.4290562568139805e+01
   8.2200000000000000e+02  -7.4890742492985893e+01
   8.2300000000000000e+02  -7.4931186530762403e+01
   8.2400000000000000e+02  -7.4741084033449894e+01
   8.2500000000000000e+02  -7.4593066437827403e+01
   8.2600000000000000e+02  -7.4162860888029797e+01
   8.2700000000000000e+02  -7.3899129424286897e+01
   8.2800000000000000e+02  -7.3684042051776103e+01
   8.2900000000000000e+02  -7.4025598987129896e+01
   8.3000000000000000e+02  -7.4919598381727596e+01
   8.3100000000000000e+02  -7.5194517174627194e+01
   8.3200000000000000e+02  -7.5739081346710805e+01
   8.3300000000000000e+02  -7.5405462874465798e+01
   8.3400000000000000e+02  -7.5221128373629000e+01
   8.3500000000000000e+02  -7.5725516888119500e+01
   8.3600000000000000e+02  -7.5575261067358099e+01
   8.3700000000000000e+02  -7.4560235192293305e+01
   8.3800000000000000e+02  -7.3845175843240696e+01
   8.3900000000000000e+02  -7.4030889661979700e+01
   8.4000000000000000e+02  -7.4047483645685006e+01
   8.4100000000000000e+02  -7.3826615807287496e+01
   8.4200000000000000e+02  -7.4144232787061199e+01
   8.4300000000000000e+02  -7.4024731739927603e+01
   8.4400000000000000e+02  -7.3715444553177207e+01
   8.4500000000000000e+02  -7.3778830674198900e+01
   8.4600000000000000e+02  -7.3915859126935700e+01
   8.4700000000000000e+02  -7.3810832955876293e+01
   8.4800000000000000e+02  -7.3744000558210402e+01
   8.4900000000000000e+02  -7.3801124346530997e+01
   8.5000000000000000e+02  -7.3630306560449398e+01
   8.5100000000000000e+02  -7.3964924199917405e+01
   8.5200000000000000e+02  -7.4418575607490695e+01
   8.5300000000000000e+02  -7.4439165947529006e+01
   8.5400000000000000e+02  -7.4432453385968003e+01
   8.5500000000000000e+02  -7.4870115101091102e+01
   8.5600000000000000e+02  -7.4214213799054306e+01
   8.5700000000000000e+02  -7.4429315652920806e+01
   8.5800000000000000e+02  -7.4259811979197295e+01
   8.5900000000000000e+02  -7.4473073404542703e+01
   8.6000000000000000e+02  -7.4850076417241993e+01
   8.6100000000000000e+02  -7.4392854244586999e+01
   8.6200000000000000e+02  -7.4581867734378903e+01
   8.6300000000000000e+02  -7.4756424550836797e+01
   8.6400000000000000e+02  -7.5119246147740597e+01
   8.6500000000000000e+02  -7.5107718961390603e+01
   8.6600000000000000e+02  -7.5229155507418199e+01
   8.6700000000000000e+02  -7.5323878362032602e+01
   8.6800000000000000e+02  -7.5262859866255596e+01
   8.6900000000000000e+02  -7.4882554668659495e+01
   8.7000000000000000e+02  -7.4663012414708803e+01
   8.7100000000000000e+02  -7.4463305582453401e+01
   8.7200000000000000e+02  -7.4603652998433304e+01
   8.7300000000000000e+02  -7.4805532484689905e+01
   8.7400000000000000e+02  -7.4470496839426303e+01
   8.7500000000000000e+02  -7.4308163628664005e+01
   8.7600000000000000e+02  -7.4746449251787993e+01
   8.7700000000000000e+02  -7.4559546524694099e+01
   8.7800000000000000e+02  -7.4357021423174501e+01
   8.7900000000000000e+02  -7.3899946241474296e+01
   8.8000000000000000e+02  -7.3457642346242693e+01
   8.8100000000000000e+02  -7.3769530238027400e+01
   8.8200000000000000e+02  -7.3471292739004994e+01
   8.8300000000000000e+02  -7.3423937718471095e+01
   8.8400000000000000e+02  -7.3049776544530005e+01
   8.8500000000000000e+02  -7.2897979995957002e+01
   8.8600000000000000e+02  -7.3268212291094798e+01
   8.8700000000000000e+02  -7.3031057216293405e+01
   8.8800000000000000e+02  -7.2887543507161595e+01
   8.8900000000000000e+02  -7.2696078005147399e+01
   8.9000000000000000e+02  -7.2869982751507195e+01
   8.9100000000000000e+02  -7.2793808295925103e+01
   8.9200000000000000e+02  -7.3102918533234700e+01
   8.9300000000000000e+02  -7.3250637609419798e+01
   8.9400000000000000e+02  -7.3462324893169907e+01
   8.9500000000000000e+02  -7.4345089304241398e+01
   8.9600000000000000e+02  -7.4180253739683906e+01
   8.9700000000000000e+02  -7.3496915013059706e+01
   8.9800000000000000e+02  -7.3771832037036404e+01
   8.9900000000000000e+02  -7.4131618160438904e+01
   9.0000000000000000e+02  -7.3868093888696094e+01
   9.0100000000000000e+02  -7.3661178987211798e+01
   9.0200000000000000e+02  -7.3775833086923896e+01
   9.0300000000000000e+02  -7.3877365136308200e+01
   9.0400000000000000e+02  -7.3642035785560495e+01
   9.0500000000000000e+02  -7.3471324069951194e+01
   9.0600000000000000e+02  -7.2870607397761802e+01
   9.0700000000000000e+02  -7.3372268298201504e+01
   9.0800000000000000e+02  -7.2968805306190106e+01
   9.0900000000000000e+02  -7.2908851406982507e+01
   9.1000000000000000e+02  -7.3036742646051096e+01
   9.1100000000000000e+02  -7.3202136116957305e+01
   9.1200000000000000e+02  -7.2930957371986295e+01
   9.1300000000000000e+02  -7.3126581587312700e+01
   9.1400000000000000e+02  -7.3146746833430299e+01
   9.1500000000000000e+02  -7.3561900708766501e+01
   9.1600000000000000e+02  -7.3368803289930696e+01
   9.1700000000000000e+02  -7.3583050834771399e+01
   9.1800000000000000e+02  -7.4037683235765996e+01
   9.1900000000000000e+02  -7.3940669576744099e+01
   9.2000000000000000e+02  -7.4435398372823897e+01
   9.2100000000000000e+02  -7.4447784324321105e+01
   9.2200000000000000e+02  -7.4265719546569699e+01
   9.2300000000000000e+02  -7.3628362795480399e+01
   9.2400000000000000e+02  -7.3620139521739006e+01
   9.2500000000000000e+02  -7.3912727768793800e+01
   9.2600000000000000e+02  -7.3641327219824802e+01
   9.2700000000000000e+02  -7.3576483436686701e+01
   9.2800000000000000e+02  -7.3175803424706302e+01
   9.2900000000000000e+02  -7.3028903877834196e+01
   9.3000000000000000e+02  -7.2351806407967700e+01
   9.3100000000000000e+02  -7.2069625437198297e+01
   9.3200000000000000e+02  -7.1925899600547297e+01
   9.3300000000000000e+02  -7.1977149398391802e+01
   9.3400000000000000e+02  -7.2052121253821994e+01
   9.3500000000000000e+02  -7.2204724099013205e+01
   9.3600000000000000e+02  -7.1666476890300402e+01
   9.3700000000000000e+02  -7.1598173373905894e+01
   9.3800000000000000e+02  -7.1566906241437195e+01
   9.3900000000000000e+02  -7.1718696729836296e+01
   9.4000000000000000e+02  -7.1657696790386694e+01
   9.4100000000000000e+02  -7.1324019994231094e+01
   9.4200000000000000e+02  -7.1460030641815294e+01
   9.4300000000000000e+02  -7.1660617086887299e+01
   9.4400000000000000e+02  -7.1803639357748096e+01
   9.4500000000000000e+02  -7.1637542074110797e+01
   9.4600000000000000e+02  -7.1853157276026195e+01
   9.4700000000000000e+02  -7.1738976493007698e+01
   9.4800000000000000e+02  -7.2462121178893696e+01
   9.4900000000000000e+02  -7.1900881346763896e+01
   9.5000000000000000e+02  -7.1950652564619304e+01
   9.5100000000000000e+02  -7.1864123996691106e+01
   9.5200000000000000e+02  -7.1959999304942002e+01
   9.5300000000000000e+02  -7.1183377121871601e+01
   9.5400000000000000e+02  -7.1091777260795595e+01
   9.5500000000000000e+02  -7.0402213836315099e+01
   9.5600000000000000e+02  -7.0660702238927399e+01
   9.5700000000000000e+02  -7.0774908329292003e+01
   9.5800000000000000e+02  -7.0773008620700296e+01
   9.5900000000000000e+02  -7.0460488229184705e+01
   9.6000000000000000e+02  -7.0368031986399004e+01
   9.6100000000000000e+02  -7.0316091335875001e+01
   9.6200000000000000e+02  -7.0725894175362797e+01
   9.6300000000000000e+02  -7.0536494142531893e+01
   9.6400000000000000e+02  -6.9720068565265393e+01
   9.6500000000000000e+02  -7.0081439856473594e+01
   9.6600000000000000e+02  -7.0440483778417601e+01
   9.6700000000000000e+02  -6.9798149416374699e+01
   9.6800000000000000e+02  -6.9787017014121304e+01
   9.6900000000000000e+02  -6.9694330517659495e+01
   9.7000000000000000e+02  -6.9457476031204195e+01
   9.7100000000000000e+02  -6.8919341225117904e+01
   9.7200000000000000e+02  -6.8577062939239298e+01
   9.7300000000000000e+02  -6.8503591786857598e+01
   9.7400000000000000e+02  -6.8753921362846498e+01
   9.7500000000000000e+02  -6.9072647245642102e+01
   9.7600000000000000e+02  -6.9358676732200806e+01
   9.7700000000000000e+02  -6.9673609473555501e+01
   9.7800000000000000e+02  -6.9532938830865902e+01
   9.7900000000000000e+02  -6.9070556818321194e+01
   9.8000000000000000e+02  -6.9296137412125105e+01
   9.8100000000000000e+02  -6.9141261636531993e+01
   9.8200000000000000e+02  -6.9459163894184996e+01
   9.8300000000000000e+02  -6.9108687426520802e+01
   9.8400000000000000e+02  -6.9358627235241002e+01
   9.8500000000000000e+02  -6.9166475383833102e+01
   9.8600000000000000e+02  -6.8842089077138496e+01
   9.8700000000000000e+02  -6.8752687308463905e+01
   9.8800000000000000e+02  -6.8488067623513402e+01
   9.8900000000000000e+02  -6.8459038826744404e+01
   9.9000000000000000e+02  -6.8613780044612994e+01
   9.9100000000000000e+02  -6.8647697665251400e+01
   9.9200000000000000e+02  -6.8014969255415593e+01
   9.9300000000000000e+02  -6.8350800182230998e+01
   9.9400000000000000e+02  -6.8089087048780797e+01
   9.9500000000000000e+02  -6.8030416970841102e+01
   9.9600000000000000e+02  -6.7785459837667702e+01
   9.9700000000000000e+02  -6.7605842165047207e+01
   9.9800000000000000e+02  -6.7274342484450102e+01
   9.9900000000000000e+02  -6.7205068261778905e+01
   1.0000000000000000e+03  -6.6951825974672303e+01
   1.0010000000000000e+03  -6.6661790189571406e+01
   1.0020000000000000e+03  -6.6675950296233907e+01
   1.0030000000000000e+03  -6.6558802002799993e+01
   1.0040000000000000e+03  -6.6600947759358505e+01
   1.0050000000000000e+03  -6.6252192284930004e+01
   1.0060000000000000e+03  -6.6736264478730206e+01
   1.0070000000000000e+03  -6.6528047293279300e+01
   1.0080000000000000e+03  -6.6469699308759800e+01
   1.0090000000000000e+03  -6.6219552110020004e+01
   1.0100000000000000e+03  -6.6228449711440206e+01
   1.0110000000000000e+03  -6.5811810816949901e+01
   1.0120000000000000e+03  -6.5772142219967094e+01
   1.0130000000000000e+03  -6.5544121606284705e+01
   1.0140000000000000e+03  -6.5347722662637096e+01
   1.0150000000000000e+03  -6.4897355288845503e+01
   1.0160000000000000e+03  -6.4345367399885006e+01
   1.0170000000000000e+03  -6.4362331437573403e+01
   1.0180000000000000e+03  -6.4241559904094800e+01
   1.0190000000000000e+03  -6.3968242175561201e+01
   1.0200000000000000e+03  -6.3456029788075199e+01
   1.0210000000000000e+03  -6.2945553188657300e+01
   1.0220000000000000e+03  -6.1584936561727503e+01
   1.0230000000000000e+03  -6.0399877219382603e+01
   1.0240000000000000e+03  -5.9470520954448403e+01
   1.0250000000000000e+03  -5.6888924500294799e+01
   1.0260000000000000e+03  -5.3153413903988202e+01
   1.0270000000000000e+03  -4.1878523363231999e+01
   1.0280000000000000e+03  -1.3236984392237201e+01
