  -1.0000000000000000e+02  -7.3699821984692093e+01
  -9.9000000000000000e+01  -7.3790458282007506e+01
  -9.8000000000000000e+01  -7.3853956067959700e+01
  -9.7000000000000000e+01  -7.3634224340618204e+01
  -9.6000000000000000e+01  -7.4089456227615301e+01
  -9.5000000000000000e+01  -7.4953710535267007e+01
  -9.4000000000000000e+01  -7.4969024157392596e+01
  -9.3000000000000000e+01  -7.4876768755924900e+01
  -9.2000000000000000e+01  -7.4293927434664198e+01
  -9.1000000000000000e+01  -7.4092588593171300e+01
  -9.0000000000000000e+01  -7.3470218923446893e+01
  -8.9000000000000000e+01  -7.3592574265966604e+01
  -8.8000000000000000e+01  -7.4157636788010507e+01
  -8.7000000000000000e+01  -7.3926474381854803e+01
  -8.6000000000000000e+01  -7.4198081429823304e+01
  -8.5000000000000000e+01  -7.3828272647722599e+01
  -8.4000000000000000e+01  -7.3453547519345406e+01
  -8.3000000000000000e+01  -7.3444935644543406e+01
  -8.2000000000000000e+01  -7.3773174435387006e+01
  -8.1000000000000000e+01  -7.3584020579490200e+01
  -8.0000000000000000e+01  -7.3528351727658304e+01
  -7.9000000000000000e+01  -7.3629007347902501e+01
  -7.8000000000000000e+01  -7.4096543919141595e+01
  -7.7000000000000000e+01  -7.3697600707137198e+01
  -7.6000000000000000e+01  -7.3678906595621399e+01
  -7.5000000000000000e+01  -7.4114808425192606e+01
  -7.4000000000000000e+01  -7.4430130176754403e+01
  -7.3000000000000000e+01  -7.4496944272962807e+01
  -7.2000000000000000e+01  -7.4313293827247193e+01
  -7.1000000000000000e+01  -7.3959366039776299e+01
  -7.0000000000000000e+01  -7.4030546278850196e+01
  -6.9000000000000000e+01  -7.3955218565671800e+01
  -6.8000000000000000e+01  -7.4123633787520703e+01
  -6.7000000000000000e+01  -7.3839668233905797e+01
  -6.6000000000000000e+01  -7.4000607417952395e+01
  -6.5000000000000000e+01  -7.3948584733628707e+01
  -6.4000000000000000e+01  -7.3707352320784807e+01
  -6.3000000000000000e+01  -7.3804128961804395e+01
  -6.2000000000000000e+01  -7.3585672315116994e+01
  -6.1000000000000000e+01  -7.3021092650905004e+01
  -6.0000000000000000e+01  -7.2636763884319905e+01
  -5.9000000000000000e+01  -7.2657946329379598e+01
  -5.8000000000000000e+01  -7.2753944925505294e+01
  -5.7000000000000000e+01  -7.2554965141418805e+01
  -5.6000000000000000e+01  -7.2975560120341896e+01
  -5.5000000000000000e+01  -7.3146869125666996e+01
  -5.4000000000000000e+01  -7.2517041620862202e+01
  -5.3000000000000000e+01  -7.2596617860948101e+01
  -5.2000000000000000e+01  -7.2480128974206593e+01
  -5.1000000000000000e+01  -7.2200943403672596e+01
  -5.0000000000000000e+01  -7.1814874354108895e+01
  -4.9000000000000000e+01  -7.1340957992026304e+01
  -4.8000000000000000e+01  -7.1181011225317107e+01
  -4.7000000000000000e+01  -7.1305853454403206e+01
  -4.6000000000000000e+01  -7.1658760120640196e+01
  -4.5000000000000000e+01  -7.1632659059274403e+01
  -4.4000000000000000e+01  -7.1172363154518195e+01
  -4.3000000000000000e+01  -7.1078988770582797e+01
  -4.2000000000000000e+01  -7.1625967496731306e+01
  -4.1000000000000000e+01  -7.1141418758221604e+01
  -4.0000000000000000e+01  -7.0611927828711700e+01
  -3.9000000000000000e+01  -7.0240151979255799e+01
  -3.8000000000000000e+01  -7.0209496640169306e+01
  -3.7000000000000000e+01  -7.0022096556568499e+01
  -3.6000000000000000e+01  -6.9897880977837701e+01
  -3.5000000000000000e+01  -7.0065815541089407e+01
  -3.4000000000000000e+01  -7.0000225055514306e+01
  -3.3000000000000000e+01  -6.9945603081874495e+01
  -3.2000000000000000e+01  -6.9409807001748305e+01
  -3.1000000000000000e+01  -6.8889553742281194e+01
  -3.0000000000000000e+01  -6.8496700217991304e+01
  -2.9000000000000000e+01  -6.8080452640719798e+01
  -2.8000000000000000e+01  -6.7827339699529105e+01
  -2.7000000000000000e+01  -6.7768949358500294e+01
  -2.6000000000000000e+01  -6.7796228172054299e+01
  -2.5000000000000000e+01  -6.7865572554471598e+01
  -2.4000000000000000e+01  -6.7134252432947605e+01
  -2.3000000000000000e+01  -6.7257078696183797e+01
  -2.2000000000000000e+01  -6.7055984113669496e+01
  -2.1000000000000000e+01  -6.7124327430332201e+01
  -2.0000000000000000e+01  -6.6855985620336597e+01
  -1.9000000000000000e+01  -6.6888381820963502e+01
  -1.8000000000000000e+01  -6.6718935432259201e+01
  -1.7000000000000000e+01  -6.6558923258563098e+01
  -1.6000000000000000e+01  -6.6045670754900598e+01
  -1.5000000000000000e+01  -6.6061790816577897e+01
  -1.4000000000000000e+01  -6.5364792430819904e+01
  -1.3000000000000000e+01  -6.5085112817143695e+01
  -1.2000000000000000e+01  -6.5134100903503807e+01
  -1.1000000000000000e+01  -6.4760882167332298e+01
  -1.0000000000000000e+01  -6.4333551954214599e+01
  -9.0000000000000000e+00  -6.4123910601525296e+01
  -8.0000000000000000e+00  -6.3362292831871102e+01
  -7.0000000000000000e+00  -6.2425121397089001e+01
  -6.0000000000000000e+00  -6.1946933068939302e+01
  -5.0000000000000000e+00  -6.0658021469845998e+01
  -4.0000000000000000e+00  -5.8691774929406300e+01
  -3.0000000000000000e+00  -5.6491394427081502e+01
  -2.0000000000000000e+00  -5.1745434310780503e+01
  -1.0000000000000000e+00  -3.5036127004952903e+01
   0.0000000000000000e+00  -7.3921168779533399e+00
   1.0000000000000000e+00   9.3632810038906609e+00
   2.0000000000000000e+00   1.8505216172379800e+01
   3.0000000000000000e+00   2.2944512015471201e+01
   4.0000000000000000e+00   2.5839770980582198e+01
   5.0000000000000000e+00   2.6932405627569999e+01
   6.0000000000000000e+00   2.7020454464808701e+01
   7.0000000000000000e+00   2.7448457443013801e+01
   8.0000000000000000e+00   2.7775478339448298e+01
   9.0000000000000000e+00   2.8242456385211501e+01
   1.0000000000000000e+01   2.8783527791876701e+01
   1.1000000000000000e+01   2.8731402581802900e+01
   1.2000000000000000e+01   2.9433732763887299e+01
   1.3000000000000000e+01   2.9587978655267701e+01
   1.4000000000000000e+01   2.9981924709544899e+01
   1.5000000000000000e+01   3.0212331489043301e+01
   1.6000000000000000e+01   3.0674825999142399e+01
   1.7000000000000000e+01   3.0822449346944101e+01
   1.8000000000000000e+01   3.0798540456120399e+01
   1.9000000000000000e+01   3.0827462321100899e+01
   2.0000000000000000e+01   3.0903824415788598e+01
   2.1000000000000000e+01   3.0740980003280701e+01
   2.2000000000000000e+01   3.0821130086536201e+01
   2.3000000000000000e+01   3.1229605244728798e+01
   2.4000000000000000e+01   3.1217142092222399e+01
   2.5000000000000000e+01   3.1110775171907399e+01
   2.6000000000000000e+01   3.0939165082523601e+01
   2.7000000000000000e+01   3.1438688212304701e+01
   2.8000000000000000e+01   3.1570669719534202e+01
   2.9000000000000000e+01   3.1586563372382500e+01
   3.0000000000000000e+01   3.1325799474799499e+01
   3.1000000000000000e+01   3.1049708186632198e+01
   3.2000000000000000e+01   3.1549542134940602e+01
   3.3000000000000000e+01   3.1716700535402900e+01
   3.4000000000000000e+01   3.1482002805303200e+01
   3.5000000000000000e+01   3.1395886681869101e+01
   3.6000000000000000e+01   3.1440723438697098e+01
   3.7000000000000000e+01   3.1080181119021400e+01
   3.8000000000000000e+01   3.0925091499228600e+01
   3.9000000000000000e+01   3.1252476139474101e+01
   4.0000000000000000e+01   3.1501387699922901e+01
   4.1000000000000000e+01   3.1539000461636601e+01
   4.2000000000000000e+01   3.1527225031190600e+01
   4.3000000000000000e+01   3.1615725284704300e+01
   4.4000000000000000e+01   3.1518453477085600e+01
   4.5000000000000000e+01   3.1772417128177700e+01
   4.6000000000000000e+01   3.1462757604616701e+01
   4.7000000000000000e+01   3.1794114946801599e+01
   4.8000000000000000e+01   3.2289310113590403e+01
   4.9000000000000000e+01   3.2538404086130200e+01
   5.0000000000000000e+01   3.2795277699822798e+01
   5.1000000000000000e+01   3.2781303781683398e+01
   5.2000000000000000e+01   3.2931086812200597e+01
   5.3000000000000000e+01   3.2856728566839003e+01
   5.4000000000000000e+01   3.3139992090040103e+01
   5.5000000000000000e+01   3.3371750557488497e+01
   5.6000000000000000e+01   3.3148246140353997e+01
   5.7000000000000000e+01   3.3370961811180003e+01
   5.8000000000000000e+01   3.3210053758953997e+01
   5.9000000000000000e+01   3.3884260602713603e+01
   6.0000000000000000e+01   3.3987942429745203e+01
   6.1000000000000000e+01   3.4384313586675603e+01
   6.2000000000000000e+01   3.4272355743384999e+01
   6.3000000000000000e+01   3.4377552471819499e+01
   6.4000000000000000e+01   3.4491762993631802e+01
   6.5000000000000000e+01   3.4936438666899399e+01
   6.6000000000000000e+01   3.5324041570614902e+01
   6.7000000000000000e+01   3.5246179975496403e+01
   6.8000000000000000e+01   3.5427987428501197e+01
   6.9000000000000000e+01   3.5300336611283797e+01
   7.0000000000000000e+01   3.5069517493009698e+01
   7.1000000000000000e+01   3.5504125740579703e+01
   7.2000000000000000e+01   3.5452942719758703e+01
   7.3000000000000000e+01   3.5201115224519199e+01
   7.4000000000000000e+01   3.4879722162425999e+01
   7.5000000000000000e+01   3.5091763078166899e+01
   7.6000000000000000e+01   3.5194209567522698e+01
   7.7000000000000000e+01   3.4987412725917402e+01
   7.8000000000000000e+01   3.4899332775814898e+01
   7.9000000000000000e+01   3.5104212775200502e+01
   8.0000000000000000e+01   3.5620119890736099e+01
   8.1000000000000000e+01   3.5769356536604199e+01
   8.2000000000000000e+01   3.5839298755729601e+01
   8.3000000000000000e+01   3.6000941330016602e+01
   8.4000000000000000e+01   3.5781391767858800e+01
   8.5000000000000000e+01   3.5744092269890103e+01
   8.6000000000000000e+01   3.5899935941792101e+01
   8.7000000000000000e+01   3.6058001260811203e+01
   8.8000000000000000e+01   3.5759060135926703e+01
   8.9000000000000000e+01   3.5716917695863103e+01
   9.0000000000000000e+01   3.5621461576416202e+01
   9.1000000000000000e+01   3.5566484475811798e+01
   9.2000000000000000e+01   3.5755891841915002e+01
   9.3000000000000000e+01   3.5341137610824397e+01
   9.4000000000000000e+01   3.5355849657857803e+01
   9.5000000000000000e+01   3.5145426942364402e+01
   9.6000000000000000e+01   3.5286504638928903e+01
   9.7000000000000000e+01   3.5236435264497302e+01
   9.8000000000000000e+01   3.5481873262234203e+01
   9.9000000000000000e+01   3.5031273207248297e+01
   1.0000000000000000e+02   3.4869418570129000e+01
   1.0100000000000000e+02   3.4687833518874200e+01
   1.0200000000000000e+02   3.4605978693822003e+01
   1.0300000000000000e+02   3.3815991443491697e+01
   1.0400000000000000e+02   3.3744089583762403e+01
   1.0500000000000000e+02   3.3650603014011502e+01
   1.0600000000000000e+02   3.3613262465585898e+01
   1.0700000000000000e+02   3.3638095344241698e+01
   1.0800000000000000e+02   3.3776688828136898e+01
   1.0900000000000000e+02   3.3396868649415801e+01
   1.1000000000000000e+02   3.2999318504566403e+01
   1.1100000000000000e+02   3.3020214263721698e+01
   1.1200000000000000e+02   3.2541157996722603e+01
   1.1300000000000000e+02   3.2295842589901703e+01
   1.1400000000000000e+02   3.1835529753866201e+01
   1.1500000000000000e+02   3.1380704644106402e+01
   1.1600000000000000e+02   3.0958603661252901e+01
   1.1700000000000000e+02   3.0647431367803399e+01
   1.1800000000000000e+02   3.0563354973163900e+01
   1.1900000000000000e+02   3.0638912110288800e+01
   1.2000000000000000e+02   3.1076498468990199e+01
   1.2100000000000000e+02   3.0793664502795600e+01
   1.2200000000000000e+02   3.0400040324759001e+01
   1.2300000000000000e+02   3.0061665704352599e+01
   1.2400000000000000e+02   3.0012362893605701e+01
   1.2500000000000000e+02   2.9526205426629598e+01
   1.2600000000000000e+02   2.9112458829747698e+01
   1.2700000000000000e+02   2.8848349866682401e+01
   1.2800000000000000e+02   2.9133920096691899e+01
   1.2900000000000000e+02   2.9148403402450899e+01
   1.3000000000000000e+02   2.8815573914391098e+01
   1.3100000000000000e+02   2.8441998130056700e+01
   1.3200000000000000e+02   2.8697396950297399e+01
   1.3300000000000000e+02   2.9048719295196900e+01
   1.3400000000000000e+02   2.8910527983228100e+01
   1.3500000000000000e+02   2.9231751206593600e+01
   1.3600000000000000e+02   2.8739601662648699e+01
   1.3700000000000000e+02   2.8852072545015002e+01
   1.3800000000000000e+02   2.8895781619184600e+01
   1.3900000000000000e+02   2.8754245911819201e+01
   1.4000000000000000e+02   2.8963049855363099e+01
   1.4100000000000000e+02   2.8334782119754600e+01
   1.4200000000000000e+02   2.8326505847389701e+01
   1.4300000000000000e+02   2.8079203611962502e+01
   1.4400000000000000e+02   2.7976790474086901e+01
   1.4500000000000000e+02   2.8393493142834799e+01
   1.4600000000000000e+02   2.8335087221765200e+01
   1.4700000000000000e+02   2.8344750609852099e+01
   1.4800000000000000e+02   2.8316831967232801e+01
   1.4900000000000000e+02   2.7936859928395201e+01
   1.5000000000000000e+02   2.7373262071649499e+01
   1.5100000000000000e+02   2.7477573666146700e+01
   1.5200000000000000e+02   2.7058211005888701e+01
   1.5300000000000000e+02   2.7447531106134502e+01
   1.5400000000000000e+02   2.7540076502239199e+01
   1.5500000000000000e+02   2.7321744807294898e+01
   1.5600000000000000e+02   2.6601990746777801e+01
   1.5700000000000000e+02   2.6720927842367502e+01
   1.5800000000000000e+02   2.6556606220568000e+01
   1.5900000000000000e+02   2.6509528789322399e+01
   1.6000000000000000e+02   2.6496886961039600e+01
   1.6100000000000000e+02   2.6261147168535100e+01
   1.6200000000000000e+02   2.6223849704146701e+01
   1.6300000000000000e+02   2.6327021313175500e+01
   1.6400000000000000e+02   2.6240607214592199e+01
   1.6500000000000000e+02   2.6508615789217600e+01
   1.6600000000000000e+02   2.6895538742846000e+01
   1.6700000000000000e+02   2.6890042880525101e+01
   1.6800000000000000e+02   2.6395136200038699e+01
   1.6900000000000000e+02   2.6066778558320198e+01
   1.7000000000000000e+02   2.5907985048513002e+01
   1.7100000000000000e+02   2.6203230172260099e+01
   1.7200000000000000e+02   2.6032031414747699e+01
   1.7300000000000000e+02   2.5799655520073401e+01
   1.7400000000000000e+02   2.6180009439767399e+01
   1.7500000000000000e+02   2.5738645005852899e+01
   1.7600000000000000e+02   2.5842587051621202e+01
   1.7700000000000000e+02   2.5732624765284601e+01
   1.7800000000000000e+02   2.5159347549384801e+01
   1.7900000000000000e+02   2.4511710947798498e+01
   1.8000000000000000e+02   2.4037075021981799e+01
   1.8100000000000000e+02   2.3669097662560599e+01
   1.8200000000000000e+02   2.3399649094581999e+01
   1.8300000000000000e+02   2.3349134931104899e+01
   1.8400000000000000e+02   2.3137124176302901e+01
   1.8500000000000000e+02   2.2818321527767100e+01
   1.8600000000000000e+02   2.2689542354360800e+01
   1.8700000000000000e+02   2.2470262062036198e+01
   1.8800000000000000e+02   2.2060843837462201e+01
   1.8900000000000000e+02   2.2560379011865301e+01
   1.9000000000000000e+02   2.2420873816278299e+01
   1.9100000000000000e+02   2.2170291569848299e+01
   1.9200000000000000e+02   2.2135333534471901e+01
   1.9300000000000000e+02   2.1653332192327401e+01
   1.9400000000000000e+02   2.1825678767821099e+01
   1.9500000000000000e+02   2.2441182457890100e+01
   1.9600000000000000e+02   2.2560332353917701e+01
   1.9700000000000000e+02   2.2187987662920101e+01
   1.9800000000000000e+02   2.2894198093572800e+01
   1.9900000000000000e+02   2.2664036415438801e+01
   2.0000000000000000e+02   2.2588402163282499e+01
   2.0100000000000000e+02   2.1785272817793100e+01
   2.0200000000000000e+02   2.1875703237016701e+01
   2.0300000000000000e+02   2.1840858591243101e+01
   2.0400000000000000e+02   2.1359454668634900e+01
   2.0500000000000000e+02   2.1040464829139101e+01
   2.0600000000000000e+02   2.0886089463842300e+01
   2.0700000000000000e+02   2.0593400956228201e+01
   2.0800000000000000e+02   2.0729535706863299e+01
   2.0900000000000000e+02   2.0877555664221301e+01
   2.1000000000000000e+02   2.1026624815467802e+01
   2.1100000000000000e+02   2.1178869618861800e+01
   2.1200000000000000e+02   2.1072413596672899e+01
   2.1300000000000000e+02   2.1004802352603001e+01
   2.1400000000000000e+02   2.1296274864743101e+01
   2.1500000000000000e+02   2.1433230138412299e+01
   2.1600000000000000e+02   2.1566015864874899e+01
   2.1700000000000000e+02   2.1061735718897499e+01
   2.1800000000000000e+02   2.1528061956271699e+01
   2.1900000000000000e+02   2.1337797502594199e+01
   2.2000000000000000e+02   2.1376167004281200e+01
   2.2100000000000000e+02   2.0797344034578099e+01
   2.2200000000000000e+02   2.0553151130152600e+01
   2.2300000000000000e+02   2.0588728890169602e+01
   2.2400000000000000e+02   2.0464608737499901e+01
   2.2500000000000000e+02   2.0471803739539599e+01
   2.2600000000000000e+02   2.0259702138103702e+01
   2.2700000000000000e+02   2.0268210755496700e+01
   2.2800000000000000e+02   2.0018721869773600e+01
   2.2900000000000000e+02   1.9930495873541101e+01
   2.3000000000000000e+02   2.0141209342393001e+01
   2.3100000000000000e+02   2.0009866619908699e+01
   2.3200000000000000e+02   1.9140604023627301e+01
   2.3300000000000000e+02   1.9047950688658201e+01
   2.3400000000000000e+02   1.9192401000985299e+01
   2.3500000000000000e+02   1.9576157284495999e+01
   2.3600000000000000e+02   1.9209196439516500e+01
   2.3700000000000000e+02   1.9050266066071099e+01
   2.3800000000000000e+02   1.8679457176721701e+01
   2.3900000000000000e+02   1.8531087463044202e+01
   2.4000000000000000e+02   1.8370368029293900e+01
   2.4100000000000000e+02   1.8585886491262201e+01
   2.4200000000000000e+02   1.8304661826332499e+01
   2.4300000000000000e+02   1.7573649428947299e+01
   2.4400000000000000e+02   1.7240181377264602e+01
   2.4500000000000000e+02   1.7046548617936999e+01
   2.4600000000000000e+02   1.7094770556729500e+01
   2.4700000000000000e+02   1.7295978844080700e+01
   2.4800000000000000e+02   1.6804441130857398e+01
   2.4900000000000000e+02   1.6399822389373998e+01
   2.5000000000000000e+02   1.6023018551590798e+01
   2.5100000000000000e+02   1.5564393477599500e+01
   2.5200000000000000e+02   1.5734324341651901e+01
   2.5300000000000000e+02   1.5414295384600900e+01
   2.5400000000000000e+02   1.5060821874000800e+01
   2.5500000000000000e+02   1.4652960443241700e+01
   2.5600000000000000e+02   1.4211896675982100e+01
   2.5700000000000000e+02   1.4125362197390601e+01
   2.5800000000000000e+02   1.3980168501245799e+01
   2.5900000000000000e+02   1.3769320410362100e+01
   2.6000000000000000e+02   1.3286273999167800e+01
   2.6100000000000000e+02   1.3152958622898201e+01
   2.6200000000000000e+02   1.2448593218986000e+01
   2.6300000000000000e+02   1.1745173863223400e+01
   2.6400000000000000e+02   1.1567888665581400e+01
   2.6500000000000000e+02   1.1313713787199500e+01
   2.6600000000000000e+02   1.0880507078586600e+01
   2.6700000000000000e+02   1.0583520571258401e+01
   2.6800000000000000e+02   1.0465499628607301e+01
   2.6900000000000000e+02   1.0147432498317301e+01
   2.7000000000000000e+02   9.9741779684698795e+00
   2.7100000000000000e+02   9.3623481956861099e+00
   2.7200000000000000e+02   8.6233833301181093e+00
   2.7300000000000000e+02   8.4261703728803603e+00
   2.7400000000000000e+02   8.0916136454218002e+00
   2.7500000000000000e+02   7.4660545907690201e+00
   2.7600000000000000e+02   6.5211501892296599e+00
   2.7700000000000000e+02   6.0325854828858700e+00
   2.7800000000000000e+02   6.0334801198300596e+00
   2.7900000000000000e+02   6.0109667051708398e+00
   2.8000000000000000e+02   5.7113655301792203e+00
   2.8100000000000000e+02   6.2864800903743401e+00
   2.8200000000000000e+02   5.9831432724495901e+00
   2.8300000000000000e+02   5.9821931915903601e+00
   2.8400000000000000e+02   6.4458044082661603e+00
   2.8500000000000000e+02   5.7369256504828101e+00
   2.8600000000000000e+02   5.3823728554025401e+00
   2.8700000000000000e+02   5.0971478163706401e+00
   2.8800000000000000e+02   4.8516840783932897e+00
   2.8900000000000000e+02   4.6659064799926702e+00
   2.9000000000000000e+02   4.2830156165781199e+00
   2.9100000000000000e+02   4.5140913002558802e+00
   2.9200000000000000e+02   4.5723180682226703e+00
   2.9300000000000000e+02   4.6680065446359000e+00
   2.9400000000000000e+02   4.5631550302842596e+00
   2.9500000000000000e+02   4.6935492991479597e+00
   2.9600000000000000e+02   4.2803430667378999e+00
   2.9700000000000000e+02   3.9583491770920598e+00
   2.9800000000000000e+02   4.1518023361023104e+00
   2.9900000000000000e+02   3.6476981332753700e+00
   3.0000000000000000e+02   3.5564743220039099e+00
   3.0100000000000000e+02   3.3561832806005900e+00
   3.0200000000000000e+02   3.1759248647211100e+00
   3.0300000000000000e+02   2.9329975922618399e+00
   3.0400000000000000e+02   2.3904140228766702e+00
   3.0500000000000000e+02   2.2355166726582998e+00
   3.0600000000000000e+02   1.8758267727238500e+00
   3.0700000000000000e+02   1.1775729581660901e+00
   3.0800000000000000e+02   1.3868860164315999e+00
   3.0900000000000000e+02   2.7125051369808301e-01
   3.1000000000000000e+02  -2.1993471235964901e-01
   3.1100000000000000e+02  -6.2731514502014396e-01
   3.1200000000000000e+02  -7.8127278650159304e-01
   3.1300000000000000e+02  -1.1792039345835501e+00
   3.1400000000000000e+02  -1.3958582248740099e+00
   3.1500000000000000e+02  -1.6347014900318599e+00
   3.1600000000000000e+02  -1.7954238005402801e+00
   3.1700000000000000e+02  -1.7165852107363699e+00
   3.1800000000000000e+02  -2.1005400002600201e+00
   3.1900000000000000e+02  -2.6740631988917598e+00
   3.2000000000000000e+02  -3.4800891566717702e+00
   3.2100000000000000e+02  -4.1345578501030804e+00
   3.2200000000000000e+02  -4.2620504322298602e+00
   3.2300000000000000e+02  -4.9445762375463298e+00
   3.2400000000000000e+02  -5.3715765940994604e+00
   3.2500000000000000e+02  -5.5532061969104500e+00
   3.2600000000000000e+02  -6.3905222137761202e+00
   3.2700000000000000e+02  -6.3359843729316898e+00
   3.2800000000000000e+02  -6.8726450579099003e+00
   3.2900000000000000e+02  -7.1499511453924303e+00
   3.3000000000000000e+02  -7.3197971037859197e+00
   3.3100000000000000e+02  -7.2570492057102900e+00
   3.3200000000000000e+02  -7.6456653368427796e+00
   3.3300000000000000e+02  -8.0278130490736306e+00
   3.3400000000000000e+02  -8.0390302114421193e+00
   3.3500000000000000e+02  -8.2804453096274901e+00
   3.3600000000000000e+02  -9.2893506077145798e+00
   3.3700000000000000e+02  -9.4081677943033508e+00
   3.3800000000000000e+02  -9.3767289673572698e+00
   3.3900000000000000e+02  -9.6852957964284396e+00
   3.4000000000000000e+02  -1.0264133939585900e+01
   3.4100000000000000e+02  -1.0612231598095400e+01
   3.4200000000000000e+02  -1.1331978936357700e+01
   3.4300000000000000e+02  -1.1638090431021100e+01
   3.4400000000000000e+02  -1.2095304185232701e+01
   3.4500000000000000e+02  -1.2541700684687701e+01
   3.4600000000000000e+02  -1.3139321365944200e+01
   3.4700000000000000e+02  -1.3274856935477500e+01
   3.4800000000000000e+02  -1.4304836946872999e+01
   3.4900000000000000e+02  -1.5170604835086699e+01
   3.5000000000000000e+02  -1.5411635079535900e+01
   3.5100000000000000e+02  -1.6406297751404900e+01
   3.5200000000000000e+02  -1.7059083329626901e+01
   3.5300000000000000e+02  -1.7167558315148401e+01
   3.5400000000000000e+02  -1.7649758418812699e+01
   3.5500000000000000e+02  -1.7944893823636502e+01
   3.5600000000000000e+02  -1.8393240882910799e+01
   3.5700000000000000e+02  -1.9180849892251000e+01
   3.5800000000000000e+02  -1.9527654818344999e+01
   3.5900000000000000e+02  -2.0459895536072398e+01
   3.6000000000000000e+02  -2.1694484846230701e+01
   3.6100000000000000e+02  -2.2330123307966801e+01
   3.6200000000000000e+02  -2.2951795443721100e+01
   3.6300000000000000e+02  -2.3416379807656998e+01
   3.6400000000000000e+02  -2.3787823552279701e+01
   3.6500000000000000e+02  -2.3877843819312300e+01
   3.6600000000000000e+02  -2.4874586127351400e+01
   3.6700000000000000e+02  -2.5311436511648100e+01
   3.6800000000000000e+02  -2.6168031672449800e+01
   3.6900000000000000e+02  -2.6667176690626299e+01
   3.7000000000000000e+02  -2.7365152454828699e+01
   3.7100000000000000e+02  -2.8193643228602401e+01
   3.7200000000000000e+02  -2.9298289941443802e+01
   3.7300000000000000e+02  -3.0109780301081400e+01
   3.7400000000000000e+02  -3.1597421404246600e+01
   3.7500000000000000e+02  -3.2269405349659699e+01
   3.7600000000000000e+02  -3.3401689520939001e+01
   3.7700000000000000e+02  -3.4282225216470600e+01
   3.7800000000000000e+02  -3.5005921945608698e+01
   3.7900000000000000e+02  -3.5488274569871599e+01
   3.8000000000000000e+02  -3.7329354440934303e+01
   3.8100000000000000e+02  -3.8593116084602201e+01
   3.8200000000000000e+02  -3.9277371294187702e+01
   3.8300000000000000e+02  -4.0192999242718798e+01
   3.8400000000000000e+02  -4.1284989217604902e+01
   3.8500000000000000e+02  -4.1910843616246197e+01
   3.8600000000000000e+02  -4.2767360222748202e+01
   3.8700000000000000e+02  -4.3584215896842501e+01
   3.8800000000000000e+02  -4.4483336647846500e+01
   3.8900000000000000e+02  -4.5062910326590497e+01
   3.9000000000000000e+02  -4.6478895572645598e+01
   3.9100000000000000e+02  -4.7257682712921799e+01
   3.9200000000000000e+02  -4.8189727796863302e+01
   3.9300000000000000e+02  -4.8886941597241801e+01
   3.9400000000000000e+02  -4.9865600479271599e+01
   3.9500000000000000e+02  -5.0860733960926801e+01
   3.9600000000000000e+02  -5.1679036132462301e+01
   3.9700000000000000e+02  -5.2317254755611302e+01
   3.9800000000000000e+02  -5.2875958565205302e+01
   3.9900000000000000e+02  -5.3211318242159003e+01
   4.0000000000000000e+02  -5.3871235128840802e+01
   4.0100000000000000e+02  -5.4887037393113602e+01
   4.0200000000000000e+02  -5.5755102566747198e+01
   4.0300000000000000e+02  -5.6543448008744903e+01
   4.0400000000000000e+02  -5.6991115717906403e+01
   4.0500000000000000e+02  -5.7824318921136303e+01
   4.0600000000000000e+02  -5.8376403598770402e+01
   4.0700000000000000e+02  -5.9470912256535797e+01
   4.0800000000000000e+02  -6.0890578661454697e+01
   4.0900000000000000e+02  -6.1839140066471302e+01
   4.1000000000000000e+02  -6.2578381722340097e+01
   4.1100000000000000e+02  -6.3070524512096902e+01
   4.1200000000000000e+02  -6.4154326621223106e+01
   4.1300000000000000e+02  -6.4655946558967599e+01
   4.1400000000000000e+02  -6.5513092758839207e+01
   4.1500000000000000e+02  -6.6501734254790406e+01
   4.1600000000000000e+02  -6.7256926443667993e+01
   4.1700000000000000e+02  -6.7809102436716799e+01
   4.1800000000000000e+02  -6.8959061034023307e+01
   4.1900000000000000e+02  -6.9140804771204003e+01
   4.2000000000000000e+02  -6.9160596005936299e+01
   4.2100000000000000e+02  -6.9388668150769504e+01
   4.2200000000000000e+02  -6.9502363503941694e+01
   4.2300000000000000e+02  -6.9996845710324294e+01
   4.2400000000000000e+02  -7.0498681404007399e+01
   4.2500000000000000e+02  -7.0857688792462994e+01
   4.2600000000000000e+02  -7.1384155883278495e+01
   4.2700000000000000e+02  -7.1924567578164897e+01
   4.2800000000000000e+02  -7.2068504194682504e+01
   4.2900000000000000e+02  -7.1975440747265594e+01
   4.3000000000000000e+02  -7.1902244559993207e+01
   4.3100000000000000e+02  -7.2574623969283806e+01
   4.3200000000000000e+02  -7.3031221656058804e+01
   4.3300000000000000e+02  -7.2789291152605102e+01
   4.3400000000000000e+02  -7.3133660242911802e+01
   4.3500000000000000e+02  -7.3407034213045307e+01
   4.3600000000000000e+02  -7.3576235003204602e+01
   4.3700000000000000e+02  -7.3578676436207601e+01
   4.3800000000000000e+02  -7.3831152069453495e+01
   4.3900000000000000e+02  -7.4150122677750602e+01
   4.4000000000000000e+02  -7.4046199185458704e+01
   4.4100000000000000e+02  -7.4506459970445604e+01
   4.4200000000000000e+02  -7.4734126543637899e+01
   4.4300000000000000e+02  -7.4522933655890199e+01
   4.4400000000000000e+02  -7.4302874158370201e+01
   4.4500000000000000e+02  -7.4320050689745699e+01
   4.4600000000000000e+02  -7.4270005501057099e+01
   4.4700000000000000e+02  -7.4190179786682506e+01
   4.4800000000000000e+02  -7.4731899602457801e+01
   4.4900000000000000e+02  -7.4473112369011503e+01
   4.5000000000000000e+02  -7.4594435190532806e+01
   4.5100000000000000e+02  -7.4448699583403297e+01
   4.5200000000000000e+02  -7.4632381866925300e+01
   4.5300000000000000e+02  -7.5054688253557003e+01
   4.5400000000000000e+02  -7.4979179645276105e+01
   4.5500000000000000e+02  -7.5361703198031606e+01
   4.5600000000000000e+02  -7.5780084948884294e+01
   4.5700000000000000e+02  -7.4991669457769504e+01
   4.5800000000000000e+02  -7.4845349874807596e+01
   4.5900000000000000e+02  -7.4439076205490394e+01
   4.6000000000000000e+02  -7.4491112415799094e+01
   4.6100000000000000e+02  -7.4454313589319000e+01
   4.6200000000000000e+02  -7.4517406459806693e+01
   4.6300000000000000e+02  -7.4336811527124198e+01
   4.6400000000000000e+02  -7.4497975300119094e+01
   4.6500000000000000e+02  -7.4352802409116194e+01
   4.6600000000000000e+02  -7.4127600072138193e+01
   4.6700000000000000e+02  -7.4177560981438603e+01
   4.6800000000000000e+02  -7.4307711916858196e+01
   4.6900000000000000e+02  -7.3949588929403603e+01
   4.7000000000000000e+02  -7.3801430580404499e+01
   4.7100000000000000e+02  -7.3512398007150097e+01
   4.7200000000000000e+02  -7.3508845814582600e+01
   4.7300000000000000e+02  -7.3433524948941198e+01
   4.7400000000000000e+02  -7.3236816388238694e+01
   4.7500000000000000e+02  -7.3525660736844500e+01
   4.7600000000000000e+02  -7.3369746791921102e+01
   4.7700000000000000e+02  -7.3554998722115499e+01
   4.7800000000000000e+02  -7.3574359923993100e+01
   4.7900000000000000e+02  -7.3506797820944399e+01
   4.8000000000000000e+02  -7.3370955436496203e+01
   4.8100000000000000e+02  -7.3459997703651098e+01
   4.8200000000000000e+02  -7.3912446071239501e+01
   4.8300000000000000e+02  -7.3604695558814001e+01
   4.8400000000000000e+02  -7.3834567458963903e+01
   4.8500000000000000e+02  -7.4114502120032100e+01
   4.8600000000000000e+02  -7.4354837835109606e+01
   4.8700000000000000e+02  -7.5058424812391706e+01
   4.8800000000000000e+02  -7.5128345587171097e+01
   4.8900000000000000e+02  -7.4671148635496493e+01
   4.9000000000000000e+02  -7.4603875131600304e+01
   4.9100000000000000e+02  -7.4747566624483895e+01
   4.9200000000000000e+02  -7.4597911962505805e+01
   4.9300000000000000e+02  -7.4515210346807095e+01
   4.9400000000000000e+02  -7.5029250472273404e+01
   4.9500000000000000e+02  -7.5281485317846105e+01
   4.9600000000000000e+02  -7.5322670835094399e+01
   4.9700000000000000e+02  -7.5404029373316803e+01
   4.9800000000000000e+02  -7.5285263147191898e+01
   4.9900000000000000e+02  -7.5066132344831203e+01
   5.0000000000000000e+02  -7.5225337622668107e+01
   5.0100000000000000e+02  -7.5200851147860106e+01
   5.0200000000000000e+02  -7.5137574203502098e+01
   5.0300000000000000e+02  -7.5034361191517903e+01
   5.0400000000000000e+02  -7.4705928633122099e+01
   5.0500000000000000e+02  -7.4759620985019495e+01
   5.0600000000000000e+02  -7.4478176166582500e+01
   5.0700000000000000e+02  -7.4502261927682397e+01
   5.0800000000000000e+02  -7.4178108775219499e+01
   5.0900000000000000e+02  -7.3919637113972598e+01
   5.1000000000000000e+02  -7.4158074900300306e+01
   5.1100000000000000e+02  -7.4286640923077897e+01
   5.1200000000000000e+02  -7.3799407124159103e+01
   5.1300000000000000e+02  -7.3900886697691305e+01
   5.1400000000000000e+02  -7.4575440985939906e+01
   5.1500000000000000e+02  -7.4389851551113097e+01
   5.1600000000000000e+02  -7.4607545574455600e+01
   5.1700000000000000e+02  -7.4510000640434598e+01
   5.1800000000000000e+02  -7.4987279602512999e+01
   5.1900000000000000e+02  -7.5400194884283394e+01
   5.2000000000000000e+02  -7.5010691593385999e+01
   5.2100000000000000e+02  -7.5185646185248302e+01
   5.2200000000000000e+02  -7.5101637494595593e+01
   5.2300000000000000e+02  -7.5226826771215400e+01
   5.2400000000000000e+02  -7.5293669102505703e+01
   5.2500000000000000e+02  -7.5024719885845698e+01
   5.2600000000000000e+02  -7.5204770251013002e+01
   5.2700000000000000e+02  -7.4987689325360094e+01
   5.2800000000000000e+02  -7.5045197118557198e+01
   5.2900000000000000e+02  -7.4901848814841102e+01
   5.3000000000000000e+02  -7.4679585316518299e+01
   5.3100000000000000e+02  -7.4431153900312907e+01
   5.3200000000000000e+02  -7.4684865278066795e+01
   5.3300000000000000e+02  -7.4681587928993395e+01
   5.3400000000000000e+02  -7.4831277758755405e+01
   5.3500000000000000e+02  -7.5217639291368002e+01
   5.3600000000000000e+02  -7.5269815555747201e+01
   5.3700000000000000e+02  -7.5807160976985799e+01
   5.3800000000000000e+02  -7.5341191651997406e+01
   5.3900000000000000e+02  -7.5684634597757906e+01
   5.4000000000000000e+02  -7.5562283101260604e+01
   5.4100000000000000e+02  -7.5776999775983796e+01
   5.4200000000000000e+02  -7.5923768232400505e+01
   5.4300000000000000e+02  -7.5966493511123403e+01
   5.4400000000000000e+02  -7.6735625824772995e+01
   5.4500000000000000e+02  -7.5818411762629907e+01
   5.4600000000000000e+02  -7.5395056659790896e+01
   5.4700000000000000e+02  -7.5454009909981593e+01
   5.4800000000000000e+02  -7.5067451249595393e+01
   5.4900000000000000e+02  -7.5487681943718499e+01
   5.5000000000000000e+02  -7.5160778501956500e+01
   5.5100000000000000e+02  -7.5081649924664802e+01
   5.5200000000000000e+02  -7.4876586594676795e+01
   5.5300000000000000e+02  -7.4840525147933505e+01
   5.5400000000000000e+02  -7.4609534511829594e+01
   5.5500000000000000e+02  -7.5325199912317004e+01
   5.5600000000000000e+02  -7.5438536434229107e+01
   5.5700000000000000e+02  -7.5312322880365798e+01
   5.5800000000000000e+02  -7.5461557219757395e+01
   5.5900000000000000e+02  -7.5007974216233904e+01
   5.6000000000000000e+02  -7.4969476377445602e+01
   5.6100000000000000e+02  -7.5202977471674700e+01
   5.6200000000000000e+02  -7.5596276585347994e+01
   5.6300000000000000e+02  -7.5819228253920599e+01
   5.6400000000000000e+02  -7.5554208120776195e+01
   5.6500000000000000e+02  -7.5950679984184205e+01
   5.6600000000000000e+02  -7.6065119484539494e+01
   5.6700000000000000e+02  -7.6522653279804899e+01
   5.6800000000000000e+02  -7.6621363099678007e+01
   5.6900000000000000e+02  -7.6791907946982406e+01
   5.7000000000000000e+02  -7.6612720273068902e+01
   5.7100000000000000e+02  -7.6248781853967103e+01
   5.7200000000000000e+02  -7.6328149645121201e+01
   5.7300000000000000e+02  -7.6370389236808094e+01
   5.7400000000000000e+02  -7.6793523327246803e+01
   5.7500000000000000e+02  -7.6824460067998899e+01
   5.7600000000000000e+02  -7.6766403080014200e+01
   5.7700000000000000e+02  -7.6411744542101403e+01
   5.7800000000000000e+02  -7.6595477761781098e+01
   5.7900000000000000e+02  -7.6074114193577500e+01
   5.8000000000000000e+02  -7.6204384421795694e+01
   5.8100000000000000e+02  -7.6038875401055606e+01
   5.8200000000000000e+02  -7.5439234597062196e+01
   5.8300000000000000e+02  -7.5054574278602402e+01
   5.8400000000000000e+02  -7.4649053842296397e+01
   5.8500000000000000e+02  -7.4446867328475506e+01
   5.8600000000000000e+02  -7.4700017575067207e+01
   5.8700000000000000e+02  -7.4918739201156399e+01
   5.8800000000000000e+02  -7.5215328947714795e+01
   5.8900000000000000e+02  -7.5436505468974801e+01
   5.9000000000000000e+02  -7.5576866712637297e+01
   5.9100000000000000e+02  -7.5670888060682998e+01
   5.9200000000000000e+02  -7.5506459420026104e+01
   5.9300000000000000e+02  -7.5210775795473197e+01
   5.9400000000000000e+02  -7.5095858784718800e+01
   5.9500000000000000e+02  -7.4475188635439395e+01
   5.9600000000000000e+02  -7.3877548567363803e+01
   5.9700000000000000e+02  -7.3518466947457100e+01
   5.9800000000000000e+02  -7.3475111642707404e+01
   5.9900000000000000e+02  -7.3963587232232896e+01
   6.0000000000000000e+02  -7.3452639157533198e+01
   6.0100000000000000e+02  -7.2908541735490402e+01
   6.0200000000000000e+02  -7.3004250638207196e+01
   6.0300000000000000e+02  -7.3350287668530001e+01
   6.0400000000000000e+02  -7.3409364361159305e+01
   6.0500000000000000e+02  -7.3432104730096796e+01
   6.0600000000000000e+02  -7.3559153023062606e+01
   6.0700000000000000e+02  -7.3950147035963596e+01
   6.0800000000000000e+02  -7.3755979556034305e+01
   6.0900000000000000e+02  -7.4187050653023206e+01
   6.1000000000000000e+02  -7.4148354216624398e+01
   6.1100000000000000e+02  -7.3465572896247707e+01
   6.1200000000000000e+02  -7.3702651677149902e+01
   6.1300000000000000e+02  -7.3337208393785104e+01
   6.1400000000000000e+02  -7.3219278757451207e+01
   6.1500000000000000e+02  -7.3176330352814205e+01
   6.1600000000000000e+02  -7.3681755883076605e+01
   6.1700000000000000e+02  -7.3542621493713597e+01
   6.1800000000000000e+02  -7.3377299190188097e+01
   6.1900000000000000e+02  -7.3532944145788306e+01
   6.2000000000000000e+02  -7.3573141856647595e+01
   6.2100000000000000e+02  -7.3737693404460401e+01
   6.2200000000000000e+02  -7.3914316911623601e+01
   6.2300000000000000e+02  -7.3500309701007396e+01
   6.2400000000000000e+02  -7.3349124827033194e+01
   6.2500000000000000e+02  -7.3348773989643405e+01
   6.2600000000000000e+02  -7.3524729696378103e+01
   6.2700000000000000e+02  -7.3754439290934897e+01
   6.2800000000000000e+02  -7.3394983706684002e+01
   6.2900000000000000e+02  -7.3626413592208905e+01
   6.3000000000000000e+02  -7.3720355626077804e+01
   6.3100000000000000e+02  -7.3332968518454706e+01
   6.3200000000000000e+02  -7.3976006914302900e+01
   6.3300000000000000e+02  -7.4378445969080701e+01
   6.3400000000000000e+02  -7.4433682683025793e+01
   6.3500000000000000e+02  -7.4214863917221805e+01
   6.3600000000000000e+02  -7.4438359021536201e+01
   6.3700000000000000e+02  -7.4695893391542697e+01
   6.3800000000000000e+02  -7.4705934427983394e+01
   6.3900000000000000e+02  -7.4628434610092597e+01
   6.4000000000000000e+02  -7.4414359673565102e+01
   6.4100000000000000e+02  -7.4656343356752799e+01
   6.4200000000000000e+02  -7.4497598393275098e+01
   6.4300000000000000e+02  -7.4328269355223995e+01
   6.4400000000000000e+02  -7.4640304510986894e+01
   6.4500000000000000e+02  -7.4056910843542596e+01
   6.4600000000000000e+02  -7.4094421083022397e+01
   6.4700000000000000e+02  -7.3911483429924502e+01
   6.4800000000000000e+02  -7.3973494188393701e+01
   6.4900000000000000e+02  -7.3989425184048699e+01
   6.5000000000000000e+02  -7.4098487260848600e+01
   6.5100000000000000e+02  -7.3720978442306702e+01
   6.5200000000000000e+02  -7.3920179784540807e+01
   6.5300000000000000e+02  -7.4091996183247005e+01
   6.5400000000000000e+02  -7.4159007987920305e+01
   6.5500000000000000e+02  -7.3773191639290701e+01
   6.5600000000000000e+02  -7.3654157757185899e+01
   6.5700000000000000e+02  -7.3192192980459396e+01
   6.5800000000000000e+02  -7.2664025465126500e+01
   6.5900000000000000e+02  -7.2616437992117994e+01
   6.6000000000000000e+02  -7.2814081151074305e+01
   6.6100000000000000e+02  -7.2814165880488005e+01
   6.6200000000000000e+02  -7.3608104766485596e+01
   6.6300000000000000e+02  -7.3346631812780601e+01
   6.6400000000000000e+02  -7.3105675257315298e+01
   6.6500000000000000e+02  -7.2970519123379205e+01
   6.6600000000000000e+02  -7.2753173791217506e+01
   6.6700000000000000e+02  -7.2756914619358795e+01
   6.6800000000000000e+02  -7.2111209383536405e+01
   6.6900000000000000e+02  -7.2003888103873606e+01
   6.7000000000000000e+02  -7.1972828179860798e+01
   6.7100000000000000e+02  -7.2316276547344003e+01
   6.7200000000000000e+02  -7.2221187180073997e+01
   6.7300000000000000e+02  -7.2644280707230806e+01
   6.7400000000000000e+02  -7.2861345092194995e+01
   6.7500000000000000e+02  -7.3010187545950401e+01
   6.7600000000000000e+02  -7.2954902533331406e+01
   6.7700000000000000e+02  -7.2975618106379500e+01
   6.7800000000000000e+02  -7.3143144364006801e+01
   6.7900000000000000e+02  -7.3090840724370906e+01
   6.8000000000000000e+02  -7.2982828093537194e+01
   6.8100000000000000e+02  -7.3763938022670999e+01
   6.8200000000000000e+02  -7.3837239230379296e+01
   6.8300000000000000e+02  -7.3834881501393596e+01
   6.8400000000000000e+02  -7.3704811611615000e+01
   6.8500000000000000e+02  -7.3916812990032696e+01
   6.8600000000000000e+02  -7.3722622609821599e+01
   6.8700000000000000e+02  -7.4046026041996001e+01
   6.8800000000000000e+02  -7.4236453115903203e+01
   6.8900000000000000e+02  -7.4334955443687207e+01
   6.9000000000000000e+02  -7.4452470036358207e+01
   6.9100000000000000e+02  -7.4486999383455895e+01
   6.9200000000000000e+02  -7.4976950481449506e+01
   6.9300000000000000e+02  -7.4914457467232893e+01
   6.9400000000000000e+02  -7.5004477683609807e+01
   6.9500000000000000e+02  -7.4666655090735006e+01
   6.9600000000000000e+02  -7.4346581459060801e+01
   6.9700000000000000e+02  -7.4014108769788507e+01
   6.9800000000000000e+02  -7.3815658368909595e+01
   6.9900000000000000e+02  -7.3684766920932404e+01
   7.0000000000000000e+02  -7.3559629775654798e+01
   7.0100000000000000e+02  -7.3609399835186807e+01
   7.0200000000000000e+02  -7.4009964069455506e+01
   7.0300000000000000e+02  -7.4054309060554104e+01
   7.0400000000000000e+02  -7.4051594127455203e+01
   7.0500000000000000e+02  -7.4112638966463706e+01
   7.0600000000000000e+02  -7.3715919246087594e+01
   7.0700000000000000e+02  -7.3910400513362006e+01
   7.0800000000000000e+02  -7.3701721742432596e+01
   7.0900000000000000e+02  -7.3893239653853399e+01
   7.1000000000000000e+02  -7.3891992494312504e+01
   7.1100000000000000e+02  -7.3784210517137694e+01
   7.1200000000000000e+02  -7.3562803176064605e+01
   7.1300000000000000e+02  -7.3360867601381500e+01
   7.1400000000000000e+02  -7.3224937570797806e+01
   7.1500000000000000e+02  -7.3487044949258404e+01
   7.1600000000000000e+02  -7.3226357305901004e+01
   7.1700000000000000e+02  -7.3229457388925795e+01
   7.1800000000000000e+02  -7.3434492958742695e+01
   7.1900000000000000e+02  -7.3152752704315304e+01
   7.2000000000000000e+02  -7.3309868709010900e+01
   7.2100000000000000e+02  -7.3353774892934993e+01
   7.2200000000000000e+02  -7.4153549897169796e+01
   7.2300000000000000e+02  -7.4097344533715997e+01
   7.2400000000000000e+02  -7.3954790201010795e+01
   7.2500000000000000e+02  -7.4099026910576598e+01
   7.2600000000000000e+02  -7.4086877737591806e+01
   7.2700000000000000e+02  -7.4084554216214201e+01
   7.2800000000000000e+02  -7.3818327334704605e+01
   7.2900000000000000e+02  -7.3692884959553396e+01
   7.3000000000000000e+02  -7.3631457877696207e+01
   7.3100000000000000e+02  -7.3918942630368903e+01
   7.3200000000000000e+02  -7.3787104799460295e+01
   7.3300000000000000e+02  -7.3264593907256895e+01
   7.3400000000000000e+02  -7.3369696655047704e+01
   7.3500000000000000e+02  -7.3409871660388106e+01
   7.3600000000000000e+02  -7.3468027574036896e+01
   7.3700000000000000e+02  -7.3393880877490403e+01
   7.3800000000000000e+02  -7.3298789723720304e+01
   7.3900000000000000e+02  -7.3768332534277405e+01
   7.4000000000000000e+02  -7.3293715043028001e+01
   7.4100000000000000e+02  -7.3674417705987906e+01
   7.4200000000000000e+02  -7.3300935032749294e+01
   7.4300000000000000e+02  -7.3544036317218001e+01
   7.4400000000000000e+02  -7.3526612374733105e+01
   7.4500000000000000e+02  -7.3878488955091399e+01
   7.4600000000000000e+02  -7.4432430721355601e+01
   7.4700000000000000e+02  -7.4562313735079996e+01
   7.4800000000000000e+02  -7.5192611691204107e+01
   7.4900000000000000e+02  -7.4778892654888494e+01
   7.5000000000000000e+02  -7.5139938549407702e+01
   7.5100000000000000e+02  -7.5059317862575000e+01
   7.5200000000000000e+02  -7.5193665308256300e+01
   7.5300000000000000e+02  -7.5445271705637097e+01
   7.5400000000000000e+02  -7.5124013273321907e+01
   7.5500000000000000e+02  -7.5415634944134396e+01
   7.5600000000000000e+02  -7.5318803812594396e+01
   7.5700000000000000e+02  -7.5587895081338999e+01
   7.5800000000000000e+02  -7.5383690774367295e+01
   7.5900000000000000e+02  -7.5450701473525100e+01
   7.6000000000000000e+02  -7.5892453366960197e+01
   7.6100000000000000e+02  -7.5375860475076607e+01
   7.6200000000000000e+02  -7.5778383841161698e+01
   7.6300000000000000e+02  -7.5931743134483000e+01
   7.6400000000000000e+02  -7.5892656595113607e+01
   7.6500000000000000e+02  -7.5735426799826399e+01
   7.6600000000000000e+02  -7.6075213331578098e+01
   7.6700000000000000e+02  -7.6684662114255303e+01
   7.6800000000000000e+02  -7.6757900780289205e+01
   7.6900000000000000e+02  -7.7276358465402595e+01
   7.7000000000000000e+02  -7.7211516641803996e+01
   7.7100000000000000e+02  -7.7142600213650397e+01
   7.7200000000000000e+02  -7.7655412270443193e+01
   7.7300000000000000e+02  -7.7265131026599704e+01
   7.7400000000000000e+02  -7.6986865401401403e+01
   7.7500000000000000e+02  -7.6933544516617502e+01
   7.7600000000000000e+02  -7.6771275125044497e+01
   7.7700000000000000e+02  -7.6207538388493006e+01
   7.7800000000000000e+02  -7.5923383400237896e+01
   7.7900000000000000e+02  -7.6045273374230405e+01
   7.8000000000000000e+02  -7.5779456371895094e+01
   7.8100000000000000e+02  -7.5856689118074996e+01
   7.8200000000000000e+02  -7.5610467257326803e+01
   7.8300000000000000e+02  -7.5289954857891900e+01
   7.8400000000000000e+02  -7.5097197146904094e+01
   7.8500000000000000e+02  -7.5036707462086895e+01
   7.8600000000000000e+02  -7.5291480850838397e+01
   7.8700000000000000e+02  -7.5298265756644795e+01
   7.8800000000000000e+02  -7.5542696519967194e+01
   7.8900000000000000e+02  -7.6017773342269095e+01
   7.9000000000000000e+02  -7.5894906040296902e+01
   7.9100000000000000e+02  -7.6436887883107403e+01
   7.9200000000000000e+02  -7.6205751585774607e+01
   7.9300000000000000e+02  -7.5984428422130804e+01
   7.9400000000000000e+02  -7.5457575590025101e+01
   7.9500000000000000e+02  -7.5792538211443897e+01
   7.9600000000000000e+02  -7.6157073861627595e+01
   7.9700000000000000e+02  -7.6341156756452307e+01
   7.9800000000000000e+02  -7.6627278594441194e+01
   7.9900000000000000e+02  -7.5844701051419094e+01
   8.0000000000000000e+02  -7.5369240002756698e+01
   8.0100000000000000e+02  -7.5122640821868103e+01
   8.0200000000000000e+02  -7.4692900890323102e+01
   8.0300000000000000e+02  -7.4488200754443895e+01
   8.0400000000000000e+02  -7.4529536842387799e+01
   8.0500000000000000e+02  -7.4236051181595698e+01
   8.0600000000000000e+02  -7.4855057478600401e+01
   8.0700000000000000e+02  -7.4691440660205004e+01
   8.0800000000000000e+02  -7.4699275914431695e+01
   8.0900000000000000e+02  -7.4504856574744196e+01
   8.1000000000000000e+02  -7.4530640202401202e+01
   8.1100000000000000e+02  -7.4854559282661498e+01
   8.1200000000000000e+02  -7.4114477114190194e+01
   8.1300000000000000e+02  -7.4204185039830193e+01
   8.1400000000000000e+02  -7.3849219597879397e+01
   8.1500000000000000e+02  -7.3310205672502704e+01
   8.1600000000000000e+02  -7.3615503909640097e+01
   8.1700000000000000e+02  -7.3747631425603402e+01
   8.1800000000000000e+02  -7.4394332295698305e+01
   8.1900000000000000e+02  -7.4578015044965994e+01
   8.2000000000000000e+02  -7.4401336616812799e+01
   8.2100000000000000e+02  -7.4218192151987097e+01
   8.2200000000000000e+02  -7.3945756765097201e+01
   8.2300000000000000e+02  -7.3965456598703597e+01
   8.2400000000000000e+02  -7.3961243710832605e+01
   8.2500000000000000e+02  -7.4147889198097502e+01
   8.2600000000000000e+02  -7.4050409929349001e+01
   8.2700000000000000e+02  -7.4038055953659807e+01
   8.2800000000000000e+02  -7.4247559271895099e+01
   8.2900000000000000e+02  -7.3898589069431296e+01
   8.3000000000000000e+02  -7.3431154310789296e+01
   8.3100000000000000e+02  -7.3304594362757001e+01
   8.3200000000000000e+02  -7.3272505249721505e+01
   8.3300000000000000e+02  -7.3378198122113602e+01
   8.3400000000000000e+02  -7.3039126935924898e+01
   8.3500000000000000e+02  -7.2972328134821296e+01
   8.3600000000000000e+02  -7.2812360571997104e+01
   8.3700000000000000e+02  -7.2672629444954296e+01
   8.3800000000000000e+02  -7.2736278383192897e+01
   8.3900000000000000e+02  -7.2521510720614799e+01
   8.4000000000000000e+02  -7.2090233673578794e+01
   8.4100000000000000e+02  -7.2163839692000295e+01
   8.4200000000000000e+02  -7.2085783891986097e+01
   8.4300000000000000e+02  -7.1716200569285903e+01
   8.4400000000000000e+02  -7.1710422575212107e+01
   8.4500000000000000e+02  -7.1102840314385901e+01
   8.4600000000000000e+02  -7.1077041868348303e+01
   8.4700000000000000e+02  -7.0876533625028699e+01
   8.4800000000000000e+02  -7.0941719685332103e+01
   8.4900000000000000e+02  -7.1030666185169196e+01
   8.5000000000000000e+02  -7.1743248302785702e+01
   8.5100000000000000e+02  -7.1788752364355403e+01
   8.5200000000000000e+02  -7.1684076639806094e+01
   8.5300000000000000e+02  -7.1836503026859901e+01
   8.5400000000000000e+02  -7.2037452554783499e+01
   8.5500000000000000e+02  -7.2225987305092701e+01
   8.5600000000000000e+02  -7.2689879384345005e+01
   8.5700000000000000e+02  -7.2608196420774902e+01
   8.5800000000000000e+02  -7.2679607319602894e+01
   8.5900000000000000e+02  -7.2613437716972996e+01
   8.6000000000000000e+02  -7.2696042386584494e+01
   8.6100000000000000e+02  -7.2041219015297500e+01
   8.6200000000000000e+02  -7.2436502364183994e+01
   8.6300000000000000e+02  -7.2686022193825295e+01
   8.6400000000000000e+02  -7.2340843086364103e+01
   8.6500000000000000e+02  -7.2193815228413101e+01
   8.6600000000000000e+02  -7.2241444281843499e+01
   8.6700000000000000e+02  -7.1907612564706795e+01
   8.6800000000000000e+02  -7.1511945062044603e+01
   8.6900000000000000e+02  -7.1275965356049397e+01
   8.7000000000000000e+02  -7.0943653798967603e+01
   8.7100000000000000e+02  -7.0407446711769296e+01
   8.7200000000000000e+02  -7.0254271751419395e+01
   8.7300000000000000e+02  -7.0383519906637602e+01
   8.7400000000000000e+02  -7.0382749826128602e+01
   8.7500000000000000e+02  -7.0301731800924898e+01
   8.7600000000000000e+02  -7.0455802796285496e+01
   8.7700000000000000e+02  -7.1066175203500094e+01
   8.7800000000000000e+02  -7.1380268981161095e+01
   8.7900000000000000e+02  -7.1053955629613895e+01
   8.8000000000000000e+02  -7.0965351866297894e+01
   8.8100000000000000e+02  -7.0381801998645798e+01
   8.8200000000000000e+02  -7.0744374083718000e+01
   8.8300000000000000e+02  -7.0843108216733398e+01
   8.8400000000000000e+02  -7.1430824017408199e+01
   8.8500000000000000e+02  -7.1164293560834395e+01
   8.8600000000000000e+02  -7.1359774344209598e+01
   8.8700000000000000e+02  -7.1112502058141402e+01
   8.8800000000000000e+02  -7.1423182662424097e+01
   8.8900000000000000e+02  -7.1228531085419604e+01
   8.9000000000000000e+02  -7.1319145541918900e+01
   8.9100000000000000e+02  -7.1570899384450300e+01
   8.9200000000000000e+02  -7.1546664297949107e+01
   8.9300000000000000e+02  -7.1897568329476101e+01
   8.9400000000000000e+02  -7.1379927392079097e+01
   8.9500000000000000e+02  -7.1485121420813698e+01
   8.9600000000000000e+02  -7.1918081358796996e+01
   8.9700000000000000e+02  -7.2108988816760998e+01
   8.9800000000000000e+02  -7.1990968930171704e+01
   8.9900000000000000e+02  -7.1768219649578697e+01
   9.0000000000000000e+02  -7.1688280801767704e+01
   9.0100000000000000e+02  -7.1216168078217706e+01
   9.0200000000000000e+02  -7.1459023003930199e+01
   9.0300000000000000e+02  -7.1519215023306003e+01
   9.0400000000000000e+02  -7.1366620828339194e+01
   9.0500000000000000e+02  -7.1411548974254600e+01
   9.0600000000000000e+02  -7.1479186246789396e+01
   9.0700000000000000e+02  -7.1957233435933901e+01
   9.0800000000000000e+02  -7.2199601536775802e+01
   9.0900000000000000e+02  -7.2120122574286000e+01
   9.1000000000000000e+02  -7.2492674689717504e+01
   9.1100000000000000e+02  -7.2346605865556597e+01
   9.1200000000000000e+02  -7.2060303979042899e+01
   9.1300000000000000e+02  -7.2151487776459007e+01
   9.1400000000000000e+02  -7.2400483204611305e+01
   9.1500000000000000e+02  -7.2368221484465906e+01
   9.1600000000000000e+02  -7.1699432540926594e+01
   9.1700000000000000e+02  -7.1178609412394707e+01
   9.1800000000000000e+02  -7.1299342316887106e+01
   9.1900000000000000e+02  -7.1556879085529502e+01
   9.2000000000000000e+02  -7.1642509549635406e+01
   9.2100000000000000e+02  -7.2083723781719499e+01
   9.2200000000000000e+02  -7.1791618212280895e+01
   9.2300000000000000e+02  -7.1955080923015402e+01
   9.2400000000000000e+02  -7.2018071612899107e+01
   9.2500000000000000e+02  -7.2474962129103901e+01
   9.2600000000000000e+02  -7.2741474245684500e+01
   9.2700000000000000e+02  -7.2708697392641398e+01
   9.2800000000000000e+02  -7.2323427975976799e+01
   9.2900000000000000e+02  -7.2242976451141303e+01
   9.3000000000000000e+02  -7.2295739558595699e+01
   9.3100000000000000e+02  -7.1916425283321303e+01
   9.3200000000000000e+02  -7.1903940616368004e+01
   9.3300000000000000e+02  -7.1620708477226898e+01
   9.3400000000000000e+02  -7.1909239922187993e+01
   9.3500000000000000e+02  -7.1731076734951898e+01
   9.3600000000000000e+02  -7.1908334858154404e+01
   9.3700000000000000e+02  -7.1895149122912500e+01
   9.3800000000000000e+02  -7.1490914061644304e+01
   9.3900000000000000e+02  -7.1651053269922599e+01
   9.4000000000000000e+02  -7.1762144821276394e+01
   9.4100000000000000e+02  -7.2092815965107604e+01
   9.4200000000000000e+02  -7.2118432751518796e+01
   9.4300000000000000e+02  -7.2058184195078098e+01
   9.4400000000000000e+02  -7.2267332452500696e+01
   9.4500000000000000e+02  -7.2259049555086605e+01
   9.4600000000000000e+02  -7.1889510310165903e+01
   9.4700000000000000e+02  -7.1714560236411700e+01
   9.4800000000000000e+02  -7.1981754154564896e+01
   9.4900000000000000e+02  -7.2080921933388197e+01
   9.5000000000000000e+02  -7.2092890536347696e+01
   9.5100000000000000e+02  -7.2337254788732196e+01
   9.5200000000000000e+02  -7.2165326363116094e+01
   9.5300000000000000e+02  -7.1865855726810494e+01
   9.5400000000000000e+02  -7.1517162683749802e+01
   9.5500000000000000e+02  -7.1737639406395502e+01
   9.5600000000000000e+02  -7.2361518681384993e+01
   9.5700000000000000e+02  -7.2347644567557296e+01
   9.5800000000000000e+02  -7.2123895564495399e+01
   9.5900000000000000e+02  -7.2057141197804100e+01
   9.6000000000000000e+02  -7.2380169974734400e+01
   9.6100000000000000e+02  -7.1999952244322500e+01
   9.6200000000000000e+02  -7.2033606094349196e+01
   9.6300000000000000e+02  -7.2048320326148897e+01
   9.6400000000000000e+02  -7.2179193044790495e+01
   9.6500000000000000e+02  -7.1902588983812706e+01
   9.6600000000000000e+02  -7.1817811187938005e+01
   9.6700000000000000e+02  -7.2004714518920494e+01
   9.6800000000000000e+02  -7.1919006519928701e+01
   9.6900000000000000e+02  -7.1671491175510795e+01
   9.7000000000000000e+02  -7.1697398897893706e+01
   9.7100000000000000e+02  -7.1992227247048405e+01
   9.7200000000000000e+02  -7.1962138749067904e+01
   9.7300000000000000e+02  -7.1563713930284095e+01
   9.7400000000000000e+02  -7.1416721480774100e+01
   9.7500000000000000e+02  -7.1399081093501593e+01
   9.7600000000000000e+02  -7.1308131130043705e+01
   9.7700000000000000e+02  -7.1020505265599795e+01
   9.7800000000000000e+02  -7.0526595938657593e+01
   9.7900000000000000e+02  -7.0731951957932793e+01
   9.8000000000000000e+02  -7.0535119363749800e+01
   9.8100000000000000e+02  -7.0418692820093895e+01
   9.8200000000000000e+02  -7.0031608266562799e+01
   9.8300000000000000e+02  -6.9495984119906197e+01
   9.8400000000000000e+02  -6.9180880821326795e+01
   9.8500000000000000e+02  -6.9284471738880498e+01
   9.8600000000000000e+02  -6.9215946750158395e+01
   9.8700000000000000e+02  -6.8702890844958802e+01
   9.8800000000000000e+02  -6.9391866400119696e+01
   9.8900000000000000e+02  -6.9062257914794998e+01
   9.9000000000000000e+02  -6.8745412927659899e+01
   9.9100000000000000e+02  -6.8827680835135496e+01
   9.9200000000000000e+02  -6.8925353628190393e+01
   9.9300000000000000e+02  -6.8788926322612795e+01
   9.9400000000000000e+02  -6.8718422146755600e+01
   9.9500000000000000e+02  -6.8561453770530207e+01
   9.9600000000000000e+02  -6.9021575074018401e+01
   9.9700000000000000e+02  -6.9160647682800999e+01
   9.9800000000000000e+02  -6.9330102373780406e+01
   9.9900000000000000e+02  -6.9156117925624599e+01
   1.0000000000000000e+03  -6.9403262220790495e+01
   1.0010000000000000e+03  -6.9274388927039595e+01
   1.0020000000000000e+03  -6.9384043335139395e+01
   1.0030000000000000e+03  -6.9605075599739905e+01
   1.0040000000000000e+03  -6.9035607029160801e+01
   1.0050000000000000e+03  -6.8828428707336201e+01
   1.0060000000000000e+03  -6.8832561323723695e+01
   1.0070000000000000e+03  -6.8671875075076201e+01
   1.0080000000000000e+03  -6.8437226176690402e+01
   1.0090000000000000e+03  -6.8311834986804797e+01
   1.0100000000000000e+03  -6.8487231929067406e+01
   1.0110000000000000e+03  -6.8246514494034898e+01
   1.0120000000000000e+03  -6.8235210698713104e+01
   1.0130000000000000e+03  -6.8430809637226403e+01
   1.0140000000000000e+03  -6.8382906735957803e+01
   1.0150000000000000e+03  -6.8427063713042102e+01
   1.0160000000000000e+03  -6.8598465303317198e+01
   1.0170000000000000e+03  -6.9265464379989297e+01
   1.0180000000000000e+03  -6.9096291627284799e+01
   1.0190000000000000e+03  -6.8637889388213907e+01
   1.0200000000000000e+03  -6.8650057625543297e+01
   1.0210000000000000e+03  -6.8816560418903407e+01
   1.0220000000000000e+03  -6.8805685142338405e+01
   1.0230000000000000e+03  -6.8475038283192504e+01
   1.0240000000000000e+03  -6.8206942745968107e+01
   1.0250000000000000e+03  -6.8076415729239201e+01
   1.0260000000000000e+03  -6.7775709705241596e+01
   1.0270000000000000e+03  -6.7890792600897797e+01
   1.0280000000000000e+03  -6.7410708070590204e+01
   1.0290000000000000e+03  -6.7199740538422105e+01
   1.0300000000000000e+03  -6.7433117165968994e+01
   1.0310000000000000e+03  -6.7130507857296607e+01
   1.0320000000000000e+03  -6.6400309389433005e+01
   1.0330000000000000e+03  -6.5793124637004595e+01
   1.0340000000000000e+03  -6.5548843599832594e+01
   1.0350000000000000e+03  -6.5422582263748097e+01
   1.0360000000000000e+03  -6.5018851813848997e+01
   1.0370000000000000e+03  -6.4868287021697995e+01
   1.0380000000000000e+03  -6.4227175848806894e+01
   1.0390000000000000e+03  -6.3768005660711999e+01
   1.0400000000000000e+03  -6.3760703379634002e+01
   1.0410000000000000e+03  -6.3329270077894897e+01
   1.0420000000000000e+03  -6.2945927713158703e+01
   1.0430000000000000e+03  -6.2738095433373701e+01
   1.0440000000000000e+03  -6.1830516884744199e+01
   1.0450000000000000e+03  -6.0801251360588900e+01
   1.0460000000000000e+03  -5.9597263486561197e+01
   1.0470000000000000e+03  -5.7632000403290498e+01
   1.0480000000000000e+03  -5.4836030799316397e+01
   1.0490000000000000e+03  -4.8369398458428201e+01
   1.0500000000000000e+03  -2.5338794024838901e+01
