  -1.0000000000000000e+02  -6.8250677866528207e+01
  -9.9000000000000000e+01  -6.8285796054730298e+01
  -9.8000000000000000e+01  -6.8313648774927401e+01
  -9.7000000000000000e+01  -6.8152088537720402e+01
  -9.6000000000000000e+01  -6.8995879144274895e+01
  -9.5000000000000000e+01  -6.9178171934046802e+01
  -9.4000000000000000e+01  -6.9655694934016495e+01
  -9.3000000000000000e+01  -6.9376058606970602e+01
  -9.2000000000000000e+01  -6.8794083975786506e+01
  -9.1000000000000000e+01  -6.8617016149967299e+01
  -9.0000000000000000e+01  -6.8871920957680700e+01
  -8.9000000000000000e+01  -6.9346531064560196e+01
  -8.8000000000000000e+01  -6.8864695007326901e+01
  -8.7000000000000000e+01  -6.8623241315578596e+01
  -8.6000000000000000e+01  -6.9248691008579996e+01
  -8.5000000000000000e+01  -6.8868731244427295e+01
  -8.4000000000000000e+01  -6.9043006533868294e+01
  -8.3000000000000000e+01  -6.8956516390382305e+01
  -8.2000000000000000e+01  -6.9301416544524102e+01
  -8.1000000000000000e+01  -6.9411116111661997e+01
  -8.0000000000000000e+01  -6.9400088032523897e+01
  -7.9000000000000000e+01  -6.9620319420826306e+01
  -7.8000000000000000e+01  -7.0157281723375405e+01
  -7.7000000000000000e+01  -7.0279955828142704e+01
  -7.6000000000000000e+01  -6.9775292760245406e+01
  -7.5000000000000000e+01  -6.9639561664485598e+01
  -7.4000000000000000e+01  -6.9581972938598895e+01
  -7.3000000000000000e+01  -6.9166162265270401e+01
  -7.2000000000000000e+01  -6.8840263858955495e+01
  -7.1000000000000000e+01  -6.9052245021035901e+01
  -7.0000000000000000e+01  -6.8587890806511098e+01
  -6.9000000000000000e+01  -6.8849296496654503e+01
  -6.8000000000000000e+01  -6.9492989718994195e+01
  -6.7000000000000000e+01  -6.9411304283352095e+01
  -6.6000000000000000e+01  -6.9227293900155004e+01
  -6.5000000000000000e+01  -6.9387059059500103e+01
  -6.4000000000000000e+01  -6.9598935989800296e+01
  -6.3000000000000000e+01  -6.9718354570568096e+01
  -6.2000000000000000e+01  -6.9145712308201098e+01
  -6.1000000000000000e+01  -6.9260757325782194e+01
  -6.0000000000000000e+01  -6.9588397883713000e+01
  -5.9000000000000000e+01  -6.9643442438866899e+01
  -5.8000000000000000e+01  -6.9767571002106905e+01
  -5.7000000000000000e+01  -7.0232739618899799e+01
  -5.6000000000000000e+01  -7.0447481877533093e+01
  -5.5000000000000000e+01  -6.9922888468031701e+01
  -5.4000000000000000e+01  -7.0033483305470099e+01
  -5.3000000000000000e+01  -7.0431321289216299e+01
  -5.2000000000000000e+01  -7.0110827028225202e+01
  -5.1000000000000000e+01  -6.9675062347636498e+01
  -5.0000000000000000e+01  -6.9954428048625502e+01
  -4.9000000000000000e+01  -6.9765333476246795e+01
  -4.8000000000000000e+01  -6.9896792453884999e+01
  -4.7000000000000000e+01  -6.9957714921633496e+01
  -4.6000000000000000e+01  -6.9407413224427600e+01
  -4.5000000000000000e+01  -6.9400932202556703e+01
  -4.4000000000000000e+01  -6.9109827861023106e+01
  -4.3000000000000000e+01  -6.8841388762705293e+01
  -4.2000000000000000e+01  -6.8189442489383595e+01
  -4.1000000000000000e+01  -6.8238923142699207e+01
  -4.0000000000000000e+01  -6.8117586131695404e+01
  -3.9000000000000000e+01  -6.7828088081327394e+01
  -3.8000000000000000e+01  -6.8284426157077107e+01
  -3.7000000000000000e+01  -6.7947433926605896e+01
  -3.6000000000000000e+01  -6.7902158765768903e+01
  -3.5000000000000000e+01  -6.7918863988826800e+01
  -3.4000000000000000e+01  -6.7583264558354500e+01
  -3.3000000000000000e+01  -6.7303158197816103e+01
  -3.2000000000000000e+01  -6.7499311775185802e+01
  -3.1000000000000000e+01  -6.7393810994852799e+01
  -3.0000000000000000e+01  -6.7434647046422299e+01
  -2.9000000000000000e+01  -6.6839239263938794e+01
  -2.8000000000000000e+01  -6.6797868973069200e+01
  -2.7000000000000000e+01  -6.6609104333829904e+01
  -2.6000000000000000e+01  -6.6218788289198699e+01
  -2.5000000000000000e+01  -6.5993205186820902e+01
  -2.4000000000000000e+01  -6.6232968909467900e+01
  -2.3000000000000000e+01  -6.6091644629961806e+01
  -2.2000000000000000e+01  -6.5991412556898098e+01
  -2.1000000000000000e+01  -6.5206390624014801e+01
  -2.0000000000000000e+01  -6.5578358205958196e+01
  -1.9000000000000000e+01  -6.5661262874055296e+01
  -1.8000000000000000e+01  -6.5288103182151005e+01
  -1.7000000000000000e+01  -6.4986991568992295e+01
  -1.6000000000000000e+01  -6.4591109759141801e+01
  -1.5000000000000000e+01  -6.4795849622152105e+01
  -1.4000000000000000e+01  -6.4672126180444707e+01
  -1.3000000000000000e+01  -6.4193439638349503e+01
  -1.2000000000000000e+01  -6.3775321700891404e+01
  -1.1000000000000000e+01  -6.3057589802064498e+01
  -1.0000000000000000e+01  -6.2284639103403997e+01
  -9.0000000000000000e+00  -6.1733750307996203e+01
  -8.0000000000000000e+00  -6.0993255231412398e+01
  -7.0000000000000000e+00  -6.0207330048158497e+01
  -6.0000000000000000e+00  -5.9181964267031702e+01
  -5.0000000000000000e+00  -5.8116653768679797e+01
  -4.0000000000000000e+00  -5.5771762145506997e+01
  -3.0000000000000000e+00  -5.2053007790238503e+01
  -2.0000000000000000e+00  -4.4495404027537496e+01
  -1.0000000000000000e+00  -2.5666460630693901e+01
   0.0000000000000000e+00  -9.4757612236715794e+00
   1.0000000000000000e+00   5.5198712773345200e+00
   2.0000000000000000e+00   1.4591431518674201e+01
   3.0000000000000000e+00   1.9138442340659001e+01
   4.0000000000000000e+00   2.2618148829394698e+01
   5.0000000000000000e+00   2.3854342580025900e+01
   6.0000000000000000e+00   2.4849385030896102e+01
   7.0000000000000000e+00   2.5034815345501102e+01
   8.0000000000000000e+00   2.5430994535109900e+01
   9.0000000000000000e+00   2.5525510329106801e+01
   1.0000000000000000e+01   2.5666037384977400e+01
   1.1000000000000000e+01   2.6435486092498600e+01
   1.2000000000000000e+01   2.6746428281305501e+01
   1.3000000000000000e+01   2.6384763188833801e+01
   1.4000000000000000e+01   2.6860746848771800e+01
   1.5000000000000000e+01   2.7587038959801500e+01
   1.6000000000000000e+01   2.7976756905979801e+01
   1.7000000000000000e+01   2.7800753512820801e+01
   1.8000000000000000e+01   2.7968233456418400e+01
   1.9000000000000000e+01   2.8118688536202701e+01
   2.0000000000000000e+01   2.8064888702734098e+01
   2.1000000000000000e+01   2.8432501907805602e+01
   2.2000000000000000e+01   2.7858619598479098e+01
   2.3000000000000000e+01   2.7509893213166400e+01
   2.4000000000000000e+01   2.7759032351205001e+01
   2.5000000000000000e+01   2.7900551976787298e+01
   2.6000000000000000e+01   2.8365681170873799e+01
   2.7000000000000000e+01   2.8137852703696101e+01
   2.8000000000000000e+01   2.8675502699794301e+01
   2.9000000000000000e+01   2.8309778561039099e+01
   3.0000000000000000e+01   2.8249160911184799e+01
   3.1000000000000000e+01   2.8553727194680800e+01
   3.2000000000000000e+01   2.8616578553760199e+01
   3.3000000000000000e+01   2.9080051434895299e+01
   3.4000000000000000e+01   2.9366712587387699e+01
   3.5000000000000000e+01   2.9074986777012700e+01
   3.6000000000000000e+01   2.9315615597770101e+01
   3.7000000000000000e+01   2.9320306649864001e+01
   3.8000000000000000e+01   2.9830375522826500e+01
   3.9000000000000000e+01   2.9828064220118200e+01
   4.0000000000000000e+01   3.0002701215376700e+01
   4.1000000000000000e+01   2.9929006011018899e+01
   4.2000000000000000e+01   2.9870452935463799e+01
   4.3000000000000000e+01   2.9962953094123300e+01
   4.4000000000000000e+01   3.0113780500123202e+01
   4.5000000000000000e+01   3.0103600943723400e+01
   4.6000000000000000e+01   3.0516547575344301e+01
   4.7000000000000000e+01   3.1050544487309200e+01
   4.8000000000000000e+01   3.0943153706036899e+01
   4.9000000000000000e+01   3.0371426620247000e+01
   5.0000000000000000e+01   3.0148171248178102e+01
   5.1000000000000000e+01   3.0513992616605002e+01
   5.2000000000000000e+01   3.0785667266867598e+01
   5.3000000000000000e+01   3.0692259315186998e+01
   5.4000000000000000e+01   3.0761785154609399e+01
   5.5000000000000000e+01   3.1227167800881599e+01
   5.6000000000000000e+01   3.1239006060017001e+01
   5.7000000000000000e+01   3.1904130231781501e+01
   5.8000000000000000e+01   3.1883716990914401e+01
   5.9000000000000000e+01   3.1377390910867799e+01
   6.0000000000000000e+01   3.1652892935415100e+01
   6.1000000000000000e+01   3.2243265433405398e+01
   6.2000000000000000e+01   3.2083420641066603e+01
   6.3000000000000000e+01   3.1685088174072899e+01
   6.4000000000000000e+01   3.1888929962009300e+01
   6.5000000000000000e+01   3.2041870864385700e+01
   6.6000000000000000e+01   3.2117992336522498e+01
   6.7000000000000000e+01   3.1821999792843101e+01
   6.8000000000000000e+01   3.1714400634287500e+01
   6.9000000000000000e+01   3.1913539316879000e+01
   7.0000000000000000e+01   3.2087686662567997e+01
   7.1000000000000000e+01   3.2022477893351599e+01
   7.2000000000000000e+01   3.2159541712805101e+01
   7.3000000000000000e+01   3.2432722086180199e+01
   7.4000000000000000e+01   3.2826534775029600e+01
   7.5000000000000000e+01   3.2784739891125000e+01
   7.6000000000000000e+01   3.2575460681172402e+01
   7.7000000000000000e+01   3.2362733829526000e+01
   7.8000000000000000e+01   3.2215667773031498e+01
   7.9000000000000000e+01   3.2662033326347498e+01
   8.0000000000000000e+01   3.2447633222540503e+01
   8.1000000000000000e+01   3.1894651690476501e+01
   8.2000000000000000e+01   3.1574287796982901e+01
   8.3000000000000000e+01   3.1661318876892999e+01
   8.4000000000000000e+01   3.1321549506710799e+01
   8.5000000000000000e+01   3.1444132942818801e+01
   8.6000000000000000e+01   3.1130820761392801e+01
   8.7000000000000000e+01   3.1021205705987501e+01
   8.8000000000000000e+01   3.0888541553705799e+01
   8.9000000000000000e+01   3.1179810179166399e+01
   9.0000000000000000e+01   3.1139103983945802e+01
   9.1000000000000000e+01   3.1296049918777101e+01
   9.2000000000000000e+01   3.1427090548923498e+01
   9.3000000000000000e+01   3.1447539344385099e+01
   9.4000000000000000e+01   3.1807829253315600e+01
   9.5000000000000000e+01   3.1512426591768399e+01
   9.6000000000000000e+01   3.1005152688266900e+01
   9.7000000000000000e+01   3.0759163658875998e+01
   9.8000000000000000e+01   3.0531828346159099e+01
   9.9000000000000000e+01   3.1004758698318899e+01
   1.0000000000000000e+02   3.1074851643484902e+01
   1.0100000000000000e+02   3.0919013406838801e+01
   1.0200000000000000e+02   3.1312088585127999e+01
   1.0300000000000000e+02   3.0675751092214000e+01
   1.0400000000000000e+02   3.0489306281152501e+01
   1.0500000000000000e+02   2.9794955312031899e+01
   1.0600000000000000e+02   3.0406898828840699e+01
   1.0700000000000000e+02   2.9671351867329999e+01
   1.0800000000000000e+02   2.9759030472781699e+01
   1.0900000000000000e+02   2.9860829605326501e+01
   1.1000000000000000e+02   2.9894752368167200e+01
   1.1100000000000000e+02   2.9592698439081801e+01
   1.1200000000000000e+02   2.9951237386004401e+01
   1.1300000000000000e+02   2.9762034149164101e+01
   1.1400000000000000e+02   2.9894497512469599e+01
   1.1500000000000000e+02   2.9822334675896499e+01
   1.1600000000000000e+02   3.0263879161715600e+01
   1.1700000000000000e+02   2.9625034267468301e+01
   1.1800000000000000e+02   2.9549401525271200e+01
   1.1900000000000000e+02   2.9479964273682000e+01
   1.2000000000000000e+02   2.8878515494534302e+01
   1.2100000000000000e+02   2.8607141156173402e+01
   1.2200000000000000e+02   2.8447993980358401e+01
   1.2300000000000000e+02   2.8547709693747201e+01
   1.2400000000000000e+02   2.8765218478117301e+01
   1.2500000000000000e+02   2.8720691667458500e+01
   1.2600000000000000e+02   2.8529754470237801e+01
   1.2700000000000000e+02   2.8805051734585199e+01
   1.2800000000000000e+02   2.8815638032303902e+01
   1.2900000000000000e+02   2.9030172909485302e+01
   1.3000000000000000e+02   2.9065996956346201e+01
   1.3100000000000000e+02   2.9299288951241699e+01
   1.3200000000000000e+02   2.9273257325033700e+01
   1.3300000000000000e+02   2.9169148522685099e+01
   1.3400000000000000e+02   2.9577846871563398e+01
   1.3500000000000000e+02   2.9268903879828098e+01
   1.3600000000000000e+02   2.9154921908170898e+01
   1.3700000000000000e+02   2.8925248943360700e+01
   1.3800000000000000e+02   2.8746080220440799e+01
   1.3900000000000000e+02   2.8726449582447700e+01
   1.4000000000000000e+02   2.8319525727852501e+01
   1.4100000000000000e+02   2.8136790735626800e+01
   1.4200000000000000e+02   2.7696259780896799e+01
   1.4300000000000000e+02   2.7579548548568098e+01
   1.4400000000000000e+02   2.7407641408165400e+01
   1.4500000000000000e+02   2.7454443055191199e+01
   1.4600000000000000e+02   2.7513258902857899e+01
   1.4700000000000000e+02   2.7324191455618301e+01
   1.4800000000000000e+02   2.7257522306754801e+01
   1.4900000000000000e+02   2.6720842837210402e+01
   1.5000000000000000e+02   2.6565577421907101e+01
   1.5100000000000000e+02   2.6314858478335101e+01
   1.5200000000000000e+02   2.6095840692188101e+01
   1.5300000000000000e+02   2.5998751488614001e+01
   1.5400000000000000e+02   2.5785538909605801e+01
   1.5500000000000000e+02   2.6149550651425699e+01
   1.5600000000000000e+02   2.6256736263032000e+01
   1.5700000000000000e+02   2.6001065387192401e+01
   1.5800000000000000e+02   2.6487916813895499e+01
   1.5900000000000000e+02   2.6082548913193200e+01
   1.6000000000000000e+02   2.6218146757372399e+01
   1.6100000000000000e+02   2.6094239028655299e+01
   1.6200000000000000e+02   2.5542344968735499e+01
   1.6300000000000000e+02   2.4958799008006299e+01
   1.6400000000000000e+02   2.4931053059870099e+01
   1.6500000000000000e+02   2.5062254020519699e+01
   1.6600000000000000e+02   2.4610708160144100e+01
   1.6700000000000000e+02   2.4471474054250599e+01
   1.6800000000000000e+02   2.4818185380325300e+01
   1.6900000000000000e+02   2.4937917700032902e+01
   1.7000000000000000e+02   2.4359077089799602e+01
   1.7100000000000000e+02   2.4282993197581600e+01
   1.7200000000000000e+02   2.4258823839698699e+01
   1.7300000000000000e+02   2.4387746536068899e+01
   1.7400000000000000e+02   2.4628170618457499e+01
   1.7500000000000000e+02   2.4456815514169101e+01
   1.7600000000000000e+02   2.4263952326901698e+01
   1.7700000000000000e+02   2.4351427017694199e+01
   1.7800000000000000e+02   2.4387109221627998e+01
   1.7900000000000000e+02   2.4305222127143999e+01
   1.8000000000000000e+02   2.4142737891925901e+01
   1.8100000000000000e+02   2.4298013464024798e+01
   1.8200000000000000e+02   2.4448452673079501e+01
   1.8300000000000000e+02   2.4520413666028698e+01
   1.8400000000000000e+02   2.4540115061836399e+01
   1.8500000000000000e+02   2.4574043922592701e+01
   1.8600000000000000e+02   2.4798929350723999e+01
   1.8700000000000000e+02   2.4523959825191302e+01
   1.8800000000000000e+02   2.4499338673084701e+01
   1.8900000000000000e+02   2.4593673911521400e+01
   1.9000000000000000e+02   2.4252461912984302e+01
   1.9100000000000000e+02   2.3762393235590700e+01
   1.9200000000000000e+02   2.3419665981097801e+01
   1.9300000000000000e+02   2.2813952928547600e+01
   1.9400000000000000e+02   2.2517795415029500e+01
   1.9500000000000000e+02   2.2601431333196000e+01
   1.9600000000000000e+02   2.3077287381190200e+01
   1.9700000000000000e+02   2.2574101722292099e+01
   1.9800000000000000e+02   2.2117869593414099e+01
   1.9900000000000000e+02   2.1683817194634798e+01
   2.0000000000000000e+02   2.1479746636249299e+01
   2.0100000000000000e+02   2.1294261827378801e+01
   2.0200000000000000e+02   2.1432921282244902e+01
   2.0300000000000000e+02   2.1681528901150202e+01
   2.0400000000000000e+02   2.1755619726163800e+01
   2.0500000000000000e+02   2.1091232305429699e+01
   2.0600000000000000e+02   2.0353379552846700e+01
   2.0700000000000000e+02   2.0192340899495498e+01
   2.0800000000000000e+02   1.9908765070236502e+01
   2.0900000000000000e+02   1.9340362495202001e+01
   2.1000000000000000e+02   1.9190555859500400e+01
   2.1100000000000000e+02   1.8264581156066299e+01
   2.1200000000000000e+02   1.8663059098863201e+01
   2.1300000000000000e+02   1.8690899975777501e+01
   2.1400000000000000e+02   1.8584896915926400e+01
   2.1500000000000000e+02   1.8244820171800200e+01
   2.1600000000000000e+02   1.7908862194442399e+01
   2.1700000000000000e+02   1.8289136611247802e+01
   2.1800000000000000e+02   1.8189642791204299e+01
   2.1900000000000000e+02   1.8309929065440500e+01
   2.2000000000000000e+02   1.7863416114294900e+01
   2.2100000000000000e+02   1.7501017263768201e+01
   2.2200000000000000e+02   1.7440548594927201e+01
   2.2300000000000000e+02   1.6924045296536502e+01
   2.2400000000000000e+02   1.6971453374936399e+01
   2.2500000000000000e+02   1.7014003946556400e+01
   2.2600000000000000e+02   1.6963969375610802e+01
   2.2700000000000000e+02   1.6371713999695899e+01
   2.2800000000000000e+02   1.5303416672407900e+01
   2.2900000000000000e+02   1.5022635428394899e+01
   2.3000000000000000e+02   1.4599112152122700e+01
   2.3100000000000000e+02   1.4487160498716900e+01
   2.3200000000000000e+02   1.4268843513229100e+01
   2.3300000000000000e+02   1.4403066360488801e+01
   2.3400000000000000e+02   1.3958696998321599e+01
   2.3500000000000000e+02   1.4009163565276101e+01
   2.3600000000000000e+02   1.4038901882075900e+01
   2.3700000000000000e+02   1.3946564456483101e+01
   2.3800000000000000e+02   1.3961308979432401e+01
   2.3900000000000000e+02   1.3758146006584800e+01
   2.4000000000000000e+02   1.3146319574081900e+01
   2.4100000000000000e+02   1.2317413867239599e+01
   2.4200000000000000e+02   1.1886933903089901e+01
   2.4300000000000000e+02   1.2098157542057701e+01
   2.4400000000000000e+02   1.2205727135797000e+01
   2.4500000000000000e+02   1.1861447145027100e+01
   2.4600000000000000e+02   1.1738008117333200e+01
   2.4700000000000000e+02   1.2085175197075900e+01
   2.4800000000000000e+02   1.1420357405918301e+01
   2.4900000000000000e+02   1.1187198507870100e+01
   2.5000000000000000e+02   1.0286723326498000e+01
   2.5100000000000000e+02   1.0266652395965400e+01
   2.5200000000000000e+02   8.9659897767710408e+00
   2.5300000000000000e+02   8.6474081427723792e+00
   2.5400000000000000e+02   8.3487372169105303e+00
   2.5500000000000000e+02   8.2025350147969203e+00
   2.5600000000000000e+02   8.0055193030607299e+00
   2.5700000000000000e+02   8.0104536073691595e+00
   2.5800000000000000e+02   7.5831578648249103e+00
   2.5900000000000000e+02   7.1492657293282997e+00
   2.6000000000000000e+02   6.9579865411214099e+00
   2.6100000000000000e+02   6.6504625091965401e+00
   2.6200000000000000e+02   6.5376239881971099e+00
   2.6300000000000000e+02   6.2518082695133304e+00
   2.6400000000000000e+02   5.6677101781803403e+00
   2.6500000000000000e+02   5.3497034905197403e+00
   2.6600000000000000e+02   5.3193350683837899e+00
   2.6700000000000000e+02   5.0014252343100098e+00
   2.6800000000000000e+02   5.0292776151767500e+00
   2.6900000000000000e+02   4.5853228897175198e+00
   2.7000000000000000e+02   4.7152273294872504e+00
   2.7100000000000000e+02   4.4673074071650500e+00
   2.7200000000000000e+02   4.0414012697016899e+00
   2.7300000000000000e+02   4.0076846816637497e+00
   2.7400000000000000e+02   3.8406819436796500e+00
   2.7500000000000000e+02   4.1106246543106701e+00
   2.7600000000000000e+02   4.1501425510099299e+00
   2.7700000000000000e+02   4.1679393668297200e+00
   2.7800000000000000e+02   3.8000772530009601e+00
   2.7900000000000000e+02   2.9614645960959498e+00
   2.8000000000000000e+02   2.8516850036216002e+00
   2.8100000000000000e+02   2.9611992854689801e+00
   2.8200000000000000e+02   2.7952820553148698e+00
   2.8300000000000000e+02   2.7089147315300202e+00
   2.8400000000000000e+02   2.4759927003991899e+00
   2.8500000000000000e+02   2.4894495818755700e+00
   2.8600000000000000e+02   2.0534855002111301e+00
   2.8700000000000000e+02   1.9467609300494699e+00
   2.8800000000000000e+02   1.7590577079020400e+00
   2.8900000000000000e+02   1.3387341953095899e+00
   2.9000000000000000e+02   7.7529313170979297e-01
   2.9100000000000000e+02   3.3443185986500201e-01
   2.9200000000000000e+02  -5.7911763240446397e-02
   2.9300000000000000e+02   2.8130448051060602e-03
   2.9400000000000000e+02  -4.1389428049127702e-01
   2.9500000000000000e+02  -6.7615645336650698e-01
   2.9600000000000000e+02  -1.0721915700239999e+00
   2.9700000000000000e+02  -1.4986224728727999e+00
   2.9800000000000000e+02  -1.5145174735877500e+00
   2.9900000000000000e+02  -2.0861059757694100e+00
   3.0000000000000000e+02  -2.2941478414306302e+00
   3.0100000000000000e+02  -2.3799121733229298e+00
   3.0200000000000000e+02  -2.1499388154932402e+00
   3.0300000000000000e+02  -2.6340179048539598e+00
   3.0400000000000000e+02  -2.8933951507004001e+00
   3.0500000000000000e+02  -3.7116154528378300e+00
   3.0600000000000000e+02  -4.0275684935537699e+00
   3.0700000000000000e+02  -4.4855363944007403e+00
   3.0800000000000000e+02  -4.6332533182342601e+00
   3.0900000000000000e+02  -4.6613921348786302e+00
   3.1000000000000000e+02  -5.6814668865815996e+00
   3.1100000000000000e+02  -5.8956426535846900e+00
   3.1200000000000000e+02  -6.0348556265216997e+00
   3.1300000000000000e+02  -6.1555289791392704e+00
   3.1400000000000000e+02  -6.6592640507910996e+00
   3.1500000000000000e+02  -7.2686596986816596e+00
   3.1600000000000000e+02  -7.7879223179892199e+00
   3.1700000000000000e+02  -8.1623320911246804e+00
   3.1800000000000000e+02  -8.5575706193334895e+00
   3.1900000000000000e+02  -8.6434876310488704e+00
   3.2000000000000000e+02  -9.2437126215084096e+00
   3.2100000000000000e+02  -1.0082388098979600e+01
   3.2200000000000000e+02  -1.0380116994730500e+01
   3.2300000000000000e+02  -1.0712030148835099e+01
   3.2400000000000000e+02  -1.1425124488704400e+01
   3.2500000000000000e+02  -1.1553338598058501e+01
   3.2600000000000000e+02  -1.1358529380332900e+01
   3.2700000000000000e+02  -1.1913750891048799e+01
   3.2800000000000000e+02  -1.2444181525208400e+01
   3.2900000000000000e+02  -1.2656020632925300e+01
   3.3000000000000000e+02  -1.2702421584507700e+01
   3.3100000000000000e+02  -1.3424449862437299e+01
   3.3200000000000000e+02  -1.3555568564414600e+01
   3.3300000000000000e+02  -1.4401059067894600e+01
   3.3400000000000000e+02  -1.4816448502865800e+01
   3.3500000000000000e+02  -1.5314450678516300e+01
   3.3600000000000000e+02  -1.5510955172585900e+01
   3.3700000000000000e+02  -1.6248388598653399e+01
   3.3800000000000000e+02  -1.6599057960908500e+01
   3.3900000000000000e+02  -1.7344129385722301e+01
   3.4000000000000000e+02  -1.8328592014211502e+01
   3.4100000000000000e+02  -1.9013968820278802e+01
   3.4200000000000000e+02  -1.9372408979269700e+01
   3.4300000000000000e+02  -1.9745672844180799e+01
   3.4400000000000000e+02  -2.0167017415699501e+01
   3.4500000000000000e+02  -2.0834277931711000e+01
   3.4600000000000000e+02  -2.1659228330620799e+01
   3.4700000000000000e+02  -2.1917711534152701e+01
   3.4800000000000000e+02  -2.2471835784778900e+01
   3.4900000000000000e+02  -2.2784454232991401e+01
   3.5000000000000000e+02  -2.3660916737360100e+01
   3.5100000000000000e+02  -2.4124895405657600e+01
   3.5200000000000000e+02  -2.5013369877732799e+01
   3.5300000000000000e+02  -2.5318227510160199e+01
   3.5400000000000000e+02  -2.6273634969607500e+01
   3.5500000000000000e+02  -2.7129132778158699e+01
   3.5600000000000000e+02  -2.7790465841671100e+01
   3.5700000000000000e+02  -2.8879124375785800e+01
   3.5800000000000000e+02  -3.0016168240691300e+01
   3.5900000000000000e+02  -3.1492312463068600e+01
   3.6000000000000000e+02  -3.2317467151427202e+01
   3.6100000000000000e+02  -3.2800285531227601e+01
   3.6200000000000000e+02  -3.3606846501557698e+01
   3.6300000000000000e+02  -3.4148095782463898e+01
   3.6400000000000000e+02  -3.4748371115398797e+01
   3.6500000000000000e+02  -3.6070609805980602e+01
   3.6600000000000000e+02  -3.7019047357202602e+01
   3.6700000000000000e+02  -3.7803955566795402e+01
   3.6800000000000000e+02  -3.8591709420939701e+01
   3.6900000000000000e+02  -3.9530256976613501e+01
   3.7000000000000000e+02  -4.0369555621673904e+01
   3.7100000000000000e+02  -4.0752483161790003e+01
   3.7200000000000000e+02  -4.1510336566643097e+01
   3.7300000000000000e+02  -4.2720145844800697e+01
   3.7400000000000000e+02  -4.3601441700227603e+01
   3.7500000000000000e+02  -4.3735783833510403e+01
   3.7600000000000000e+02  -4.4434487401184803e+01
   3.7700000000000000e+02  -4.5727537102857198e+01
   3.7800000000000000e+02  -4.6637545992538499e+01
   3.7900000000000000e+02  -4.7659554961456401e+01
   3.8000000000000000e+02  -4.8703059680928703e+01
   3.8100000000000000e+02  -4.9732570183926597e+01
   3.8200000000000000e+02  -5.0862588166062501e+01
   3.8300000000000000e+02  -5.1667870106566603e+01
   3.8400000000000000e+02  -5.2408084390884397e+01
   3.8500000000000000e+02  -5.3227626825351599e+01
   3.8600000000000000e+02  -5.4279917951493701e+01
   3.8700000000000000e+02  -5.5002253151068302e+01
   3.8800000000000000e+02  -5.5221634322898701e+01
   3.8900000000000000e+02  -5.6104820196014501e+01
   3.9000000000000000e+02  -5.6573463639423103e+01
   3.9100000000000000e+02  -5.7815901089348799e+01
   3.9200000000000000e+02  -5.8426706922255100e+01
   3.9300000000000000e+02  -5.9130888580566300e+01
   3.9400000000000000e+02  -5.9796816178275499e+01
   3.9500000000000000e+02  -6.0680640940024297e+01
   3.9600000000000000e+02  -6.1308653178461000e+01
   3.9700000000000000e+02  -6.1972882794831001e+01
   3.9800000000000000e+02  -6.2936852138206604e+01
   3.9900000000000000e+02  -6.3523636253122397e+01
   4.0000000000000000e+02  -6.4599602418478796e+01
   4.0100000000000000e+02  -6.4941092914177602e+01
   4.0200000000000000e+02  -6.5209022448510098e+01
   4.0300000000000000e+02  -6.6250901732606593e+01
   4.0400000000000000e+02  -6.6768351642628602e+01
   4.0500000000000000e+02  -6.7433091468587605e+01
   4.0600000000000000e+02  -6.8047506546147204e+01
   4.0700000000000000e+02  -6.8695555618420400e+01
   4.0800000000000000e+02  -6.8871821828463297e+01
   4.0900000000000000e+02  -6.9537442920457707e+01
   4.1000000000000000e+02  -7.0709326639606104e+01
   4.1100000000000000e+02  -7.1360952813800594e+01
   4.1200000000000000e+02  -7.1472121297400605e+01
   4.1300000000000000e+02  -7.1637825069063695e+01
   4.1400000000000000e+02  -7.1819716398352398e+01
   4.1500000000000000e+02  -7.1860133980960796e+01
   4.1600000000000000e+02  -7.2434754945987905e+01
   4.1700000000000000e+02  -7.2578131237710394e+01
   4.1800000000000000e+02  -7.3133091861981299e+01
   4.1900000000000000e+02  -7.2997684714850905e+01
   4.2000000000000000e+02  -7.3299825767955895e+01
   4.2100000000000000e+02  -7.3857728343390804e+01
   4.2200000000000000e+02  -7.4145016491153001e+01
   4.2300000000000000e+02  -7.4414130950608595e+01
   4.2400000000000000e+02  -7.4510996204055701e+01
   4.2500000000000000e+02  -7.4713080278920700e+01
   4.2600000000000000e+02  -7.4423877372738801e+01
   4.2700000000000000e+02  -7.4366107297254402e+01
   4.2800000000000000e+02  -7.4348226642094005e+01
   4.2900000000000000e+02  -7.4371680207040995e+01
   4.3000000000000000e+02  -7.4169187608974497e+01
   4.3100000000000000e+02  -7.4206433973231299e+01
   4.3200000000000000e+02  -7.4576813340483795e+01
   4.3300000000000000e+02  -7.4402418533744907e+01
   4.3400000000000000e+02  -7.4213073367750297e+01
   4.3500000000000000e+02  -7.3838281061257305e+01
   4.3600000000000000e+02  -7.3942737773471706e+01
   4.3700000000000000e+02  -7.3846687696842096e+01
   4.3800000000000000e+02  -7.4564887525735998e+01
   4.3900000000000000e+02  -7.5384633794585497e+01
   4.4000000000000000e+02  -7.5538706060104005e+01
   4.4100000000000000e+02  -7.5373418203678696e+01
   4.4200000000000000e+02  -7.5068628158055404e+01
   4.4300000000000000e+02  -7.5163736822951094e+01
   4.4400000000000000e+02  -7.5315536877348706e+01
   4.4500000000000000e+02  -7.5424200185672902e+01
   4.4600000000000000e+02  -7.5811945434231504e+01
   4.4700000000000000e+02  -7.6022856224695204e+01
   4.4800000000000000e+02  -7.5755078425086595e+01
   4.4900000000000000e+02  -7.5982826125513498e+01
   4.5000000000000000e+02  -7.6022879082309103e+01
   4.5100000000000000e+02  -7.5800543723028198e+01
   4.5200000000000000e+02  -7.5487121289045504e+01
   4.5300000000000000e+02  -7.5581379098711807e+01
   4.5400000000000000e+02  -7.5353142753289603e+01
   4.5500000000000000e+02  -7.5309099786506906e+01
   4.5600000000000000e+02  -7.5387344118077905e+01
   4.5700000000000000e+02  -7.5656447180514306e+01
   4.5800000000000000e+02  -7.5933698336378896e+01
   4.5900000000000000e+02  -7.6031010193165301e+01
   4.6000000000000000e+02  -7.6037438117912103e+01
   4.6100000000000000e+02  -7.6070633923011798e+01
   4.6200000000000000e+02  -7.5855100994955194e+01
   4.6300000000000000e+02  -7.6192858026629594e+01
   4.6400000000000000e+02  -7.6320324481602896e+01
   4.6500000000000000e+02  -7.6502395046249404e+01
   4.6600000000000000e+02  -7.6491132547014800e+01
   4.6700000000000000e+02  -7.6550587255838806e+01
   4.6800000000000000e+02  -7.6500059566396203e+01
   4.6900000000000000e+02  -7.6270546498710303e+01
   4.7000000000000000e+02  -7.5840027091978698e+01
   4.7100000000000000e+02  -7.5983163278569194e+01
   4.7200000000000000e+02  -7.5952749950434296e+01
   4.7300000000000000e+02  -7.5626681564194300e+01
   4.7400000000000000e+02  -7.5809221961446198e+01
   4.7500000000000000e+02  -7.5995061264839194e+01
   4.7600000000000000e+02  -7.5803233214900700e+01
   4.7700000000000000e+02  -7.5471297259058204e+01
   4.7800000000000000e+02  -7.5933040843349502e+01
   4.7900000000000000e+02  -7.5862086508547904e+01
   4.8000000000000000e+02  -7.5710428322754098e+01
   4.8100000000000000e+02  -7.5994651937934293e+01
   4.8200000000000000e+02  -7.5822594617487994e+01
   4.8300000000000000e+02  -7.5695965045223005e+01
   4.8400000000000000e+02  -7.5742294531234094e+01
   4.8500000000000000e+02  -7.5503346287100399e+01
   4.8600000000000000e+02  -7.5771747124520402e+01
   4.8700000000000000e+02  -7.5967300116207994e+01
   4.8800000000000000e+02  -7.5815898958157106e+01
   4.8900000000000000e+02  -7.5724607976611196e+01
   4.9000000000000000e+02  -7.6067356582242397e+01
   4.9100000000000000e+02  -7.6065709102966693e+01
   4.9200000000000000e+02  -7.5925548136010704e+01
   4.9300000000000000e+02  -7.6411149362024403e+01
   4.9400000000000000e+02  -7.7061126042288805e+01
   4.9500000000000000e+02  -7.7397747767399494e+01
   4.9600000000000000e+02  -7.7769230295596898e+01
   4.9700000000000000e+02  -7.7544468523976306e+01
   4.9800000000000000e+02  -7.7320236639563404e+01
   4.9900000000000000e+02  -7.7132414565477205e+01
   5.0000000000000000e+02  -7.6934157874777895e+01
   5.0100000000000000e+02  -7.6937788375772598e+01
   5.0200000000000000e+02  -7.6720456064681002e+01
   5.0300000000000000e+02  -7.6280274357368498e+01
   5.0400000000000000e+02  -7.6106147348806800e+01
   5.0500000000000000e+02  -7.6458745692944206e+01
   5.0600000000000000e+02  -7.6261312109603196e+01
   5.0700000000000000e+02  -7.5943458638329204e+01
   5.0800000000000000e+02  -7.6435046221438100e+01
   5.0900000000000000e+02  -7.6702647705379903e+01
   5.1000000000000000e+02  -7.6087777611946393e+01
   5.1100000000000000e+02  -7.6276450825147904e+01
   5.1200000000000000e+02  -7.5819550678642301e+01
   5.1300000000000000e+02  -7.5548376445357803e+01
   5.1400000000000000e+02  -7.5747632675707607e+01
   5.1500000000000000e+02  -7.5257543002670403e+01
   5.1600000000000000e+02  -7.5523808648201694e+01
   5.1700000000000000e+02  -7.5463447326519400e+01
   5.1800000000000000e+02  -7.5377318865782797e+01
   5.1900000000000000e+02  -7.5287018604561396e+01
   5.2000000000000000e+02  -7.5470386960017294e+01
   5.2100000000000000e+02  -7.5304339097641503e+01
   5.2200000000000000e+02  -7.5467849097069504e+01
   5.2300000000000000e+02  -7.6091490444457193e+01
   5.2400000000000000e+02  -7.6063053971195302e+01
   5.2500000000000000e+02  -7.5888916940450997e+01
   5.2600000000000000e+02  -7.6133387481814594e+01
   5.2700000000000000e+02  -7.6328213022123805e+01
   5.2800000000000000e+02  -7.6116733026104299e+01
   5.2900000000000000e+02  -7.6092279470478005e+01
   5.3000000000000000e+02  -7.5937655691991694e+01
   5.3100000000000000e+02  -7.5886571174718696e+01
   5.3200000000000000e+02  -7.5578093477027707e+01
   5.3300000000000000e+02  -7.5256426944892397e+01
   5.3400000000000000e+02  -7.5140157911403605e+01
   5.3500000000000000e+02  -7.4988643366269400e+01
   5.3600000000000000e+02  -7.5094838659536293e+01
   5.3700000000000000e+02  -7.4970207895467396e+01
   5.3800000000000000e+02  -7.4844821701684694e+01
   5.3900000000000000e+02  -7.4489810358543494e+01
   5.4000000000000000e+02  -7.4306229633638793e+01
   5.4100000000000000e+02  -7.4356517355948000e+01
   5.4200000000000000e+02  -7.4140740072808200e+01
   5.4300000000000000e+02  -7.4291073884240703e+01
   5.4400000000000000e+02  -7.4116922557447396e+01
   5.4500000000000000e+02  -7.4055553248453094e+01
   5.4600000000000000e+02  -7.4301258331546606e+01
   5.4700000000000000e+02  -7.4248645300469803e+01
   5.4800000000000000e+02  -7.4404909245535194e+01
   5.4900000000000000e+02  -7.3909005999147197e+01
   5.5000000000000000e+02  -7.4743849218190704e+01
   5.5100000000000000e+02  -7.4773887818999995e+01
   5.5200000000000000e+02  -7.5598651231652298e+01
   5.5300000000000000e+02  -7.5717675806056107e+01
   5.5400000000000000e+02  -7.5497371623760003e+01
   5.5500000000000000e+02  -7.5441632555885704e+01
   5.5600000000000000e+02  -7.5260286263657505e+01
   5.5700000000000000e+02  -7.4650008500688799e+01
   5.5800000000000000e+02  -7.4710884134914807e+01
   5.5900000000000000e+02  -7.4462172752893196e+01
   5.6000000000000000e+02  -7.4590447568872094e+01
   5.6100000000000000e+02  -7.4269280720276498e+01
   5.6200000000000000e+02  -7.4231437422759399e+01
   5.6300000000000000e+02  -7.4234725319437104e+01
   5.6400000000000000e+02  -7.4083834355755400e+01
   5.6500000000000000e+02  -7.3656293117229694e+01
   5.6600000000000000e+02  -7.3583407537810601e+01
   5.6700000000000000e+02  -7.3553904145790696e+01
   5.6800000000000000e+02  -7.3740011229221494e+01
   5.6900000000000000e+02  -7.3615387045978295e+01
   5.7000000000000000e+02  -7.3886764973803295e+01
   5.7100000000000000e+02  -7.4107408432602796e+01
   5.7200000000000000e+02  -7.3691611441992194e+01
   5.7300000000000000e+02  -7.4387773844784704e+01
   5.7400000000000000e+02  -7.3969381082106906e+01
   5.7500000000000000e+02  -7.3822519200409403e+01
   5.7600000000000000e+02  -7.3623376980103103e+01
   5.7700000000000000e+02  -7.3790196978353094e+01
   5.7800000000000000e+02  -7.3782524800914501e+01
   5.7900000000000000e+02  -7.3688079045241295e+01
   5.8000000000000000e+02  -7.3410731068367198e+01
   5.8100000000000000e+02  -7.3544414113492905e+01
   5.8200000000000000e+02  -7.3668646114298497e+01
   5.8300000000000000e+02  -7.3348806109829397e+01
   5.8400000000000000e+02  -7.3861219771112403e+01
   5.8500000000000000e+02  -7.3873245139250798e+01
   5.8600000000000000e+02  -7.3455024436013602e+01
   5.8700000000000000e+02  -7.2661234356895505e+01
   5.8800000000000000e+02  -7.3536080371350806e+01
   5.8900000000000000e+02  -7.3753809327420896e+01
   5.9000000000000000e+02  -7.4121479147737404e+01
   5.9100000000000000e+02  -7.4459374970331893e+01
   5.9200000000000000e+02  -7.4179383007877107e+01
   5.9300000000000000e+02  -7.4486179061739193e+01
   5.9400000000000000e+02  -7.4092576737219602e+01
   5.9500000000000000e+02  -7.3899470496893002e+01
   5.9600000000000000e+02  -7.3619126922045794e+01
   5.9700000000000000e+02  -7.3254849531820099e+01
   5.9800000000000000e+02  -7.3117368941145301e+01
   5.9900000000000000e+02  -7.2996157217505896e+01
   6.0000000000000000e+02  -7.2776309393924905e+01
   6.0100000000000000e+02  -7.2695631269327805e+01
   6.0200000000000000e+02  -7.2246818784963594e+01
   6.0300000000000000e+02  -7.2159197235996203e+01
   6.0400000000000000e+02  -7.1946119385360106e+01
   6.0500000000000000e+02  -7.2060341278593398e+01
   6.0600000000000000e+02  -7.1839499612418606e+01
   6.0700000000000000e+02  -7.1632801007187098e+01
   6.0800000000000000e+02  -7.1491140774422306e+01
   6.0900000000000000e+02  -7.1657013745296794e+01
   6.1000000000000000e+02  -7.1545986702260507e+01
   6.1100000000000000e+02  -7.1322513236632403e+01
   6.1200000000000000e+02  -7.1570750326279295e+01
   6.1300000000000000e+02  -7.1450210957080500e+01
   6.1400000000000000e+02  -7.1238790804120200e+01
   6.1500000000000000e+02  -7.1809645166999800e+01
   6.1600000000000000e+02  -7.1930859631603298e+01
   6.1700000000000000e+02  -7.1581317590732894e+01
   6.1800000000000000e+02  -7.1256043166429194e+01
   6.1900000000000000e+02  -7.1334409919791796e+01
   6.2000000000000000e+02  -7.1608920479110395e+01
   6.2100000000000000e+02  -7.1596555499538695e+01
   6.2200000000000000e+02  -7.1560379681893494e+01
   6.2300000000000000e+02  -7.1978115584104302e+01
   6.2400000000000000e+02  -7.1526463225802104e+01
   6.2500000000000000e+02  -7.1535634571912894e+01
   6.2600000000000000e+02  -7.1640737176462395e+01
   6.2700000000000000e+02  -7.1782929447824003e+01
   6.2800000000000000e+02  -7.2340052967335396e+01
   6.2900000000000000e+02  -7.2774488791354301e+01
   6.3000000000000000e+02  -7.2959633823662102e+01
   6.3100000000000000e+02  -7.3119026778485804e+01
   6.3200000000000000e+02  -7.3293006373543406e+01
   6.3300000000000000e+02  -7.3465300099513499e+01
   6.3400000000000000e+02  -7.3110429153373104e+01
   6.3500000000000000e+02  -7.2999326387411401e+01
   6.3600000000000000e+02  -7.2718096649213194e+01
   6.3700000000000000e+02  -7.2730071812955302e+01
   6.3800000000000000e+02  -7.2274799180093794e+01
   6.3900000000000000e+02  -7.2234981957541805e+01
   6.4000000000000000e+02  -7.2495110545361101e+01
   6.4100000000000000e+02  -7.2708531962750101e+01
   6.4200000000000000e+02  -7.2550235106176203e+01
   6.4300000000000000e+02  -7.2259634032130904e+01
   6.4400000000000000e+02  -7.2220052671114999e+01
   6.4500000000000000e+02  -7.2739988514127703e+01
   6.4600000000000000e+02  -7.2812740297273507e+01
   6.4700000000000000e+02  -7.2882856830258106e+01
   6.4800000000000000e+02  -7.3040432336864598e+01
   6.4900000000000000e+02  -7.3441577000584999e+01
   6.5000000000000000e+02  -7.3504377355538693e+01
   6.5100000000000000e+02  -7.3905510581302906e+01
   6.5200000000000000e+02  -7.3553883527400998e+01
   6.5300000000000000e+02  -7.3081332109498206e+01
   6.5400000000000000e+02  -7.2523068153577199e+01
   6.5500000000000000e+02  -7.3257799853272104e+01
   6.5600000000000000e+02  -7.3076302725578302e+01
   6.5700000000000000e+02  -7.2867358849237405e+01
   6.5800000000000000e+02  -7.3501368565797094e+01
   6.5900000000000000e+02  -7.3942859982037604e+01
   6.6000000000000000e+02  -7.3769261019647104e+01
   6.6100000000000000e+02  -7.4119149588571702e+01
   6.6200000000000000e+02  -7.4704111624090302e+01
   6.6300000000000000e+02  -7.4694370135278703e+01
   6.6400000000000000e+02  -7.5093773256157405e+01
   6.6500000000000000e+02  -7.4803746745416902e+01
   6.6600000000000000e+02  -7.4875008746767506e+01
   6.6700000000000000e+02  -7.5422212036408993e+01
   6.6800000000000000e+02  -7.5328799226043699e+01
   6.6900000000000000e+02  -7.5054131976750099e+01
   6.7000000000000000e+02  -7.4873520996799400e+01
   6.7100000000000000e+02  -7.4927373083595199e+01
   6.7200000000000000e+02  -7.5250416721988998e+01
   6.7300000000000000e+02  -7.5222013414778402e+01
   6.7400000000000000e+02  -7.4945377227452596e+01
   6.7500000000000000e+02  -7.5139530143979101e+01
   6.7600000000000000e+02  -7.5146722265991997e+01
   6.7700000000000000e+02  -7.5230771150877899e+01
   6.7800000000000000e+02  -7.5237824161686007e+01
   6.7900000000000000e+02  -7.5055717278580701e+01
   6.8000000000000000e+02  -7.5282499476166706e+01
   6.8100000000000000e+02  -7.4952560933141996e+01
   6.8200000000000000e+02  -7.5000958581688394e+01
   6.8300000000000000e+02  -7.4762456204500097e+01
   6.8400000000000000e+02  -7.4550638302569098e+01
   6.8500000000000000e+02  -7.4571082813892701e+01
   6.8600000000000000e+02  -7.4273119173608904e+01
   6.8700000000000000e+02  -7.3667360422769704e+01
   6.8800000000000000e+02  -7.3572134282998903e+01
   6.8900000000000000e+02  -7.4372248743423697e+01
   6.9000000000000000e+02  -7.4052244740112798e+01
   6.9100000000000000e+02  -7.4164790315864096e+01
   6.9200000000000000e+02  -7.4218951674799399e+01
   6.9300000000000000e+02  -7.4103603754655296e+01
   6.9400000000000000e+02  -7.4078517350120705e+01
   6.9500000000000000e+02  -7.4158742800670794e+01
   6.9600000000000000e+02  -7.4214034911272904e+01
   6.9700000000000000e+02  -7.4894966576085594e+01
   6.9800000000000000e+02  -7.4715035571868995e+01
   6.9900000000000000e+02  -7.5158034581975002e+01
   7.0000000000000000e+02  -7.5062102606833193e+01
   7.0100000000000000e+02  -7.5226824345275602e+01
   7.0200000000000000e+02  -7.4869596275130306e+01
   7.0300000000000000e+02  -7.4588483825580695e+01
   7.0400000000000000e+02  -7.4694389591434799e+01
   7.0500000000000000e+02  -7.4878907792996401e+01
   7.0600000000000000e+02  -7.5358405213422301e+01
   7.0700000000000000e+02  -7.5558581123877403e+01
   7.0800000000000000e+02  -7.5525673390558893e+01
   7.0900000000000000e+02  -7.5506691142426504e+01
   7.1000000000000000e+02  -7.5082104381408897e+01
   7.1100000000000000e+02  -7.4667769515678202e+01
   7.1200000000000000e+02  -7.4835012114166503e+01
   7.1300000000000000e+02  -7.4585048445173001e+01
   7.1400000000000000e+02  -7.4130776107974597e+01
   7.1500000000000000e+02  -7.4304744675503699e+01
   7.1600000000000000e+02  -7.4428581251332702e+01
   7.1700000000000000e+02  -7.4431029197650702e+01
   7.1800000000000000e+02  -7.4732866561361803e+01
   7.1900000000000000e+02  -7.4489415910699293e+01
   7.2000000000000000e+02  -7.4010508288726001e+01
   7.2100000000000000e+02  -7.3465207540434903e+01
   7.2200000000000000e+02  -7.3332562320863801e+01
   7.2300000000000000e+02  -7.3295013149739603e+01
   7.2400000000000000e+02  -7.3278793579999004e+01
   7.2500000000000000e+02  -7.2917732899474998e+01
   7.2600000000000000e+02  -7.2519243034741706e+01
   7.2700000000000000e+02  -7.2243805798003606e+01
   7.2800000000000000e+02  -7.1584552579951605e+01
   7.2900000000000000e+02  -7.2012192352954500e+01
   7.3000000000000000e+02  -7.1955493011619595e+01
   7.3100000000000000e+02  -7.2361935486984706e+01
   7.3200000000000000e+02  -7.2756119148630503e+01
   7.3300000000000000e+02  -7.2652545673955700e+01
   7.3400000000000000e+02  -7.2822766479929697e+01
   7.3500000000000000e+02  -7.3145072190069996e+01
   7.3600000000000000e+02  -7.3346478013439594e+01
   7.3700000000000000e+02  -7.3189602496452295e+01
   7.3800000000000000e+02  -7.3434893115084193e+01
   7.3900000000000000e+02  -7.3232069744169706e+01
   7.4000000000000000e+02  -7.3216466647974400e+01
   7.4100000000000000e+02  -7.3321534586011197e+01
   7.4200000000000000e+02  -7.3359057238763199e+01
   7.4300000000000000e+02  -7.3481855434927098e+01
   7.4400000000000000e+02  -7.3248526786970501e+01
   7.4500000000000000e+02  -7.3114952718232502e+01
   7.4600000000000000e+02  -7.3682201822032795e+01
   7.4700000000000000e+02  -7.3473283906817699e+01
   7.4800000000000000e+02  -7.3344198110260507e+01
   7.4900000000000000e+02  -7.3002471753256003e+01
   7.5000000000000000e+02  -7.3346484546171695e+01
   7.5100000000000000e+02  -7.3925013791010798e+01
   7.5200000000000000e+02  -7.3728965237311499e+01
   7.5300000000000000e+02  -7.3713848817973002e+01
   7.5400000000000000e+02  -7.3865542340705304e+01
   7.5500000000000000e+02  -7.3658619453124899e+01
   7.5600000000000000e+02  -7.3987310835611595e+01
   7.5700000000000000e+02  -7.3653365490780999e+01
   7.5800000000000000e+02  -7.3534926143566693e+01
   7.5900000000000000e+02  -7.3487384359964693e+01
   7.6000000000000000e+02  -7.3497067510519898e+01
   7.6100000000000000e+02  -7.3857684265555704e+01
   7.6200000000000000e+02  -7.4130641395189400e+01
   7.6300000000000000e+02  -7.4045050309911105e+01
   7.6400000000000000e+02  -7.4174120124654607e+01
   7.6500000000000000e+02  -7.4582075718174295e+01
   7.6600000000000000e+02  -7.4575629058049799e+01
   7.6700000000000000e+02  -7.4778233943035900e+01
   7.6800000000000000e+02  -7.5191357892058804e+01
   7.6900000000000000e+02  -7.4971897412012893e+01
   7.7000000000000000e+02  -7.5128739024609104e+01
   7.7100000000000000e+02  -7.5324132109545801e+01
   7.7200000000000000e+02  -7.5262504855117001e+01
   7.7300000000000000e+02  -7.5260051403659602e+01
   7.7400000000000000e+02  -7.5527168060575804e+01
   7.7500000000000000e+02  -7.5583930789639396e+01
   7.7600000000000000e+02  -7.5478065961346502e+01
   7.7700000000000000e+02  -7.5534505379873906e+01
   7.7800000000000000e+02  -7.5528783544508300e+01
   7.7900000000000000e+02  -7.5549669216563998e+01
   7.8000000000000000e+02  -7.5855005532259895e+01
   7.8100000000000000e+02  -7.5625821142210896e+01
   7.8200000000000000e+02  -7.5861256489759000e+01
   7.8300000000000000e+02  -7.6278995961808306e+01
   7.8400000000000000e+02  -7.6478853604248997e+01
   7.8500000000000000e+02  -7.6633333047364800e+01
   7.8600000000000000e+02  -7.6620622393949006e+01
   7.8700000000000000e+02  -7.6590787697255095e+01
   7.8800000000000000e+02  -7.6061406284333202e+01
   7.8900000000000000e+02  -7.6039272574250802e+01
   7.9000000000000000e+02  -7.6441929142036798e+01
   7.9100000000000000e+02  -7.5652045837797800e+01
   7.9200000000000000e+02  -7.5395575065881204e+01
   7.9300000000000000e+02  -7.5073627127856199e+01
   7.9400000000000000e+02  -7.5607255126108697e+01
   7.9500000000000000e+02  -7.5851307227272898e+01
   7.9600000000000000e+02  -7.6072327740730600e+01
   7.9700000000000000e+02  -7.6594904023247807e+01
   7.9800000000000000e+02  -7.6486776923409707e+01
   7.9900000000000000e+02  -7.6024301102145898e+01
   8.0000000000000000e+02  -7.5290511314170303e+01
   8.0100000000000000e+02  -7.5096290210722799e+01
   8.0200000000000000e+02  -7.5128465517016593e+01
   8.0300000000000000e+02  -7.5409715854673195e+01
   8.0400000000000000e+02  -7.5393310023348405e+01
   8.0500000000000000e+02  -7.5102356437823303e+01
   8.0600000000000000e+02  -7.4944974738326195e+01
   8.0700000000000000e+02  -7.5225573602807401e+01
   8.0800000000000000e+02  -7.4988301206776100e+01
   8.0900000000000000e+02  -7.5385928173871207e+01
   8.1000000000000000e+02  -7.5533009129288999e+01
   8.1100000000000000e+02  -7.5949263293254504e+01
   8.1200000000000000e+02  -7.5657767847095002e+01
   8.1300000000000000e+02  -7.5136540867891895e+01
   8.1400000000000000e+02  -7.5220914183736397e+01
   8.1500000000000000e+02  -7.5003088861365697e+01
   8.1600000000000000e+02  -7.5336499452351603e+01
   8.1700000000000000e+02  -7.5554611592216403e+01
   8.1800000000000000e+02  -7.5271350455511097e+01
   8.1900000000000000e+02  -7.5305086360546397e+01
   8.2000000000000000e+02  -7.5651552632451100e+01
   8.2100000000000000e+02  -7.5385043723461905e+01
   8.2200000000000000e+02  -7.5608185208410305e+01
   8.2300000000000000e+02  -7.5604478955824803e+01
   8.2400000000000000e+02  -7.5461753789978999e+01
   8.2500000000000000e+02  -7.4920934960606701e+01
   8.2600000000000000e+02  -7.4721043893859502e+01
   8.2700000000000000e+02  -7.4718657953124804e+01
   8.2800000000000000e+02  -7.4313921597349207e+01
   8.2900000000000000e+02  -7.4396461835859895e+01
   8.3000000000000000e+02  -7.4059944768437006e+01
   8.3100000000000000e+02  -7.4225382689643695e+01
   8.3200000000000000e+02  -7.4208165894219505e+01
   8.3300000000000000e+02  -7.3997758972406302e+01
   8.3400000000000000e+02  -7.4287545804370396e+01
   8.3500000000000000e+02  -7.4097153674828803e+01
   8.3600000000000000e+02  -7.4000457131173107e+01
   8.3700000000000000e+02  -7.3946887875306700e+01
   8.3800000000000000e+02  -7.3601273053097600e+01
   8.3900000000000000e+02  -7.2975716467415396e+01
   8.4000000000000000e+02  -7.3055799476096297e+01
   8.4100000000000000e+02  -7.2536055203929706e+01
   8.4200000000000000e+02  -7.2212171259157998e+01
   8.4300000000000000e+02  -7.2104988549886201e+01
   8.4400000000000000e+02  -7.2152655247510793e+01
   8.4500000000000000e+02  -7.2447326279719306e+01
   8.4600000000000000e+02  -7.2726204979517505e+01
   8.4700000000000000e+02  -7.3250718350775898e+01
   8.4800000000000000e+02  -7.3029773328433706e+01
   8.4900000000000000e+02  -7.2926055322083201e+01
   8.5000000000000000e+02  -7.2733823804216598e+01
   8.5100000000000000e+02  -7.3102508837016401e+01
   8.5200000000000000e+02  -7.3238760824723101e+01
   8.5300000000000000e+02  -7.2689055327772493e+01
   8.5400000000000000e+02  -7.2488961560092505e+01
   8.5500000000000000e+02  -7.2530629038450300e+01
   8.5600000000000000e+02  -7.2598441079730406e+01
   8.5700000000000000e+02  -7.2511566601802102e+01
   8.5800000000000000e+02  -7.2146292163603107e+01
   8.5900000000000000e+02  -7.2166368139578097e+01
   8.6000000000000000e+02  -7.2011474774195193e+01
   8.6100000000000000e+02  -7.2590728034437802e+01
   8.6200000000000000e+02  -7.2631606382517205e+01
   8.6300000000000000e+02  -7.2660810847572805e+01
   8.6400000000000000e+02  -7.2556093307226604e+01
   8.6500000000000000e+02  -7.2178439280891695e+01
   8.6600000000000000e+02  -7.1939527395949298e+01
   8.6700000000000000e+02  -7.2339783368392702e+01
   8.6800000000000000e+02  -7.2806523655423504e+01
   8.6900000000000000e+02  -7.2645851625412902e+01
   8.7000000000000000e+02  -7.2779199489424499e+01
   8.7100000000000000e+02  -7.2961406230962794e+01
   8.7200000000000000e+02  -7.3523903287024297e+01
   8.7300000000000000e+02  -7.3427319531370401e+01
   8.7400000000000000e+02  -7.3341244175602597e+01
   8.7500000000000000e+02  -7.3238717522964507e+01
   8.7600000000000000e+02  -7.3379879748073805e+01
   8.7700000000000000e+02  -7.3346747555288800e+01
   8.7800000000000000e+02  -7.3383873990809207e+01
   8.7900000000000000e+02  -7.3562774039163301e+01
   8.8000000000000000e+02  -7.3884101883686498e+01
   8.8100000000000000e+02  -7.4013918077682405e+01
   8.8200000000000000e+02  -7.4707834564843395e+01
   8.8300000000000000e+02  -7.4865839753658904e+01
   8.8400000000000000e+02  -7.4738845790557093e+01
   8.8500000000000000e+02  -7.5079282638530700e+01
   8.8600000000000000e+02  -7.5124539536508095e+01
   8.8700000000000000e+02  -7.5015669230129504e+01
   8.8800000000000000e+02  -7.5375781600747899e+01
   8.8900000000000000e+02  -7.4949236140802697e+01
   8.9000000000000000e+02  -7.5436399995923907e+01
   8.9100000000000000e+02  -7.5525122236753404e+01
   8.9200000000000000e+02  -7.5277105322964999e+01
   8.9300000000000000e+02  -7.4736347263894999e+01
   8.9400000000000000e+02  -7.4243179353917498e+01
   8.9500000000000000e+02  -7.4430730175840395e+01
   8.9600000000000000e+02  -7.4003052478313904e+01
   8.9700000000000000e+02  -7.3948365526515005e+01
   8.9800000000000000e+02  -7.4324279836174796e+01
   8.9900000000000000e+02  -7.4147040019016998e+01
   9.0000000000000000e+02  -7.4349410347862303e+01
   9.0100000000000000e+02  -7.4578392356563100e+01
   9.0200000000000000e+02  -7.4396418924403406e+01
   9.0300000000000000e+02  -7.4615171762855894e+01
   9.0400000000000000e+02  -7.4110007636435000e+01
   9.0500000000000000e+02  -7.4145246710290394e+01
   9.0600000000000000e+02  -7.4190591959156507e+01
   9.0700000000000000e+02  -7.4653333235966002e+01
   9.0800000000000000e+02  -7.4721458152763205e+01
   9.0900000000000000e+02  -7.5150788309215599e+01
   9.1000000000000000e+02  -7.4956702804435594e+01
   9.1100000000000000e+02  -7.4874237257063001e+01
   9.1200000000000000e+02  -7.4755787219010003e+01
   9.1300000000000000e+02  -7.4532116450435495e+01
   9.1400000000000000e+02  -7.4894419160615797e+01
   9.1500000000000000e+02  -7.4648520363933997e+01
   9.1600000000000000e+02  -7.4595635642905293e+01
   9.1700000000000000e+02  -7.4220770317790198e+01
   9.1800000000000000e+02  -7.3686023973378894e+01
   9.1900000000000000e+02  -7.3330886422483601e+01
   9.2000000000000000e+02  -7.3149417530189794e+01
   9.2100000000000000e+02  -7.3266134265208095e+01
   9.2200000000000000e+02  -7.2869721833510496e+01
   9.2300000000000000e+02  -7.2391263811542302e+01
   9.2400000000000000e+02  -7.2101602422393697e+01
   9.2500000000000000e+02  -7.1827712778723907e+01
   9.2600000000000000e+02  -7.1101852716475406e+01
   9.2700000000000000e+02  -7.0973869001173597e+01
   9.2800000000000000e+02  -7.1142161841233303e+01
   9.2900000000000000e+02  -7.1007071049587296e+01
   9.3000000000000000e+02  -7.0849115772529800e+01
   9.3100000000000000e+02  -7.0842194246879401e+01
   9.3200000000000000e+02  -7.1281757184965997e+01
   9.3300000000000000e+02  -7.1658558378959398e+01
   9.3400000000000000e+02  -7.1308342754997796e+01
   9.3500000000000000e+02  -7.1215642175718898e+01
   9.3600000000000000e+02  -7.1012162780705097e+01
   9.3700000000000000e+02  -7.0763178792609494e+01
   9.3800000000000000e+02  -7.0823613427513394e+01
   9.3900000000000000e+02  -7.0883479469684502e+01
   9.4000000000000000e+02  -7.0953967280881997e+01
   9.4100000000000000e+02  -7.0388548782024799e+01
   9.4200000000000000e+02  -7.0629225838826997e+01
   9.4300000000000000e+02  -7.0556208100592002e+01
   9.4400000000000000e+02  -7.0912594480441001e+01
   9.4500000000000000e+02  -7.0707876421031202e+01
   9.4600000000000000e+02  -7.1090252861227100e+01
   9.4700000000000000e+02  -7.0689595820952306e+01
   9.4800000000000000e+02  -7.0864040009339703e+01
   9.4900000000000000e+02  -7.0795394665256595e+01
   9.5000000000000000e+02  -7.1316371076267998e+01
   9.5100000000000000e+02  -7.1591030802183496e+01
   9.5200000000000000e+02  -7.1527164883065893e+01
   9.5300000000000000e+02  -7.1335432481123505e+01
   9.5400000000000000e+02  -7.1401286440061895e+01
   9.5500000000000000e+02  -7.1522970735025396e+01
   9.5600000000000000e+02  -7.1802773448380606e+01
   9.5700000000000000e+02  -7.1565436416199006e+01
   9.5800000000000000e+02  -7.1719608552568900e+01
   9.5900000000000000e+02  -7.1632510216635595e+01
   9.6000000000000000e+02  -7.1513501358576704e+01
   9.6100000000000000e+02  -7.1838768876450700e+01
   9.6200000000000000e+02  -7.1649692553832395e+01
   9.6300000000000000e+02  -7.2024824755398399e+01
   9.6400000000000000e+02  -7.2507891094065599e+01
   9.6500000000000000e+02  -7.2140664365907099e+01
   9.6600000000000000e+02  -7.1704439648279305e+01
   9.6700000000000000e+02  -7.1243245611451499e+01
   9.6800000000000000e+02  -7.1505104975877003e+01
   9.6900000000000000e+02  -7.1332563416632794e+01
   9.7000000000000000e+02  -7.0873653224015698e+01
   9.7100000000000000e+02  -7.0681774030024499e+01
   9.7200000000000000e+02  -7.0378492951182693e+01
   9.7300000000000000e+02  -7.0508778379703898e+01
   9.7400000000000000e+02  -7.0344729142473000e+01
   9.7500000000000000e+02  -7.0754070383242194e+01
   9.7600000000000000e+02  -7.0663760605064098e+01
   9.7700000000000000e+02  -7.0471775648946306e+01
   9.7800000000000000e+02  -6.9921413413330100e+01
   9.7900000000000000e+02  -7.0009905133951904e+01
   9.8000000000000000e+02  -7.0236656734187093e+01
   9.8100000000000000e+02  -7.0212283005860101e+01
   9.8200000000000000e+02  -6.9985030121810993e+01
   9.8300000000000000e+02  -6.9713031193397100e+01
   9.8400000000000000e+02  -6.9883157756291595e+01
   9.8500000000000000e+02  -6.9720561549521904e+01
   9.8600000000000000e+02  -6.9759907030451799e+01
   9.8700000000000000e+02  -6.9721553467761595e+01
   9.8800000000000000e+02  -6.9662091661450901e+01
   9.8900000000000000e+02  -6.9469632630641200e+01
   9.9000000000000000e+02  -6.9506355840810301e+01
   9.9100000000000000e+02  -7.0043002257046396e+01
   9.9200000000000000e+02  -6.9788738456727600e+01
   9.9300000000000000e+02  -6.9636777586931899e+01
   9.9400000000000000e+02  -6.9882474547084101e+01
   9.9500000000000000e+02  -6.9574743511483405e+01
   9.9600000000000000e+02  -7.0224541677334003e+01
   9.9700000000000000e+02  -7.0573455654699899e+01
   9.9800000000000000e+02  -7.0727612723981295e+01
   9.9900000000000000e+02  -7.0696387396330607e+01
   1.0000000000000000e+03  -7.0299054233391004e+01
   1.0010000000000000e+03  -7.0681766923369807e+01
   1.0020000000000000e+03  -7.0859801268753898e+01
   1.0030000000000000e+03  -7.0402899161630501e+01
   1.0040000000000000e+03  -7.0877197619555304e+01
   1.0050000000000000e+03  -7.0973817658467794e+01
   1.0060000000000000e+03  -7.0614741788738399e+01
   1.0070000000000000e+03  -7.0520037658477406e+01
   1.0080000000000000e+03  -6.9825036119725993e+01
   1.0090000000000000e+03  -7.0036854678692194e+01
   1.0100000000000000e+03  -6.9812411584832205e+01
   1.0110000000000000e+03  -7.0333617823822806e+01
   1.0120000000000000e+03  -7.0610394853876997e+01
   1.0130000000000000e+03  -7.0574537791018201e+01
   1.0140000000000000e+03  -6.9504689810006198e+01
   1.0150000000000000e+03  -6.9736531181517094e+01
   1.0160000000000000e+03  -6.9724632085863107e+01
   1.0170000000000000e+03  -7.0135663662533005e+01
   1.0180000000000000e+03  -7.0239641817450305e+01
   1.0190000000000000e+03  -7.0217218148798906e+01
   1.0200000000000000e+03  -7.0306674763299100e+01
   1.0210000000000000e+03  -7.0312146659133305e+01
   1.0220000000000000e+03  -6.9895172049431594e+01
   1.0230000000000000e+03  -6.9939284629950194e+01
   1.0240000000000000e+03  -6.9701025504436998e+01
   1.0250000000000000e+03  -6.9503676885252304e+01
   1.0260000000000000e+03  -6.9432768101722502e+01
   1.0270000000000000e+03  -6.9446570275641605e+01
   1.0280000000000000e+03  -6.8812304994845903e+01
   1.0290000000000000e+03  -6.8301548293509995e+01
   1.0300000000000000e+03  -6.8320940177050304e+01
   1.0310000000000000e+03  -6.7949276544203997e+01
   1.0320000000000000e+03  -6.8096796176828803e+01
   1.0330000000000000e+03  -6.8069401382273497e+01
   1.0340000000000000e+03  -6.7965653347978204e+01
   1.0350000000000000e+03  -6.7435067436037400e+01
   1.0360000000000000e+03  -6.7331701040123505e+01
   1.0370000000000000e+03  -6.7355304646928005e+01
   1.0380000000000000e+03  -6.7391555857450399e+01
   1.0390000000000000e+03  -6.7363613282424197e+01
   1.0400000000000000e+03  -6.7140183085264994e+01
   1.0410000000000000e+03  -6.6437549197568103e+01
   1.0420000000000000e+03  -6.6201777265703399e+01
   1.0430000000000000e+03  -6.5196518972375202e+01
   1.0440000000000000e+03  -6.5244694019078693e+01
   1.0450000000000000e+03  -6.4632273705352702e+01
   1.0460000000000000e+03  -6.4450719693066404e+01
   1.0470000000000000e+03  -6.3999869622294703e+01
   1.0480000000000000e+03  -6.3553334123026701e+01
   1.0490000000000000e+03  -6.2734153299075800e+01
   1.0500000000000000e+03  -6.1693364370929501e+01
   1.0510000000000000e+03  -6.0334469294560300e+01
   1.0520000000000000e+03  -5.9233435128289003e+01
   1.0530000000000000e+03  -5.6784096257861400e+01
   1.0540000000000000e+03  -5.2346941450354699e+01
   1.0550000000000000e+03  -3.7367892556977900e+01
   1.0560000000000000e+03  -8.7967958115851097e+00
