  -1.0000000000000000e+02  -7.6786859714667102e+01
  -9.9000000000000000e+01  -7.6723917953132499e+01
  -9.8000000000000000e+01  -7.6524988139177296e+01
  -9.7000000000000000e+01  -7.6846028006807799e+01
  -9.6000000000000000e+01  -7.6075613189944207e+01
  -9.5000000000000000e+01  -7.5728995239297404e+01
  -9.4000000000000000e+01  -7.5280614250886799e+01
  -9.3000000000000000e+01  -7.5661211690194904e+01
  -9.2000000000000000e+01  -7.4969546067973994e+01
  -9.1000000000000000e+01  -7.5251329727660604e+01
  -9.0000000000000000e+01  -7.5300313208171204e+01
  -8.9000000000000000e+01  -7.4693719468002200e+01
  -8.8000000000000000e+01  -7.3917450490758696e+01
  -8.7000000000000000e+01  -7.4321642657269294e+01
  -8.6000000000000000e+01  -7.4339538475557504e+01
  -8.5000000000000000e+01  -7.4012219574605695e+01
  -8.4000000000000000e+01  -7.4022100276906201e+01
  -8.3000000000000000e+01  -7.4460115979990704e+01
  -8.2000000000000000e+01  -7.4447074084947303e+01
  -8.1000000000000000e+01  -7.4178368142516305e+01
  -8.0000000000000000e+01  -7.4669828930426405e+01
  -7.9000000000000000e+01  -7.4746360787753304e+01
  -7.8000000000000000e+01  -7.4396617706298201e+01
  -7.7000000000000000e+01  -7.4084002207590004e+01
  -7.6000000000000000e+01  -7.3956831975577302e+01
  -7.5000000000000000e+01  -7.3610846548597195e+01
  -7.4000000000000000e+01  -7.3242870716209097e+01
  -7.3000000000000000e+01  -7.2917634516061497e+01
  -7.2000000000000000e+01  -7.3053968902782998e+01
  -7.1000000000000000e+01  -7.2916833925152801e+01
  -7.0000000000000000e+01  -7.2938460405218095e+01
  -6.9000000000000000e+01  -7.3394317413340204e+01
  -6.8000000000000000e+01  -7.3435929198152095e+01
  -6.7000000000000000e+01  -7.3105865375219395e+01
  -6.6000000000000000e+01  -7.3142642076643796e+01
  -6.5000000000000000e+01  -7.2953121659651501e+01
  -6.4000000000000000e+01  -7.2987253465238794e+01
  -6.3000000000000000e+01  -7.2711018840314196e+01
  -6.2000000000000000e+01  -7.2751573594586901e+01
  -6.1000000000000000e+01  -7.2500863779809904e+01
  -6.0000000000000000e+01  -7.2702659292111605e+01
  -5.9000000000000000e+01  -7.2164806559092895e+01
  -5.8000000000000000e+01  -7.2411035534947004e+01
  -5.7000000000000000e+01  -7.2236755704760398e+01
  -5.6000000000000000e+01  -7.1620461375759803e+01
  -5.5000000000000000e+01  -7.1658198148014904e+01
  -5.4000000000000000e+01  -7.1311216943570798e+01
  -5.3000000000000000e+01  -7.1461299175167397e+01
  -5.2000000000000000e+01  -7.1610938700921594e+01
  -5.1000000000000000e+01  -7.1003165618920505e+01
  -5.0000000000000000e+01  -7.0526690110666394e+01
  -4.9000000000000000e+01  -7.0686014191819993e+01
  -4.8000000000000000e+01  -7.0621577516508495e+01
  -4.7000000000000000e+01  -7.0834733442993397e+01
  -4.6000000000000000e+01  -7.0916649664558093e+01
  -4.5000000000000000e+01  -7.0469772472924802e+01
  -4.4000000000000000e+01  -7.0556202575574702e+01
  -4.3000000000000000e+01  -7.0681719800534907e+01
  -4.2000000000000000e+01  -7.0679464636258004e+01
  -4.1000000000000000e+01  -7.0848920986957097e+01
  -4.0000000000000000e+01  -7.0406446579579907e+01
  -3.9000000000000000e+01  -7.0338133336559693e+01
  -3.8000000000000000e+01  -6.9900796747591500e+01
  -3.7000000000000000e+01  -6.9873457603721704e+01
  -3.6000000000000000e+01  -6.9356614016064896e+01
  -3.5000000000000000e+01  -6.8905118966440696e+01
  -3.4000000000000000e+01  -6.9329492353764607e+01
  -3.3000000000000000e+01  -6.9319370739420194e+01
  -3.2000000000000000e+01  -6.9250840982642401e+01
  -3.1000000000000000e+01  -6.8966386368432296e+01
  -3.0000000000000000e+01  -6.8497852396121900e+01
  -2.9000000000000000e+01  -6.8463309173592407e+01
  -2.8000000000000000e+01  -6.8170903918133405e+01
  -2.7000000000000000e+01  -6.7786500715306801e+01
  -2.6000000000000000e+01  -6.7616828396921406e+01
  -2.5000000000000000e+01  -6.7479607699431597e+01
  -2.4000000000000000e+01  -6.7599837305199799e+01
  -2.3000000000000000e+01  -6.6921243941001094e+01
  -2.2000000000000000e+01  -6.6775245486742307e+01
  -2.1000000000000000e+01  -6.6679077535181705e+01
  -2.0000000000000000e+01  -6.6957054904305494e+01
  -1.9000000000000000e+01  -6.7183448918343501e+01
  -1.8000000000000000e+01  -6.7242748321628000e+01
  -1.7000000000000000e+01  -6.6594784114940495e+01
  -1.6000000000000000e+01  -6.5666208174522197e+01
  -1.5000000000000000e+01  -6.5429817680546094e+01
  -1.4000000000000000e+01  -6.4676424711933095e+01
  -1.3000000000000000e+01  -6.4495739608349794e+01
  -1.2000000000000000e+01  -6.4233495634894595e+01
  -1.1000000000000000e+01  -6.3802656743470997e+01
  -1.0000000000000000e+01  -6.3272414775468597e+01
  -9.0000000000000000e+00  -6.2693896779666296e+01
  -8.0000000000000000e+00  -6.2499048072903001e+01
  -7.0000000000000000e+00  -6.1616214062604001e+01
  -6.0000000000000000e+00  -6.0842527037332601e+01
  -5.0000000000000000e+00  -5.9430728251347396e+01
  -4.0000000000000000e+00  -5.7785509683065598e+01
  -3.0000000000000000e+00  -5.5564694060717201e+01
  -2.0000000000000000e+00  -5.0172841631014997e+01
  -1.0000000000000000e+00  -3.5571739045559802e+01
   0.0000000000000000e+00  -1.2127154451739401e+01
   1.0000000000000000e+00   4.9570266107439904e+00
   2.0000000000000000e+00   1.5179008917364300e+01
   3.0000000000000000e+00   2.1292859277382600e+01
   4.0000000000000000e+00   2.3873857796945799e+01
   5.0000000000000000e+00   2.5378922813236102e+01
   6.0000000000000000e+00   2.6017539566222698e+01
   7.0000000000000000e+00   2.6411050243214302e+01
   8.0000000000000000e+00   2.6641989588612098e+01
   9.0000000000000000e+00   2.6870828432306499e+01
   1.0000000000000000e+01   2.7422555873918601e+01
   1.1000000000000000e+01   2.7502127363792301e+01
   1.2000000000000000e+01   2.7575518531489500e+01
   1.3000000000000000e+01   2.8177104540056298e+01
   1.4000000000000000e+01   2.8686781989347999e+01
   1.5000000000000000e+01   2.8793259464717000e+01
   1.6000000000000000e+01   2.9126977078208000e+01
   1.7000000000000000e+01   2.8899631688336498e+01
   1.8000000000000000e+01   2.9189310671326300e+01
   1.9000000000000000e+01   2.8981006617829099e+01
   2.0000000000000000e+01   2.9267968435942599e+01
   2.1000000000000000e+01   2.9743760357956202e+01
   2.2000000000000000e+01   3.0099427328860401e+01
   2.3000000000000000e+01   3.0510930273858801e+01
   2.4000000000000000e+01   3.0683276225323102e+01
   2.5000000000000000e+01   3.0673404500758700e+01
   2.6000000000000000e+01   3.0055404485590699e+01
   2.7000000000000000e+01   2.9817044128419301e+01
   2.8000000000000000e+01   2.9749623608059700e+01
   2.9000000000000000e+01   2.9745790202998201e+01
   3.0000000000000000e+01   3.0121337390216699e+01
   3.1000000000000000e+01   3.0085311808209799e+01
   3.2000000000000000e+01   2.9698689344245601e+01
   3.3000000000000000e+01   2.9947617328509200e+01
   3.4000000000000000e+01   3.0315069533198699e+01
   3.5000000000000000e+01   3.0432535593188000e+01
   3.6000000000000000e+01   3.0512290842113298e+01
   3.7000000000000000e+01   3.0478279238850298e+01
   3.8000000000000000e+01   3.1112876104452901e+01
   3.9000000000000000e+01   3.1082034331098502e+01
   4.0000000000000000e+01   3.1583068989306099e+01
   4.1000000000000000e+01   3.1435073247639000e+01
   4.2000000000000000e+01   3.1633085163492598e+01
   4.3000000000000000e+01   3.1529174102652501e+01
   4.4000000000000000e+01   3.1662983459003399e+01
   4.5000000000000000e+01   3.1728489380191800e+01
   4.6000000000000000e+01   3.1031346201982998e+01
   4.7000000000000000e+01   3.1001626616988101e+01
   4.8000000000000000e+01   3.1259164577904500e+01
   4.9000000000000000e+01   3.1031597636934599e+01
   5.0000000000000000e+01   3.1134775802809202e+01
   5.1000000000000000e+01   3.1578903567200300e+01
   5.2000000000000000e+01   3.1614942893721899e+01
   5.3000000000000000e+01   3.1644189211455799e+01
   5.4000000000000000e+01   3.1344407832946501e+01
   5.5000000000000000e+01   3.1301100641354399e+01
   5.6000000000000000e+01   3.1436299246627499e+01
   5.7000000000000000e+01   3.1712755834985501e+01
   5.8000000000000000e+01   3.1545066214691701e+01
   5.9000000000000000e+01   3.1670399669558499e+01
   6.0000000000000000e+01   3.1203235366219399e+01
   6.1000000000000000e+01   3.1919071989202099e+01
   6.2000000000000000e+01   3.2144112850851798e+01
   6.3000000000000000e+01   3.2331306170796204e+01
   6.4000000000000000e+01   3.2163899361805498e+01
   6.5000000000000000e+01   3.1975814236377200e+01
   6.6000000000000000e+01   3.1921592479827702e+01
   6.7000000000000000e+01   3.2298933610525097e+01
   6.8000000000000000e+01   3.2269918543089602e+01
   6.9000000000000000e+01   3.1994684952842299e+01
   7.0000000000000000e+01   3.1982718341301801e+01
   7.1000000000000000e+01   3.1895862574378000e+01
   7.2000000000000000e+01   3.1674472506843699e+01
   7.3000000000000000e+01   3.1677483830837598e+01
   7.4000000000000000e+01   3.2236358842733402e+01
   7.5000000000000000e+01   3.2519986008677698e+01
   7.6000000000000000e+01   3.2679390436284301e+01
   7.7000000000000000e+01   3.2581390241356900e+01
   7.8000000000000000e+01   3.2527491401490401e+01
   7.9000000000000000e+01   3.2795059444946602e+01
   8.0000000000000000e+01   3.2674520948442797e+01
   8.1000000000000000e+01   3.2574302854461003e+01
   8.2000000000000000e+01   3.2961499021172699e+01
   8.3000000000000000e+01   3.2748416849987201e+01
   8.4000000000000000e+01   3.2962024525674302e+01
   8.5000000000000000e+01   3.2157641467682801e+01
   8.6000000000000000e+01   3.2090149814641897e+01
   8.7000000000000000e+01   3.1368964814438300e+01
   8.8000000000000000e+01   3.1786742001070799e+01
   8.9000000000000000e+01   3.1874723023460600e+01
   9.0000000000000000e+01   3.1608584329007499e+01
   9.1000000000000000e+01   3.1762731480611301e+01
   9.2000000000000000e+01   3.1164699269471601e+01
   9.3000000000000000e+01   3.1776217580152199e+01
   9.4000000000000000e+01   3.2122562347247097e+01
   9.5000000000000000e+01   3.1956112266805398e+01
   9.6000000000000000e+01   3.2102157911822900e+01
   9.7000000000000000e+01   3.2059044496172199e+01
   9.8000000000000000e+01   3.1656098011034601e+01
   9.9000000000000000e+01   3.1982266464545699e+01
   1.0000000000000000e+02   3.2005631815153301e+01
   1.0100000000000000e+02   3.1488679955390900e+01
   1.0200000000000000e+02   3.1819201319120300e+01
   1.0300000000000000e+02   3.2047389924210997e+01
   1.0400000000000000e+02   3.1537660952800799e+01
   1.0500000000000000e+02   3.1046443449432001e+01
   1.0600000000000000e+02   3.0591063339929100e+01
   1.0700000000000000e+02   3.0855430128189901e+01
   1.0800000000000000e+02   3.0385461686537599e+01
   1.0900000000000000e+02   3.0506662264301600e+01
   1.1000000000000000e+02   3.0499546217418999e+01
   1.1100000000000000e+02   3.0688282656601601e+01
   1.1200000000000000e+02   3.0508977170909102e+01
   1.1300000000000000e+02   3.0105492765257701e+01
   1.1400000000000000e+02   3.0133564568713499e+01
   1.1500000000000000e+02   3.0184172915276299e+01
   1.1600000000000000e+02   2.9614870706320598e+01
   1.1700000000000000e+02   2.9662482542645499e+01
   1.1800000000000000e+02   2.9387202849772400e+01
   1.1900000000000000e+02   2.9370113660797799e+01
   1.2000000000000000e+02   2.9106566360585902e+01
   1.2100000000000000e+02   2.8683993689184199e+01
   1.2200000000000000e+02   2.8702020317760500e+01
   1.2300000000000000e+02   2.8455182413984200e+01
   1.2400000000000000e+02   2.8703868754984601e+01
   1.2500000000000000e+02   2.8925699385303499e+01
   1.2600000000000000e+02   2.8828200276803500e+01
   1.2700000000000000e+02   2.8610219302567000e+01
   1.2800000000000000e+02   2.8399976855654700e+01
   1.2900000000000000e+02   2.8439519631320699e+01
   1.3000000000000000e+02   2.7896976253631500e+01
   1.3100000000000000e+02   2.7942504719041100e+01
   1.3200000000000000e+02   2.7797607427696999e+01
   1.3300000000000000e+02   2.8029621000635100e+01
   1.3400000000000000e+02   2.8240740096239101e+01
   1.3500000000000000e+02   2.7889701547963998e+01
   1.3600000000000000e+02   2.7807459307918201e+01
   1.3700000000000000e+02   2.7664126433105601e+01
   1.3800000000000000e+02   2.7703694050421898e+01
   1.3900000000000000e+02   2.7243348391120900e+01
   1.4000000000000000e+02   2.7362470214559600e+01
   1.4100000000000000e+02   2.7335522166301100e+01
   1.4200000000000000e+02   2.7510229460848500e+01
   1.4300000000000000e+02   2.7285406785670201e+01
   1.4400000000000000e+02   2.7396609522747902e+01
   1.4500000000000000e+02   2.7135793679895301e+01
   1.4600000000000000e+02   2.7128524942353600e+01
   1.4700000000000000e+02   2.7148569836667999e+01
   1.4800000000000000e+02   2.7037130122620098e+01
   1.4900000000000000e+02   2.6949739060745301e+01
   1.5000000000000000e+02   2.7250050379560300e+01
   1.5100000000000000e+02   2.7250181191365801e+01
   1.5200000000000000e+02   2.7008312903836998e+01
   1.5300000000000000e+02   2.6957657816873098e+01
   1.5400000000000000e+02   2.6300684974699600e+01
   1.5500000000000000e+02   2.5844924514672801e+01
   1.5600000000000000e+02   2.5815792812849701e+01
   1.5700000000000000e+02   2.5871987372821401e+01
   1.5800000000000000e+02   2.5421760354033999e+01
   1.5900000000000000e+02   2.5302306710105398e+01
   1.6000000000000000e+02   2.5335315933938499e+01
   1.6100000000000000e+02   2.5006542621622199e+01
   1.6200000000000000e+02   2.4411620410303200e+01
   1.6300000000000000e+02   2.4207258251901500e+01
   1.6400000000000000e+02   2.4033379920499399e+01
   1.6500000000000000e+02   2.4121177078290600e+01
   1.6600000000000000e+02   2.4004509522759999e+01
   1.6700000000000000e+02   2.3784730314595699e+01
   1.6800000000000000e+02   2.3882787613838602e+01
   1.6900000000000000e+02   2.3821652239436101e+01
   1.7000000000000000e+02   2.3533714792879401e+01
   1.7100000000000000e+02   2.2968891542057602e+01
   1.7200000000000000e+02   2.2784966619686699e+01
   1.7300000000000000e+02   2.2874571523001300e+01
   1.7400000000000000e+02   2.3254873445741001e+01
   1.7500000000000000e+02   2.3496138026503001e+01
   1.7600000000000000e+02   2.3358366121523499e+01
   1.7700000000000000e+02   2.2631603036241501e+01
   1.7800000000000000e+02   2.2541156587239499e+01
   1.7900000000000000e+02   2.2172366738882701e+01
   1.8000000000000000e+02   2.1773892374995398e+01
   1.8100000000000000e+02   2.1611485024400402e+01
   1.8200000000000000e+02   2.1632136623087700e+01
   1.8300000000000000e+02   2.1530876993911100e+01
   1.8400000000000000e+02   2.1143374356297201e+01
   1.8500000000000000e+02   2.1652601774850702e+01
   1.8600000000000000e+02   2.1405434074396300e+01
   1.8700000000000000e+02   2.1449987578460298e+01
   1.8800000000000000e+02   2.1246810881613602e+01
   1.8900000000000000e+02   2.1454793639755099e+01
   1.9000000000000000e+02   2.1664658211570501e+01
   1.9100000000000000e+02   2.1575173614110700e+01
   1.9200000000000000e+02   2.0686545518698601e+01
   1.9300000000000000e+02   2.0241389489439801e+01
   1.9400000000000000e+02   2.0161308991143500e+01
   1.9500000000000000e+02   2.0145723868021800e+01
   1.9600000000000000e+02   2.0233989172394899e+01
   1.9700000000000000e+02   2.0037046164986801e+01
   1.9800000000000000e+02   1.9957371425468800e+01
   1.9900000000000000e+02   2.0058762880244501e+01
   2.0000000000000000e+02   1.9900057094442300e+01
   2.0100000000000000e+02   1.9668812707286701e+01
   2.0200000000000000e+02   1.9937541605191299e+01
   2.0300000000000000e+02   1.9902076312621201e+01
   2.0400000000000000e+02   1.9848442456611100e+01
   2.0500000000000000e+02   1.9679905945203402e+01
   2.0600000000000000e+02   1.9414203479813501e+01
   2.0700000000000000e+02   1.9172255282553898e+01
   2.0800000000000000e+02   1.8450698973002002e+01
   2.0900000000000000e+02   1.8484551793425801e+01
   2.1000000000000000e+02   1.8690625503486601e+01
   2.1100000000000000e+02   1.8558735139092601e+01
   2.1200000000000000e+02   1.8641381326777800e+01
   2.1300000000000000e+02   1.8190085586485498e+01
   2.1400000000000000e+02   1.8249365833546999e+01
   2.1500000000000000e+02   1.8427211629163800e+01
   2.1600000000000000e+02   1.8205646437060398e+01
   2.1700000000000000e+02   1.8041053578262201e+01
   2.1800000000000000e+02   1.7494141060164701e+01
   2.1900000000000000e+02   1.7486748843532698e+01
   2.2000000000000000e+02   1.7552706969906300e+01
   2.2100000000000000e+02   1.7217142796803000e+01
   2.2200000000000000e+02   1.7467462988619001e+01
   2.2300000000000000e+02   1.7247493879158000e+01
   2.2400000000000000e+02   1.6752928032593498e+01
   2.2500000000000000e+02   1.6799536917987002e+01
   2.2600000000000000e+02   1.6582497254419700e+01
   2.2700000000000000e+02   1.6544902744375801e+01
   2.2800000000000000e+02   1.6528256700834199e+01
   2.2900000000000000e+02   1.6636366197140902e+01
   2.3000000000000000e+02   1.6667720375624100e+01
   2.3100000000000000e+02   1.6401802910301200e+01
   2.3200000000000000e+02   1.6258801800241201e+01
   2.3300000000000000e+02   1.5924560860093401e+01
   2.3400000000000000e+02   1.5853110366618001e+01
   2.3500000000000000e+02   1.5924349281601300e+01
   2.3600000000000000e+02   1.5869728765669000e+01
   2.3700000000000000e+02   1.5562197025563901e+01
   2.3800000000000000e+02   1.5467746255805899e+01
   2.3900000000000000e+02   1.5512189008196700e+01
   2.4000000000000000e+02   1.5195117914607000e+01
   2.4100000000000000e+02   1.4600924729281800e+01
   2.4200000000000000e+02   1.3818593665228100e+01
   2.4300000000000000e+02   1.3751353078605300e+01
   2.4400000000000000e+02   1.3413349722032200e+01
   2.4500000000000000e+02   1.3511484568320400e+01
   2.4600000000000000e+02   1.3334139678475900e+01
   2.4700000000000000e+02   1.2808567402279300e+01
   2.4800000000000000e+02   1.1875292665345400e+01
   2.4900000000000000e+02   1.2322902445553300e+01
   2.5000000000000000e+02   1.1741736894272901e+01
   2.5100000000000000e+02   1.1379749668185200e+01
   2.5200000000000000e+02   1.1244849114128600e+01
   2.5300000000000000e+02   1.0843711687108501e+01
   2.5400000000000000e+02   1.0362862270178100e+01
   2.5500000000000000e+02   1.0159473516084001e+01
   2.5600000000000000e+02   1.0232060124220100e+01
   2.5700000000000000e+02   1.0059555950414900e+01
   2.5800000000000000e+02   9.6803674114057596e+00
   2.5900000000000000e+02   9.3415876263717905e+00
   2.6000000000000000e+02   9.4046065163804808e+00
   2.6100000000000000e+02   9.3671365208834203e+00
   2.6200000000000000e+02   9.3239425005814205e+00
   2.6300000000000000e+02   8.7624921569473795e+00
   2.6400000000000000e+02   8.5341955133955292e+00
   2.6500000000000000e+02   8.1114752041456697e+00
   2.6600000000000000e+02   7.7266849716833201e+00
   2.6700000000000000e+02   7.7228582602439904e+00
   2.6800000000000000e+02   7.8370971835499104e+00
   2.6900000000000000e+02   8.2225998696501996e+00
   2.7000000000000000e+02   7.8719244573021498e+00
   2.7100000000000000e+02   7.5235187960164200e+00
   2.7200000000000000e+02   7.1036102005447601e+00
   2.7300000000000000e+02   6.6857087557149804e+00
   2.7400000000000000e+02   6.2074135244574897e+00
   2.7500000000000000e+02   6.0753342229325504e+00
   2.7600000000000000e+02   5.4204467042814599e+00
   2.7700000000000000e+02   4.6971253900040297e+00
   2.7800000000000000e+02   4.2478287819182201e+00
   2.7900000000000000e+02   3.9243145187909199e+00
   2.8000000000000000e+02   3.8677066557686701e+00
   2.8100000000000000e+02   3.9930048790282000e+00
   2.8200000000000000e+02   4.2858959626206801e+00
   2.8300000000000000e+02   3.3959082279126198e+00
   2.8400000000000000e+02   3.5178950488138199e+00
   2.8500000000000000e+02   3.0979947821785099e+00
   2.8600000000000000e+02   2.2309287239944799e+00
   2.8700000000000000e+02   1.5993116916088601e+00
   2.8800000000000000e+02   1.3025176402434100e+00
   2.8900000000000000e+02   9.2904568323443004e-01
   2.9000000000000000e+02   6.9239780092840297e-01
   2.9100000000000000e+02   4.9016566781840498e-01
   2.9200000000000000e+02   7.1378444640168703e-01
   2.9300000000000000e+02  -7.9547330740048994e-02
   2.9400000000000000e+02  -6.6121179584748402e-01
   2.9500000000000000e+02  -8.5894533443725796e-01
   2.9600000000000000e+02  -8.6475221951584402e-01
   2.9700000000000000e+02  -7.5334692378441304e-01
   2.9800000000000000e+02  -8.3815439924672797e-01
   2.9900000000000000e+02  -7.3516659806564799e-01
   3.0000000000000000e+02  -9.7379526163393704e-01
   3.0100000000000000e+02  -7.1902109173904505e-01
   3.0200000000000000e+02  -1.2004234071029301e+00
   3.0300000000000000e+02  -1.8302014946604701e+00
   3.0400000000000000e+02  -2.5137070422315100e+00
   3.0500000000000000e+02  -3.0513913603444198e+00
   3.0600000000000000e+02  -3.8569735893091401e+00
   3.0700000000000000e+02  -4.2529127771814199e+00
   3.0800000000000000e+02  -4.8498645460398100e+00
   3.0900000000000000e+02  -4.8896780601363004e+00
   3.1000000000000000e+02  -5.9365228461533004e+00
   3.1100000000000000e+02  -6.1533864318514304e+00
   3.1200000000000000e+02  -6.6012981428314399e+00
   3.1300000000000000e+02  -7.1845233911301998e+00
   3.1400000000000000e+02  -7.9301040847663096e+00
   3.1500000000000000e+02  -8.1252345308826506e+00
   3.1600000000000000e+02  -8.3934554876637204e+00
   3.1700000000000000e+02  -8.9892831267606308e+00
   3.1800000000000000e+02  -9.5454590830369792e+00
   3.1900000000000000e+02  -1.0106749405597100e+01
   3.2000000000000000e+02  -1.0683112522687400e+01
   3.2100000000000000e+02  -1.1030277319693701e+01
   3.2200000000000000e+02  -1.1253914496935000e+01
   3.2300000000000000e+02  -1.2231335356389501e+01
   3.2400000000000000e+02  -1.2730258174229199e+01
   3.2500000000000000e+02  -1.3058703305004400e+01
   3.2600000000000000e+02  -1.3882509136756200e+01
   3.2700000000000000e+02  -1.4510157179877600e+01
   3.2800000000000000e+02  -1.4985056233138600e+01
   3.2900000000000000e+02  -1.5488815129401900e+01
   3.3000000000000000e+02  -1.5798157712705800e+01
   3.3100000000000000e+02  -1.6200880292297398e+01
   3.3200000000000000e+02  -1.6014477797516601e+01
   3.3300000000000000e+02  -1.6742207732138500e+01
   3.3400000000000000e+02  -1.7503358445973401e+01
   3.3500000000000000e+02  -1.7936433446073700e+01
   3.3600000000000000e+02  -1.8380417673215401e+01
   3.3700000000000000e+02  -1.9085500056777100e+01
   3.3800000000000000e+02  -1.9663486704368299e+01
   3.3900000000000000e+02  -2.0216487355850401e+01
   3.4000000000000000e+02  -2.1427456618303601e+01
   3.4100000000000000e+02  -2.2250860136040600e+01
   3.4200000000000000e+02  -2.2773156792952200e+01
   3.4300000000000000e+02  -2.3195993675410602e+01
   3.4400000000000000e+02  -2.3812152448143902e+01
   3.4500000000000000e+02  -2.4571049505902501e+01
   3.4600000000000000e+02  -2.5256239457733500e+01
   3.4700000000000000e+02  -2.5607728156431801e+01
   3.4800000000000000e+02  -2.5789116764119601e+01
   3.4900000000000000e+02  -2.6365792867694100e+01
   3.5000000000000000e+02  -2.6916048925733001e+01
   3.5100000000000000e+02  -2.7917286733079099e+01
   3.5200000000000000e+02  -2.8955031777850198e+01
   3.5300000000000000e+02  -3.0154922574133899e+01
   3.5400000000000000e+02  -3.0399309868846199e+01
   3.5500000000000000e+02  -3.0440821089086000e+01
   3.5600000000000000e+02  -3.1239668356853102e+01
   3.5700000000000000e+02  -3.2237393967476898e+01
   3.5800000000000000e+02  -3.3623142971266098e+01
   3.5900000000000000e+02  -3.4525406285030101e+01
   3.6000000000000000e+02  -3.5727679832272401e+01
   3.6100000000000000e+02  -3.6889452265121101e+01
   3.6200000000000000e+02  -3.8035955356343500e+01
   3.6300000000000000e+02  -3.8297836128953101e+01
   3.6400000000000000e+02  -3.9109548720281303e+01
   3.6500000000000000e+02  -3.9875209489068098e+01
   3.6600000000000000e+02  -4.0628172544926798e+01
   3.6700000000000000e+02  -4.1765193586137897e+01
   3.6800000000000000e+02  -4.2211167945404803e+01
   3.6900000000000000e+02  -4.3038078977306299e+01
   3.7000000000000000e+02  -4.3726855036796600e+01
   3.7100000000000000e+02  -4.4649397500878003e+01
   3.7200000000000000e+02  -4.5393817620410204e+01
   3.7300000000000000e+02  -4.6008629162825201e+01
   3.7400000000000000e+02  -4.6999505522067103e+01
   3.7500000000000000e+02  -4.7667336623938901e+01
   3.7600000000000000e+02  -4.8419535839946398e+01
   3.7700000000000000e+02  -5.0100963164167098e+01
   3.7800000000000000e+02  -5.1641124002376102e+01
   3.7900000000000000e+02  -5.2743128034901098e+01
   3.8000000000000000e+02  -5.3284067167502300e+01
   3.8100000000000000e+02  -5.4463080286454101e+01
   3.8200000000000000e+02  -5.5131172858248902e+01
   3.8300000000000000e+02  -5.6106355625128202e+01
   3.8400000000000000e+02  -5.6136269327211600e+01
   3.8500000000000000e+02  -5.7240020303547098e+01
   3.8600000000000000e+02  -5.7871673579461401e+01
   3.8700000000000000e+02  -5.9113344054772099e+01
   3.8800000000000000e+02  -5.9962217605273104e+01
   3.8900000000000000e+02  -6.0674458230749401e+01
   3.9000000000000000e+02  -6.1266488911509803e+01
   3.9100000000000000e+02  -6.2596779911794897e+01
   3.9200000000000000e+02  -6.3693247001228400e+01
   3.9300000000000000e+02  -6.4544062214536197e+01
   3.9400000000000000e+02  -6.5383443237683693e+01
   3.9500000000000000e+02  -6.6061433704229401e+01
   3.9600000000000000e+02  -6.6628384035143796e+01
   3.9700000000000000e+02  -6.7320340469409004e+01
   3.9800000000000000e+02  -6.7756081160233194e+01
   3.9900000000000000e+02  -6.8916671038737405e+01
   4.0000000000000000e+02  -6.9347561512425699e+01
   4.0100000000000000e+02  -6.9627495702333604e+01
   4.0200000000000000e+02  -6.9817258734591803e+01
   4.0300000000000000e+02  -7.0518018474822597e+01
   4.0400000000000000e+02  -7.1160415565150601e+01
   4.0500000000000000e+02  -7.1460664972937195e+01
   4.0600000000000000e+02  -7.1823741943340806e+01
   4.0700000000000000e+02  -7.1988140417167600e+01
   4.0800000000000000e+02  -7.2089210255951599e+01
   4.0900000000000000e+02  -7.2546774271554696e+01
   4.1000000000000000e+02  -7.2640970072498504e+01
   4.1100000000000000e+02  -7.2840838259712399e+01
   4.1200000000000000e+02  -7.3135537526656506e+01
   4.1300000000000000e+02  -7.3532472401716305e+01
   4.1400000000000000e+02  -7.3660794963258496e+01
   4.1500000000000000e+02  -7.4185481211959299e+01
   4.1600000000000000e+02  -7.4003178403480803e+01
   4.1700000000000000e+02  -7.4311398917053197e+01
   4.1800000000000000e+02  -7.4418739472639103e+01
   4.1900000000000000e+02  -7.4145926803103805e+01
   4.2000000000000000e+02  -7.4033720189418204e+01
   4.2100000000000000e+02  -7.4213430384095702e+01
   4.2200000000000000e+02  -7.4320409333298400e+01
   4.2300000000000000e+02  -7.4638329600970806e+01
   4.2400000000000000e+02  -7.4652064840962495e+01
   4.2500000000000000e+02  -7.4229165280184105e+01
   4.2600000000000000e+02  -7.4347804223459406e+01
   4.2700000000000000e+02  -7.4488710363044206e+01
   4.2800000000000000e+02  -7.4248056241365106e+01
   4.2900000000000000e+02  -7.4649712508498098e+01
   4.3000000000000000e+02  -7.4375411327525995e+01
   4.3100000000000000e+02  -7.4012119831753907e+01
   4.3200000000000000e+02  -7.4005022536528301e+01
   4.3300000000000000e+02  -7.4198330108020201e+01
   4.3400000000000000e+02  -7.3837176770327403e+01
   4.3500000000000000e+02  -7.4111660688583996e+01
   4.3600000000000000e+02  -7.4202958868127993e+01
   4.3700000000000000e+02  -7.4928835191917599e+01
   4.3800000000000000e+02  -7.5278567672870395e+01
   4.3900000000000000e+02  -7.5438160921376095e+01
   4.4000000000000000e+02  -7.5792555495772703e+01
   4.4100000000000000e+02  -7.5962797663512504e+01
   4.4200000000000000e+02  -7.5944052885792203e+01
   4.4300000000000000e+02  -7.6548302301695401e+01
   4.4400000000000000e+02  -7.6785324580658894e+01
   4.4500000000000000e+02  -7.6983358195305399e+01
   4.4600000000000000e+02  -7.6271237150991496e+01
   4.4700000000000000e+02  -7.6700705154314505e+01
   4.4800000000000000e+02  -7.6004624703018195e+01
   4.4900000000000000e+02  -7.6130045192351105e+01
   4.5000000000000000e+02  -7.5591493297753999e+01
   4.5100000000000000e+02  -7.5482277041018307e+01
   4.5200000000000000e+02  -7.5766275811257600e+01
   4.5300000000000000e+02  -7.5507497615929694e+01
   4.5400000000000000e+02  -7.5396459942834298e+01
   4.5500000000000000e+02  -7.5194751936919303e+01
   4.5600000000000000e+02  -7.4588136921921205e+01
   4.5700000000000000e+02  -7.4491109782181994e+01
   4.5800000000000000e+02  -7.4527254439465807e+01
   4.5900000000000000e+02  -7.4856110625775997e+01
   4.6000000000000000e+02  -7.5146146469593305e+01
   4.6100000000000000e+02  -7.4761229461382300e+01
   4.6200000000000000e+02  -7.4620855315965400e+01
   4.6300000000000000e+02  -7.4034482086800594e+01
   4.6400000000000000e+02  -7.4226826910694101e+01
   4.6500000000000000e+02  -7.4097372018919501e+01
   4.6600000000000000e+02  -7.3891673301196604e+01
   4.6700000000000000e+02  -7.3833482278080197e+01
   4.6800000000000000e+02  -7.3660284579406294e+01
   4.6900000000000000e+02  -7.3262558165311702e+01
   4.7000000000000000e+02  -7.3565723803983005e+01
   4.7100000000000000e+02  -7.3959366813981006e+01
   4.7200000000000000e+02  -7.3712228503606198e+01
   4.7300000000000000e+02  -7.3189994195793304e+01
   4.7400000000000000e+02  -7.3246004475467103e+01
   4.7500000000000000e+02  -7.3858617788399798e+01
   4.7600000000000000e+02  -7.3796192005645295e+01
   4.7700000000000000e+02  -7.3690255040674899e+01
   4.7800000000000000e+02  -7.3653101443674402e+01
   4.7900000000000000e+02  -7.3705405538895107e+01
   4.8000000000000000e+02  -7.3684752675958904e+01
   4.8100000000000000e+02  -7.3715849174480198e+01
   4.8200000000000000e+02  -7.3982640291340999e+01
   4.8300000000000000e+02  -7.3927593124468302e+01
   4.8400000000000000e+02  -7.3735394661210904e+01
   4.8500000000000000e+02  -7.3941987436585507e+01
   4.8600000000000000e+02  -7.3805623244424893e+01
   4.8700000000000000e+02  -7.4142321571542496e+01
   4.8800000000000000e+02  -7.3793874997324707e+01
   4.8900000000000000e+02  -7.3786167881846197e+01
   4.9000000000000000e+02  -7.3380308311510305e+01
   4.9100000000000000e+02  -7.3189175760444499e+01
   4.9200000000000000e+02  -7.3457724263755907e+01
   4.9300000000000000e+02  -7.3185769189626399e+01
   4.9400000000000000e+02  -7.3043793977670006e+01
   4.9500000000000000e+02  -7.3087049222385602e+01
   4.9600000000000000e+02  -7.3210703330651498e+01
   4.9700000000000000e+02  -7.3051079480672300e+01
   4.9800000000000000e+02  -7.3284577771183393e+01
   4.9900000000000000e+02  -7.3232879066690003e+01
   5.0000000000000000e+02  -7.3417816915589299e+01
   5.0100000000000000e+02  -7.3342671451853604e+01
   5.0200000000000000e+02  -7.3615384680179602e+01
   5.0300000000000000e+02  -7.3440831728528394e+01
   5.0400000000000000e+02  -7.3428479785579796e+01
   5.0500000000000000e+02  -7.3123325151754898e+01
   5.0600000000000000e+02  -7.3209587579355500e+01
   5.0700000000000000e+02  -7.3051483637628394e+01
   5.0800000000000000e+02  -7.3167283513942806e+01
   5.0900000000000000e+02  -7.3449722881544503e+01
   5.1000000000000000e+02  -7.3529771543598599e+01
   5.1100000000000000e+02  -7.3499209431164601e+01
   5.1200000000000000e+02  -7.3514961519896701e+01
   5.1300000000000000e+02  -7.3461297875995697e+01
   5.1400000000000000e+02  -7.3298272216199706e+01
   5.1500000000000000e+02  -7.3120664208172499e+01
   5.1600000000000000e+02  -7.3076641768849598e+01
   5.1700000000000000e+02  -7.3176621192111497e+01
   5.1800000000000000e+02  -7.2475552157592702e+01
   5.1900000000000000e+02  -7.2574287110958295e+01
   5.2000000000000000e+02  -7.3022032094627704e+01
   5.2100000000000000e+02  -7.3031274471293301e+01
   5.2200000000000000e+02  -7.3254177459111006e+01
   5.2300000000000000e+02  -7.3836609888753699e+01
   5.2400000000000000e+02  -7.4206030767485800e+01
   5.2500000000000000e+02  -7.3924577836952594e+01
   5.2600000000000000e+02  -7.4318617150736699e+01
   5.2700000000000000e+02  -7.4457049219592406e+01
   5.2800000000000000e+02  -7.4051482833748693e+01
   5.2900000000000000e+02  -7.3989981509084004e+01
   5.3000000000000000e+02  -7.4521809289941899e+01
   5.3100000000000000e+02  -7.4565728597776996e+01
   5.3200000000000000e+02  -7.4267988778028894e+01
   5.3300000000000000e+02  -7.3908271366890503e+01
   5.3400000000000000e+02  -7.3603678150760103e+01
   5.3500000000000000e+02  -7.3469760767127198e+01
   5.3600000000000000e+02  -7.3624897417998099e+01
   5.3700000000000000e+02  -7.3705925666942704e+01
   5.3800000000000000e+02  -7.4271604498724798e+01
   5.3900000000000000e+02  -7.4376382040844504e+01
   5.4000000000000000e+02  -7.3932650480727702e+01
   5.4100000000000000e+02  -7.3733217346358401e+01
   5.4200000000000000e+02  -7.3817842738335798e+01
   5.4300000000000000e+02  -7.3338025226594695e+01
   5.4400000000000000e+02  -7.3290892792592800e+01
   5.4500000000000000e+02  -7.3138590063431295e+01
   5.4600000000000000e+02  -7.3513561780837307e+01
   5.4700000000000000e+02  -7.3481346575700996e+01
   5.4800000000000000e+02  -7.3242356072797193e+01
   5.4900000000000000e+02  -7.3186657275429795e+01
   5.5000000000000000e+02  -7.3363284435412297e+01
   5.5100000000000000e+02  -7.3403994876962997e+01
   5.5200000000000000e+02  -7.3984299563581303e+01
   5.5300000000000000e+02  -7.3498587189190900e+01
   5.5400000000000000e+02  -7.3136694814884294e+01
   5.5500000000000000e+02  -7.3497670771612306e+01
   5.5600000000000000e+02  -7.3677057520693893e+01
   5.5700000000000000e+02  -7.3782041629749003e+01
   5.5800000000000000e+02  -7.3925038955234598e+01
   5.5900000000000000e+02  -7.4012881644767702e+01
   5.6000000000000000e+02  -7.4466262077646704e+01
   5.6100000000000000e+02  -7.4501793720479100e+01
   5.6200000000000000e+02  -7.3997098897860894e+01
   5.6300000000000000e+02  -7.4169774630757900e+01
   5.6400000000000000e+02  -7.4066242393951697e+01
   5.6500000000000000e+02  -7.4550881267974304e+01
   5.6600000000000000e+02  -7.4464640362806506e+01
   5.6700000000000000e+02  -7.4647242635678694e+01
   5.6800000000000000e+02  -7.4477469912593307e+01
   5.6900000000000000e+02  -7.4301837047258999e+01
   5.7000000000000000e+02  -7.4800826110411805e+01
   5.7100000000000000e+02  -7.4648828825569097e+01
   5.7200000000000000e+02  -7.4893951567482702e+01
   5.7300000000000000e+02  -7.5037593638819800e+01
   5.7400000000000000e+02  -7.5857242003784805e+01
   5.7500000000000000e+02  -7.5810272715093504e+01
   5.7600000000000000e+02  -7.5469458519978701e+01
   5.7700000000000000e+02  -7.5208831190859598e+01
   5.7800000000000000e+02  -7.5219429598289494e+01
   5.7900000000000000e+02  -7.5291578104068904e+01
   5.8000000000000000e+02  -7.5051046778746695e+01
   5.8100000000000000e+02  -7.5218050906707603e+01
   5.8200000000000000e+02  -7.4899187715164700e+01
   5.8300000000000000e+02  -7.5317477125754706e+01
   5.8400000000000000e+02  -7.5468302486835995e+01
   5.8500000000000000e+02  -7.5634753855662098e+01
   5.8600000000000000e+02  -7.5706330384172105e+01
   5.8700000000000000e+02  -7.5848297613875204e+01
   5.8800000000000000e+02  -7.5808976989291295e+01
   5.8900000000000000e+02  -7.5457864054098593e+01
   5.9000000000000000e+02  -7.5392659816643700e+01
   5.9100000000000000e+02  -7.5585862993614001e+01
   5.9200000000000000e+02  -7.5306581660298505e+01
   5.9300000000000000e+02  -7.5543426876735396e+01
   5.9400000000000000e+02  -7.5812724064802794e+01
   5.9500000000000000e+02  -7.5758192602186398e+01
   5.9600000000000000e+02  -7.6239262075237505e+01
   5.9700000000000000e+02  -7.5945431118710601e+01
   5.9800000000000000e+02  -7.5792479431873403e+01
   5.9900000000000000e+02  -7.6116541731272505e+01
   6.0000000000000000e+02  -7.6661641224126498e+01
   6.0100000000000000e+02  -7.6510331937969298e+01
   6.0200000000000000e+02  -7.7095695814926600e+01
   6.0300000000000000e+02  -7.6689064684765100e+01
   6.0400000000000000e+02  -7.6801621137483295e+01
   6.0500000000000000e+02  -7.7169181028557105e+01
   6.0600000000000000e+02  -7.6878634023767006e+01
   6.0700000000000000e+02  -7.6835918698002004e+01
   6.0800000000000000e+02  -7.6608010832652198e+01
   6.0900000000000000e+02  -7.6411951589337406e+01
   6.1000000000000000e+02  -7.6326449351744699e+01
   6.1100000000000000e+02  -7.6172949607861895e+01
   6.1200000000000000e+02  -7.5291856090195097e+01
   6.1300000000000000e+02  -7.5408812834452306e+01
   6.1400000000000000e+02  -7.5639327618632905e+01
   6.1500000000000000e+02  -7.5925869454274306e+01
   6.1600000000000000e+02  -7.6339022668786399e+01
   6.1700000000000000e+02  -7.6297400864999403e+01
   6.1800000000000000e+02  -7.6512128817662997e+01
   6.1900000000000000e+02  -7.6725783306815998e+01
   6.2000000000000000e+02  -7.6881018765370300e+01
   6.2100000000000000e+02  -7.7255533683298793e+01
   6.2200000000000000e+02  -7.7223737648778297e+01
   6.2300000000000000e+02  -7.6868731567834004e+01
   6.2400000000000000e+02  -7.6770112299853693e+01
   6.2500000000000000e+02  -7.7186876375809604e+01
   6.2600000000000000e+02  -7.7605360022994901e+01
   6.2700000000000000e+02  -7.7420841333750900e+01
   6.2800000000000000e+02  -7.7179050900680707e+01
   6.2900000000000000e+02  -7.7170691615960493e+01
   6.3000000000000000e+02  -7.7262361845013402e+01
   6.3100000000000000e+02  -7.7081986293216801e+01
   6.3200000000000000e+02  -7.6963821749834295e+01
   6.3300000000000000e+02  -7.7226057517195898e+01
   6.3400000000000000e+02  -7.6802952082414706e+01
   6.3500000000000000e+02  -7.6795719142821198e+01
   6.3600000000000000e+02  -7.6271117677798699e+01
   6.3700000000000000e+02  -7.6136697921842995e+01
   6.3800000000000000e+02  -7.5744454261830001e+01
   6.3900000000000000e+02  -7.5678948570481396e+01
   6.4000000000000000e+02  -7.5494090262442697e+01
   6.4100000000000000e+02  -7.5191679844724405e+01
   6.4200000000000000e+02  -7.5373716135167200e+01
   6.4300000000000000e+02  -7.5303819290839996e+01
   6.4400000000000000e+02  -7.5189065057702095e+01
   6.4500000000000000e+02  -7.5454538846087004e+01
   6.4600000000000000e+02  -7.5544066442435494e+01
   6.4700000000000000e+02  -7.5295029610761702e+01
   6.4800000000000000e+02  -7.5057236670903904e+01
   6.4900000000000000e+02  -7.5275327665771201e+01
   6.5000000000000000e+02  -7.5188116072598405e+01
   6.5100000000000000e+02  -7.4805784971304803e+01
   6.5200000000000000e+02  -7.4763867161958601e+01
   6.5300000000000000e+02  -7.4655418538073604e+01
   6.5400000000000000e+02  -7.4988331338538302e+01
   6.5500000000000000e+02  -7.5448124097495196e+01
   6.5600000000000000e+02  -7.5448507330873795e+01
   6.5700000000000000e+02  -7.5266148848515897e+01
   6.5800000000000000e+02  -7.5235129828347098e+01
   6.5900000000000000e+02  -7.5539520625748906e+01
   6.6000000000000000e+02  -7.5223100797680104e+01
   6.6100000000000000e+02  -7.5305859899564993e+01
   6.6200000000000000e+02  -7.5687591060775603e+01
   6.6300000000000000e+02  -7.5443194192077897e+01
   6.6400000000000000e+02  -7.4839348011679306e+01
   6.6500000000000000e+02  -7.4486762195819793e+01
   6.6600000000000000e+02  -7.4206481266177605e+01
   6.6700000000000000e+02  -7.4223561925231607e+01
   6.6800000000000000e+02  -7.4495936764240099e+01
   6.6900000000000000e+02  -7.4415694593874704e+01
   6.7000000000000000e+02  -7.4828139316405100e+01
   6.7100000000000000e+02  -7.4794423580769802e+01
   6.7200000000000000e+02  -7.5210106624031297e+01
   6.7300000000000000e+02  -7.4875956259683306e+01
   6.7400000000000000e+02  -7.4636253644912102e+01
   6.7500000000000000e+02  -7.4616947369939894e+01
   6.7600000000000000e+02  -7.5028519900663099e+01
   6.7700000000000000e+02  -7.4646919118472297e+01
   6.7800000000000000e+02  -7.4665928801090701e+01
   6.7900000000000000e+02  -7.4908572210073203e+01
   6.8000000000000000e+02  -7.4820510584217502e+01
   6.8100000000000000e+02  -7.4797834099519207e+01
   6.8200000000000000e+02  -7.4413437867265799e+01
   6.8300000000000000e+02  -7.4645948507906098e+01
   6.8400000000000000e+02  -7.4089013163720495e+01
   6.8500000000000000e+02  -7.4051135031198996e+01
   6.8600000000000000e+02  -7.4405116556837200e+01
   6.8700000000000000e+02  -7.4815451093037495e+01
   6.8800000000000000e+02  -7.4636633494239206e+01
   6.8900000000000000e+02  -7.4616213615950400e+01
   6.9000000000000000e+02  -7.5182300999510502e+01
   6.9100000000000000e+02  -7.4797707905431906e+01
   6.9200000000000000e+02  -7.4736109276163504e+01
   6.9300000000000000e+02  -7.4432502108983698e+01
   6.9400000000000000e+02  -7.4212983853725902e+01
   6.9500000000000000e+02  -7.4481376501915605e+01
   6.9600000000000000e+02  -7.4221404375851293e+01
   6.9700000000000000e+02  -7.4147860502200402e+01
   6.9800000000000000e+02  -7.4354908640755696e+01
   6.9900000000000000e+02  -7.4888886561015696e+01
   7.0000000000000000e+02  -7.4992794823996206e+01
   7.0100000000000000e+02  -7.4782565868776402e+01
   7.0200000000000000e+02  -7.4907091826531101e+01
   7.0300000000000000e+02  -7.4664149815886105e+01
   7.0400000000000000e+02  -7.4813396766251799e+01
   7.0500000000000000e+02  -7.5119721049355704e+01
   7.0600000000000000e+02  -7.5130292673362106e+01
   7.0700000000000000e+02  -7.5012365117479703e+01
   7.0800000000000000e+02  -7.4768872444317395e+01
   7.0900000000000000e+02  -7.4950055607446302e+01
   7.1000000000000000e+02  -7.4831039798089293e+01
   7.1100000000000000e+02  -7.4646823460899498e+01
   7.1200000000000000e+02  -7.4521517950741895e+01
   7.1300000000000000e+02  -7.4173814015032306e+01
   7.1400000000000000e+02  -7.4358187038346898e+01
   7.1500000000000000e+02  -7.4950865309852503e+01
   7.1600000000000000e+02  -7.4704614079668403e+01
   7.1700000000000000e+02  -7.4379683492360698e+01
   7.1800000000000000e+02  -7.4215777396590795e+01
   7.1900000000000000e+02  -7.4664249954514901e+01
   7.2000000000000000e+02  -7.4988282676731004e+01
   7.2100000000000000e+02  -7.4716940476898003e+01
   7.2200000000000000e+02  -7.4784539500920602e+01
   7.2300000000000000e+02  -7.4968590145535899e+01
   7.2400000000000000e+02  -7.4877330893271903e+01
   7.2500000000000000e+02  -7.4583115395289994e+01
   7.2600000000000000e+02  -7.4673518873703301e+01
   7.2700000000000000e+02  -7.4480246152331503e+01
   7.2800000000000000e+02  -7.4728751291933605e+01
   7.2900000000000000e+02  -7.4702743100060403e+01
   7.3000000000000000e+02  -7.4241281739112907e+01
   7.3100000000000000e+02  -7.3914614591304897e+01
   7.3200000000000000e+02  -7.3634243025277001e+01
   7.3300000000000000e+02  -7.3275740527042601e+01
   7.3400000000000000e+02  -7.3437336055159804e+01
   7.3500000000000000e+02  -7.3386118412639505e+01
   7.3600000000000000e+02  -7.3091394075932598e+01
   7.3700000000000000e+02  -7.2316158663296903e+01
   7.3800000000000000e+02  -7.2368745129023793e+01
   7.3900000000000000e+02  -7.1881758228447694e+01
   7.4000000000000000e+02  -7.1986044576473205e+01
   7.4100000000000000e+02  -7.2005817835866395e+01
   7.4200000000000000e+02  -7.1702748486429996e+01
   7.4300000000000000e+02  -7.1825286843927501e+01
   7.4400000000000000e+02  -7.1632427497995906e+01
   7.4500000000000000e+02  -7.1608826971976498e+01
   7.4600000000000000e+02  -7.1938381548375801e+01
   7.4700000000000000e+02  -7.1985618895524098e+01
   7.4800000000000000e+02  -7.2106432949321302e+01
   7.4900000000000000e+02  -7.2059103874231994e+01
   7.5000000000000000e+02  -7.2216735559547999e+01
   7.5100000000000000e+02  -7.2019882527871999e+01
   7.5200000000000000e+02  -7.2104418845693104e+01
   7.5300000000000000e+02  -7.2010391574132200e+01
   7.5400000000000000e+02  -7.2026159586012795e+01
   7.5500000000000000e+02  -7.1958396310639699e+01
   7.5600000000000000e+02  -7.1880134757572407e+01
   7.5700000000000000e+02  -7.2155725596898804e+01
   7.5800000000000000e+02  -7.2444413835680606e+01
   7.5900000000000000e+02  -7.2502310519177200e+01
   7.6000000000000000e+02  -7.2320279833307396e+01
   7.6100000000000000e+02  -7.2058818842260706e+01
   7.6200000000000000e+02  -7.2157219122891902e+01
   7.6300000000000000e+02  -7.1852046886061899e+01
   7.6400000000000000e+02  -7.2499115544303194e+01
   7.6500000000000000e+02  -7.1796258470504696e+01
   7.6600000000000000e+02  -7.2055243996286293e+01
   7.6700000000000000e+02  -7.2030775685570703e+01
   7.6800000000000000e+02  -7.2027257043400994e+01
   7.6900000000000000e+02  -7.1982385989417807e+01
   7.7000000000000000e+02  -7.1858565575258496e+01
   7.7100000000000000e+02  -7.2003285445904794e+01
   7.7200000000000000e+02  -7.2146882527031906e+01
   7.7300000000000000e+02  -7.2123944452066397e+01
   7.7400000000000000e+02  -7.2395070040605702e+01
   7.7500000000000000e+02  -7.2877342460452695e+01
   7.7600000000000000e+02  -7.3531278494265493e+01
   7.7700000000000000e+02  -7.3680561228079199e+01
   7.7800000000000000e+02  -7.3595101610050406e+01
   7.7900000000000000e+02  -7.3898027417788299e+01
   7.8000000000000000e+02  -7.3738433847861401e+01
   7.8100000000000000e+02  -7.4293747537049299e+01
   7.8200000000000000e+02  -7.3910363308510298e+01
   7.8300000000000000e+02  -7.3975750348581201e+01
   7.8400000000000000e+02  -7.3817883586218400e+01
   7.8500000000000000e+02  -7.3919048443323305e+01
   7.8600000000000000e+02  -7.3641625139545198e+01
   7.8700000000000000e+02  -7.3458294128980199e+01
   7.8800000000000000e+02  -7.3821820591827702e+01
   7.8900000000000000e+02  -7.3981304221864207e+01
   7.9000000000000000e+02  -7.4360020762841302e+01
   7.9100000000000000e+02  -7.4448234432091994e+01
   7.9200000000000000e+02  -7.4667657927588607e+01
   7.9300000000000000e+02  -7.4844685614874606e+01
   7.9400000000000000e+02  -7.4228452344024802e+01
   7.9500000000000000e+02  -7.4308641518610600e+01
   7.9600000000000000e+02  -7.4312804645465405e+01
   7.9700000000000000e+02  -7.4187778782473103e+01
   7.9800000000000000e+02  -7.4450318334372497e+01
   7.9900000000000000e+02  -7.4593313233785395e+01
   8.0000000000000000e+02  -7.5144466119420002e+01
   8.0100000000000000e+02  -7.5293519717849307e+01
   8.0200000000000000e+02  -7.5334978600072006e+01
   8.0300000000000000e+02  -7.5062743391896106e+01
   8.0400000000000000e+02  -7.4922356641194995e+01
   8.0500000000000000e+02  -7.5279593603828701e+01
   8.0600000000000000e+02  -7.5233875236100502e+01
   8.0700000000000000e+02  -7.5318622023553601e+01
   8.0800000000000000e+02  -7.4713674443743102e+01
   8.0900000000000000e+02  -7.4566895937214198e+01
   8.1000000000000000e+02  -7.4859037995713507e+01
   8.1100000000000000e+02  -7.4595361226483206e+01
   8.1200000000000000e+02  -7.5032650884613005e+01
   8.1300000000000000e+02  -7.5043836513734107e+01
   8.1400000000000000e+02  -7.4937317741053306e+01
   8.1500000000000000e+02  -7.5165556189955893e+01
   8.1600000000000000e+02  -7.5318032938279600e+01
   8.1700000000000000e+02  -7.5211059996410995e+01
   8.1800000000000000e+02  -7.5668886679573106e+01
   8.1900000000000000e+02  -7.5466130519720593e+01
   8.2000000000000000e+02  -7.5499436486689405e+01
   8.2100000000000000e+02  -7.5072271088554700e+01
   8.2200000000000000e+02  -7.5354548928998796e+01
   8.2300000000000000e+02  -7.5554770949414802e+01
   8.2400000000000000e+02  -7.5475851562730696e+01
   8.2500000000000000e+02  -7.5632075330959594e+01
   8.2600000000000000e+02  -7.4897211749470500e+01
   8.2700000000000000e+02  -7.5131350858232693e+01
   8.2800000000000000e+02  -7.4736967217648697e+01
   8.2900000000000000e+02  -7.4489884310294698e+01
   8.3000000000000000e+02  -7.4067855203907797e+01
   8.3100000000000000e+02  -7.3657948006957298e+01
   8.3200000000000000e+02  -7.3686109544694901e+01
   8.3300000000000000e+02  -7.3647037500849393e+01
   8.3400000000000000e+02  -7.4218026596841497e+01
   8.3500000000000000e+02  -7.3835589092512905e+01
   8.3600000000000000e+02  -7.3588490706431699e+01
   8.3700000000000000e+02  -7.3687748609447695e+01
   8.3800000000000000e+02  -7.3804701995945194e+01
   8.3900000000000000e+02  -7.3833608291424596e+01
   8.4000000000000000e+02  -7.3408985202600704e+01
   8.4100000000000000e+02  -7.3995879827563897e+01
   8.4200000000000000e+02  -7.4023129447288198e+01
   8.4300000000000000e+02  -7.4285425885256799e+01
   8.4400000000000000e+02  -7.4088593845170706e+01
   8.4500000000000000e+02  -7.4558486565026101e+01
   8.4600000000000000e+02  -7.4883190181320501e+01
   8.4700000000000000e+02  -7.4921616317729800e+01
   8.4800000000000000e+02  -7.4759572082880695e+01
   8.4900000000000000e+02  -7.4792190813640701e+01
   8.5000000000000000e+02  -7.4617009297597207e+01
   8.5100000000000000e+02  -7.4336323226379903e+01
   8.5200000000000000e+02  -7.4260378197398197e+01
   8.5300000000000000e+02  -7.3826915837051303e+01
   8.5400000000000000e+02  -7.4276697776876802e+01
   8.5500000000000000e+02  -7.3557695240885096e+01
   8.5600000000000000e+02  -7.3638282772375305e+01
   8.5700000000000000e+02  -7.3451960815449596e+01
   8.5800000000000000e+02  -7.3770685044177000e+01
   8.5900000000000000e+02  -7.3777208711690506e+01
   8.6000000000000000e+02  -7.4146284220128805e+01
   8.6100000000000000e+02  -7.3940748321638694e+01
   8.6200000000000000e+02  -7.4358054792130602e+01
   8.6300000000000000e+02  -7.4143005452560601e+01
   8.6400000000000000e+02  -7.4463321307795098e+01
   8.6500000000000000e+02  -7.4702164337494494e+01
   8.6600000000000000e+02  -7.4876675438677196e+01
   8.6700000000000000e+02  -7.4828874295759903e+01
   8.6800000000000000e+02  -7.4738854581111497e+01
   8.6900000000000000e+02  -7.4565157882578902e+01
   8.7000000000000000e+02  -7.4427914962549096e+01
   8.7100000000000000e+02  -7.4740578049930903e+01
   8.7200000000000000e+02  -7.4296133566789095e+01
   8.7300000000000000e+02  -7.4258784707152302e+01
   8.7400000000000000e+02  -7.4429675677232893e+01
   8.7500000000000000e+02  -7.4488372622243801e+01
   8.7600000000000000e+02  -7.4695597274371806e+01
   8.7700000000000000e+02  -7.4603159132420998e+01
   8.7800000000000000e+02  -7.4130253500547795e+01
   8.7900000000000000e+02  -7.3806175440970406e+01
   8.8000000000000000e+02  -7.3448863631546800e+01
   8.8100000000000000e+02  -7.3433715001963904e+01
   8.8200000000000000e+02  -7.3536558661660095e+01
   8.8300000000000000e+02  -7.4235093134606799e+01
   8.8400000000000000e+02  -7.4427845043303506e+01
   8.8500000000000000e+02  -7.4453954081108094e+01
   8.8600000000000000e+02  -7.4352363410255506e+01
   8.8700000000000000e+02  -7.4406059237958701e+01
   8.8800000000000000e+02  -7.4465979750463902e+01
   8.8900000000000000e+02  -7.5393501742589507e+01
   8.9000000000000000e+02  -7.4912370670519607e+01
   8.9100000000000000e+02  -7.5036562664062103e+01
   8.9200000000000000e+02  -7.4948334825020297e+01
   8.9300000000000000e+02  -7.5392460412043803e+01
   8.9400000000000000e+02  -7.5351307959077900e+01
   8.9500000000000000e+02  -7.5876668134056501e+01
   8.9600000000000000e+02  -7.5500100030545298e+01
   8.9700000000000000e+02  -7.5659786076021703e+01
   8.9800000000000000e+02  -7.6154605923078705e+01
   8.9900000000000000e+02  -7.6477884853283697e+01
   9.0000000000000000e+02  -7.6380420104690401e+01
   9.0100000000000000e+02  -7.6598951638600894e+01
   9.0200000000000000e+02  -7.7305147786866002e+01
   9.0300000000000000e+02  -7.7368779811956998e+01
   9.0400000000000000e+02  -7.6964379646187197e+01
   9.0500000000000000e+02  -7.7498462741157297e+01
   9.0600000000000000e+02  -7.7023177172308294e+01
   9.0700000000000000e+02  -7.6964211714427293e+01
   9.0800000000000000e+02  -7.6906325257372302e+01
   9.0900000000000000e+02  -7.6691502614609703e+01
   9.1000000000000000e+02  -7.6479264338976606e+01
   9.1100000000000000e+02  -7.6956059590055801e+01
   9.1200000000000000e+02  -7.7213845415507706e+01
   9.1300000000000000e+02  -7.7399138209268401e+01
   9.1400000000000000e+02  -7.7300420798316296e+01
   9.1500000000000000e+02  -7.6775232303313501e+01
   9.1600000000000000e+02  -7.7101850256378398e+01
   9.1700000000000000e+02  -7.7522323018108807e+01
   9.1800000000000000e+02  -7.7105954019335101e+01
   9.1900000000000000e+02  -7.7078650676777301e+01
   9.2000000000000000e+02  -7.7284635909825298e+01
   9.2100000000000000e+02  -7.6937573756312602e+01
   9.2200000000000000e+02  -7.6642703542692999e+01
   9.2300000000000000e+02  -7.6392683815697694e+01
   9.2400000000000000e+02  -7.6840644249435400e+01
   9.2500000000000000e+02  -7.5987683522603106e+01
   9.2600000000000000e+02  -7.5961026666952606e+01
   9.2700000000000000e+02  -7.5563873619874997e+01
   9.2800000000000000e+02  -7.5642476142043705e+01
   9.2900000000000000e+02  -7.6003585821805800e+01
   9.3000000000000000e+02  -7.5975309043672397e+01
   9.3100000000000000e+02  -7.5454108100238798e+01
   9.3200000000000000e+02  -7.5199000271987103e+01
   9.3300000000000000e+02  -7.5070864653392604e+01
   9.3400000000000000e+02  -7.5228677774662799e+01
   9.3500000000000000e+02  -7.4872346913621897e+01
   9.3600000000000000e+02  -7.5225432405581699e+01
   9.3700000000000000e+02  -7.5043634822191294e+01
   9.3800000000000000e+02  -7.4826028526852198e+01
   9.3900000000000000e+02  -7.4835000601168403e+01
   9.4000000000000000e+02  -7.5118529979957302e+01
   9.4100000000000000e+02  -7.4807556081031393e+01
   9.4200000000000000e+02  -7.5290295369800305e+01
   9.4300000000000000e+02  -7.5486091240711403e+01
   9.4400000000000000e+02  -7.5024196364087004e+01
   9.4500000000000000e+02  -7.4741183027763398e+01
   9.4600000000000000e+02  -7.4644571996159797e+01
   9.4700000000000000e+02  -7.4565230834146803e+01
   9.4800000000000000e+02  -7.4315347812011595e+01
   9.4900000000000000e+02  -7.4112266519527694e+01
   9.5000000000000000e+02  -7.3904395863346593e+01
   9.5100000000000000e+02  -7.4264925954760201e+01
   9.5200000000000000e+02  -7.4208358578779098e+01
   9.5300000000000000e+02  -7.4259826738274597e+01
   9.5400000000000000e+02  -7.4888922990796004e+01
   9.5500000000000000e+02  -7.4882206239951401e+01
   9.5600000000000000e+02  -7.4418294707740898e+01
   9.5700000000000000e+02  -7.4139320452218897e+01
   9.5800000000000000e+02  -7.4271562277385300e+01
   9.5900000000000000e+02  -7.3947619816422105e+01
   9.6000000000000000e+02  -7.3464094093723602e+01
   9.6100000000000000e+02  -7.3407384891747000e+01
   9.6200000000000000e+02  -7.3510656712221305e+01
   9.6300000000000000e+02  -7.3449926342137303e+01
   9.6400000000000000e+02  -7.3838673302116902e+01
   9.6500000000000000e+02  -7.3717889283282702e+01
   9.6600000000000000e+02  -7.3473430732942106e+01
   9.6700000000000000e+02  -7.3448733021599196e+01
   9.6800000000000000e+02  -7.3660628725571101e+01
   9.6900000000000000e+02  -7.3501962705811195e+01
   9.7000000000000000e+02  -7.3271122230458104e+01
   9.7100000000000000e+02  -7.3700444405275704e+01
   9.7200000000000000e+02  -7.3431125747168906e+01
   9.7300000000000000e+02  -7.3400536726975005e+01
   9.7400000000000000e+02  -7.3636461385783306e+01
   9.7500000000000000e+02  -7.3663319084794196e+01
   9.7600000000000000e+02  -7.3837985981700299e+01
   9.7700000000000000e+02  -7.3637584909416503e+01
   9.7800000000000000e+02  -7.3818469053143403e+01
   9.7900000000000000e+02  -7.3542293803305199e+01
   9.8000000000000000e+02  -7.3051479973491993e+01
   9.8100000000000000e+02  -7.2781380160372805e+01
   9.8200000000000000e+02  -7.2189466607080902e+01
   9.8300000000000000e+02  -7.2002641062822207e+01
   9.8400000000000000e+02  -7.2034647045773198e+01
   9.8500000000000000e+02  -7.2491057185758294e+01
   9.8600000000000000e+02  -7.2664806115480303e+01
   9.8700000000000000e+02  -7.2862771179510304e+01
   9.8800000000000000e+02  -7.3087296214890799e+01
   9.8900000000000000e+02  -7.3321310215457203e+01
   9.9000000000000000e+02  -7.3215621603868797e+01
   9.9100000000000000e+02  -7.2723749850952402e+01
   9.9200000000000000e+02  -7.2275683491739699e+01
   9.9300000000000000e+02  -7.2413667022798506e+01
   9.9400000000000000e+02  -7.2019532663443300e+01
   9.9500000000000000e+02  -7.1905198908754400e+01
   9.9600000000000000e+02  -7.2166386859648995e+01
   9.9700000000000000e+02  -7.2730428683125496e+01
   9.9800000000000000e+02  -7.3042539342408404e+01
   9.9900000000000000e+02  -7.3213003692742205e+01
   1.0000000000000000e+03  -7.3824897158334494e+01
   1.0010000000000000e+03  -7.3703440531505294e+01
   1.0020000000000000e+03  -7.3255968930350605e+01
   1.0030000000000000e+03  -7.3481499394870099e+01
   1.0040000000000000e+03  -7.3109268692470906e+01
   1.0050000000000000e+03  -7.3139214214189295e+01
   1.0060000000000000e+03  -7.3138582519991402e+01
   1.0070000000000000e+03  -7.3048802475799604e+01
   1.0080000000000000e+03  -7.2812692952474706e+01
   1.0090000000000000e+03  -7.3217578778656701e+01
   1.0100000000000000e+03  -7.2696561894119796e+01
   1.0110000000000000e+03  -7.2645467614759596e+01
   1.0120000000000000e+03  -7.2845782394921002e+01
   1.0130000000000000e+03  -7.2699209985714106e+01
   1.0140000000000000e+03  -7.2405876246027503e+01
   1.0150000000000000e+03  -7.2317504449157099e+01
   1.0160000000000000e+03  -7.2258765050572705e+01
   1.0170000000000000e+03  -7.2524184129285800e+01
   1.0180000000000000e+03  -7.2142933892325004e+01
   1.0190000000000000e+03  -7.1770273464754993e+01
   1.0200000000000000e+03  -7.1245240407587403e+01
   1.0210000000000000e+03  -7.1116598027102398e+01
   1.0220000000000000e+03  -7.0974909488903407e+01
   1.0230000000000000e+03  -7.0888252108936896e+01
   1.0240000000000000e+03  -7.0825531623060698e+01
   1.0250000000000000e+03  -7.0652208731890596e+01
   1.0260000000000000e+03  -7.0631620712542500e+01
   1.0270000000000000e+03  -7.1069603046629098e+01
   1.0280000000000000e+03  -7.0945846860177795e+01
   1.0290000000000000e+03  -7.1133096844571696e+01
   1.0300000000000000e+03  -7.1663331654901498e+01
   1.0310000000000000e+03  -7.1919382642236002e+01
   1.0320000000000000e+03  -7.2174104844792694e+01
   1.0330000000000000e+03  -7.2291919340805194e+01
   1.0340000000000000e+03  -7.2525215770217898e+01
   1.0350000000000000e+03  -7.2552422852768402e+01
   1.0360000000000000e+03  -7.2553864322446003e+01
   1.0370000000000000e+03  -7.2184709770840200e+01
   1.0380000000000000e+03  -7.2689670164796993e+01
   1.0390000000000000e+03  -7.2670396453533897e+01
   1.0400000000000000e+03  -7.2389550204207495e+01
   1.0410000000000000e+03  -7.2470504398556102e+01
   1.0420000000000000e+03  -7.2937767511577107e+01
   1.0430000000000000e+03  -7.3068564284743999e+01
   1.0440000000000000e+03  -7.3205538466153001e+01
   1.0450000000000000e+03  -7.3527107123318999e+01
   1.0460000000000000e+03  -7.3251497843907600e+01
   1.0470000000000000e+03  -7.2935503828150303e+01
   1.0480000000000000e+03  -7.2984704087547499e+01
   1.0490000000000000e+03  -7.2998738092536499e+01
   1.0500000000000000e+03  -7.2679346187807795e+01
   1.0510000000000000e+03  -7.2495956055346099e+01
   1.0520000000000000e+03  -7.2036418579292601e+01
   1.0530000000000000e+03  -7.1623368891807999e+01
   1.0540000000000000e+03  -7.1408238542151693e+01
   1.0550000000000000e+03  -7.1234982994166003e+01
   1.0560000000000000e+03  -7.0853665940729002e+01
   1.0570000000000000e+03  -7.0797052328160504e+01
   1.0580000000000000e+03  -7.0908750787310197e+01
   1.0590000000000000e+03  -7.0509669235485902e+01
   1.0600000000000000e+03  -7.0286449719098997e+01
   1.0610000000000000e+03  -7.0690502993984197e+01
   1.0620000000000000e+03  -7.0628083462587000e+01
   1.0630000000000000e+03  -7.0577828411297801e+01
   1.0640000000000000e+03  -7.0116949760437393e+01
   1.0650000000000000e+03  -7.0126532831685594e+01
   1.0660000000000000e+03  -6.9880962951688304e+01
   1.0670000000000000e+03  -7.0010180713140599e+01
   1.0680000000000000e+03  -6.9958892746379405e+01
   1.0690000000000000e+03  -6.9959319466618695e+01
   1.0700000000000000e+03  -7.0164933688398406e+01
   1.0710000000000000e+03  -6.9895978681420601e+01
   1.0720000000000000e+03  -6.9543337353287995e+01
   1.0730000000000000e+03  -6.9126667528044507e+01
   1.0740000000000000e+03  -6.9334170470208804e+01
   1.0750000000000000e+03  -6.9104907822264707e+01
   1.0760000000000000e+03  -6.9095233953676100e+01
   1.0770000000000000e+03  -6.8953161977166502e+01
   1.0780000000000000e+03  -6.8952404628444000e+01
   1.0790000000000000e+03  -6.8610751425788905e+01
   1.0800000000000000e+03  -6.8172112738729297e+01
   1.0810000000000000e+03  -6.7827842590729503e+01
   1.0820000000000000e+03  -6.7274059857884595e+01
   1.0830000000000000e+03  -6.6865297702051095e+01
   1.0840000000000000e+03  -6.6594769724810604e+01
   1.0850000000000000e+03  -6.6563623442097693e+01
   1.0860000000000000e+03  -6.6182289231501201e+01
   1.0870000000000000e+03  -6.5709699327067398e+01
   1.0880000000000000e+03  -6.5539359749287996e+01
   1.0890000000000000e+03  -6.5168279840327997e+01
   1.0900000000000000e+03  -6.4816034834452907e+01
   1.0910000000000000e+03  -6.3528003281934701e+01
   1.0920000000000000e+03  -6.3349135599370598e+01
   1.0930000000000000e+03  -6.2275697939738599e+01
   1.0940000000000000e+03  -6.1169341682967300e+01
   1.0950000000000000e+03  -5.9593387186968897e+01
   1.0960000000000000e+03  -5.7801688168087601e+01
   1.0970000000000000e+03  -5.3906997442173001e+01
   1.0980000000000000e+03  -4.1531325553244201e+01
   1.0990000000000000e+03  -8.7476649581956991e+00
