  -1.0000000000000000e+02  -7.2087327346775993e+01
  -9.9000000000000000e+01  -7.1962149462435804e+01
  -9.8000000000000000e+01  -7.1612265480024305e+01
  -9.7000000000000000e+01  -7.1299529432701306e+01
  -9.6000000000000000e+01  -7.1111620315819707e+01
  -9.5000000000000000e+01  -7.1659126516862301e+01
  -9.4000000000000000e+01  -7.1343544845081993e+01
  -9.3000000000000000e+01  -7.1507169930501405e+01
  -9.2000000000000000e+01  -7.1692301685186607e+01
  -9.1000000000000000e+01  -7.1474988503426900e+01
  -9.0000000000000000e+01  -7.1426625957252099e+01
  -8.9000000000000000e+01  -7.1747212112304197e+01
  -8.8000000000000000e+01  -7.1445365414351201e+01
  -8.7000000000000000e+01  -7.1587797865009705e+01
  -8.6000000000000000e+01  -7.1429666617506200e+01
  -8.5000000000000000e+01  -7.1786762854947597e+01
  -8.4000000000000000e+01  -7.1845470464016401e+01
  -8.3000000000000000e+01  -7.1078467614011203e+01
  -8.2000000000000000e+01  -7.1039759513834596e+01
  -8.1000000000000000e+01  -7.1140924016880902e+01
  -8.0000000000000000e+01  -7.1363182642071394e+01
  -7.9000000000000000e+01  -7.1460284080115400e+01
  -7.8000000000000000e+01  -7.1586112834019602e+01
  -7.7000000000000000e+01  -7.1313796313311599e+01
  -7.6000000000000000e+01  -7.1777466823638306e+01
  -7.5000000000000000e+01  -7.2290579247778695e+01
  -7.4000000000000000e+01  -7.2402550579934100e+01
  -7.3000000000000000e+01  -7.2634057468107699e+01
  -7.2000000000000000e+01  -7.2432962202366497e+01
  -7.1000000000000000e+01  -7.2135265950112597e+01
  -7.0000000000000000e+01  -7.1840744457117296e+01
  -6.9000000000000000e+01  -7.1462908468304803e+01
  -6.8000000000000000e+01  -7.1607031448654396e+01
  -6.7000000000000000e+01  -7.1920943769388700e+01
  -6.6000000000000000e+01  -7.1242156852350405e+01
  -6.5000000000000000e+01  -7.1263346623146106e+01
  -6.4000000000000000e+01  -7.1102996989562200e+01
  -6.3000000000000000e+01  -7.0799209346866704e+01
  -6.2000000000000000e+01  -7.1111931776573499e+01
  -6.1000000000000000e+01  -7.0868718119693000e+01
  -6.0000000000000000e+01  -7.0876154556441904e+01
  -5.9000000000000000e+01  -7.0383298146589098e+01
  -5.8000000000000000e+01  -7.0177615624388807e+01
  -5.7000000000000000e+01  -7.0350301435495695e+01
  -5.6000000000000000e+01  -7.0464545258359806e+01
  -5.5000000000000000e+01  -7.0204456442430200e+01
  -5.4000000000000000e+01  -7.0443063840564406e+01
  -5.3000000000000000e+01  -7.0524721506597800e+01
  -5.2000000000000000e+01  -7.0875830923095705e+01
  -5.1000000000000000e+01  -7.0440179109230598e+01
  -5.0000000000000000e+01  -7.0543431892372794e+01
  -4.9000000000000000e+01  -7.0361791186451200e+01
  -4.8000000000000000e+01  -6.9939350945257402e+01
  -4.7000000000000000e+01  -7.0190498229416804e+01
  -4.6000000000000000e+01  -6.9639434317935795e+01
  -4.5000000000000000e+01  -7.0025036771401901e+01
  -4.4000000000000000e+01  -6.9469171040989806e+01
  -4.3000000000000000e+01  -6.9839037154847702e+01
  -4.2000000000000000e+01  -7.0031228846382007e+01
  -4.1000000000000000e+01  -6.9612387599291694e+01
  -4.0000000000000000e+01  -6.9774277440639693e+01
  -3.9000000000000000e+01  -6.9604911477116502e+01
  -3.8000000000000000e+01  -6.9748907375266896e+01
  -3.7000000000000000e+01  -6.9329949020252300e+01
  -3.6000000000000000e+01  -6.8726619096960107e+01
  -3.5000000000000000e+01  -6.8743986708647100e+01
  -3.4000000000000000e+01  -6.8692308218707595e+01
  -3.3000000000000000e+01  -6.8620720033215903e+01
  -3.2000000000000000e+01  -6.8356937484199094e+01
  -3.1000000000000000e+01  -6.8033008118401597e+01
  -3.0000000000000000e+01  -6.8584790359130295e+01
  -2.9000000000000000e+01  -6.8436746399643098e+01
  -2.8000000000000000e+01  -6.8201881359378305e+01
  -2.7000000000000000e+01  -6.8083402684612494e+01
  -2.6000000000000000e+01  -6.7722589059426198e+01
  -2.5000000000000000e+01  -6.7459681015674207e+01
  -2.4000000000000000e+01  -6.7199498139567595e+01
  -2.3000000000000000e+01  -6.6646378159939800e+01
  -2.2000000000000000e+01  -6.5949047433939398e+01
  -2.1000000000000000e+01  -6.5677394470304094e+01
  -2.0000000000000000e+01  -6.5695103053259800e+01
  -1.9000000000000000e+01  -6.4967269290317901e+01
  -1.8000000000000000e+01  -6.5067577046844207e+01
  -1.7000000000000000e+01  -6.4858024528681398e+01
  -1.6000000000000000e+01  -6.4667570992268594e+01
  -1.5000000000000000e+01  -6.4422859739441293e+01
  -1.4000000000000000e+01  -6.3570586005020203e+01
  -1.3000000000000000e+01  -6.3257700017448897e+01
  -1.2000000000000000e+01  -6.3592894577971201e+01
  -1.1000000000000000e+01  -6.3449549242579700e+01
  -1.0000000000000000e+01  -6.2508957718246698e+01
  -9.0000000000000000e+00  -6.2245100298105697e+01
  -8.0000000000000000e+00  -6.2174499709164301e+01
  -7.0000000000000000e+00  -6.1862210560546700e+01
  -6.0000000000000000e+00  -6.1173834310744702e+01
  -5.0000000000000000e+00  -5.9995013217762697e+01
  -4.0000000000000000e+00  -5.8762050527909203e+01
  -3.0000000000000000e+00  -5.6486842599927499e+01
  -2.0000000000000000e+00  -5.2920572952497899e+01
  -1.0000000000000000e+00  -4.5166948401449901e+01
   0.0000000000000000e+00  -2.4665950094218100e+01
   1.0000000000000000e+00  -7.2193748778395896e+00
   2.0000000000000000e+00   7.6351866074003700e+00
   3.0000000000000000e+00   1.6396497889417400e+01
   4.0000000000000000e+00   2.1227804213714201e+01
   5.0000000000000000e+00   2.4181108817340199e+01
   6.0000000000000000e+00   2.5190016961483099e+01
   7.0000000000000000e+00   2.5569503815782500e+01
   8.0000000000000000e+00   2.5734003369657501e+01
   9.0000000000000000e+00   2.5472900400364001e+01
   1.0000000000000000e+01   2.6080763691264298e+01
   1.1000000000000000e+01   2.6345441901376500e+01
   1.2000000000000000e+01   2.6435964910901099e+01
   1.3000000000000000e+01   2.7277112452749702e+01
   1.4000000000000000e+01   2.7565182631405101e+01
   1.5000000000000000e+01   2.7839334361497500e+01
   1.6000000000000000e+01   2.7834466545672900e+01
   1.7000000000000000e+01   2.8339276228387401e+01
   1.8000000000000000e+01   2.8864575994555000e+01
   1.9000000000000000e+01   2.8951382318578101e+01
   2.0000000000000000e+01   2.9042176107214999e+01
   2.1000000000000000e+01   2.9037111323845199e+01
   2.2000000000000000e+01   2.9093727852078899e+01
   2.3000000000000000e+01   2.9188875687236202e+01
   2.4000000000000000e+01   2.9701621177827700e+01
   2.5000000000000000e+01   2.9310539683599298e+01
   2.6000000000000000e+01   2.9510892434419102e+01
   2.7000000000000000e+01   2.9586891656021599e+01
   2.8000000000000000e+01   2.9430445443499600e+01
   2.9000000000000000e+01   2.9210746685557901e+01
   3.0000000000000000e+01   2.9143447218337698e+01
   3.1000000000000000e+01   2.8769290443459202e+01
   3.2000000000000000e+01   2.8592584760527401e+01
   3.3000000000000000e+01   2.9587920275744800e+01
   3.4000000000000000e+01   2.9932923228278600e+01
   3.5000000000000000e+01   2.9538846325957500e+01
   3.6000000000000000e+01   2.9622174505786301e+01
   3.7000000000000000e+01   2.9524123128549100e+01
   3.8000000000000000e+01   2.9947927077258200e+01
   3.9000000000000000e+01   3.0376895376764899e+01
   4.0000000000000000e+01   3.0178202890289299e+01
   4.1000000000000000e+01   3.0452452739777499e+01
   4.2000000000000000e+01   3.0375499828496402e+01
   4.3000000000000000e+01   3.0226761056640399e+01
   4.4000000000000000e+01   3.0183075937363999e+01
   4.5000000000000000e+01   3.0451936440394000e+01
   4.6000000000000000e+01   3.0423502134101000e+01
   4.7000000000000000e+01   3.0492055805637701e+01
   4.8000000000000000e+01   3.0497077835309401e+01
   4.9000000000000000e+01   3.0441500639436299e+01
   5.0000000000000000e+01   3.0115746201424798e+01
   5.1000000000000000e+01   3.0152354662719201e+01
   5.2000000000000000e+01   3.0259799979263601e+01
   5.3000000000000000e+01   3.0240899799378600e+01
   5.4000000000000000e+01   3.0586857581662301e+01
   5.5000000000000000e+01   3.0355783528829601e+01
   5.6000000000000000e+01   3.0653757425629401e+01
   5.7000000000000000e+01   3.0436243907622700e+01
   5.8000000000000000e+01   3.0098150817992600e+01
   5.9000000000000000e+01   3.0353342094671302e+01
   6.0000000000000000e+01   3.0374836829926700e+01
   6.1000000000000000e+01   3.0429339968629900e+01
   6.2000000000000000e+01   3.0221613346261300e+01
   6.3000000000000000e+01   3.0575955664442098e+01
   6.4000000000000000e+01   3.0920591686761799e+01
   6.5000000000000000e+01   3.0773133672278501e+01
   6.6000000000000000e+01   3.1007812968351001e+01
   6.7000000000000000e+01   3.1136246579483700e+01
   6.8000000000000000e+01   3.1326617766360101e+01
   6.9000000000000000e+01   3.1503909203782300e+01
   7.0000000000000000e+01   3.1318935118293201e+01
   7.1000000000000000e+01   3.1040088185362201e+01
   7.2000000000000000e+01   3.1156607503708798e+01
   7.3000000000000000e+01   3.1555614913992901e+01
   7.4000000000000000e+01   3.1579567577812600e+01
   7.5000000000000000e+01   3.1834038718135901e+01
   7.6000000000000000e+01   3.2261459577206402e+01
   7.7000000000000000e+01   3.2368033031976999e+01
   7.8000000000000000e+01   3.2028108789645700e+01
   7.9000000000000000e+01   3.2291298976299203e+01
   8.0000000000000000e+01   3.3009808007702503e+01
   8.1000000000000000e+01   3.2925705815348401e+01
   8.2000000000000000e+01   3.3291171959564998e+01
   8.3000000000000000e+01   3.3449804243074702e+01
   8.4000000000000000e+01   3.3080269883318799e+01
   8.5000000000000000e+01   3.2978342374945903e+01
   8.6000000000000000e+01   3.2621858643645602e+01
   8.7000000000000000e+01   3.2442923857090300e+01
   8.8000000000000000e+01   3.2970343049422098e+01
   8.9000000000000000e+01   3.2670744274835002e+01
   9.0000000000000000e+01   3.2986272773553402e+01
   9.1000000000000000e+01   3.2466383993506803e+01
   9.2000000000000000e+01   3.2906646306360699e+01
   9.3000000000000000e+01   3.2887045412285502e+01
   9.4000000000000000e+01   3.3097011649850401e+01
   9.5000000000000000e+01   3.3134157444520802e+01
   9.6000000000000000e+01   3.3185696842273103e+01
   9.7000000000000000e+01   3.3077365901212701e+01
   9.8000000000000000e+01   3.3137405029137199e+01
   9.9000000000000000e+01   3.3120390473021502e+01
   1.0000000000000000e+02   3.3292226550837498e+01
   1.0100000000000000e+02   3.2827211020750198e+01
   1.0200000000000000e+02   3.2645791714317703e+01
   1.0300000000000000e+02   3.2045706785806502e+01
   1.0400000000000000e+02   3.1915255761215001e+01
   1.0500000000000000e+02   3.1992567133782099e+01
   1.0600000000000000e+02   3.2231969684246600e+01
   1.0700000000000000e+02   3.2585194129024401e+01
   1.0800000000000000e+02   3.2053160069085500e+01
   1.0900000000000000e+02   3.1773259234964399e+01
   1.1000000000000000e+02   3.1696054020561998e+01
   1.1100000000000000e+02   3.1647015318441699e+01
   1.1200000000000000e+02   3.1169603414201500e+01
   1.1300000000000000e+02   3.1261960663326800e+01
   1.1400000000000000e+02   3.1181080702989799e+01
   1.1500000000000000e+02   3.0986427184466901e+01
   1.1600000000000000e+02   3.0811284887578999e+01
   1.1700000000000000e+02   3.0502796316290699e+01
   1.1800000000000000e+02   3.0231151349186199e+01
   1.1900000000000000e+02   2.9921097004287599e+01
   1.2000000000000000e+02   2.9309252513110899e+01
   1.2100000000000000e+02   2.8704351506026200e+01
   1.2200000000000000e+02   2.8481819694912101e+01
   1.2300000000000000e+02   2.8068415792370800e+01
   1.2400000000000000e+02   2.8149599861981098e+01
   1.2500000000000000e+02   2.7516922726595400e+01
   1.2600000000000000e+02   2.7435318616878899e+01
   1.2700000000000000e+02   2.7339216933181401e+01
   1.2800000000000000e+02   2.7902588717855600e+01
   1.2900000000000000e+02   2.8253749802987301e+01
   1.3000000000000000e+02   2.7542713431776399e+01
   1.3100000000000000e+02   2.8061782656825098e+01
   1.3200000000000000e+02   2.8054437157043800e+01
   1.3300000000000000e+02   2.8202853029697199e+01
   1.3400000000000000e+02   2.8110365512579801e+01
   1.3500000000000000e+02   2.8203776183319199e+01
   1.3600000000000000e+02   2.8350712875002301e+01
   1.3700000000000000e+02   2.8827541360841600e+01
   1.3800000000000000e+02   2.8184490863688499e+01
   1.3900000000000000e+02   2.8251567465387001e+01
   1.4000000000000000e+02   2.8653823134038699e+01
   1.4100000000000000e+02   2.8181210983888999e+01
   1.4200000000000000e+02   2.7984412310580399e+01
   1.4300000000000000e+02   2.7804084086664002e+01
   1.4400000000000000e+02   2.7617464320181501e+01
   1.4500000000000000e+02   2.6955413183090201e+01
   1.4600000000000000e+02   2.6725488303725101e+01
   1.4700000000000000e+02   2.7295210144379698e+01
   1.4800000000000000e+02   2.7044847005534500e+01
   1.4900000000000000e+02   2.7679136442354100e+01
   1.5000000000000000e+02   2.7651798874032501e+01
   1.5100000000000000e+02   2.7320140796382901e+01
   1.5200000000000000e+02   2.6744567197569300e+01
   1.5300000000000000e+02   2.6345513294166899e+01
   1.5400000000000000e+02   2.6557575396653700e+01
   1.5500000000000000e+02   2.6645409926138299e+01
   1.5600000000000000e+02   2.6290547757175201e+01
   1.5700000000000000e+02   2.6439772972223899e+01
   1.5800000000000000e+02   2.6177813694057299e+01
   1.5900000000000000e+02   2.5850096068795700e+01
   1.6000000000000000e+02   2.5407567478607000e+01
   1.6100000000000000e+02   2.6088015183258399e+01
   1.6200000000000000e+02   2.5700410415523301e+01
   1.6300000000000000e+02   2.5326841161161099e+01
   1.6400000000000000e+02   2.4629470281918302e+01
   1.6500000000000000e+02   2.3857184682694800e+01
   1.6600000000000000e+02   2.3663734987284499e+01
   1.6700000000000000e+02   2.3487359004021201e+01
   1.6800000000000000e+02   2.3615388174113001e+01
   1.6900000000000000e+02   2.3564063805197399e+01
   1.7000000000000000e+02   2.3556688288851699e+01
   1.7100000000000000e+02   2.3360045912226099e+01
   1.7200000000000000e+02   2.3256151057064500e+01
   1.7300000000000000e+02   2.2749513511002199e+01
   1.7400000000000000e+02   2.2543818101765702e+01
   1.7500000000000000e+02   2.2425425304274999e+01
   1.7600000000000000e+02   2.2382136780644601e+01
   1.7700000000000000e+02   2.1975148233682798e+01
   1.7800000000000000e+02   2.2128515730332200e+01
   1.7900000000000000e+02   2.1590237037166300e+01
   1.8000000000000000e+02   2.1085660790818999e+01
   1.8100000000000000e+02   2.1015014850488900e+01
   1.8200000000000000e+02   2.1097953126288701e+01
   1.8300000000000000e+02   2.0905084190675300e+01
   1.8400000000000000e+02   2.0893026147390600e+01
   1.8500000000000000e+02   2.0562700829398601e+01
   1.8600000000000000e+02   2.0139762880774899e+01
   1.8700000000000000e+02   1.9688016235576100e+01
   1.8800000000000000e+02   1.9315844123566102e+01
   1.8900000000000000e+02   1.9241838497382499e+01
   1.9000000000000000e+02   1.9125402985239500e+01
   1.9100000000000000e+02   1.9482706156017599e+01
   1.9200000000000000e+02   1.8920472334815301e+01
   1.9300000000000000e+02   1.8540137076933899e+01
   1.9400000000000000e+02   1.8838429418338901e+01
   1.9500000000000000e+02   1.8734677578853400e+01
   1.9600000000000000e+02   1.8460152858273499e+01
   1.9700000000000000e+02   1.8421916198660600e+01
   1.9800000000000000e+02   1.7884281485158802e+01
   1.9900000000000000e+02   1.7964317011929900e+01
   2.0000000000000000e+02   1.8268621542705400e+01
   2.0100000000000000e+02   1.8262216515745301e+01
   2.0200000000000000e+02   1.7835642563922899e+01
   2.0300000000000000e+02   1.7335349606232199e+01
   2.0400000000000000e+02   1.7205296864765199e+01
   2.0500000000000000e+02   1.7009734424943201e+01
   2.0600000000000000e+02   1.6695569678245000e+01
   2.0700000000000000e+02   1.6869889637841400e+01
   2.0800000000000000e+02   1.6548162379123202e+01
   2.0900000000000000e+02   1.6611946806766500e+01
   2.1000000000000000e+02   1.6419702919395998e+01
   2.1100000000000000e+02   1.6028251684924399e+01
   2.1200000000000000e+02   1.6346076797756101e+01
   2.1300000000000000e+02   1.6379089340502301e+01
   2.1400000000000000e+02   1.6436313511279401e+01
   2.1500000000000000e+02   1.5838381766509800e+01
   2.1600000000000000e+02   1.5468479656249100e+01
   2.1700000000000000e+02   1.4924856958070100e+01
   2.1800000000000000e+02   1.4159648284283399e+01
   2.1900000000000000e+02   1.3891916015138200e+01
   2.2000000000000000e+02   1.4071901537449399e+01
   2.2100000000000000e+02   1.3243704739536700e+01
   2.2200000000000000e+02   1.2997029176848500e+01
   2.2300000000000000e+02   1.2909198435428999e+01
   2.2400000000000000e+02   1.2970781486303000e+01
   2.2500000000000000e+02   1.2875265964628101e+01
   2.2600000000000000e+02   1.3008941655847000e+01
   2.2700000000000000e+02   1.2993169860921800e+01
   2.2800000000000000e+02   1.2127290079721501e+01
   2.2900000000000000e+02   1.1698973375127000e+01
   2.3000000000000000e+02   1.1690567773185400e+01
   2.3100000000000000e+02   1.1796703519494500e+01
   2.3200000000000000e+02   1.1418476247547501e+01
   2.3300000000000000e+02   1.1251040287831200e+01
   2.3400000000000000e+02   1.1513880688031000e+01
   2.3500000000000000e+02   1.1404795873760699e+01
   2.3600000000000000e+02   1.0648992561942499e+01
   2.3700000000000000e+02   1.0236836618778000e+01
   2.3800000000000000e+02   9.7753711215588002e+00
   2.3900000000000000e+02   9.4042265748851701e+00
   2.4000000000000000e+02   8.9953007817203794e+00
   2.4100000000000000e+02   8.6071742731234995e+00
   2.4200000000000000e+02   8.4716126592554808e+00
   2.4300000000000000e+02   8.7253480725204007e+00
   2.4400000000000000e+02   8.8757904397657601e+00
   2.4500000000000000e+02   8.9092291224457707e+00
   2.4600000000000000e+02   9.0590633151413194e+00
   2.4700000000000000e+02   8.8662635116440498e+00
   2.4800000000000000e+02   9.3091054836991507e+00
   2.4900000000000000e+02   9.1037703635398604e+00
   2.5000000000000000e+02   8.5323775398369506e+00
   2.5100000000000000e+02   7.8697709961991498e+00
   2.5200000000000000e+02   7.6881236917611302e+00
   2.5300000000000000e+02   7.5621591129193302e+00
   2.5400000000000000e+02   7.4304845444295102e+00
   2.5500000000000000e+02   7.4249973800532203e+00
   2.5600000000000000e+02   7.0501905794796702e+00
   2.5700000000000000e+02   6.6455646926969001e+00
   2.5800000000000000e+02   5.9535749177006796e+00
   2.5900000000000000e+02   5.3447232441382297e+00
   2.6000000000000000e+02   5.2693421074735696e+00
   2.6100000000000000e+02   4.7544138301081702e+00
   2.6200000000000000e+02   4.3276674683488299e+00
   2.6300000000000000e+02   3.9607327407988202e+00
   2.6400000000000000e+02   3.9981947694166200e+00
   2.6500000000000000e+02   3.3758722055403201e+00
   2.6600000000000000e+02   3.2370693547247100e+00
   2.6700000000000000e+02   2.9838903142294000e+00
   2.6800000000000000e+02   2.4287488986413699e+00
   2.6900000000000000e+02   2.3314819677922900e+00
   2.7000000000000000e+02   2.0345415426246101e+00
   2.7100000000000000e+02   1.7067487072525900e+00
   2.7200000000000000e+02   1.4873945676868900e+00
   2.7300000000000000e+02   1.3233736694668401e+00
   2.7400000000000000e+02   8.3936932001355402e-01
   2.7500000000000000e+02   7.5438859800389801e-01
   2.7600000000000000e+02   6.0940412727419402e-01
   2.7700000000000000e+02   2.3209820132689199e-01
   2.7800000000000000e+02  -2.1412135243479499e-02
   2.7900000000000000e+02  -6.1752692946588295e-01
   2.8000000000000000e+02  -8.3689477959978698e-01
   2.8100000000000000e+02  -1.3161395068755000e+00
   2.8200000000000000e+02  -1.3641463325263901e+00
   2.8300000000000000e+02  -1.8515022311761200e+00
   2.8400000000000000e+02  -1.7699466837369999e+00
   2.8500000000000000e+02  -1.9008355890948900e+00
   2.8600000000000000e+02  -2.0370048834958001e+00
   2.8700000000000000e+02  -1.8688976727643500e+00
   2.8800000000000000e+02  -1.8205443757558399e+00
   2.8900000000000000e+02  -1.8961376106890899e+00
   2.9000000000000000e+02  -2.1347831287847900e+00
   2.9100000000000000e+02  -2.0538385799872798e+00
   2.9200000000000000e+02  -2.1644699986063500e+00
   2.9300000000000000e+02  -2.6012223828609300e+00
   2.9400000000000000e+02  -3.0548107213348699e+00
   2.9500000000000000e+02  -3.4250079706334100e+00
   2.9600000000000000e+02  -4.1725397796744002e+00
   2.9700000000000000e+02  -4.5898385231703598e+00
   2.9800000000000000e+02  -4.3917151706662398e+00
   2.9900000000000000e+02  -4.6359412387113998e+00
   3.0000000000000000e+02  -5.4587490067889100e+00
   3.0100000000000000e+02  -5.4871166549127404e+00
   3.0200000000000000e+02  -5.9487224133700298e+00
   3.0300000000000000e+02  -5.9492827583275796e+00
   3.0400000000000000e+02  -6.1678411375658202e+00
   3.0500000000000000e+02  -6.7556451117511997e+00
   3.0600000000000000e+02  -6.9910021060555003e+00
   3.0700000000000000e+02  -7.2906699366932104e+00
   3.0800000000000000e+02  -7.9214641866794997e+00
   3.0900000000000000e+02  -8.2092051722292805e+00
   3.1000000000000000e+02  -8.8739581094499105e+00
   3.1100000000000000e+02  -8.9425246282779707e+00
   3.1200000000000000e+02  -9.0664364123260093e+00
   3.1300000000000000e+02  -9.3176570864123391e+00
   3.1400000000000000e+02  -9.5468090291559395e+00
   3.1500000000000000e+02  -1.0218086859497101e+01
   3.1600000000000000e+02  -1.0224316752827800e+01
   3.1700000000000000e+02  -1.0636952864539399e+01
   3.1800000000000000e+02  -1.1421987388658399e+01
   3.1900000000000000e+02  -1.2055232730211200e+01
   3.2000000000000000e+02  -1.1879985896768201e+01
   3.2100000000000000e+02  -1.2687896414212601e+01
   3.2200000000000000e+02  -1.3628692464140000e+01
   3.2300000000000000e+02  -1.4516804912551899e+01
   3.2400000000000000e+02  -1.4978571675173001e+01
   3.2500000000000000e+02  -1.4860802747018500e+01
   3.2600000000000000e+02  -1.5050294025805400e+01
   3.2700000000000000e+02  -1.5273312548534401e+01
   3.2800000000000000e+02  -1.5652676351433200e+01
   3.2900000000000000e+02  -1.5876065825817600e+01
   3.3000000000000000e+02  -1.6643354873284199e+01
   3.3100000000000000e+02  -1.7637821806532301e+01
   3.3200000000000000e+02  -1.8082572632835600e+01
   3.3300000000000000e+02  -1.9356484721462401e+01
   3.3400000000000000e+02  -1.9854518548697001e+01
   3.3500000000000000e+02  -2.0281560959942802e+01
   3.3600000000000000e+02  -2.1207140217554901e+01
   3.3700000000000000e+02  -2.2028218569526999e+01
   3.3800000000000000e+02  -2.2520561694259101e+01
   3.3900000000000000e+02  -2.3053687332874901e+01
   3.4000000000000000e+02  -2.3592389875562102e+01
   3.4100000000000000e+02  -2.3735735966633300e+01
   3.4200000000000000e+02  -2.4337942326212001e+01
   3.4300000000000000e+02  -2.5015131794252799e+01
   3.4400000000000000e+02  -2.5481029410285700e+01
   3.4500000000000000e+02  -2.6130712303511700e+01
   3.4600000000000000e+02  -2.6938711827961399e+01
   3.4700000000000000e+02  -2.8012508883370302e+01
   3.4800000000000000e+02  -2.8545068166331099e+01
   3.4900000000000000e+02  -2.8779206853973498e+01
   3.5000000000000000e+02  -2.9449074651079702e+01
   3.5100000000000000e+02  -2.9061302695307401e+01
   3.5200000000000000e+02  -2.9739557040906501e+01
   3.5300000000000000e+02  -3.0528918560233301e+01
   3.5400000000000000e+02  -3.1237406144986100e+01
   3.5500000000000000e+02  -3.1977383800770600e+01
   3.5600000000000000e+02  -3.2921120976204598e+01
   3.5700000000000000e+02  -3.3450015767324899e+01
   3.5800000000000000e+02  -3.3709883758907203e+01
   3.5900000000000000e+02  -3.4914560314749998e+01
   3.6000000000000000e+02  -3.5375025713749700e+01
   3.6100000000000000e+02  -3.5960848170533801e+01
   3.6200000000000000e+02  -3.6624691908910002e+01
   3.6300000000000000e+02  -3.7503694024976298e+01
   3.6400000000000000e+02  -3.8619033606382899e+01
   3.6500000000000000e+02  -3.9006692463921397e+01
   3.6600000000000000e+02  -4.0308354691343602e+01
   3.6700000000000000e+02  -4.1815473097688603e+01
   3.6800000000000000e+02  -4.2980430908602997e+01
   3.6900000000000000e+02  -4.3514708036959000e+01
   3.7000000000000000e+02  -4.3775929993926603e+01
   3.7100000000000000e+02  -4.4728330725764401e+01
   3.7200000000000000e+02  -4.5890091171881600e+01
   3.7300000000000000e+02  -4.6716740141189298e+01
   3.7400000000000000e+02  -4.7560723297795100e+01
   3.7500000000000000e+02  -4.8256618927227500e+01
   3.7600000000000000e+02  -4.9245735385318802e+01
   3.7700000000000000e+02  -4.9393190024073903e+01
   3.7800000000000000e+02  -5.0073599086943602e+01
   3.7900000000000000e+02  -5.0722144121594603e+01
   3.8000000000000000e+02  -5.1755893644663800e+01
   3.8100000000000000e+02  -5.2592396051517397e+01
   3.8200000000000000e+02  -5.3466149199072198e+01
   3.8300000000000000e+02  -5.4455625934020802e+01
   3.8400000000000000e+02  -5.5396239317864300e+01
   3.8500000000000000e+02  -5.6164466608281600e+01
   3.8600000000000000e+02  -5.6726285497823397e+01
   3.8700000000000000e+02  -5.8261544118132903e+01
   3.8800000000000000e+02  -5.9111339934078799e+01
   3.8900000000000000e+02  -5.9867972463218400e+01
   3.9000000000000000e+02  -6.0833891499525699e+01
   3.9100000000000000e+02  -6.1575595900351601e+01
   3.9200000000000000e+02  -6.2935260860209603e+01
   3.9300000000000000e+02  -6.3714924713449001e+01
   3.9400000000000000e+02  -6.4742682966327294e+01
   3.9500000000000000e+02  -6.4911505394678002e+01
   3.9600000000000000e+02  -6.5603640707167102e+01
   3.9700000000000000e+02  -6.6187100406366795e+01
   3.9800000000000000e+02  -6.6508312198806806e+01
   3.9900000000000000e+02  -6.6679852571224103e+01
   4.0000000000000000e+02  -6.7571152107932804e+01
   4.0100000000000000e+02  -6.8224926867884903e+01
   4.0200000000000000e+02  -6.8670327241069501e+01
   4.0300000000000000e+02  -6.9076022136806202e+01
   4.0400000000000000e+02  -6.9529842381252095e+01
   4.0500000000000000e+02  -7.0141252018932207e+01
   4.0600000000000000e+02  -7.0204121935377898e+01
   4.0700000000000000e+02  -7.0531005753794304e+01
   4.0800000000000000e+02  -7.0877897635641801e+01
   4.0900000000000000e+02  -7.1334619556665700e+01
   4.1000000000000000e+02  -7.1266864754396707e+01
   4.1100000000000000e+02  -7.0942033379579698e+01
   4.1200000000000000e+02  -7.1559699659391200e+01
   4.1300000000000000e+02  -7.1651127812304196e+01
   4.1400000000000000e+02  -7.2088206556820595e+01
   4.1500000000000000e+02  -7.2839773179237397e+01
   4.1600000000000000e+02  -7.2847189287244206e+01
   4.1700000000000000e+02  -7.3000227948132903e+01
   4.1800000000000000e+02  -7.2971078246557894e+01
   4.1900000000000000e+02  -7.3388572389677094e+01
   4.2000000000000000e+02  -7.3740383979228199e+01
   4.2100000000000000e+02  -7.4247470124135006e+01
   4.2200000000000000e+02  -7.4962118941069093e+01
   4.2300000000000000e+02  -7.5231935678719097e+01
   4.2400000000000000e+02  -7.4923768508504807e+01
   4.2500000000000000e+02  -7.5266488147774595e+01
   4.2600000000000000e+02  -7.5488049295898406e+01
   4.2700000000000000e+02  -7.5629128055076905e+01
   4.2800000000000000e+02  -7.5199569767666802e+01
   4.2900000000000000e+02  -7.5925191118456695e+01
   4.3000000000000000e+02  -7.5726071998314495e+01
   4.3100000000000000e+02  -7.6255225869731206e+01
   4.3200000000000000e+02  -7.6652455884904697e+01
   4.3300000000000000e+02  -7.6271421131347694e+01
   4.3400000000000000e+02  -7.6120719592689994e+01
   4.3500000000000000e+02  -7.6063411770859005e+01
   4.3600000000000000e+02  -7.6107222222132094e+01
   4.3700000000000000e+02  -7.6256646594438095e+01
   4.3800000000000000e+02  -7.6339117947261101e+01
   4.3900000000000000e+02  -7.6213833585046004e+01
   4.4000000000000000e+02  -7.6123115076877696e+01
   4.4100000000000000e+02  -7.6653137474588405e+01
   4.4200000000000000e+02  -7.6463505332712202e+01
   4.4300000000000000e+02  -7.6388644187245205e+01
   4.4400000000000000e+02  -7.5953313689794101e+01
   4.4500000000000000e+02  -7.5927568937595495e+01
   4.4600000000000000e+02  -7.5958328878451894e+01
   4.4700000000000000e+02  -7.5595094620966705e+01
   4.4800000000000000e+02  -7.5678893837922899e+01
   4.4900000000000000e+02  -7.5690966149325206e+01
   4.5000000000000000e+02  -7.5655705702816604e+01
   4.5100000000000000e+02  -7.5825822760512807e+01
   4.5200000000000000e+02  -7.6313109332292399e+01
   4.5300000000000000e+02  -7.6258091040202302e+01
   4.5400000000000000e+02  -7.6551579239928699e+01
   4.5500000000000000e+02  -7.5895361806378403e+01
   4.5600000000000000e+02  -7.6102418608782600e+01
   4.5700000000000000e+02  -7.5937173341720097e+01
   4.5800000000000000e+02  -7.5800892717027196e+01
   4.5900000000000000e+02  -7.5695283325933403e+01
   4.6000000000000000e+02  -7.5741447835251194e+01
   4.6100000000000000e+02  -7.5328159271014300e+01
   4.6200000000000000e+02  -7.5306450136406696e+01
   4.6300000000000000e+02  -7.4957993541752799e+01
   4.6400000000000000e+02  -7.5265637305534696e+01
   4.6500000000000000e+02  -7.5527334345954301e+01
   4.6600000000000000e+02  -7.5190492608576704e+01
   4.6700000000000000e+02  -7.5655029915322501e+01
   4.6800000000000000e+02  -7.5790636482952294e+01
   4.6900000000000000e+02  -7.5755848457947906e+01
   4.7000000000000000e+02  -7.5753929810265006e+01
   4.7100000000000000e+02  -7.5715814564257101e+01
   4.7200000000000000e+02  -7.5677452628245803e+01
   4.7300000000000000e+02  -7.5534262413138094e+01
   4.7400000000000000e+02  -7.5555620549396593e+01
   4.7500000000000000e+02  -7.5310675514268397e+01
   4.7600000000000000e+02  -7.5162989073708204e+01
   4.7700000000000000e+02  -7.4790942014669199e+01
   4.7800000000000000e+02  -7.4799839033249398e+01
   4.7900000000000000e+02  -7.4793204435442902e+01
   4.8000000000000000e+02  -7.4822993719844604e+01
   4.8100000000000000e+02  -7.4576951024003407e+01
   4.8200000000000000e+02  -7.4484215124476506e+01
   4.8300000000000000e+02  -7.4015245318805000e+01
   4.8400000000000000e+02  -7.3832502889716395e+01
   4.8500000000000000e+02  -7.4081299949820604e+01
   4.8600000000000000e+02  -7.4442277936356106e+01
   4.8700000000000000e+02  -7.4426333729883197e+01
   4.8800000000000000e+02  -7.4541934882891098e+01
   4.8900000000000000e+02  -7.4453063567828096e+01
   4.9000000000000000e+02  -7.4709342170371201e+01
   4.9100000000000000e+02  -7.4606165369967201e+01
   4.9200000000000000e+02  -7.4150312494546299e+01
   4.9300000000000000e+02  -7.4379022305619699e+01
   4.9400000000000000e+02  -7.4138598449655206e+01
   4.9500000000000000e+02  -7.4211251041867897e+01
   4.9600000000000000e+02  -7.4226404922159801e+01
   4.9700000000000000e+02  -7.4421855132355404e+01
   4.9800000000000000e+02  -7.4445937347605096e+01
   4.9900000000000000e+02  -7.4237313570229503e+01
   5.0000000000000000e+02  -7.3734238388800094e+01
   5.0100000000000000e+02  -7.4393589055805606e+01
   5.0200000000000000e+02  -7.4236305127587698e+01
   5.0300000000000000e+02  -7.4929722847069002e+01
   5.0400000000000000e+02  -7.4287240971722895e+01
   5.0500000000000000e+02  -7.3974794376245100e+01
   5.0600000000000000e+02  -7.3613704541218596e+01
   5.0700000000000000e+02  -7.3590031657231705e+01
   5.0800000000000000e+02  -7.3959086762208500e+01
   5.0900000000000000e+02  -7.4362177386448295e+01
   5.1000000000000000e+02  -7.3873177169533093e+01
   5.1100000000000000e+02  -7.3704594923013403e+01
   5.1200000000000000e+02  -7.3707929702244797e+01
   5.1300000000000000e+02  -7.3557055411350305e+01
   5.1400000000000000e+02  -7.3115356450360906e+01
   5.1500000000000000e+02  -7.3036163352327307e+01
   5.1600000000000000e+02  -7.3420743807254595e+01
   5.1700000000000000e+02  -7.3909574385212494e+01
   5.1800000000000000e+02  -7.3624430249757907e+01
   5.1900000000000000e+02  -7.3272300068760501e+01
   5.2000000000000000e+02  -7.3447833798164297e+01
   5.2100000000000000e+02  -7.3743144062262502e+01
   5.2200000000000000e+02  -7.3527728857076099e+01
   5.2300000000000000e+02  -7.3714136962031702e+01
   5.2400000000000000e+02  -7.3719553368034397e+01
   5.2500000000000000e+02  -7.3699151407054501e+01
   5.2600000000000000e+02  -7.3561541402376804e+01
   5.2700000000000000e+02  -7.3481818937786997e+01
   5.2800000000000000e+02  -7.3601622146890605e+01
   5.2900000000000000e+02  -7.3204250857965704e+01
   5.3000000000000000e+02  -7.3430686535037793e+01
   5.3100000000000000e+02  -7.4121457043727801e+01
   5.3200000000000000e+02  -7.4009950353296503e+01
   5.3300000000000000e+02  -7.4220501201564204e+01
   5.3400000000000000e+02  -7.4506921932359205e+01
   5.3500000000000000e+02  -7.4763001513199896e+01
   5.3600000000000000e+02  -7.5057531709217201e+01
   5.3700000000000000e+02  -7.5429014016699597e+01
   5.3800000000000000e+02  -7.5618475943215302e+01
   5.3900000000000000e+02  -7.5844098686666698e+01
   5.4000000000000000e+02  -7.6641052434073600e+01
   5.4100000000000000e+02  -7.6880102498496598e+01
   5.4200000000000000e+02  -7.7148612269243898e+01
   5.4300000000000000e+02  -7.7249487472305603e+01
   5.4400000000000000e+02  -7.7155059113122505e+01
   5.4500000000000000e+02  -7.6982862469538503e+01
   5.4600000000000000e+02  -7.6705266788124405e+01
   5.4700000000000000e+02  -7.7161876437375398e+01
   5.4800000000000000e+02  -7.7048280548822504e+01
   5.4900000000000000e+02  -7.6874364555632994e+01
   5.5000000000000000e+02  -7.6609216407573896e+01
   5.5100000000000000e+02  -7.6660477206645893e+01
   5.5200000000000000e+02  -7.6585759133382396e+01
   5.5300000000000000e+02  -7.6474820739495698e+01
   5.5400000000000000e+02  -7.6052293207678304e+01
   5.5500000000000000e+02  -7.6114290085202896e+01
   5.5600000000000000e+02  -7.5372269801703396e+01
   5.5700000000000000e+02  -7.4893653391986703e+01
   5.5800000000000000e+02  -7.5026049968563200e+01
   5.5900000000000000e+02  -7.4691956851013700e+01
   5.6000000000000000e+02  -7.4119012197191594e+01
   5.6100000000000000e+02  -7.4222508376054705e+01
   5.6200000000000000e+02  -7.4076071088136999e+01
   5.6300000000000000e+02  -7.4116013683741897e+01
   5.6400000000000000e+02  -7.4495808155216295e+01
   5.6500000000000000e+02  -7.4294655157464604e+01
   5.6600000000000000e+02  -7.4500129011857297e+01
   5.6700000000000000e+02  -7.4490667184436305e+01
   5.6800000000000000e+02  -7.5011131887337498e+01
   5.6900000000000000e+02  -7.5038948013695503e+01
   5.7000000000000000e+02  -7.4764640757679999e+01
   5.7100000000000000e+02  -7.4799382637088101e+01
   5.7200000000000000e+02  -7.4678937779987606e+01
   5.7300000000000000e+02  -7.5190908894042096e+01
   5.7400000000000000e+02  -7.5329467072035499e+01
   5.7500000000000000e+02  -7.5315224236456004e+01
   5.7600000000000000e+02  -7.5169567919726006e+01
   5.7700000000000000e+02  -7.5255291999518505e+01
   5.7800000000000000e+02  -7.5151460828020305e+01
   5.7900000000000000e+02  -7.5513113862021598e+01
   5.8000000000000000e+02  -7.5633628939971999e+01
   5.8100000000000000e+02  -7.5631890721348199e+01
   5.8200000000000000e+02  -7.6137795073678205e+01
   5.8300000000000000e+02  -7.6153151899418603e+01
   5.8400000000000000e+02  -7.6066346141146298e+01
   5.8500000000000000e+02  -7.5907165323545200e+01
   5.8600000000000000e+02  -7.5324887581955906e+01
   5.8700000000000000e+02  -7.4947236762523900e+01
   5.8800000000000000e+02  -7.4744386618593197e+01
   5.8900000000000000e+02  -7.4372738642429397e+01
   5.9000000000000000e+02  -7.4789016624153206e+01
   5.9100000000000000e+02  -7.4721118747219094e+01
   5.9200000000000000e+02  -7.4446089991191698e+01
   5.9300000000000000e+02  -7.4056815576366802e+01
   5.9400000000000000e+02  -7.4183369771774906e+01
   5.9500000000000000e+02  -7.4405974232187305e+01
   5.9600000000000000e+02  -7.4610097707141904e+01
   5.9700000000000000e+02  -7.4806689595344295e+01
   5.9800000000000000e+02  -7.4260300791458107e+01
   5.9900000000000000e+02  -7.4218291735877102e+01
   6.0000000000000000e+02  -7.4393821811894696e+01
   6.0100000000000000e+02  -7.4527922077670695e+01
   6.0200000000000000e+02  -7.3792246071541101e+01
   6.0300000000000000e+02  -7.3664642030957296e+01
   6.0400000000000000e+02  -7.3713947217504696e+01
   6.0500000000000000e+02  -7.3777658241212094e+01
   6.0600000000000000e+02  -7.4197043397977197e+01
   6.0700000000000000e+02  -7.4161470519283299e+01
   6.0800000000000000e+02  -7.4261626804954503e+01
   6.0900000000000000e+02  -7.4596713293259398e+01
   6.1000000000000000e+02  -7.4703859551448005e+01
   6.1100000000000000e+02  -7.4917789191942504e+01
   6.1200000000000000e+02  -7.4493745001762306e+01
   6.1300000000000000e+02  -7.4592677061366800e+01
   6.1400000000000000e+02  -7.4449919874112396e+01
   6.1500000000000000e+02  -7.4182665553055401e+01
   6.1600000000000000e+02  -7.4057362905418003e+01
   6.1700000000000000e+02  -7.3907935831105704e+01
   6.1800000000000000e+02  -7.4352183157240802e+01
   6.1900000000000000e+02  -7.4773715057331501e+01
   6.2000000000000000e+02  -7.4524780011329995e+01
   6.2100000000000000e+02  -7.5188443400254300e+01
   6.2200000000000000e+02  -7.5274992975553999e+01
   6.2300000000000000e+02  -7.5332460770691497e+01
   6.2400000000000000e+02  -7.5078584184003901e+01
   6.2500000000000000e+02  -7.4783892836969798e+01
   6.2600000000000000e+02  -7.4358825364255594e+01
   6.2700000000000000e+02  -7.4559337222546901e+01
   6.2800000000000000e+02  -7.4725060157351393e+01
   6.2900000000000000e+02  -7.4713405600742902e+01
   6.3000000000000000e+02  -7.4655361137242707e+01
   6.3100000000000000e+02  -7.4308423764954696e+01
   6.3200000000000000e+02  -7.4119413775585699e+01
   6.3300000000000000e+02  -7.3811934370596603e+01
   6.3400000000000000e+02  -7.3802377507956706e+01
   6.3500000000000000e+02  -7.3814419974774097e+01
   6.3600000000000000e+02  -7.4103997176044004e+01
   6.3700000000000000e+02  -7.4179928518576304e+01
   6.3800000000000000e+02  -7.4106010432389695e+01
   6.3900000000000000e+02  -7.4523640608650098e+01
   6.4000000000000000e+02  -7.4873901028830502e+01
   6.4100000000000000e+02  -7.4756523310886394e+01
   6.4200000000000000e+02  -7.4626830619863895e+01
   6.4300000000000000e+02  -7.4734707817765397e+01
   6.4400000000000000e+02  -7.4680071139567204e+01
   6.4500000000000000e+02  -7.4746154273545898e+01
   6.4600000000000000e+02  -7.4942657057515007e+01
   6.4700000000000000e+02  -7.5232285510186799e+01
   6.4800000000000000e+02  -7.5294297008174496e+01
   6.4900000000000000e+02  -7.5566276907219205e+01
   6.5000000000000000e+02  -7.5638674121254297e+01
   6.5100000000000000e+02  -7.5279684520593307e+01
   6.5200000000000000e+02  -7.5385695655999200e+01
   6.5300000000000000e+02  -7.5360893628534200e+01
   6.5400000000000000e+02  -7.5111302197139906e+01
   6.5500000000000000e+02  -7.5296864478359396e+01
   6.5600000000000000e+02  -7.4958416131230805e+01
   6.5700000000000000e+02  -7.4706469672691000e+01
   6.5800000000000000e+02  -7.4962681990332797e+01
   6.5900000000000000e+02  -7.4805823719577305e+01
   6.6000000000000000e+02  -7.4618327739824295e+01
   6.6100000000000000e+02  -7.4205519682219403e+01
   6.6200000000000000e+02  -7.3890683610180005e+01
   6.6300000000000000e+02  -7.4298246219716404e+01
   6.6400000000000000e+02  -7.4076055577242002e+01
   6.6500000000000000e+02  -7.4091260759782202e+01
   6.6600000000000000e+02  -7.3707929249992006e+01
   6.6700000000000000e+02  -7.3421649749869999e+01
   6.6800000000000000e+02  -7.3027922375607602e+01
   6.6900000000000000e+02  -7.2800525710908900e+01
   6.7000000000000000e+02  -7.2816692792119298e+01
   6.7100000000000000e+02  -7.2706695121315704e+01
   6.7200000000000000e+02  -7.2924213885572996e+01
   6.7300000000000000e+02  -7.3414324461929994e+01
   6.7400000000000000e+02  -7.3728958763221698e+01
   6.7500000000000000e+02  -7.3880735372965205e+01
   6.7600000000000000e+02  -7.3676582067691101e+01
   6.7700000000000000e+02  -7.3167423695359105e+01
   6.7800000000000000e+02  -7.3600578921628895e+01
   6.7900000000000000e+02  -7.2919576074258401e+01
   6.8000000000000000e+02  -7.3385861371821093e+01
   6.8100000000000000e+02  -7.2825574829217004e+01
   6.8200000000000000e+02  -7.2815756219247007e+01
   6.8300000000000000e+02  -7.3029671234613005e+01
   6.8400000000000000e+02  -7.2767338099932900e+01
   6.8500000000000000e+02  -7.2646020233588004e+01
   6.8600000000000000e+02  -7.2701965150126298e+01
   6.8700000000000000e+02  -7.2630110922545995e+01
   6.8800000000000000e+02  -7.2442854294226805e+01
   6.8900000000000000e+02  -7.2760931382340502e+01
   6.9000000000000000e+02  -7.3453293656573905e+01
   6.9100000000000000e+02  -7.3366913619165203e+01
   6.9200000000000000e+02  -7.3838717731331897e+01
   6.9300000000000000e+02  -7.4288722832377104e+01
   6.9400000000000000e+02  -7.5037555934501398e+01
   6.9500000000000000e+02  -7.5267182315752095e+01
   6.9600000000000000e+02  -7.5300998844549795e+01
   6.9700000000000000e+02  -7.5422092984679693e+01
   6.9800000000000000e+02  -7.4860835776053193e+01
   6.9900000000000000e+02  -7.4448238790835603e+01
   7.0000000000000000e+02  -7.4501960770514998e+01
   7.0100000000000000e+02  -7.4267879675523403e+01
   7.0200000000000000e+02  -7.4066997144447896e+01
   7.0300000000000000e+02  -7.4397172629548905e+01
   7.0400000000000000e+02  -7.3985948015701993e+01
   7.0500000000000000e+02  -7.4015219091374405e+01
   7.0600000000000000e+02  -7.3626287066194195e+01
   7.0700000000000000e+02  -7.3565418835248906e+01
   7.0800000000000000e+02  -7.3194320431960506e+01
   7.0900000000000000e+02  -7.3519526972441199e+01
   7.1000000000000000e+02  -7.3960748764673397e+01
   7.1100000000000000e+02  -7.3890366769626496e+01
   7.1200000000000000e+02  -7.4007553285124899e+01
   7.1300000000000000e+02  -7.3814218323733201e+01
   7.1400000000000000e+02  -7.3822119106104594e+01
   7.1500000000000000e+02  -7.4037840634948097e+01
   7.1600000000000000e+02  -7.3795510976313196e+01
   7.1700000000000000e+02  -7.4335023978702495e+01
   7.1800000000000000e+02  -7.4190963558395694e+01
   7.1900000000000000e+02  -7.4288118762493298e+01
   7.2000000000000000e+02  -7.4253053067960906e+01
   7.2100000000000000e+02  -7.3878590213783497e+01
   7.2200000000000000e+02  -7.3929220755720394e+01
   7.2300000000000000e+02  -7.4156190558057006e+01
   7.2400000000000000e+02  -7.4229548407560600e+01
   7.2500000000000000e+02  -7.3832003064333193e+01
   7.2600000000000000e+02  -7.3821207009483601e+01
   7.2700000000000000e+02  -7.3744449327442993e+01
   7.2800000000000000e+02  -7.3843912994314394e+01
   7.2900000000000000e+02  -7.3814611209244802e+01
   7.3000000000000000e+02  -7.3817459825085294e+01
   7.3100000000000000e+02  -7.3971446776556505e+01
   7.3200000000000000e+02  -7.3530164452873507e+01
   7.3300000000000000e+02  -7.2815963874188299e+01
   7.3400000000000000e+02  -7.2875024595103895e+01
   7.3500000000000000e+02  -7.1786929394352796e+01
   7.3600000000000000e+02  -7.1584792147671607e+01
   7.3700000000000000e+02  -7.1493524759352596e+01
   7.3800000000000000e+02  -7.1236198868510996e+01
   7.3900000000000000e+02  -7.1160526597541093e+01
   7.4000000000000000e+02  -7.0828802574736997e+01
   7.4100000000000000e+02  -7.1049550777773106e+01
   7.4200000000000000e+02  -7.1596456938338605e+01
   7.4300000000000000e+02  -7.1548239739036205e+01
   7.4400000000000000e+02  -7.1649204002775093e+01
   7.4500000000000000e+02  -7.1898356102226998e+01
   7.4600000000000000e+02  -7.1682713526536702e+01
   7.4700000000000000e+02  -7.1685479381676799e+01
   7.4800000000000000e+02  -7.1460125160914799e+01
   7.4900000000000000e+02  -7.1774809951334404e+01
   7.5000000000000000e+02  -7.1988172323263299e+01
   7.5100000000000000e+02  -7.2129612852413203e+01
   7.5200000000000000e+02  -7.2337787184245499e+01
   7.5300000000000000e+02  -7.2212179196124197e+01
   7.5400000000000000e+02  -7.2141603253535294e+01
   7.5500000000000000e+02  -7.2553568017824404e+01
   7.5600000000000000e+02  -7.2346133053579294e+01
   7.5700000000000000e+02  -7.2658362687185203e+01
   7.5800000000000000e+02  -7.2188208467006902e+01
   7.5900000000000000e+02  -7.2068671384426295e+01
   7.6000000000000000e+02  -7.1595512837040502e+01
   7.6100000000000000e+02  -7.1333121990969801e+01
   7.6200000000000000e+02  -7.1054801326910706e+01
   7.6300000000000000e+02  -7.0741486522273902e+01
   7.6400000000000000e+02  -7.0774172595820005e+01
   7.6500000000000000e+02  -7.1018418911377097e+01
   7.6600000000000000e+02  -7.1289407985265200e+01
   7.6700000000000000e+02  -7.0946698054649602e+01
   7.6800000000000000e+02  -7.1084029525289907e+01
   7.6900000000000000e+02  -7.1093137710386898e+01
   7.7000000000000000e+02  -7.1261060614886702e+01
   7.7100000000000000e+02  -7.1766392563088701e+01
   7.7200000000000000e+02  -7.1895299760338304e+01
   7.7300000000000000e+02  -7.2018486479768697e+01
   7.7400000000000000e+02  -7.1698546105867607e+01
   7.7500000000000000e+02  -7.1669415373468993e+01
   7.7600000000000000e+02  -7.1691232519457998e+01
   7.7700000000000000e+02  -7.1173351805075995e+01
   7.7800000000000000e+02  -7.1210119843415100e+01
   7.7900000000000000e+02  -7.1865891555488304e+01
   7.8000000000000000e+02  -7.2139505671935495e+01
   7.8100000000000000e+02  -7.2481982810791493e+01
   7.8200000000000000e+02  -7.2089473178874698e+01
   7.8300000000000000e+02  -7.1419097830765395e+01
   7.8400000000000000e+02  -7.1705261778253302e+01
   7.8500000000000000e+02  -7.1758744305138407e+01
   7.8600000000000000e+02  -7.1890692216086805e+01
   7.8700000000000000e+02  -7.1833281470679793e+01
   7.8800000000000000e+02  -7.1635691814181101e+01
   7.8900000000000000e+02  -7.1744855408924096e+01
   7.9000000000000000e+02  -7.2302519730491298e+01
   7.9100000000000000e+02  -7.1962385960526802e+01
   7.9200000000000000e+02  -7.2344499304034400e+01
   7.9300000000000000e+02  -7.2600839689850005e+01
   7.9400000000000000e+02  -7.3300179643196699e+01
   7.9500000000000000e+02  -7.3638928161492302e+01
   7.9600000000000000e+02  -7.3762744418709801e+01
   7.9700000000000000e+02  -7.3379738777478593e+01
   7.9800000000000000e+02  -7.3732219430533306e+01
   7.9900000000000000e+02  -7.3633739265737603e+01
   8.0000000000000000e+02  -7.3241664033235494e+01
   8.0100000000000000e+02  -7.3521080399133595e+01
   8.0200000000000000e+02  -7.3461543601653503e+01
   8.0300000000000000e+02  -7.3622208968286898e+01
   8.0400000000000000e+02  -7.3826111801255706e+01
   8.0500000000000000e+02  -7.3929839302324694e+01
   8.0600000000000000e+02  -7.4039104795560107e+01
   8.0700000000000000e+02  -7.4201630797548006e+01
   8.0800000000000000e+02  -7.4541736416710606e+01
   8.0900000000000000e+02  -7.4451566528622493e+01
   8.1000000000000000e+02  -7.4608147257792893e+01
   8.1100000000000000e+02  -7.4713436373062194e+01
   8.1200000000000000e+02  -7.5102391414847702e+01
   8.1300000000000000e+02  -7.5383454916884901e+01
   8.1400000000000000e+02  -7.5227139314674801e+01
   8.1500000000000000e+02  -7.4611587564854702e+01
   8.1600000000000000e+02  -7.4922095697785494e+01
   8.1700000000000000e+02  -7.4624058863113603e+01
   8.1800000000000000e+02  -7.4355566663383200e+01
   8.1900000000000000e+02  -7.4835657616279207e+01
   8.2000000000000000e+02  -7.4508683049624096e+01
   8.2100000000000000e+02  -7.4139376265490796e+01
   8.2200000000000000e+02  -7.3999113216136806e+01
   8.2300000000000000e+02  -7.3768193175174801e+01
   8.2400000000000000e+02  -7.3788385037935996e+01
   8.2500000000000000e+02  -7.4185759336616897e+01
   8.2600000000000000e+02  -7.3960653936696701e+01
   8.2700000000000000e+02  -7.4338879758830402e+01
   8.2800000000000000e+02  -7.4422480202643001e+01
   8.2900000000000000e+02  -7.4195534043856497e+01
   8.3000000000000000e+02  -7.3465548171801004e+01
   8.3100000000000000e+02  -7.3320407154591805e+01
   8.3200000000000000e+02  -7.3660805830690407e+01
   8.3300000000000000e+02  -7.3766560259451595e+01
   8.3400000000000000e+02  -7.3853450832780297e+01
   8.3500000000000000e+02  -7.3840220532902293e+01
   8.3600000000000000e+02  -7.4041193123245193e+01
   8.3700000000000000e+02  -7.4217229835057907e+01
   8.3800000000000000e+02  -7.4777990584589404e+01
   8.3900000000000000e+02  -7.5149472920277205e+01
   8.4000000000000000e+02  -7.5356070248328805e+01
   8.4100000000000000e+02  -7.5058086061107403e+01
   8.4200000000000000e+02  -7.5010863076367201e+01
   8.4300000000000000e+02  -7.5158287540818094e+01
   8.4400000000000000e+02  -7.4734279916855400e+01
   8.4500000000000000e+02  -7.4832977584476595e+01
   8.4600000000000000e+02  -7.4737188271559901e+01
   8.4700000000000000e+02  -7.4782106983526802e+01
   8.4800000000000000e+02  -7.4762512338589900e+01
   8.4900000000000000e+02  -7.4630590158778503e+01
   8.5000000000000000e+02  -7.4304657159524993e+01
   8.5100000000000000e+02  -7.4456427599888698e+01
   8.5200000000000000e+02  -7.4617035838729706e+01
   8.5300000000000000e+02  -7.4640557864577900e+01
   8.5400000000000000e+02  -7.4935577776118194e+01
   8.5500000000000000e+02  -7.4865507897084498e+01
   8.5600000000000000e+02  -7.4603300846418193e+01
   8.5700000000000000e+02  -7.4607454923154705e+01
   8.5800000000000000e+02  -7.4710200530573005e+01
   8.5900000000000000e+02  -7.4793275407643193e+01
   8.6000000000000000e+02  -7.4683213365428998e+01
   8.6100000000000000e+02  -7.4879377852219903e+01
   8.6200000000000000e+02  -7.4263641195470598e+01
   8.6300000000000000e+02  -7.4062529964192805e+01
   8.6400000000000000e+02  -7.4341915171971607e+01
   8.6500000000000000e+02  -7.4274495392613900e+01
   8.6600000000000000e+02  -7.4387535100469705e+01
   8.6700000000000000e+02  -7.4264520588535603e+01
   8.6800000000000000e+02  -7.4053556532884699e+01
   8.6900000000000000e+02  -7.4365188715440496e+01
   8.7000000000000000e+02  -7.4017571220539295e+01
   8.7100000000000000e+02  -7.4561004107915295e+01
   8.7200000000000000e+02  -7.4544843156834006e+01
   8.7300000000000000e+02  -7.4774669440415096e+01
   8.7400000000000000e+02  -7.4966131535169595e+01
   8.7500000000000000e+02  -7.4998405356224197e+01
   8.7600000000000000e+02  -7.5139750649014601e+01
   8.7700000000000000e+02  -7.5248094303911401e+01
   8.7800000000000000e+02  -7.5140095595584697e+01
   8.7900000000000000e+02  -7.5186031392551996e+01
   8.8000000000000000e+02  -7.5489744511962996e+01
   8.8100000000000000e+02  -7.5466285393157506e+01
   8.8200000000000000e+02  -7.5181064907647198e+01
   8.8300000000000000e+02  -7.5171619182879496e+01
   8.8400000000000000e+02  -7.4628116517322397e+01
   8.8500000000000000e+02  -7.4781452800342294e+01
   8.8600000000000000e+02  -7.5062623876222005e+01
   8.8700000000000000e+02  -7.5080778344994002e+01
   8.8800000000000000e+02  -7.5295265168174495e+01
   8.8900000000000000e+02  -7.5168654642219394e+01
   8.9000000000000000e+02  -7.5286784984808804e+01
   8.9100000000000000e+02  -7.5335510882810496e+01
   8.9200000000000000e+02  -7.5004755319534596e+01
   8.9300000000000000e+02  -7.5209725478679701e+01
   8.9400000000000000e+02  -7.5321094395780904e+01
   8.9500000000000000e+02  -7.5241549322532407e+01
   8.9600000000000000e+02  -7.5086358615641601e+01
   8.9700000000000000e+02  -7.5247806985991900e+01
   8.9800000000000000e+02  -7.5310585544225006e+01
   8.9900000000000000e+02  -7.5566025974939393e+01
   9.0000000000000000e+02  -7.4802526719238003e+01
   9.0100000000000000e+02  -7.4588065083713502e+01
   9.0200000000000000e+02  -7.4955538787466594e+01
   9.0300000000000000e+02  -7.4791486032751493e+01
   9.0400000000000000e+02  -7.5322797293488605e+01
   9.0500000000000000e+02  -7.5547820966905505e+01
   9.0600000000000000e+02  -7.5396822444004300e+01
   9.0700000000000000e+02  -7.5550642491570500e+01
   9.0800000000000000e+02  -7.5574345411798006e+01
   9.0900000000000000e+02  -7.5564273228020298e+01
   9.1000000000000000e+02  -7.5566835591761105e+01
   9.1100000000000000e+02  -7.5393658386542697e+01
   9.1200000000000000e+02  -7.5496090227240600e+01
   9.1300000000000000e+02  -7.5935480911874393e+01
   9.1400000000000000e+02  -7.5581594569074696e+01
   9.1500000000000000e+02  -7.5646038828862601e+01
   9.1600000000000000e+02  -7.5526614453162296e+01
   9.1700000000000000e+02  -7.5665336686982201e+01
   9.1800000000000000e+02  -7.5455318614073406e+01
   9.1900000000000000e+02  -7.5775027434183798e+01
   9.2000000000000000e+02  -7.5377402748699495e+01
   9.2100000000000000e+02  -7.5767183726042603e+01
   9.2200000000000000e+02  -7.5825449022177906e+01
   9.2300000000000000e+02  -7.6040827341912802e+01
   9.2400000000000000e+02  -7.5611092780704695e+01
   9.2500000000000000e+02  -7.5442509261689906e+01
   9.2600000000000000e+02  -7.5389030499904806e+01
   9.2700000000000000e+02  -7.5613050780571200e+01
   9.2800000000000000e+02  -7.5651768315965299e+01
   9.2900000000000000e+02  -7.6611472480632898e+01
   9.3000000000000000e+02  -7.6333915282606497e+01
   9.3100000000000000e+02  -7.6273750211272997e+01
   9.3200000000000000e+02  -7.6159509118912695e+01
   9.3300000000000000e+02  -7.5907981906765400e+01
   9.3400000000000000e+02  -7.5807936952211193e+01
   9.3500000000000000e+02  -7.6140389768099098e+01
   9.3600000000000000e+02  -7.6365616726973599e+01
   9.3700000000000000e+02  -7.5957574570206901e+01
   9.3800000000000000e+02  -7.5819222246858800e+01
   9.3900000000000000e+02  -7.5010395130231899e+01
   9.4000000000000000e+02  -7.5149921754404204e+01
   9.4100000000000000e+02  -7.5060390483801299e+01
   9.4200000000000000e+02  -7.5332472742044800e+01
   9.4300000000000000e+02  -7.5501615304326805e+01
   9.4400000000000000e+02  -7.5384137691115399e+01
   9.4500000000000000e+02  -7.5700737360977499e+01
   9.4600000000000000e+02  -7.5708827246720702e+01
   9.4700000000000000e+02  -7.5857083155151599e+01
   9.4800000000000000e+02  -7.6319624808633094e+01
   9.4900000000000000e+02  -7.6074035252527807e+01
   9.5000000000000000e+02  -7.6434475169917505e+01
   9.5100000000000000e+02  -7.6024898424644306e+01
   9.5200000000000000e+02  -7.5899574805370094e+01
   9.5300000000000000e+02  -7.5409412813193796e+01
   9.5400000000000000e+02  -7.4843371866246002e+01
   9.5500000000000000e+02  -7.5055578498048305e+01
   9.5600000000000000e+02  -7.5473511159717404e+01
   9.5700000000000000e+02  -7.5472185986456694e+01
   9.5800000000000000e+02  -7.5242688442852398e+01
   9.5900000000000000e+02  -7.5728423157739996e+01
   9.6000000000000000e+02  -7.5801283043972504e+01
   9.6100000000000000e+02  -7.5753771206690601e+01
   9.6200000000000000e+02  -7.5602326064485695e+01
   9.6300000000000000e+02  -7.5234837273173198e+01
   9.6400000000000000e+02  -7.5250599826347795e+01
   9.6500000000000000e+02  -7.4819564907640597e+01
   9.6600000000000000e+02  -7.4927050657684902e+01
   9.6700000000000000e+02  -7.4229153123163499e+01
   9.6800000000000000e+02  -7.3833417543822605e+01
   9.6900000000000000e+02  -7.4026802185477607e+01
   9.7000000000000000e+02  -7.4049906900057806e+01
   9.7100000000000000e+02  -7.4008807992884996e+01
   9.7200000000000000e+02  -7.3860745586015000e+01
   9.7300000000000000e+02  -7.3741650714883903e+01
   9.7400000000000000e+02  -7.3861415602979704e+01
   9.7500000000000000e+02  -7.4262329427470306e+01
   9.7600000000000000e+02  -7.4326698306193407e+01
   9.7700000000000000e+02  -7.3699588509033006e+01
   9.7800000000000000e+02  -7.3094980071876094e+01
   9.7900000000000000e+02  -7.3138912873749305e+01
   9.8000000000000000e+02  -7.3237143116278006e+01
   9.8100000000000000e+02  -7.2714611967345206e+01
   9.8200000000000000e+02  -7.2557808800632202e+01
   9.8300000000000000e+02  -7.2328459717336798e+01
   9.8400000000000000e+02  -7.2428662573232302e+01
   9.8500000000000000e+02  -7.2199943785024900e+01
   9.8600000000000000e+02  -7.2135681701138907e+01
   9.8700000000000000e+02  -7.1921750328871198e+01
   9.8800000000000000e+02  -7.1914251596151104e+01
   9.8900000000000000e+02  -7.1818974840261106e+01
   9.9000000000000000e+02  -7.2113670088900406e+01
   9.9100000000000000e+02  -7.1832349616383695e+01
   9.9200000000000000e+02  -7.1985582096931793e+01
   9.9300000000000000e+02  -7.2006140535272195e+01
   9.9400000000000000e+02  -7.2117677438439699e+01
   9.9500000000000000e+02  -7.2726675183330400e+01
   9.9600000000000000e+02  -7.2562266390378099e+01
   9.9700000000000000e+02  -7.2091590111879796e+01
   9.9800000000000000e+02  -7.1789444702731998e+01
   9.9900000000000000e+02  -7.1872324047703898e+01
   1.0000000000000000e+03  -7.1359435600251700e+01
   1.0010000000000000e+03  -7.1692613327544706e+01
   1.0020000000000000e+03  -7.1426692555836894e+01
   1.0030000000000000e+03  -7.1284380590983304e+01
   1.0040000000000000e+03  -7.1402718580047306e+01
   1.0050000000000000e+03  -7.1765220879651295e+01
   1.0060000000000000e+03  -7.2732479029412005e+01
   1.0070000000000000e+03  -7.2846180845391203e+01
   1.0080000000000000e+03  -7.2543623810299593e+01
   1.0090000000000000e+03  -7.2750681800199800e+01
   1.0100000000000000e+03  -7.2725998231181805e+01
   1.0110000000000000e+03  -7.3081470019799596e+01
   1.0120000000000000e+03  -7.3285215299423101e+01
   1.0130000000000000e+03  -7.2961267704231403e+01
   1.0140000000000000e+03  -7.3276056876921899e+01
   1.0150000000000000e+03  -7.3302239145517703e+01
   1.0160000000000000e+03  -7.3675744271511505e+01
   1.0170000000000000e+03  -7.3678810190640803e+01
   1.0180000000000000e+03  -7.3742621957583097e+01
   1.0190000000000000e+03  -7.2862664498243106e+01
   1.0200000000000000e+03  -7.2642752251160900e+01
   1.0210000000000000e+03  -7.2530885025447702e+01
   1.0220000000000000e+03  -7.2939038263430305e+01
   1.0230000000000000e+03  -7.3173101454087103e+01
   1.0240000000000000e+03  -7.3099947452930493e+01
   1.0250000000000000e+03  -7.3125041475593207e+01
   1.0260000000000000e+03  -7.2719061394108195e+01
   1.0270000000000000e+03  -7.2366470182944894e+01
   1.0280000000000000e+03  -7.2160470275683494e+01
   1.0290000000000000e+03  -7.1953980793645400e+01
   1.0300000000000000e+03  -7.1619200797131398e+01
   1.0310000000000000e+03  -7.1784288931945198e+01
   1.0320000000000000e+03  -7.1908484795404704e+01
   1.0330000000000000e+03  -7.2365386850641997e+01
   1.0340000000000000e+03  -7.2413867997065594e+01
   1.0350000000000000e+03  -7.1989613485900094e+01
   1.0360000000000000e+03  -7.2171162036733804e+01
   1.0370000000000000e+03  -7.2140162805991096e+01
   1.0380000000000000e+03  -7.2725501613054604e+01
   1.0390000000000000e+03  -7.2451550420293401e+01
   1.0400000000000000e+03  -7.2328442533331696e+01
   1.0410000000000000e+03  -7.2214677258126400e+01
   1.0420000000000000e+03  -7.2560766457783998e+01
   1.0430000000000000e+03  -7.2220445216499698e+01
   1.0440000000000000e+03  -7.2157567910404495e+01
   1.0450000000000000e+03  -7.1855175768860704e+01
   1.0460000000000000e+03  -7.1971228545461301e+01
   1.0470000000000000e+03  -7.2080004081540807e+01
   1.0480000000000000e+03  -7.1863235662074601e+01
   1.0490000000000000e+03  -7.1548738798925299e+01
   1.0500000000000000e+03  -7.1634267418584599e+01
   1.0510000000000000e+03  -7.1723281043969806e+01
   1.0520000000000000e+03  -7.1272455629055301e+01
   1.0530000000000000e+03  -7.1214384604063795e+01
   1.0540000000000000e+03  -7.0984476308974095e+01
   1.0550000000000000e+03  -7.1127429635908996e+01
   1.0560000000000000e+03  -7.1200201266425296e+01
   1.0570000000000000e+03  -7.1377798027138795e+01
   1.0580000000000000e+03  -7.1611898943954799e+01
   1.0590000000000000e+03  -7.1493557528275502e+01
   1.0600000000000000e+03  -7.0970698861893496e+01
   1.0610000000000000e+03  -7.1145039156255393e+01
   1.0620000000000000e+03  -7.0952247883356506e+01
   1.0630000000000000e+03  -7.1480648281107904e+01
   1.0640000000000000e+03  -7.2035480109522695e+01
   1.0650000000000000e+03  -7.2024789832312905e+01
   1.0660000000000000e+03  -7.2147864441623796e+01
   1.0670000000000000e+03  -7.1839317390826594e+01
   1.0680000000000000e+03  -7.2346686560757604e+01
   1.0690000000000000e+03  -7.2638811683314003e+01
   1.0700000000000000e+03  -7.2450734808863402e+01
   1.0710000000000000e+03  -7.2095817656666995e+01
   1.0720000000000000e+03  -7.1768121634197001e+01
   1.0730000000000000e+03  -7.2006186612808904e+01
   1.0740000000000000e+03  -7.1851682522260205e+01
   1.0750000000000000e+03  -7.2057719538479105e+01
   1.0760000000000000e+03  -7.2259228288502300e+01
   1.0770000000000000e+03  -7.2007657317210203e+01
   1.0780000000000000e+03  -7.2095037690061403e+01
   1.0790000000000000e+03  -7.2492760060841803e+01
   1.0800000000000000e+03  -7.2344627344565794e+01
   1.0810000000000000e+03  -7.2123161919581506e+01
   1.0820000000000000e+03  -7.2330324008489598e+01
   1.0830000000000000e+03  -7.2377930431847503e+01
   1.0840000000000000e+03  -7.2131367571227699e+01
   1.0850000000000000e+03  -7.2275820920807007e+01
   1.0860000000000000e+03  -7.2217998334531003e+01
   1.0870000000000000e+03  -7.2048366581192198e+01
   1.0880000000000000e+03  -7.1920872025572805e+01
   1.0890000000000000e+03  -7.1403888175294895e+01
   1.0900000000000000e+03  -7.1044706152460904e+01
   1.0910000000000000e+03  -7.0759993493973496e+01
   1.0920000000000000e+03  -7.0286129718872800e+01
   1.0930000000000000e+03  -7.0293464658738699e+01
   1.0940000000000000e+03  -7.0145579088545603e+01
   1.0950000000000000e+03  -7.0753271094905301e+01
   1.0960000000000000e+03  -7.0535078779645602e+01
   1.0970000000000000e+03  -7.0564039616897205e+01
   1.0980000000000000e+03  -7.0454514880569604e+01
   1.0990000000000000e+03  -7.0249924341082206e+01
   1.1000000000000000e+03  -7.0436656842968802e+01
   1.1010000000000000e+03  -7.0650737000902893e+01
   1.1020000000000000e+03  -7.0973630713811502e+01
   1.1030000000000000e+03  -7.1287494148651405e+01
   1.1040000000000000e+03  -7.1211764351890395e+01
   1.1050000000000000e+03  -7.0550346541544201e+01
   1.1060000000000000e+03  -7.0260774083545698e+01
   1.1070000000000000e+03  -7.0471700591634303e+01
   1.1080000000000000e+03  -7.0519748448349901e+01
   1.1090000000000000e+03  -7.0723020833867693e+01
   1.1100000000000000e+03  -7.0911505555575602e+01
   1.1110000000000000e+03  -7.0937529347036602e+01
   1.1120000000000000e+03  -7.0566847157788700e+01
   1.1130000000000000e+03  -7.0813119343647301e+01
   1.1140000000000000e+03  -7.0804549924203798e+01
   1.1150000000000000e+03  -7.0702864835423497e+01
   1.1160000000000000e+03  -7.0149824819877693e+01
   1.1170000000000000e+03  -7.0419773656312600e+01
   1.1180000000000000e+03  -7.0073186711448500e+01
   1.1190000000000000e+03  -7.0108057530985306e+01
   1.1200000000000000e+03  -6.9942806558510597e+01
   1.1210000000000000e+03  -6.9827682665561795e+01
   1.1220000000000000e+03  -6.9630534577893499e+01
   1.1230000000000000e+03  -6.9965799754570497e+01
   1.1240000000000000e+03  -6.9619462169035799e+01
   1.1250000000000000e+03  -6.9699696211036098e+01
   1.1260000000000000e+03  -6.8905214208389907e+01
   1.1270000000000000e+03  -6.8717300103270603e+01
   1.1280000000000000e+03  -6.8332364283067605e+01
   1.1290000000000000e+03  -6.7989002218916994e+01
   1.1300000000000000e+03  -6.7781986821017796e+01
   1.1310000000000000e+03  -6.7153513373914507e+01
   1.1320000000000000e+03  -6.7039672025508196e+01
   1.1330000000000000e+03  -6.6503211286882404e+01
   1.1340000000000000e+03  -6.6074346252291093e+01
   1.1350000000000000e+03  -6.5902850764039002e+01
   1.1360000000000000e+03  -6.5019546655905202e+01
   1.1370000000000000e+03  -6.4979831590632401e+01
   1.1380000000000000e+03  -6.4626886190864496e+01
   1.1390000000000000e+03  -6.4377100401634493e+01
   1.1400000000000000e+03  -6.3207218439163100e+01
   1.1410000000000000e+03  -6.2077047968403299e+01
   1.1420000000000000e+03  -6.0704327998896098e+01
   1.1430000000000000e+03  -5.8783309071147002e+01
   1.1440000000000000e+03  -5.5549179433078400e+01
   1.1450000000000000e+03  -4.8420566957335900e+01
   1.1460000000000000e+03  -1.7845569265218700e+01
