  -1.0000000000000000e+02  -6.8744416040844698e+01
  -9.9000000000000000e+01  -6.8636739606622100e+01
  -9.8000000000000000e+01  -6.8883686942085305e+01
  -9.7000000000000000e+01  -6.8742161666711894e+01
  -9.6000000000000000e+01  -6.8622638988930206e+01
  -9.5000000000000000e+01  -6.8576661514906704e+01
  -9.4000000000000000e+01  -6.8690492757773200e+01
  -9.3000000000000000e+01  -6.8286420722726803e+01
  -9.2000000000000000e+01  -6.8353424519560704e+01
  -9.1000000000000000e+01  -6.8298021355035900e+01
  -9.0000000000000000e+01  -6.8533131750764596e+01
  -8.9000000000000000e+01  -6.8426474881382006e+01
  -8.8000000000000000e+01  -6.8205846257845394e+01
  -8.7000000000000000e+01  -6.8302729104681205e+01
  -8.6000000000000000e+01  -6.8804044737295897e+01
  -8.5000000000000000e+01  -6.9047962389934796e+01
  -8.4000000000000000e+01  -6.8922024360221698e+01
  -8.3000000000000000e+01  -6.9027194229317203e+01
  -8.2000000000000000e+01  -6.8965600075158903e+01
  -8.1000000000000000e+01  -6.8709947465748698e+01
  -8.0000000000000000e+01  -6.8276390698632795e+01
  -7.9000000000000000e+01  -6.8317382742225803e+01
  -7.8000000000000000e+01  -6.8206037608827501e+01
  -7.7000000000000000e+01  -6.7880036084984994e+01
  -7.6000000000000000e+01  -6.8200551981071996e+01
  -7.5000000000000000e+01  -6.8097517451409999e+01
  -7.4000000000000000e+01  -6.8502591250566994e+01
  -7.3000000000000000e+01  -6.8882512377853701e+01
  -7.2000000000000000e+01  -6.8508433099141001e+01
  -7.1000000000000000e+01  -6.7911393319841807e+01
  -7.0000000000000000e+01  -6.7745860635968398e+01
  -6.9000000000000000e+01  -6.8051663238346507e+01
  -6.8000000000000000e+01  -6.7998121656911394e+01
  -6.7000000000000000e+01  -6.8366685639338002e+01
  -6.6000000000000000e+01  -6.8300349671111903e+01
  -6.5000000000000000e+01  -6.8333540554256004e+01
  -6.4000000000000000e+01  -6.7873074060507804e+01
  -6.3000000000000000e+01  -6.7704702172242605e+01
  -6.2000000000000000e+01  -6.8031411237133497e+01
  -6.1000000000000000e+01  -6.7783474435862701e+01
  -6.0000000000000000e+01  -6.7100970170156700e+01
  -5.9000000000000000e+01  -6.7257434534500604e+01
  -5.8000000000000000e+01  -6.7219813457997404e+01
  -5.7000000000000000e+01  -6.6628626765004000e+01
  -5.6000000000000000e+01  -6.6837786734884602e+01
  -5.5000000000000000e+01  -6.7209195905215395e+01
  -5.4000000000000000e+01  -6.7754786671968603e+01
  -5.3000000000000000e+01  -6.7543407378602197e+01
  -5.2000000000000000e+01  -6.7719378580191105e+01
  -5.1000000000000000e+01  -6.7788841829047300e+01
  -5.0000000000000000e+01  -6.8010314240808199e+01
  -4.9000000000000000e+01  -6.7844846011491896e+01
  -4.8000000000000000e+01  -6.8186400938832307e+01
  -4.7000000000000000e+01  -6.8395043119883596e+01
  -4.6000000000000000e+01  -6.8306974607626501e+01
  -4.5000000000000000e+01  -6.8036779508573602e+01
  -4.4000000000000000e+01  -6.8163889641808495e+01
  -4.3000000000000000e+01  -6.7631441641519103e+01
  -4.2000000000000000e+01  -6.7757328515529295e+01
  -4.1000000000000000e+01  -6.7475387142753704e+01
  -4.0000000000000000e+01  -6.6978176084295299e+01
  -3.9000000000000000e+01  -6.7266087260731894e+01
  -3.8000000000000000e+01  -6.7201941628579505e+01
  -3.7000000000000000e+01  -6.6968269463351007e+01
  -3.6000000000000000e+01  -6.6874661703609704e+01
  -3.5000000000000000e+01  -6.6642460737109403e+01
  -3.4000000000000000e+01  -6.6315710069534205e+01
  -3.3000000000000000e+01  -6.6129223325907901e+01
  -3.2000000000000000e+01  -6.5931041119211898e+01
  -3.1000000000000000e+01  -6.5332483981980999e+01
  -3.0000000000000000e+01  -6.5066119740830004e+01
  -2.9000000000000000e+01  -6.5245026879544596e+01
  -2.8000000000000000e+01  -6.4902917950136398e+01
  -2.7000000000000000e+01  -6.4401170554900204e+01
  -2.6000000000000000e+01  -6.3935866261303303e+01
  -2.5000000000000000e+01  -6.3912608300360702e+01
  -2.4000000000000000e+01  -6.3847160163144402e+01
  -2.3000000000000000e+01  -6.3968435618806403e+01
  -2.2000000000000000e+01  -6.3848589007598200e+01
  -2.1000000000000000e+01  -6.3529905730687197e+01
  -2.0000000000000000e+01  -6.3529228707062899e+01
  -1.9000000000000000e+01  -6.3463432667985899e+01
  -1.8000000000000000e+01  -6.3656952531514897e+01
  -1.7000000000000000e+01  -6.3417130725393399e+01
  -1.6000000000000000e+01  -6.2877878830767202e+01
  -1.5000000000000000e+01  -6.2694402573573299e+01
  -1.4000000000000000e+01  -6.2445235235603299e+01
  -1.3000000000000000e+01  -6.2216209877030202e+01
  -1.2000000000000000e+01  -6.1890105310168501e+01
  -1.1000000000000000e+01  -6.1114444388189497e+01
  -1.0000000000000000e+01  -6.0628989100267901e+01
  -9.0000000000000000e+00  -5.9920301342185198e+01
  -8.0000000000000000e+00  -5.9090893687035297e+01
  -7.0000000000000000e+00  -5.8256802289075402e+01
  -6.0000000000000000e+00  -5.7469216104010599e+01
  -5.0000000000000000e+00  -5.5526077372528803e+01
  -4.0000000000000000e+00  -5.2818406785283102e+01
  -3.0000000000000000e+00  -4.8555935832883002e+01
  -2.0000000000000000e+00  -3.9191555350214003e+01
  -1.0000000000000000e+00  -2.5330192471171600e+01
   0.0000000000000000e+00  -1.2430759230211001e+01
   1.0000000000000000e+00   1.0082279490694599e+00
   2.0000000000000000e+00   1.0852075838625700e+01
   3.0000000000000000e+00   1.6375634220940899e+01
   4.0000000000000000e+00   1.9448775497195900e+01
   5.0000000000000000e+00   2.1736527013164999e+01
   6.0000000000000000e+00   2.2659722445641702e+01
   7.0000000000000000e+00   2.3107218367948700e+01
   8.0000000000000000e+00   2.3527303396472199e+01
   9.0000000000000000e+00   2.3537653185046100e+01
   1.0000000000000000e+01   2.3518433555394100e+01
   1.1000000000000000e+01   2.3989084488039300e+01
   1.2000000000000000e+01   2.3916040270736101e+01
   1.3000000000000000e+01   2.4058453483123198e+01
   1.4000000000000000e+01   2.3859626738169201e+01
   1.5000000000000000e+01   2.3857600177737702e+01
   1.6000000000000000e+01   2.4183752014270599e+01
   1.7000000000000000e+01   2.4307403438401199e+01
   1.8000000000000000e+01   2.4300657072654701e+01
   1.9000000000000000e+01   2.4561280239020700e+01
   2.0000000000000000e+01   2.4475686806625401e+01
   2.1000000000000000e+01   2.4346114008084601e+01
   2.2000000000000000e+01   2.4528575565785200e+01
   2.3000000000000000e+01   2.4955992959497799e+01
   2.4000000000000000e+01   2.4486534085731801e+01
   2.5000000000000000e+01   2.4352135183813399e+01
   2.6000000000000000e+01   2.4724207877464700e+01
   2.7000000000000000e+01   2.5287030499799400e+01
   2.8000000000000000e+01   2.5613548762171899e+01
   2.9000000000000000e+01   2.4929085554632600e+01
   3.0000000000000000e+01   2.4931233036074300e+01
   3.1000000000000000e+01   2.4813959601234700e+01
   3.2000000000000000e+01   2.4788926631801498e+01
   3.3000000000000000e+01   2.4443738580929001e+01
   3.4000000000000000e+01   2.4636102022966501e+01
   3.5000000000000000e+01   2.5225378732237800e+01
   3.6000000000000000e+01   2.5350533378448699e+01
   3.7000000000000000e+01   2.5080474753249000e+01
   3.8000000000000000e+01   2.5354151936555301e+01
   3.9000000000000000e+01   2.5477344918410999e+01
   4.0000000000000000e+01   2.5732471772244200e+01
   4.1000000000000000e+01   2.6163979940202900e+01
   4.2000000000000000e+01   2.6485796419859099e+01
   4.3000000000000000e+01   2.6707602023095500e+01
   4.4000000000000000e+01   2.6711698390803601e+01
   4.5000000000000000e+01   2.7105239812725500e+01
   4.6000000000000000e+01   2.7322468928048600e+01
   4.7000000000000000e+01   2.7533214003028601e+01
   4.8000000000000000e+01   2.7736715100019801e+01
   4.9000000000000000e+01   2.8075870566212799e+01
   5.0000000000000000e+01   2.8050040005644000e+01
   5.1000000000000000e+01   2.8338901634325499e+01
   5.2000000000000000e+01   2.8436850835418898e+01
   5.3000000000000000e+01   2.8686278334889700e+01
   5.4000000000000000e+01   2.8143820373792899e+01
   5.5000000000000000e+01   2.8223210590350700e+01
   5.6000000000000000e+01   2.8028705683014000e+01
   5.7000000000000000e+01   2.8051039947443499e+01
   5.8000000000000000e+01   2.8120689201386700e+01
   5.9000000000000000e+01   2.8051028772617801e+01
   6.0000000000000000e+01   2.8310751781256702e+01
   6.1000000000000000e+01   2.8341276943301398e+01
   6.2000000000000000e+01   2.8981499037229000e+01
   6.3000000000000000e+01   2.8902866998434700e+01
   6.4000000000000000e+01   2.8990077130272500e+01
   6.5000000000000000e+01   2.9341999673441599e+01
   6.6000000000000000e+01   2.9424721273005101e+01
   6.7000000000000000e+01   2.8966334853195900e+01
   6.8000000000000000e+01   2.9321690796494799e+01
   6.9000000000000000e+01   2.9418307400604199e+01
   7.0000000000000000e+01   2.9787270526025001e+01
   7.1000000000000000e+01   2.9405793445163400e+01
   7.2000000000000000e+01   2.9594475670165600e+01
   7.3000000000000000e+01   2.9697394387378999e+01
   7.4000000000000000e+01   2.9500109986222999e+01
   7.5000000000000000e+01   2.9210131954680801e+01
   7.6000000000000000e+01   2.9061832569432401e+01
   7.7000000000000000e+01   2.8912539012330701e+01
   7.8000000000000000e+01   2.8704470727957400e+01
   7.9000000000000000e+01   2.9220013327115002e+01
   8.0000000000000000e+01   2.9614520938322201e+01
   8.1000000000000000e+01   2.9848748643234700e+01
   8.2000000000000000e+01   2.9639419282033899e+01
   8.3000000000000000e+01   2.9199060826911602e+01
   8.4000000000000000e+01   2.9230527479753199e+01
   8.5000000000000000e+01   2.8974913280964500e+01
   8.6000000000000000e+01   2.8888493046013700e+01
   8.7000000000000000e+01   2.9106136192777999e+01
   8.8000000000000000e+01   2.9443936007295900e+01
   8.9000000000000000e+01   2.9248652894100999e+01
   9.0000000000000000e+01   2.9187428573516499e+01
   9.1000000000000000e+01   2.9284376914850700e+01
   9.2000000000000000e+01   2.9047532666032200e+01
   9.3000000000000000e+01   2.9009195574307402e+01
   9.4000000000000000e+01   2.8749229696977999e+01
   9.5000000000000000e+01   2.8612779948475598e+01
   9.6000000000000000e+01   2.8596454424417299e+01
   9.7000000000000000e+01   2.8239144944206700e+01
   9.8000000000000000e+01   2.8312419801149900e+01
   9.9000000000000000e+01   2.8413403581304099e+01
   1.0000000000000000e+02   2.8603031511346700e+01
   1.0100000000000000e+02   2.8630552052575599e+01
   1.0200000000000000e+02   2.8225840343584700e+01
   1.0300000000000000e+02   2.8083488648580300e+01
   1.0400000000000000e+02   2.8130963210866302e+01
   1.0500000000000000e+02   2.7644698170684499e+01
   1.0600000000000000e+02   2.7895458322585700e+01
   1.0700000000000000e+02   2.7971049048392000e+01
   1.0800000000000000e+02   2.7723723734699700e+01
   1.0900000000000000e+02   2.7734305944520599e+01
   1.1000000000000000e+02   2.8002304038319501e+01
   1.1100000000000000e+02   2.8069624496536999e+01
   1.1200000000000000e+02   2.7769929087750999e+01
   1.1300000000000000e+02   2.7765398428954501e+01
   1.1400000000000000e+02   2.6916156623471501e+01
   1.1500000000000000e+02   2.6703283009280199e+01
   1.1600000000000000e+02   2.6577698575235100e+01
   1.1700000000000000e+02   2.6455725325377099e+01
   1.1800000000000000e+02   2.6028031287680399e+01
   1.1900000000000000e+02   2.6072934928688898e+01
   1.2000000000000000e+02   2.5548357426052199e+01
   1.2100000000000000e+02   2.5419616767612801e+01
   1.2200000000000000e+02   2.5716738696335000e+01
   1.2300000000000000e+02   2.4988265413868501e+01
   1.2400000000000000e+02   2.4935061333462201e+01
   1.2500000000000000e+02   2.4429669687905601e+01
   1.2600000000000000e+02   2.4218585350151201e+01
   1.2700000000000000e+02   2.3791168943950300e+01
   1.2800000000000000e+02   2.3988076191317699e+01
   1.2900000000000000e+02   2.3768906771309300e+01
   1.3000000000000000e+02   2.3913682584154600e+01
   1.3100000000000000e+02   2.3877072542687099e+01
   1.3200000000000000e+02   2.4018459188184401e+01
   1.3300000000000000e+02   2.3827845113471000e+01
   1.3400000000000000e+02   2.4467480823225500e+01
   1.3500000000000000e+02   2.4480383451841099e+01
   1.3600000000000000e+02   2.4833670143255500e+01
   1.3700000000000000e+02   2.4604066503715899e+01
   1.3800000000000000e+02   2.4952608488422900e+01
   1.3900000000000000e+02   2.4576582801022901e+01
   1.4000000000000000e+02   2.4168032217421199e+01
   1.4100000000000000e+02   2.3839426063346099e+01
   1.4200000000000000e+02   2.3604380101063001e+01
   1.4300000000000000e+02   2.3178153720984401e+01
   1.4400000000000000e+02   2.3226356255148499e+01
   1.4500000000000000e+02   2.3021586634470900e+01
   1.4600000000000000e+02   2.3192769820079199e+01
   1.4700000000000000e+02   2.2769172609474701e+01
   1.4800000000000000e+02   2.2473608676723501e+01
   1.4900000000000000e+02   2.2277900105028301e+01
   1.5000000000000000e+02   2.2770292761209600e+01
   1.5100000000000000e+02   2.2490594927488200e+01
   1.5200000000000000e+02   2.2513353480568501e+01
   1.5300000000000000e+02   2.2563400048872900e+01
   1.5400000000000000e+02   2.2349147581931199e+01
   1.5500000000000000e+02   2.2629165890002401e+01
   1.5600000000000000e+02   2.2550655309115701e+01
   1.5700000000000000e+02   2.2738668149872201e+01
   1.5800000000000000e+02   2.2440161044183800e+01
   1.5900000000000000e+02   2.2573467738050301e+01
   1.6000000000000000e+02   2.2351637902224802e+01
   1.6100000000000000e+02   2.2423829181768099e+01
   1.6200000000000000e+02   2.2422653551056900e+01
   1.6300000000000000e+02   2.2147215398598000e+01
   1.6400000000000000e+02   2.1425442334051699e+01
   1.6500000000000000e+02   2.1281274084701799e+01
   1.6600000000000000e+02   2.1145787934461101e+01
   1.6700000000000000e+02   2.0784223145024100e+01
   1.6800000000000000e+02   2.1356015797866998e+01
   1.6900000000000000e+02   2.1512948669821402e+01
   1.7000000000000000e+02   2.1357983500183298e+01
   1.7100000000000000e+02   2.0724845812855801e+01
   1.7200000000000000e+02   2.0786407113330899e+01
   1.7300000000000000e+02   2.0233589377573399e+01
   1.7400000000000000e+02   1.9685905357604501e+01
   1.7500000000000000e+02   1.9683680050464002e+01
   1.7600000000000000e+02   1.9492864154467298e+01
   1.7700000000000000e+02   1.9204174527114301e+01
   1.7800000000000000e+02   1.9494126712167098e+01
   1.7900000000000000e+02   1.9171650655244900e+01
   1.8000000000000000e+02   1.9105747654493701e+01
   1.8100000000000000e+02   1.8749564245966699e+01
   1.8200000000000000e+02   1.8706688785785399e+01
   1.8300000000000000e+02   1.8735687580812002e+01
   1.8400000000000000e+02   1.8605790552289900e+01
   1.8500000000000000e+02   1.8431789840674998e+01
   1.8600000000000000e+02   1.8627550610660101e+01
   1.8700000000000000e+02   1.8200839958516099e+01
   1.8800000000000000e+02   1.7771595822177300e+01
   1.8900000000000000e+02   1.7663077002463702e+01
   1.9000000000000000e+02   1.7636213442773400e+01
   1.9100000000000000e+02   1.7537478381852999e+01
   1.9200000000000000e+02   1.6975499193281902e+01
   1.9300000000000000e+02   1.6876731328064899e+01
   1.9400000000000000e+02   1.6252741507380399e+01
   1.9500000000000000e+02   1.5958636812791701e+01
   1.9600000000000000e+02   1.5639051120619101e+01
   1.9700000000000000e+02   1.5678279419713499e+01
   1.9800000000000000e+02   1.5414319863945900e+01
   1.9900000000000000e+02   1.5012409591207000e+01
   2.0000000000000000e+02   1.4298509868394900e+01
   2.0100000000000000e+02   1.4290072713924999e+01
   2.0200000000000000e+02   1.3625562359972299e+01
   2.0300000000000000e+02   1.3615688880715000e+01
   2.0400000000000000e+02   1.2879219670034001e+01
   2.0500000000000000e+02   1.2462190799374101e+01
   2.0600000000000000e+02   1.2610921153103799e+01
   2.0700000000000000e+02   1.2644112771957900e+01
   2.0800000000000000e+02   1.2639716825653499e+01
   2.0900000000000000e+02   1.1628619560336000e+01
   2.1000000000000000e+02   1.0891558965126499e+01
   2.1100000000000000e+02   1.0595927673016700e+01
   2.1200000000000000e+02   1.0124034486928499e+01
   2.1300000000000000e+02   9.8880492421939596e+00
   2.1400000000000000e+02   9.6734313885859198e+00
   2.1500000000000000e+02   9.4517874475870691e+00
   2.1600000000000000e+02   9.0127486899574603e+00
   2.1700000000000000e+02   8.9146439593619604e+00
   2.1800000000000000e+02   8.1939607317738208e+00
   2.1900000000000000e+02   8.3046419018287008e+00
   2.2000000000000000e+02   7.6589192330868796e+00
   2.2100000000000000e+02   7.3022448098664299e+00
   2.2200000000000000e+02   7.0186463283928804e+00
   2.2300000000000000e+02   6.7299604929195098e+00
   2.2400000000000000e+02   6.3894173094209004e+00
   2.2500000000000000e+02   6.4142984727888397e+00
   2.2600000000000000e+02   6.0979531410568297e+00
   2.2700000000000000e+02   5.9798961027975102e+00
   2.2800000000000000e+02   5.6698954958804402e+00
   2.2900000000000000e+02   5.2969206755493898e+00
   2.3000000000000000e+02   5.3685598172337601e+00
   2.3100000000000000e+02   5.3725306904467196e+00
   2.3200000000000000e+02   5.3098874602938499e+00
   2.3300000000000000e+02   5.6505829971827399e+00
   2.3400000000000000e+02   5.9213911180011198e+00
   2.3500000000000000e+02   6.4617426078028499e+00
   2.3600000000000000e+02   6.0883321825902197e+00
   2.3700000000000000e+02   5.8987099800030398e+00
   2.3800000000000000e+02   5.6104652652685303e+00
   2.3900000000000000e+02   5.0564328006723303e+00
   2.4000000000000000e+02   5.1627776682910103e+00
   2.4100000000000000e+02   5.3333755706392800e+00
   2.4200000000000000e+02   4.9375448510722100e+00
   2.4300000000000000e+02   4.8712590069122603e+00
   2.4400000000000000e+02   4.6315110503777097e+00
   2.4500000000000000e+02   4.4138699422970298e+00
   2.4600000000000000e+02   4.5371658766477996e+00
   2.4700000000000000e+02   4.1918730698788300e+00
   2.4800000000000000e+02   4.0707798641244599e+00
   2.4900000000000000e+02   3.2837469548062499e+00
   2.5000000000000000e+02   2.6484063640090798e+00
   2.5100000000000000e+02   2.7083782656953401e+00
   2.5200000000000000e+02   2.3903746518421598e+00
   2.5300000000000000e+02   2.3381195560101302e+00
   2.5400000000000000e+02   2.6864301079934898e+00
   2.5500000000000000e+02   2.7416301682067501e+00
   2.5600000000000000e+02   2.1103875021417799e+00
   2.5700000000000000e+02   2.5725906946033699e+00
   2.5800000000000000e+02   2.2002614768446902e+00
   2.5900000000000000e+02   1.2238576421407199e+00
   2.6000000000000000e+02   1.3207417745810699e+00
   2.6100000000000000e+02   1.2793610399387800e+00
   2.6200000000000000e+02   1.1636664742394700e+00
   2.6300000000000000e+02   8.8503017140219897e-01
   2.6400000000000000e+02   8.5604259516946002e-01
   2.6500000000000000e+02   7.0985277052488005e-01
   2.6600000000000000e+02   2.7207190850273999e-01
   2.6700000000000000e+02   6.6662385967215299e-02
   2.6800000000000000e+02  -1.2047956232608199e-01
   2.6900000000000000e+02  -3.2589684168127098e-01
   2.7000000000000000e+02  -8.3205858386403597e-01
   2.7100000000000000e+02  -1.1887476886510799e+00
   2.7200000000000000e+02  -1.9608584592671601e+00
   2.7300000000000000e+02  -2.3639955871636502e+00
   2.7400000000000000e+02  -2.4258881373360901e+00
   2.7500000000000000e+02  -2.8605464742418101e+00
   2.7600000000000000e+02  -3.5631797726687400e+00
   2.7700000000000000e+02  -4.0314597155050702e+00
   2.7800000000000000e+02  -4.7400625348864098e+00
   2.7900000000000000e+02  -4.8208730390537999e+00
   2.8000000000000000e+02  -5.1991724245830504e+00
   2.8100000000000000e+02  -5.5541361799922999e+00
   2.8200000000000000e+02  -5.9203117361883697e+00
   2.8300000000000000e+02  -6.3077179815286000e+00
   2.8400000000000000e+02  -6.7919912686846704e+00
   2.8500000000000000e+02  -7.0332042645459403e+00
   2.8600000000000000e+02  -7.7211953803473596e+00
   2.8700000000000000e+02  -7.3912498782331300e+00
   2.8800000000000000e+02  -7.8804886785467998e+00
   2.8900000000000000e+02  -7.9643246991760597e+00
   2.9000000000000000e+02  -8.5566227371755303e+00
   2.9100000000000000e+02  -8.8467695792942500e+00
   2.9200000000000000e+02  -9.2980045273370706e+00
   2.9300000000000000e+02  -9.4807009057950999e+00
   2.9400000000000000e+02  -9.3803946261218893e+00
   2.9500000000000000e+02  -9.3574503874526904e+00
   2.9600000000000000e+02  -1.0125458940221000e+01
   2.9700000000000000e+02  -1.0688947987648900e+01
   2.9800000000000000e+02  -1.1148165601487900e+01
   2.9900000000000000e+02  -1.1888775674326400e+01
   3.0000000000000000e+02  -1.2239870076612799e+01
   3.0100000000000000e+02  -1.2505502912438599e+01
   3.0200000000000000e+02  -1.3419695348819200e+01
   3.0300000000000000e+02  -1.3513035081869599e+01
   3.0400000000000000e+02  -1.4181226572985100e+01
   3.0500000000000000e+02  -1.4914478388176200e+01
   3.0600000000000000e+02  -1.5277381754013099e+01
   3.0700000000000000e+02  -1.5749479968835599e+01
   3.0800000000000000e+02  -1.6420845845316400e+01
   3.0900000000000000e+02  -1.6792562018680300e+01
   3.1000000000000000e+02  -1.7800715541253702e+01
   3.1100000000000000e+02  -1.8750095837144901e+01
   3.1200000000000000e+02  -1.9198091490386499e+01
   3.1300000000000000e+02  -1.9430997859719099e+01
   3.1400000000000000e+02  -1.9645825484320898e+01
   3.1500000000000000e+02  -2.0267977919998302e+01
   3.1600000000000000e+02  -2.0578518631150299e+01
   3.1700000000000000e+02  -2.0968042826444801e+01
   3.1800000000000000e+02  -2.1325640726387999e+01
   3.1900000000000000e+02  -2.2138246568836500e+01
   3.2000000000000000e+02  -2.2844533520468900e+01
   3.2100000000000000e+02  -2.3254748005439101e+01
   3.2200000000000000e+02  -2.3831111010804701e+01
   3.2300000000000000e+02  -2.4777423207396701e+01
   3.2400000000000000e+02  -2.5242075684491699e+01
   3.2500000000000000e+02  -2.5937078683057901e+01
   3.2600000000000000e+02  -2.6893251703151901e+01
   3.2700000000000000e+02  -2.7536239098864801e+01
   3.2800000000000000e+02  -2.8358700141115499e+01
   3.2900000000000000e+02  -2.8881041212225998e+01
   3.3000000000000000e+02  -2.9367637147804899e+01
   3.3100000000000000e+02  -2.9660878096990398e+01
   3.3200000000000000e+02  -3.0396458172991899e+01
   3.3300000000000000e+02  -3.1087092188910500e+01
   3.3400000000000000e+02  -3.1760610926936199e+01
   3.3500000000000000e+02  -3.2781271854426997e+01
   3.3600000000000000e+02  -3.3079708292698001e+01
   3.3700000000000000e+02  -3.3346658645563998e+01
   3.3800000000000000e+02  -3.3909331217495001e+01
   3.3900000000000000e+02  -3.5338553921732398e+01
   3.4000000000000000e+02  -3.6376038292311200e+01
   3.4100000000000000e+02  -3.7366856034447103e+01
   3.4200000000000000e+02  -3.8138167320347002e+01
   3.4300000000000000e+02  -3.8240009639803603e+01
   3.4400000000000000e+02  -3.8929795385634300e+01
   3.4500000000000000e+02  -4.0323016009387601e+01
   3.4600000000000000e+02  -4.0919336199146500e+01
   3.4700000000000000e+02  -4.1892791104251501e+01
   3.4800000000000000e+02  -4.2715399448476902e+01
   3.4900000000000000e+02  -4.3186833779710497e+01
   3.5000000000000000e+02  -4.3755599131944102e+01
   3.5100000000000000e+02  -4.4292718429205301e+01
   3.5200000000000000e+02  -4.4797546640811603e+01
   3.5300000000000000e+02  -4.5531933207689498e+01
   3.5400000000000000e+02  -4.6162194819528700e+01
   3.5500000000000000e+02  -4.6698905027869600e+01
   3.5600000000000000e+02  -4.7662918850104099e+01
   3.5700000000000000e+02  -4.9152805221158800e+01
   3.5800000000000000e+02  -4.9907887469338597e+01
   3.5900000000000000e+02  -5.0842719514961701e+01
   3.6000000000000000e+02  -5.1677612948128299e+01
   3.6100000000000000e+02  -5.2546296726898099e+01
   3.6200000000000000e+02  -5.3712223565894803e+01
   3.6300000000000000e+02  -5.4677935254414002e+01
   3.6400000000000000e+02  -5.5021039936058301e+01
   3.6500000000000000e+02  -5.6134875907390700e+01
   3.6600000000000000e+02  -5.6947387942450902e+01
   3.6700000000000000e+02  -5.8068923576517200e+01
   3.6800000000000000e+02  -5.8332711868796302e+01
   3.6900000000000000e+02  -5.9418597969069303e+01
   3.7000000000000000e+02  -5.9880976737813100e+01
   3.7100000000000000e+02  -6.1459374926440603e+01
   3.7200000000000000e+02  -6.2407317246167700e+01
   3.7300000000000000e+02  -6.3044531917750398e+01
   3.7400000000000000e+02  -6.3383853597992200e+01
   3.7500000000000000e+02  -6.4138419394538701e+01
   3.7600000000000000e+02  -6.4524673778414495e+01
   3.7700000000000000e+02  -6.4834801842532599e+01
   3.7800000000000000e+02  -6.5365703433247006e+01
   3.7900000000000000e+02  -6.5724770907576399e+01
   3.8000000000000000e+02  -6.6919610325336095e+01
   3.8100000000000000e+02  -6.7357700381255896e+01
   3.8200000000000000e+02  -6.7827685938168997e+01
   3.8300000000000000e+02  -6.8560808882777707e+01
   3.8400000000000000e+02  -6.8981563970364704e+01
   3.8500000000000000e+02  -6.9444587012402295e+01
   3.8600000000000000e+02  -7.0190663009361003e+01
   3.8700000000000000e+02  -7.0733287507192699e+01
   3.8800000000000000e+02  -7.1092614287966001e+01
   3.8900000000000000e+02  -7.1823798333238500e+01
   3.9000000000000000e+02  -7.2683172207016398e+01
   3.9100000000000000e+02  -7.2494804276215106e+01
   3.9200000000000000e+02  -7.2961407373221306e+01
   3.9300000000000000e+02  -7.3246230891048100e+01
   3.9400000000000000e+02  -7.3483612594238195e+01
   3.9500000000000000e+02  -7.4131373177279301e+01
   3.9600000000000000e+02  -7.4570174660920799e+01
   3.9700000000000000e+02  -7.4954375980979904e+01
   3.9800000000000000e+02  -7.5136382712578296e+01
   3.9900000000000000e+02  -7.5199663858901403e+01
   4.0000000000000000e+02  -7.5253676914196106e+01
   4.0100000000000000e+02  -7.5199548519338904e+01
   4.0200000000000000e+02  -7.5481972965663402e+01
   4.0300000000000000e+02  -7.5464466723243305e+01
   4.0400000000000000e+02  -7.5727341337983503e+01
   4.0500000000000000e+02  -7.5784664852515505e+01
   4.0600000000000000e+02  -7.5926520561254605e+01
   4.0700000000000000e+02  -7.6259415611667293e+01
   4.0800000000000000e+02  -7.6190515906058394e+01
   4.0900000000000000e+02  -7.6002373809050496e+01
   4.1000000000000000e+02  -7.6244805014075993e+01
   4.1100000000000000e+02  -7.6232193084749298e+01
   4.1200000000000000e+02  -7.5992812221278996e+01
   4.1300000000000000e+02  -7.5941689819551499e+01
   4.1400000000000000e+02  -7.5991593630744603e+01
   4.1500000000000000e+02  -7.6475137212423704e+01
   4.1600000000000000e+02  -7.6332842825741906e+01
   4.1700000000000000e+02  -7.6816706314116104e+01
   4.1800000000000000e+02  -7.7002077186505900e+01
   4.1900000000000000e+02  -7.7213328118209702e+01
   4.2000000000000000e+02  -7.7271382679639899e+01
   4.2100000000000000e+02  -7.7387145206872404e+01
   4.2200000000000000e+02  -7.7531081141703197e+01
   4.2300000000000000e+02  -7.7819161011467699e+01
   4.2400000000000000e+02  -7.7546300082554893e+01
   4.2500000000000000e+02  -7.7518049560025204e+01
   4.2600000000000000e+02  -7.6984978420351496e+01
   4.2700000000000000e+02  -7.7326360130197003e+01
   4.2800000000000000e+02  -7.7318258225928901e+01
   4.2900000000000000e+02  -7.6837150557211103e+01
   4.3000000000000000e+02  -7.6619174502372402e+01
   4.3100000000000000e+02  -7.6447135565553907e+01
   4.3200000000000000e+02  -7.6223771795898500e+01
   4.3300000000000000e+02  -7.7023365705556898e+01
   4.3400000000000000e+02  -7.7485232805431096e+01
   4.3500000000000000e+02  -7.7467444781842303e+01
   4.3600000000000000e+02  -7.7311755208681205e+01
   4.3700000000000000e+02  -7.7413488092536795e+01
   4.3800000000000000e+02  -7.7296531563627894e+01
   4.3900000000000000e+02  -7.7182458686724303e+01
   4.4000000000000000e+02  -7.7108706775416096e+01
   4.4100000000000000e+02  -7.6925426723926606e+01
   4.4200000000000000e+02  -7.6289569298956593e+01
   4.4300000000000000e+02  -7.6299657132097593e+01
   4.4400000000000000e+02  -7.6504800217527603e+01
   4.4500000000000000e+02  -7.6808014145103897e+01
   4.4600000000000000e+02  -7.6830209087293099e+01
   4.4700000000000000e+02  -7.6427153394697200e+01
   4.4800000000000000e+02  -7.6084683721770602e+01
   4.4900000000000000e+02  -7.6208649626233694e+01
   4.5000000000000000e+02  -7.6405975881230205e+01
   4.5100000000000000e+02  -7.7143721107080296e+01
   4.5200000000000000e+02  -7.6843103303849205e+01
   4.5300000000000000e+02  -7.5978523806003096e+01
   4.5400000000000000e+02  -7.5677511896025806e+01
   4.5500000000000000e+02  -7.5635371525689393e+01
   4.5600000000000000e+02  -7.5704777969888397e+01
   4.5700000000000000e+02  -7.5476561919397199e+01
   4.5800000000000000e+02  -7.5598723931750797e+01
   4.5900000000000000e+02  -7.5545460848619101e+01
   4.6000000000000000e+02  -7.5548442983735796e+01
   4.6100000000000000e+02  -7.5381251677386302e+01
   4.6200000000000000e+02  -7.5900484598968305e+01
   4.6300000000000000e+02  -7.5610010461037803e+01
   4.6400000000000000e+02  -7.5745441405460696e+01
   4.6500000000000000e+02  -7.5953870241683205e+01
   4.6600000000000000e+02  -7.5573983466392207e+01
   4.6700000000000000e+02  -7.5325976434608094e+01
   4.6800000000000000e+02  -7.5386757271923003e+01
   4.6900000000000000e+02  -7.5110516123536897e+01
   4.7000000000000000e+02  -7.5180930447448006e+01
   4.7100000000000000e+02  -7.5034154710931503e+01
   4.7200000000000000e+02  -7.5059082374317100e+01
   4.7300000000000000e+02  -7.4780463967021007e+01
   4.7400000000000000e+02  -7.4831198775340496e+01
   4.7500000000000000e+02  -7.4381341303284501e+01
   4.7600000000000000e+02  -7.4344726725796704e+01
   4.7700000000000000e+02  -7.4507608120418993e+01
   4.7800000000000000e+02  -7.5173887147047296e+01
   4.7900000000000000e+02  -7.5312618985139096e+01
   4.8000000000000000e+02  -7.5742754538874294e+01
   4.8100000000000000e+02  -7.6062129417580195e+01
   4.8200000000000000e+02  -7.6013508117712604e+01
   4.8300000000000000e+02  -7.6314725062603500e+01
   4.8400000000000000e+02  -7.6537968044145799e+01
   4.8500000000000000e+02  -7.6515700743195097e+01
   4.8600000000000000e+02  -7.6264586602865293e+01
   4.8700000000000000e+02  -7.5576065302775802e+01
   4.8800000000000000e+02  -7.5300457100908204e+01
   4.8900000000000000e+02  -7.4877076002903706e+01
   4.9000000000000000e+02  -7.5298484097724895e+01
   4.9100000000000000e+02  -7.5335508509652399e+01
   4.9200000000000000e+02  -7.4901869256627094e+01
   4.9300000000000000e+02  -7.4956761454766394e+01
   4.9400000000000000e+02  -7.5109367902302793e+01
   4.9500000000000000e+02  -7.5329682724819904e+01
   4.9600000000000000e+02  -7.5633444421903903e+01
   4.9700000000000000e+02  -7.5586547314206101e+01
   4.9800000000000000e+02  -7.5346215922873995e+01
   4.9900000000000000e+02  -7.5286874228022100e+01
   5.0000000000000000e+02  -7.4902962797689696e+01
   5.0100000000000000e+02  -7.5069047751381106e+01
   5.0200000000000000e+02  -7.5451804757432100e+01
   5.0300000000000000e+02  -7.5906426293338399e+01
   5.0400000000000000e+02  -7.6129136109031506e+01
   5.0500000000000000e+02  -7.6267637115258296e+01
   5.0600000000000000e+02  -7.5733145367330096e+01
   5.0700000000000000e+02  -7.5683937987123997e+01
   5.0800000000000000e+02  -7.5320286163736597e+01
   5.0900000000000000e+02  -7.5315667033049806e+01
   5.1000000000000000e+02  -7.5777333066744006e+01
   5.1100000000000000e+02  -7.5848980182675703e+01
   5.1200000000000000e+02  -7.5470985696649194e+01
   5.1300000000000000e+02  -7.5516326136789203e+01
   5.1400000000000000e+02  -7.6088011619917495e+01
   5.1500000000000000e+02  -7.6200421368321798e+01
   5.1600000000000000e+02  -7.6098357948180194e+01
   5.1700000000000000e+02  -7.5980635368286499e+01
   5.1800000000000000e+02  -7.6029949588027307e+01
   5.1900000000000000e+02  -7.5563545328968900e+01
   5.2000000000000000e+02  -7.5493824066791703e+01
   5.2100000000000000e+02  -7.5420022830134300e+01
   5.2200000000000000e+02  -7.5201540058728099e+01
   5.2300000000000000e+02  -7.4793470786283194e+01
   5.2400000000000000e+02  -7.4729861142380400e+01
   5.2500000000000000e+02  -7.4511520319831803e+01
   5.2600000000000000e+02  -7.4355027680282006e+01
   5.2700000000000000e+02  -7.3725448459131698e+01
   5.2800000000000000e+02  -7.4332630873844494e+01
   5.2900000000000000e+02  -7.4664168432801802e+01
   5.3000000000000000e+02  -7.4142792103542106e+01
   5.3100000000000000e+02  -7.3867627169403207e+01
   5.3200000000000000e+02  -7.4033674636994903e+01
   5.3300000000000000e+02  -7.4403778232918597e+01
   5.3400000000000000e+02  -7.3697918812172702e+01
   5.3500000000000000e+02  -7.3794375287331803e+01
   5.3600000000000000e+02  -7.3954121687040100e+01
   5.3700000000000000e+02  -7.4074907085203805e+01
   5.3800000000000000e+02  -7.4339514758154806e+01
   5.3900000000000000e+02  -7.4628893877494804e+01
   5.4000000000000000e+02  -7.4684018316437005e+01
   5.4100000000000000e+02  -7.4943847611223504e+01
   5.4200000000000000e+02  -7.4900868108830693e+01
   5.4300000000000000e+02  -7.5154957451469599e+01
   5.4400000000000000e+02  -7.5144971192128494e+01
   5.4500000000000000e+02  -7.5409310775497801e+01
   5.4600000000000000e+02  -7.5282108406380502e+01
   5.4700000000000000e+02  -7.5346331596892696e+01
   5.4800000000000000e+02  -7.5549917735762506e+01
   5.4900000000000000e+02  -7.5707103754564798e+01
   5.5000000000000000e+02  -7.5909177048721801e+01
   5.5100000000000000e+02  -7.5971018443555593e+01
   5.5200000000000000e+02  -7.6387209820560003e+01
   5.5300000000000000e+02  -7.6469823566007307e+01
   5.5400000000000000e+02  -7.6764208133451504e+01
   5.5500000000000000e+02  -7.6765437674377395e+01
   5.5600000000000000e+02  -7.6325523505051095e+01
   5.5700000000000000e+02  -7.6124507240499398e+01
   5.5800000000000000e+02  -7.6090646342716994e+01
   5.5900000000000000e+02  -7.5579154910560007e+01
   5.6000000000000000e+02  -7.5346177853239197e+01
   5.6100000000000000e+02  -7.5087585525383503e+01
   5.6200000000000000e+02  -7.4667729730092404e+01
   5.6300000000000000e+02  -7.4302105459250996e+01
   5.6400000000000000e+02  -7.4153397956073107e+01
   5.6500000000000000e+02  -7.3905411903593205e+01
   5.6600000000000000e+02  -7.3670788614256793e+01
   5.6700000000000000e+02  -7.3943554070742394e+01
   5.6800000000000000e+02  -7.4259231374529804e+01
   5.6900000000000000e+02  -7.4361615110226197e+01
   5.7000000000000000e+02  -7.3921537970864804e+01
   5.7100000000000000e+02  -7.4274028293722594e+01
   5.7200000000000000e+02  -7.3899068257259501e+01
   5.7300000000000000e+02  -7.3928784125207400e+01
   5.7400000000000000e+02  -7.4231502662875798e+01
   5.7500000000000000e+02  -7.4231088365181805e+01
   5.7600000000000000e+02  -7.4320111790953604e+01
   5.7700000000000000e+02  -7.4468973768795806e+01
   5.7800000000000000e+02  -7.4423356505117994e+01
   5.7900000000000000e+02  -7.4223221863444806e+01
   5.8000000000000000e+02  -7.3835130230564701e+01
   5.8100000000000000e+02  -7.3774237154514196e+01
   5.8200000000000000e+02  -7.3298224753511604e+01
   5.8300000000000000e+02  -7.3366668599245699e+01
   5.8400000000000000e+02  -7.3644931816229203e+01
   5.8500000000000000e+02  -7.3438281292220907e+01
   5.8600000000000000e+02  -7.3716082247937806e+01
   5.8700000000000000e+02  -7.3349963280570407e+01
   5.8800000000000000e+02  -7.3111863565794394e+01
   5.8900000000000000e+02  -7.3254433264754496e+01
   5.9000000000000000e+02  -7.3384067213925903e+01
   5.9100000000000000e+02  -7.3480572267115804e+01
   5.9200000000000000e+02  -7.3455572296268699e+01
   5.9300000000000000e+02  -7.3167809880415803e+01
   5.9400000000000000e+02  -7.3250234453691803e+01
   5.9500000000000000e+02  -7.2829096675684198e+01
   5.9600000000000000e+02  -7.3404015269434296e+01
   5.9700000000000000e+02  -7.3467296527687694e+01
   5.9800000000000000e+02  -7.3298550870980606e+01
   5.9900000000000000e+02  -7.3523946392656200e+01
   6.0000000000000000e+02  -7.3126365053654993e+01
   6.0100000000000000e+02  -7.3207591728429804e+01
   6.0200000000000000e+02  -7.3183155155992907e+01
   6.0300000000000000e+02  -7.3416755478864005e+01
   6.0400000000000000e+02  -7.3306385415188501e+01
   6.0500000000000000e+02  -7.2895078900791802e+01
   6.0600000000000000e+02  -7.3109112151055896e+01
   6.0700000000000000e+02  -7.2997378705082994e+01
   6.0800000000000000e+02  -7.2714866413277704e+01
   6.0900000000000000e+02  -7.3668483017100897e+01
   6.1000000000000000e+02  -7.3717250519009596e+01
   6.1100000000000000e+02  -7.3640049415047301e+01
   6.1200000000000000e+02  -7.3683341993381703e+01
   6.1300000000000000e+02  -7.4025690671460893e+01
   6.1400000000000000e+02  -7.4558956681798804e+01
   6.1500000000000000e+02  -7.4809725100109404e+01
   6.1600000000000000e+02  -7.5007657540396394e+01
   6.1700000000000000e+02  -7.5111094948672203e+01
   6.1800000000000000e+02  -7.5286308939494106e+01
   6.1900000000000000e+02  -7.5648581241396599e+01
   6.2000000000000000e+02  -7.5467575163712795e+01
   6.2100000000000000e+02  -7.5220509884550495e+01
   6.2200000000000000e+02  -7.5198117624543499e+01
   6.2300000000000000e+02  -7.5511050690449906e+01
   6.2400000000000000e+02  -7.5233900629841898e+01
   6.2500000000000000e+02  -7.5196792755770403e+01
   6.2600000000000000e+02  -7.4676440836335203e+01
   6.2700000000000000e+02  -7.4182719328614695e+01
   6.2800000000000000e+02  -7.4136973649622405e+01
   6.2900000000000000e+02  -7.4176025806831007e+01
   6.3000000000000000e+02  -7.4192106199734098e+01
   6.3100000000000000e+02  -7.4350960419367794e+01
   6.3200000000000000e+02  -7.4597188253732597e+01
   6.3300000000000000e+02  -7.4443759157418299e+01
   6.3400000000000000e+02  -7.4643703742787395e+01
   6.3500000000000000e+02  -7.4881779009386705e+01
   6.3600000000000000e+02  -7.5089018143074000e+01
   6.3700000000000000e+02  -7.5658013800901600e+01
   6.3800000000000000e+02  -7.5450954544848997e+01
   6.3900000000000000e+02  -7.4932533742689998e+01
   6.4000000000000000e+02  -7.4932038926085198e+01
   6.4100000000000000e+02  -7.4246444394988799e+01
   6.4200000000000000e+02  -7.4381990155764001e+01
   6.4300000000000000e+02  -7.3660966668997204e+01
   6.4400000000000000e+02  -7.3413346270461801e+01
   6.4500000000000000e+02  -7.3136430463186699e+01
   6.4600000000000000e+02  -7.3503274772157894e+01
   6.4700000000000000e+02  -7.3757335956968305e+01
   6.4800000000000000e+02  -7.3335037991548106e+01
   6.4900000000000000e+02  -7.3465612240957498e+01
   6.5000000000000000e+02  -7.2659617106501500e+01
   6.5100000000000000e+02  -7.2114611788564204e+01
   6.5200000000000000e+02  -7.2229916191055906e+01
   6.5300000000000000e+02  -7.1827948212631995e+01
   6.5400000000000000e+02  -7.1634179354388493e+01
   6.5500000000000000e+02  -7.1460361812918904e+01
   6.5600000000000000e+02  -7.1372364172478200e+01
   6.5700000000000000e+02  -7.0858888314484901e+01
   6.5800000000000000e+02  -7.0751169516295903e+01
   6.5900000000000000e+02  -7.0065626223256700e+01
   6.6000000000000000e+02  -7.0196308483224399e+01
   6.6100000000000000e+02  -7.0519601486509501e+01
   6.6200000000000000e+02  -7.0720956227930301e+01
   6.6300000000000000e+02  -7.0765351569260801e+01
   6.6400000000000000e+02  -7.0153076709479905e+01
   6.6500000000000000e+02  -6.9768609719148699e+01
   6.6600000000000000e+02  -6.9367508305099804e+01
   6.6700000000000000e+02  -6.8926972952252399e+01
   6.6800000000000000e+02  -6.8833383989984895e+01
   6.6900000000000000e+02  -6.8888075279617595e+01
   6.7000000000000000e+02  -6.8672602903368499e+01
   6.7100000000000000e+02  -6.8912625149701697e+01
   6.7200000000000000e+02  -6.8976064736306000e+01
   6.7300000000000000e+02  -6.8868770542898901e+01
   6.7400000000000000e+02  -6.8599809971331794e+01
   6.7500000000000000e+02  -6.8761739265017198e+01
   6.7600000000000000e+02  -6.8678045563247807e+01
   6.7700000000000000e+02  -6.8976768385764302e+01
   6.7800000000000000e+02  -6.8688087434590003e+01
   6.7900000000000000e+02  -6.8897402322047697e+01
   6.8000000000000000e+02  -6.8678590877206602e+01
   6.8100000000000000e+02  -6.8468818633192001e+01
   6.8200000000000000e+02  -6.8240632970921894e+01
   6.8300000000000000e+02  -6.8228054319547397e+01
   6.8400000000000000e+02  -6.7824068721673001e+01
   6.8500000000000000e+02  -6.7849520172436598e+01
   6.8600000000000000e+02  -6.7787902673416497e+01
   6.8700000000000000e+02  -6.8381794864214896e+01
   6.8800000000000000e+02  -6.9093107481416695e+01
   6.8900000000000000e+02  -6.9092902218294199e+01
   6.9000000000000000e+02  -6.9144018515508705e+01
   6.9100000000000000e+02  -6.8506852874312301e+01
   6.9200000000000000e+02  -6.8332570298117901e+01
   6.9300000000000000e+02  -6.8133679801689297e+01
   6.9400000000000000e+02  -6.8680703136470399e+01
   6.9500000000000000e+02  -6.8243110647789393e+01
   6.9600000000000000e+02  -6.8021935464729097e+01
   6.9700000000000000e+02  -6.7931225464105793e+01
   6.9800000000000000e+02  -6.7609484505355098e+01
   6.9900000000000000e+02  -6.7530132158982795e+01
   7.0000000000000000e+02  -6.7490206522972002e+01
   7.0100000000000000e+02  -6.7312458757222899e+01
   7.0200000000000000e+02  -6.7010905604657395e+01
   7.0300000000000000e+02  -6.6606847846168506e+01
   7.0400000000000000e+02  -6.6542185028026395e+01
   7.0500000000000000e+02  -6.6051870637820201e+01
   7.0600000000000000e+02  -6.5651189519577301e+01
   7.0700000000000000e+02  -6.5204369839947702e+01
   7.0800000000000000e+02  -6.4986224885094401e+01
   7.0900000000000000e+02  -6.4782724481666804e+01
   7.1000000000000000e+02  -6.4518630916324398e+01
   7.1100000000000000e+02  -6.3803766124895802e+01
   7.1200000000000000e+02  -6.3457804125559598e+01
   7.1300000000000000e+02  -6.3218369609295998e+01
   7.1400000000000000e+02  -6.3073771485953600e+01
   7.1500000000000000e+02  -6.3117576674670403e+01
   7.1600000000000000e+02  -6.2710545412430903e+01
   7.1700000000000000e+02  -6.2277870473618400e+01
   7.1800000000000000e+02  -6.1651996658339598e+01
   7.1900000000000000e+02  -6.1411870779719699e+01
   7.2000000000000000e+02  -6.0704655896684798e+01
   7.2100000000000000e+02  -5.9481079414070997e+01
   7.2200000000000000e+02  -5.7762845235297398e+01
   7.2300000000000000e+02  -5.5203644495549298e+01
   7.2400000000000000e+02  -5.1095026153195100e+01
   7.2500000000000000e+02  -4.2127870404728199e+01
   7.2600000000000000e+02  -2.3182951094101899e+01
