  -1.0000000000000000e+02  -7.2280001198949407e+01
  -9.9000000000000000e+01  -7.1897300897422497e+01
  -9.8000000000000000e+01  -7.2209142300194401e+01
  -9.7000000000000000e+01  -7.2211104987781098e+01
  -9.6000000000000000e+01  -7.2102233836239293e+01
  -9.5000000000000000e+01  -7.1545232770577300e+01
  -9.4000000000000000e+01  -7.1453182376659598e+01
  -9.3000000000000000e+01  -7.1544365677504800e+01
  -9.2000000000000000e+01  -7.1527225921906293e+01
  -9.1000000000000000e+01  -7.1221437026197606e+01
  -9.0000000000000000e+01  -7.1095729915486601e+01
  -8.9000000000000000e+01  -7.1169073580222999e+01
  -8.8000000000000000e+01  -7.1337454098134799e+01
  -8.7000000000000000e+01  -7.2202417902917205e+01
  -8.6000000000000000e+01  -7.2028697504959297e+01
  -8.5000000000000000e+01  -7.1543135482206907e+01
  -8.4000000000000000e+01  -7.1841172490136401e+01
  -8.3000000000000000e+01  -7.1882870845649293e+01
  -8.2000000000000000e+01  -7.2067133290060895e+01
  -8.1000000000000000e+01  -7.1958311312881406e+01
  -8.0000000000000000e+01  -7.1930975456639203e+01
  -7.9000000000000000e+01  -7.1585198114838903e+01
  -7.8000000000000000e+01  -7.1725513988398106e+01
  -7.7000000000000000e+01  -7.1881440607792399e+01
  -7.6000000000000000e+01  -7.2267672071422894e+01
  -7.5000000000000000e+01  -7.2847678584658595e+01
  -7.4000000000000000e+01  -7.3236741416300703e+01
  -7.3000000000000000e+01  -7.3086614329841595e+01
  -7.2000000000000000e+01  -7.3122296645961100e+01
  -7.1000000000000000e+01  -7.3482623049351702e+01
  -7.0000000000000000e+01  -7.2998115576402199e+01
  -6.9000000000000000e+01  -7.2917050117951106e+01
  -6.8000000000000000e+01  -7.3285344893112807e+01
  -6.7000000000000000e+01  -7.2918241002724997e+01
  -6.6000000000000000e+01  -7.2644016713664499e+01
  -6.5000000000000000e+01  -7.2295974957234506e+01
  -6.4000000000000000e+01  -7.2080372008441699e+01
  -6.3000000000000000e+01  -7.1803431901390198e+01
  -6.2000000000000000e+01  -7.1664891203884693e+01
  -6.1000000000000000e+01  -7.1540229505582204e+01
  -6.0000000000000000e+01  -7.1718958487568003e+01
  -5.9000000000000000e+01  -7.1903596332970096e+01
  -5.8000000000000000e+01  -7.2088607726095702e+01
  -5.7000000000000000e+01  -7.1988441542902507e+01
  -5.6000000000000000e+01  -7.1941749920589999e+01
  -5.5000000000000000e+01  -7.2396676042076706e+01
  -5.4000000000000000e+01  -7.2542130348092698e+01
  -5.3000000000000000e+01  -7.2093399594790696e+01
  -5.2000000000000000e+01  -7.1945834335260898e+01
  -5.1000000000000000e+01  -7.2004429922995101e+01
  -5.0000000000000000e+01  -7.2018211280766593e+01
  -4.9000000000000000e+01  -7.1685435376106199e+01
  -4.8000000000000000e+01  -7.1139149990744500e+01
  -4.7000000000000000e+01  -7.1117671211064007e+01
  -4.6000000000000000e+01  -7.0579916195943895e+01
  -4.5000000000000000e+01  -7.0779280088192905e+01
  -4.4000000000000000e+01  -7.0657242628603797e+01
  -4.3000000000000000e+01  -7.0108178374394399e+01
  -4.2000000000000000e+01  -7.0349273568024103e+01
  -4.1000000000000000e+01  -7.0286412808210699e+01
  -4.0000000000000000e+01  -7.0480381297396704e+01
  -3.9000000000000000e+01  -7.0676930937747798e+01
  -3.8000000000000000e+01  -7.0034440574209498e+01
  -3.7000000000000000e+01  -6.9981336034874104e+01
  -3.6000000000000000e+01  -6.9594283922180495e+01
  -3.5000000000000000e+01  -6.9853948328293697e+01
  -3.4000000000000000e+01  -7.0094918618604495e+01
  -3.3000000000000000e+01  -6.9479346122015102e+01
  -3.2000000000000000e+01  -6.8966654434550506e+01
  -3.1000000000000000e+01  -6.9155648583795198e+01
  -3.0000000000000000e+01  -6.8784054950200499e+01
  -2.9000000000000000e+01  -6.8444255214409097e+01
  -2.8000000000000000e+01  -6.8860823527316995e+01
  -2.7000000000000000e+01  -6.9120471786532406e+01
  -2.6000000000000000e+01  -6.9541016648820303e+01
  -2.5000000000000000e+01  -6.8993482625942306e+01
  -2.4000000000000000e+01  -6.9155583571587101e+01
  -2.3000000000000000e+01  -6.9045652838173794e+01
  -2.2000000000000000e+01  -6.9063379893678899e+01
  -2.1000000000000000e+01  -6.8951044182593506e+01
  -2.0000000000000000e+01  -6.8311249209217394e+01
  -1.9000000000000000e+01  -6.7918413659165395e+01
  -1.8000000000000000e+01  -6.7567746671681405e+01
  -1.7000000000000000e+01  -6.7009285791621195e+01
  -1.6000000000000000e+01  -6.6943277632836200e+01
  -1.5000000000000000e+01  -6.6929570362608601e+01
  -1.4000000000000000e+01  -6.6274863015713905e+01
  -1.3000000000000000e+01  -6.6148736336596798e+01
  -1.2000000000000000e+01  -6.5556214118725094e+01
  -1.1000000000000000e+01  -6.5232479612791806e+01
  -1.0000000000000000e+01  -6.4593557826908807e+01
  -9.0000000000000000e+00  -6.4224334920111701e+01
  -8.0000000000000000e+00  -6.3768423662147001e+01
  -7.0000000000000000e+00  -6.3185715942080400e+01
  -6.0000000000000000e+00  -6.2043876034043400e+01
  -5.0000000000000000e+00  -6.0964518079256997e+01
  -4.0000000000000000e+00  -5.9698542194296898e+01
  -3.0000000000000000e+00  -5.7382686944840799e+01
  -2.0000000000000000e+00  -5.4139978557810899e+01
  -1.0000000000000000e+00  -4.5985919097034397e+01
   0.0000000000000000e+00  -1.7357835078718999e+01
   1.0000000000000000e+00   2.1016054337736301e+00
   2.0000000000000000e+00   1.4641185179731799e+01
   3.0000000000000000e+00   2.0999398309206200e+01
   4.0000000000000000e+00   2.4485019098589898e+01
   5.0000000000000000e+00   2.6105557388211700e+01
   6.0000000000000000e+00   2.7293678423082302e+01
   7.0000000000000000e+00   2.7129468697372900e+01
   8.0000000000000000e+00   2.7534707237001498e+01
   9.0000000000000000e+00   2.7874328826668499e+01
   1.0000000000000000e+01   2.8115757681166599e+01
   1.1000000000000000e+01   2.8205268298985299e+01
   1.2000000000000000e+01   2.8898787419461900e+01
   1.3000000000000000e+01   2.8885920042094700e+01
   1.4000000000000000e+01   2.9375873414241699e+01
   1.5000000000000000e+01   2.9384663992004601e+01
   1.6000000000000000e+01   2.9458783172630302e+01
   1.7000000000000000e+01   2.9792540432631601e+01
   1.8000000000000000e+01   3.0077296388200502e+01
   1.9000000000000000e+01   3.0468256852367801e+01
   2.0000000000000000e+01   3.0476604014280500e+01
   2.1000000000000000e+01   3.0499336029810500e+01
   2.2000000000000000e+01   3.0387159321072001e+01
   2.3000000000000000e+01   3.0030145234178601e+01
   2.4000000000000000e+01   3.0722043746805198e+01
   2.5000000000000000e+01   3.0574564291725100e+01
   2.6000000000000000e+01   3.0459861781663800e+01
   2.7000000000000000e+01   3.0259431050050001e+01
   2.8000000000000000e+01   3.0040828220203998e+01
   2.9000000000000000e+01   3.0348281466151001e+01
   3.0000000000000000e+01   2.9996523164125701e+01
   3.1000000000000000e+01   3.0169484209817998e+01
   3.2000000000000000e+01   3.0503697094856999e+01
   3.3000000000000000e+01   3.0704555823227501e+01
   3.4000000000000000e+01   3.0815947006666001e+01
   3.5000000000000000e+01   3.0907402210075400e+01
   3.6000000000000000e+01   3.1048221739312702e+01
   3.7000000000000000e+01   3.1133557118664900e+01
   3.8000000000000000e+01   3.1329306200061598e+01
   3.9000000000000000e+01   3.0943670064583198e+01
   4.0000000000000000e+01   3.1263326709491501e+01
   4.1000000000000000e+01   3.1209224560710801e+01
   4.2000000000000000e+01   3.1669386580258301e+01
   4.3000000000000000e+01   3.1812962764570699e+01
   4.4000000000000000e+01   3.2063793283184999e+01
   4.5000000000000000e+01   3.2177009675062600e+01
   4.6000000000000000e+01   3.2320455244587599e+01
   4.7000000000000000e+01   3.2847259243189797e+01
   4.8000000000000000e+01   3.2541640256933199e+01
   4.9000000000000000e+01   3.2396469403213601e+01
   5.0000000000000000e+01   3.2260622501111499e+01
   5.1000000000000000e+01   3.3151633689264997e+01
   5.2000000000000000e+01   3.3417343113904998e+01
   5.3000000000000000e+01   3.3528632570239502e+01
   5.4000000000000000e+01   3.3615151874381901e+01
   5.5000000000000000e+01   3.3957723277531002e+01
   5.6000000000000000e+01   3.3777309813246099e+01
   5.7000000000000000e+01   3.3545582404247902e+01
   5.8000000000000000e+01   3.3823159189245203e+01
   5.9000000000000000e+01   3.4510742693759497e+01
   6.0000000000000000e+01   3.4530676207808497e+01
   6.1000000000000000e+01   3.4748097926035499e+01
   6.2000000000000000e+01   3.4925393568109200e+01
   6.3000000000000000e+01   3.5109934092669803e+01
   6.4000000000000000e+01   3.4670853846924302e+01
   6.5000000000000000e+01   3.4560052296862501e+01
   6.6000000000000000e+01   3.4951756332844496e+01
   6.7000000000000000e+01   3.5047240252568102e+01
   6.8000000000000000e+01   3.4856321570847498e+01
   6.9000000000000000e+01   3.4994519324604497e+01
   7.0000000000000000e+01   3.4779027035204003e+01
   7.1000000000000000e+01   3.5041370190192303e+01
   7.2000000000000000e+01   3.4907232302571700e+01
   7.3000000000000000e+01   3.4906700146072900e+01
   7.4000000000000000e+01   3.4758035955405397e+01
   7.5000000000000000e+01   3.4262485580091699e+01
   7.6000000000000000e+01   3.4246359101681300e+01
   7.7000000000000000e+01   3.4558691889166901e+01
   7.8000000000000000e+01   3.4879447832594799e+01
   7.9000000000000000e+01   3.4872819165928803e+01
   8.0000000000000000e+01   3.4470288924260899e+01
   8.1000000000000000e+01   3.4685240239933698e+01
   8.2000000000000000e+01   3.4614483042863803e+01
   8.3000000000000000e+01   3.4813069735268897e+01
   8.4000000000000000e+01   3.4657812754309397e+01
   8.5000000000000000e+01   3.4892841588805197e+01
   8.6000000000000000e+01   3.4968839949322202e+01
   8.7000000000000000e+01   3.4730027511939099e+01
   8.8000000000000000e+01   3.4977105239304102e+01
   8.9000000000000000e+01   3.5449802630410602e+01
   9.0000000000000000e+01   3.5573544901424903e+01
   9.1000000000000000e+01   3.5718686441151299e+01
   9.2000000000000000e+01   3.5986498144920098e+01
   9.3000000000000000e+01   3.5767413994317700e+01
   9.4000000000000000e+01   3.6328045103093302e+01
   9.5000000000000000e+01   3.5885900282980302e+01
   9.6000000000000000e+01   3.5836153621918598e+01
   9.7000000000000000e+01   3.6339371149798403e+01
   9.8000000000000000e+01   3.6156620927365999e+01
   9.9000000000000000e+01   3.6151297937335499e+01
   1.0000000000000000e+02   3.5840069561979497e+01
   1.0100000000000000e+02   3.5737326573773601e+01
   1.0200000000000000e+02   3.5801755404353301e+01
   1.0300000000000000e+02   3.5701333376407099e+01
   1.0400000000000000e+02   3.5756418821859597e+01
   1.0500000000000000e+02   3.5580405222293699e+01
   1.0600000000000000e+02   3.5238650153252699e+01
   1.0700000000000000e+02   3.4706277174724001e+01
   1.0800000000000000e+02   3.5403565144550399e+01
   1.0900000000000000e+02   3.5942044356844001e+01
   1.1000000000000000e+02   3.5988727948245497e+01
   1.1100000000000000e+02   3.5667477598436697e+01
   1.1200000000000000e+02   3.5891249146087397e+01
   1.1300000000000000e+02   3.4754314408655397e+01
   1.1400000000000000e+02   3.5119182535067502e+01
   1.1500000000000000e+02   3.4201453247712699e+01
   1.1600000000000000e+02   3.4541746351044900e+01
   1.1700000000000000e+02   3.4424250701109401e+01
   1.1800000000000000e+02   3.4240169267675299e+01
   1.1900000000000000e+02   3.3811666400983803e+01
   1.2000000000000000e+02   3.3545523008475897e+01
   1.2100000000000000e+02   3.3152888597897999e+01
   1.2200000000000000e+02   3.3208987161313800e+01
   1.2300000000000000e+02   3.3382202132895998e+01
   1.2400000000000000e+02   3.3312039131934597e+01
   1.2500000000000000e+02   3.2999449580300599e+01
   1.2600000000000000e+02   3.2606636754208303e+01
   1.2700000000000000e+02   3.2571343978636499e+01
   1.2800000000000000e+02   3.2623628125992802e+01
   1.2900000000000000e+02   3.2445446324139702e+01
   1.3000000000000000e+02   3.2345057972894701e+01
   1.3100000000000000e+02   3.2347417840294597e+01
   1.3200000000000000e+02   3.1858721525531401e+01
   1.3300000000000000e+02   3.1305386190905001e+01
   1.3400000000000000e+02   3.1034785636080201e+01
   1.3500000000000000e+02   3.1329166648407899e+01
   1.3600000000000000e+02   3.1285298829120499e+01
   1.3700000000000000e+02   3.1291556455173001e+01
   1.3800000000000000e+02   3.1412746280878299e+01
   1.3900000000000000e+02   3.1456508129432201e+01
   1.4000000000000000e+02   3.1853475016294500e+01
   1.4100000000000000e+02   3.2249031774175599e+01
   1.4200000000000000e+02   3.2330122722638897e+01
   1.4300000000000000e+02   3.2272897445713902e+01
   1.4400000000000000e+02   3.2159624958432097e+01
   1.4500000000000000e+02   3.2000465532593303e+01
   1.4600000000000000e+02   3.1378445190026198e+01
   1.4700000000000000e+02   3.0902748950116301e+01
   1.4800000000000000e+02   3.0161255648451501e+01
   1.4900000000000000e+02   3.0181409094039999e+01
   1.5000000000000000e+02   3.0351360495240701e+01
   1.5100000000000000e+02   3.0465579628057199e+01
   1.5200000000000000e+02   3.0548670227113298e+01
   1.5300000000000000e+02   3.0433428323268199e+01
   1.5400000000000000e+02   2.9899789302046099e+01
   1.5500000000000000e+02   2.9786333516161900e+01
   1.5600000000000000e+02   2.9998981628229100e+01
   1.5700000000000000e+02   2.9546707361484799e+01
   1.5800000000000000e+02   2.9246405393299501e+01
   1.5900000000000000e+02   2.8892569051611702e+01
   1.6000000000000000e+02   2.8861604229912700e+01
   1.6100000000000000e+02   2.8844888804207599e+01
   1.6200000000000000e+02   2.8855923846061700e+01
   1.6300000000000000e+02   2.8118233189144700e+01
   1.6400000000000000e+02   2.7282104632441399e+01
   1.6500000000000000e+02   2.6918730687493099e+01
   1.6600000000000000e+02   2.6721996994588299e+01
   1.6700000000000000e+02   2.6751604411657802e+01
   1.6800000000000000e+02   2.6990603684277900e+01
   1.6900000000000000e+02   2.7395552086250799e+01
   1.7000000000000000e+02   2.7171645609292199e+01
   1.7100000000000000e+02   2.6819445981716299e+01
   1.7200000000000000e+02   2.6795649753868702e+01
   1.7300000000000000e+02   2.6908943625511899e+01
   1.7400000000000000e+02   2.7354679360928898e+01
   1.7500000000000000e+02   2.6693643792139898e+01
   1.7600000000000000e+02   2.6355838892250901e+01
   1.7700000000000000e+02   2.6016504714295898e+01
   1.7800000000000000e+02   2.5795085681148301e+01
   1.7900000000000000e+02   2.5942822608716099e+01
   1.8000000000000000e+02   2.6047628746643600e+01
   1.8100000000000000e+02   2.5927462993950702e+01
   1.8200000000000000e+02   2.5756880634431202e+01
   1.8300000000000000e+02   2.5171287742685699e+01
   1.8400000000000000e+02   2.5126404271924301e+01
   1.8500000000000000e+02   2.5116590584260798e+01
   1.8600000000000000e+02   2.5183450603168300e+01
   1.8700000000000000e+02   2.5018477882447300e+01
   1.8800000000000000e+02   2.4197288277602301e+01
   1.8900000000000000e+02   2.4256934342729501e+01
   1.9000000000000000e+02   2.4084645021283400e+01
   1.9100000000000000e+02   2.4139174883441100e+01
   1.9200000000000000e+02   2.3784881996921300e+01
   1.9300000000000000e+02   2.3710520526761599e+01
   1.9400000000000000e+02   2.3561329110318301e+01
   1.9500000000000000e+02   2.3330337225898401e+01
   1.9600000000000000e+02   2.3142678594090398e+01
   1.9700000000000000e+02   2.2769183926820599e+01
   1.9800000000000000e+02   2.3096340431466398e+01
   1.9900000000000000e+02   2.2641250010162700e+01
   2.0000000000000000e+02   2.2575529025604901e+01
   2.0100000000000000e+02   2.2033878481428800e+01
   2.0200000000000000e+02   2.1685514682533100e+01
   2.0300000000000000e+02   2.1253068033260199e+01
   2.0400000000000000e+02   2.1018023956918402e+01
   2.0500000000000000e+02   2.0794811129744300e+01
   2.0600000000000000e+02   2.0306119591426299e+01
   2.0700000000000000e+02   2.0013917457789699e+01
   2.0800000000000000e+02   1.9564567176168900e+01
   2.0900000000000000e+02   1.8832936951909300e+01
   2.1000000000000000e+02   1.9157556948000501e+01
   2.1100000000000000e+02   1.9008629617418901e+01
   2.1200000000000000e+02   1.8930731427473798e+01
   2.1300000000000000e+02   1.8585797243202499e+01
   2.1400000000000000e+02   1.8671527513255800e+01
   2.1500000000000000e+02   1.9019260228667601e+01
   2.1600000000000000e+02   1.8752297617269800e+01
   2.1700000000000000e+02   1.8471238058127000e+01
   2.1800000000000000e+02   1.8122512248889201e+01
   2.1900000000000000e+02   1.8088437286605899e+01
   2.2000000000000000e+02   1.8382554154694699e+01
   2.2100000000000000e+02   1.8221886142051599e+01
   2.2200000000000000e+02   1.7350616617400402e+01
   2.2300000000000000e+02   1.7584060425768300e+01
   2.2400000000000000e+02   1.7305587891157401e+01
   2.2500000000000000e+02   1.6749537139387400e+01
   2.2600000000000000e+02   1.6720936186615901e+01
   2.2700000000000000e+02   1.6361572005035701e+01
   2.2800000000000000e+02   1.5950545193431299e+01
   2.2900000000000000e+02   1.5914321886124499e+01
   2.3000000000000000e+02   1.5628517981746800e+01
   2.3100000000000000e+02   1.5310443466922500e+01
   2.3200000000000000e+02   1.4728278475418600e+01
   2.3300000000000000e+02   1.4359713516772301e+01
   2.3400000000000000e+02   1.3984216780638700e+01
   2.3500000000000000e+02   1.4009757904681400e+01
   2.3600000000000000e+02   1.3875685002442800e+01
   2.3700000000000000e+02   1.3623540474331300e+01
   2.3800000000000000e+02   1.3603229208029299e+01
   2.3900000000000000e+02   1.3593625427838500e+01
   2.4000000000000000e+02   1.3401897539875099e+01
   2.4100000000000000e+02   1.3812666954047801e+01
   2.4200000000000000e+02   1.3974384161129400e+01
   2.4300000000000000e+02   1.3515938671608600e+01
   2.4400000000000000e+02   1.3542525504359601e+01
   2.4500000000000000e+02   1.3502946422598800e+01
   2.4600000000000000e+02   1.2780455011360100e+01
   2.4700000000000000e+02   1.2735676589462299e+01
   2.4800000000000000e+02   1.2512125991462900e+01
   2.4900000000000000e+02   1.2423698039571899e+01
   2.5000000000000000e+02   1.2241084698414300e+01
   2.5100000000000000e+02   1.2310734674697500e+01
   2.5200000000000000e+02   1.2115955298857900e+01
   2.5300000000000000e+02   1.2029283979759700e+01
   2.5400000000000000e+02   1.2075462698616199e+01
   2.5500000000000000e+02   1.1755428953906501e+01
   2.5600000000000000e+02   1.1943707229475800e+01
   2.5700000000000000e+02   1.1676400265411599e+01
   2.5800000000000000e+02   1.1420326073634000e+01
   2.5900000000000000e+02   1.1621055340180900e+01
   2.6000000000000000e+02   1.1256448428921701e+01
   2.6100000000000000e+02   1.1472906793188701e+01
   2.6200000000000000e+02   1.0950204752277500e+01
   2.6300000000000000e+02   1.0596931713055900e+01
   2.6400000000000000e+02   1.0348805612075299e+01
   2.6500000000000000e+02   9.8412515469365900e+00
   2.6600000000000000e+02   9.6570980062130705e+00
   2.6700000000000000e+02   9.5696030160676706e+00
   2.6800000000000000e+02   9.7467180214476805e+00
   2.6900000000000000e+02   9.8533928870164900e+00
   2.7000000000000000e+02   1.0025504069191500e+01
   2.7100000000000000e+02   1.0065948270648301e+01
   2.7200000000000000e+02   9.7100502229700201e+00
   2.7300000000000000e+02   9.4801827793831599e+00
   2.7400000000000000e+02   8.8528743751145598e+00
   2.7500000000000000e+02   8.4389703369520408e+00
   2.7600000000000000e+02   8.0774032952503898e+00
   2.7700000000000000e+02   7.3889891962954701e+00
   2.7800000000000000e+02   7.4403651099316201e+00
   2.7900000000000000e+02   7.0804700132392497e+00
   2.8000000000000000e+02   6.4378395143318103e+00
   2.8100000000000000e+02   6.8675456949782303e+00
   2.8200000000000000e+02   6.6145318233758497e+00
   2.8300000000000000e+02   6.2327131511284399e+00
   2.8400000000000000e+02   6.0799842106197701e+00
   2.8500000000000000e+02   5.8311459344049297e+00
   2.8600000000000000e+02   5.4109425280928303e+00
   2.8700000000000000e+02   5.1813797081207396e+00
   2.8800000000000000e+02   5.1343911947462804e+00
   2.8900000000000000e+02   4.9003738415278599e+00
   2.9000000000000000e+02   4.6149471238863899e+00
   2.9100000000000000e+02   4.6816871535946998e+00
   2.9200000000000000e+02   4.1047442582000997e+00
   2.9300000000000000e+02   3.9755106500153699e+00
   2.9400000000000000e+02   3.4847690833261500e+00
   2.9500000000000000e+02   3.4681747110725900e+00
   2.9600000000000000e+02   3.5185835440253399e+00
   2.9700000000000000e+02   3.0459929357498199e+00
   2.9800000000000000e+02   2.6881759747272098e+00
   2.9900000000000000e+02   2.7714866300630399e+00
   3.0000000000000000e+02   2.9917317802507699e+00
   3.0100000000000000e+02   2.5940323535324401e+00
   3.0200000000000000e+02   2.2418268628848801e+00
   3.0300000000000000e+02   2.1100942048400602e+00
   3.0400000000000000e+02   1.7096158977037601e+00
   3.0500000000000000e+02   1.3865596614174001e+00
   3.0600000000000000e+02   5.0664301428639302e-01
   3.0700000000000000e+02   6.4618931986771100e-01
   3.0800000000000000e+02   6.5398572824342605e-01
   3.0900000000000000e+02   4.8283642278441502e-01
   3.1000000000000000e+02   7.7692640432753396e-02
   3.1100000000000000e+02  -3.6827893579050702e-01
   3.1200000000000000e+02  -5.1613111938613498e-01
   3.1300000000000000e+02  -9.5243153282685300e-01
   3.1400000000000000e+02  -7.7763925584211202e-01
   3.1500000000000000e+02  -1.2348436389146700e+00
   3.1600000000000000e+02  -2.1737171969481399e+00
   3.1700000000000000e+02  -2.8717548248884501e+00
   3.1800000000000000e+02  -3.1235429471011300e+00
   3.1900000000000000e+02  -3.4409994592912501e+00
   3.2000000000000000e+02  -3.6241616671334298e+00
   3.2100000000000000e+02  -3.8273124685434001e+00
   3.2200000000000000e+02  -4.4637120279982803e+00
   3.2300000000000000e+02  -4.6926597078187804e+00
   3.2400000000000000e+02  -5.3385381500998497e+00
   3.2500000000000000e+02  -5.7929313876951101e+00
   3.2600000000000000e+02  -5.9704040411703501e+00
   3.2700000000000000e+02  -6.3509248921633201e+00
   3.2800000000000000e+02  -6.3423907791856200e+00
   3.2900000000000000e+02  -6.8992709589254497e+00
   3.3000000000000000e+02  -7.8985078353464298e+00
   3.3100000000000000e+02  -8.1894576744827408e+00
   3.3200000000000000e+02  -8.5245720874432607e+00
   3.3300000000000000e+02  -9.1667669745158094e+00
   3.3400000000000000e+02  -9.9390368888844396e+00
   3.3500000000000000e+02  -1.0913313866668000e+01
   3.3600000000000000e+02  -1.1433718296273700e+01
   3.3700000000000000e+02  -1.1470787452080801e+01
   3.3800000000000000e+02  -1.1486004977622400e+01
   3.3900000000000000e+02  -1.1863535522547400e+01
   3.4000000000000000e+02  -1.1931673526267801e+01
   3.4100000000000000e+02  -1.2085417176644400e+01
   3.4200000000000000e+02  -1.2465105665603200e+01
   3.4300000000000000e+02  -1.2531397319723499e+01
   3.4400000000000000e+02  -1.2738534199498400e+01
   3.4500000000000000e+02  -1.3301330725460700e+01
   3.4600000000000000e+02  -1.4202337479119500e+01
   3.4700000000000000e+02  -1.4703879849532100e+01
   3.4800000000000000e+02  -1.5338650959755000e+01
   3.4900000000000000e+02  -1.5450286936011899e+01
   3.5000000000000000e+02  -1.5792189318115000e+01
   3.5100000000000000e+02  -1.6294157501938500e+01
   3.5200000000000000e+02  -1.6695939772431998e+01
   3.5300000000000000e+02  -1.7014020324599102e+01
   3.5400000000000000e+02  -1.7708035448959201e+01
   3.5500000000000000e+02  -1.8538629943945899e+01
   3.5600000000000000e+02  -1.9191688826247301e+01
   3.5700000000000000e+02  -1.9351364985798298e+01
   3.5800000000000000e+02  -2.0094656516523600e+01
   3.5900000000000000e+02  -2.0303433241855501e+01
   3.6000000000000000e+02  -2.0626288792800999e+01
   3.6100000000000000e+02  -2.0962681605898901e+01
   3.6200000000000000e+02  -2.1495635537460299e+01
   3.6300000000000000e+02  -2.1750910445308001e+01
   3.6400000000000000e+02  -2.2240107646242301e+01
   3.6500000000000000e+02  -2.3238600437992201e+01
   3.6600000000000000e+02  -2.3332654966072401e+01
   3.6700000000000000e+02  -2.3521489603606099e+01
   3.6800000000000000e+02  -2.4367096561266301e+01
   3.6900000000000000e+02  -2.4742780432566398e+01
   3.7000000000000000e+02  -2.5364740715163499e+01
   3.7100000000000000e+02  -2.6459847258446199e+01
   3.7200000000000000e+02  -2.7371064874668701e+01
   3.7300000000000000e+02  -2.8240108494066600e+01
   3.7400000000000000e+02  -2.9466521506940399e+01
   3.7500000000000000e+02  -3.0113097675636801e+01
   3.7600000000000000e+02  -3.0675816982987602e+01
   3.7700000000000000e+02  -3.1100604604499900e+01
   3.7800000000000000e+02  -3.2103453494626500e+01
   3.7900000000000000e+02  -3.2955375455869103e+01
   3.8000000000000000e+02  -3.4186091132929697e+01
   3.8100000000000000e+02  -3.4619262577318800e+01
   3.8200000000000000e+02  -3.5317186698586397e+01
   3.8300000000000000e+02  -3.6514574872685202e+01
   3.8400000000000000e+02  -3.6893465601985199e+01
   3.8500000000000000e+02  -3.7718299630707797e+01
   3.8600000000000000e+02  -3.8730626856597098e+01
   3.8700000000000000e+02  -3.9527041502280198e+01
   3.8800000000000000e+02  -4.0704031021831902e+01
   3.8900000000000000e+02  -4.1372028955280499e+01
   3.9000000000000000e+02  -4.2279547223144199e+01
   3.9100000000000000e+02  -4.3193327341512401e+01
   3.9200000000000000e+02  -4.4101543916315102e+01
   3.9300000000000000e+02  -4.5276850084232699e+01
   3.9400000000000000e+02  -4.5932242930284602e+01
   3.9500000000000000e+02  -4.6711649364321097e+01
   3.9600000000000000e+02  -4.7493267195491804e+01
   3.9700000000000000e+02  -4.7972717491673698e+01
   3.9800000000000000e+02  -4.9462757971458799e+01
   3.9900000000000000e+02  -4.9996227622494800e+01
   4.0000000000000000e+02  -5.0618473879902901e+01
   4.0100000000000000e+02  -5.1937098429086198e+01
   4.0200000000000000e+02  -5.2517880907115703e+01
   4.0300000000000000e+02  -5.3474026356839701e+01
   4.0400000000000000e+02  -5.4587983233367602e+01
   4.0500000000000000e+02  -5.5155850204222901e+01
   4.0600000000000000e+02  -5.6239120602099803e+01
   4.0700000000000000e+02  -5.7159986488488798e+01
   4.0800000000000000e+02  -5.8100182710525900e+01
   4.0900000000000000e+02  -5.8972960654552899e+01
   4.1000000000000000e+02  -5.9394749491556503e+01
   4.1100000000000000e+02  -5.9954182914592501e+01
   4.1200000000000000e+02  -6.0818301771314999e+01
   4.1300000000000000e+02  -6.1674163288611503e+01
   4.1400000000000000e+02  -6.2465688622748303e+01
   4.1500000000000000e+02  -6.3370829554517201e+01
   4.1600000000000000e+02  -6.3718334968237997e+01
   4.1700000000000000e+02  -6.4666976417357702e+01
   4.1800000000000000e+02  -6.5369003505728102e+01
   4.1900000000000000e+02  -6.5816447822014794e+01
   4.2000000000000000e+02  -6.6974672922909207e+01
   4.2100000000000000e+02  -6.7553734245909396e+01
   4.2200000000000000e+02  -6.8306991358013505e+01
   4.2300000000000000e+02  -6.8538480779466497e+01
   4.2400000000000000e+02  -6.8845803791519799e+01
   4.2500000000000000e+02  -6.8913253131911105e+01
   4.2600000000000000e+02  -6.9451057623447298e+01
   4.2700000000000000e+02  -6.9686768014575904e+01
   4.2800000000000000e+02  -7.0365060981363797e+01
   4.2900000000000000e+02  -7.0785879704921598e+01
   4.3000000000000000e+02  -7.1084065176174207e+01
   4.3100000000000000e+02  -7.1625576235560004e+01
   4.3200000000000000e+02  -7.1867922533180206e+01
   4.3300000000000000e+02  -7.2103723245408204e+01
   4.3400000000000000e+02  -7.2456020114456194e+01
   4.3500000000000000e+02  -7.2346056762881602e+01
   4.3600000000000000e+02  -7.2744363179419196e+01
   4.3700000000000000e+02  -7.2712558956827294e+01
   4.3800000000000000e+02  -7.3052596638363497e+01
   4.3900000000000000e+02  -7.3107201023097204e+01
   4.4000000000000000e+02  -7.3457644089888305e+01
   4.4100000000000000e+02  -7.3450934010952096e+01
   4.4200000000000000e+02  -7.3562622547589896e+01
   4.4300000000000000e+02  -7.3603622547646694e+01
   4.4400000000000000e+02  -7.3722581094472702e+01
   4.4500000000000000e+02  -7.3677671664896707e+01
   4.4600000000000000e+02  -7.3822773369013007e+01
   4.4700000000000000e+02  -7.4064385388030502e+01
   4.4800000000000000e+02  -7.4078878284426807e+01
   4.4900000000000000e+02  -7.4332011705521296e+01
   4.5000000000000000e+02  -7.4546751550212306e+01
   4.5100000000000000e+02  -7.4683264082818297e+01
   4.5200000000000000e+02  -7.5180753778633999e+01
   4.5300000000000000e+02  -7.5203702744005099e+01
   4.5400000000000000e+02  -7.5065478776773304e+01
   4.5500000000000000e+02  -7.5342451461190606e+01
   4.5600000000000000e+02  -7.5242829431857302e+01
   4.5700000000000000e+02  -7.5295615004920194e+01
   4.5800000000000000e+02  -7.5047074551904501e+01
   4.5900000000000000e+02  -7.4521093057642901e+01
   4.6000000000000000e+02  -7.4918840170483193e+01
   4.6100000000000000e+02  -7.5777309039782907e+01
   4.6200000000000000e+02  -7.5920141516020493e+01
   4.6300000000000000e+02  -7.5977349361387496e+01
   4.6400000000000000e+02  -7.6272316445100401e+01
   4.6500000000000000e+02  -7.5778920932111404e+01
   4.6600000000000000e+02  -7.5960137593070002e+01
   4.6700000000000000e+02  -7.5640795628338395e+01
   4.6800000000000000e+02  -7.5409520115717100e+01
   4.6900000000000000e+02  -7.5341989247269794e+01
   4.7000000000000000e+02  -7.6029806263647401e+01
   4.7100000000000000e+02  -7.5778989921041799e+01
   4.7200000000000000e+02  -7.5697518887054699e+01
   4.7300000000000000e+02  -7.5309872549244801e+01
   4.7400000000000000e+02  -7.4770457212863803e+01
   4.7500000000000000e+02  -7.4790858945333099e+01
   4.7600000000000000e+02  -7.4411676478960004e+01
   4.7700000000000000e+02  -7.4473013203224298e+01
   4.7800000000000000e+02  -7.4366021259117801e+01
   4.7900000000000000e+02  -7.4734229121472893e+01
   4.8000000000000000e+02  -7.4746537511735994e+01
   4.8100000000000000e+02  -7.4349592211863097e+01
   4.8200000000000000e+02  -7.4218807913037594e+01
   4.8300000000000000e+02  -7.4549655408072596e+01
   4.8400000000000000e+02  -7.4634647230008596e+01
   4.8500000000000000e+02  -7.4799127438914496e+01
   4.8600000000000000e+02  -7.4803554077412102e+01
   4.8700000000000000e+02  -7.5083524046152107e+01
   4.8800000000000000e+02  -7.4818408560983400e+01
   4.8900000000000000e+02  -7.4792375275826700e+01
   4.9000000000000000e+02  -7.4680132697143705e+01
   4.9100000000000000e+02  -7.4624167194525199e+01
   4.9200000000000000e+02  -7.4514696647967398e+01
   4.9300000000000000e+02  -7.4397938951853703e+01
   4.9400000000000000e+02  -7.4780703810572405e+01
   4.9500000000000000e+02  -7.4839695886021104e+01
   4.9600000000000000e+02  -7.4730837701238897e+01
   4.9700000000000000e+02  -7.5088544452155901e+01
   4.9800000000000000e+02  -7.5088115215681896e+01
   4.9900000000000000e+02  -7.5224015235906094e+01
   5.0000000000000000e+02  -7.4989943811631406e+01
   5.0100000000000000e+02  -7.5395025063770206e+01
   5.0200000000000000e+02  -7.5582942556554499e+01
   5.0300000000000000e+02  -7.5600437307191797e+01
   5.0400000000000000e+02  -7.5768844204736396e+01
   5.0500000000000000e+02  -7.5753546850125304e+01
   5.0600000000000000e+02  -7.5751155028827299e+01
   5.0700000000000000e+02  -7.5849477309683706e+01
   5.0800000000000000e+02  -7.5522199542908993e+01
   5.0900000000000000e+02  -7.5900691037528603e+01
   5.1000000000000000e+02  -7.6272181725070496e+01
   5.1100000000000000e+02  -7.6383325641245506e+01
   5.1200000000000000e+02  -7.6090769843024603e+01
   5.1300000000000000e+02  -7.6169495154678600e+01
   5.1400000000000000e+02  -7.6322841803195104e+01
   5.1500000000000000e+02  -7.6263932540118006e+01
   5.1600000000000000e+02  -7.6244264311858402e+01
   5.1700000000000000e+02  -7.6940255055450905e+01
   5.1800000000000000e+02  -7.7206144194832504e+01
   5.1900000000000000e+02  -7.7103700235419197e+01
   5.2000000000000000e+02  -7.7029580857366497e+01
   5.2100000000000000e+02  -7.7052096714648400e+01
   5.2200000000000000e+02  -7.6782549969528702e+01
   5.2300000000000000e+02  -7.6893777166481698e+01
   5.2400000000000000e+02  -7.7028660589527703e+01
   5.2500000000000000e+02  -7.6369125770761201e+01
   5.2600000000000000e+02  -7.6118273430235206e+01
   5.2700000000000000e+02  -7.6176838404631496e+01
   5.2800000000000000e+02  -7.6460127385838206e+01
   5.2900000000000000e+02  -7.6734525115394504e+01
   5.3000000000000000e+02  -7.6801551119241395e+01
   5.3100000000000000e+02  -7.6702625419385399e+01
   5.3200000000000000e+02  -7.7205316792175196e+01
   5.3300000000000000e+02  -7.7393126908582005e+01
   5.3400000000000000e+02  -7.7832811026525505e+01
   5.3500000000000000e+02  -7.7437099566688204e+01
   5.3600000000000000e+02  -7.7375757355193599e+01
   5.3700000000000000e+02  -7.7401919272306998e+01
   5.3800000000000000e+02  -7.7651197092436107e+01
   5.3900000000000000e+02  -7.7349856781830098e+01
   5.4000000000000000e+02  -7.7774920007939102e+01
   5.4100000000000000e+02  -7.7795179711272496e+01
   5.4200000000000000e+02  -7.7967659393097406e+01
   5.4300000000000000e+02  -7.8019060476871701e+01
   5.4400000000000000e+02  -7.7738196999861401e+01
   5.4500000000000000e+02  -7.7724988596343096e+01
   5.4600000000000000e+02  -7.7480761353575303e+01
   5.4700000000000000e+02  -7.7301556657592897e+01
   5.4800000000000000e+02  -7.7150623054526704e+01
   5.4900000000000000e+02  -7.7045127460051006e+01
   5.5000000000000000e+02  -7.6765294551458695e+01
   5.5100000000000000e+02  -7.6656863146296800e+01
   5.5200000000000000e+02  -7.6491223605575996e+01
   5.5300000000000000e+02  -7.6417272628180200e+01
   5.5400000000000000e+02  -7.6093918949743895e+01
   5.5500000000000000e+02  -7.6148643141596907e+01
   5.5600000000000000e+02  -7.5611956919129199e+01
   5.5700000000000000e+02  -7.5627542794824805e+01
   5.5800000000000000e+02  -7.5773318563063000e+01
   5.5900000000000000e+02  -7.5718893213409601e+01
   5.6000000000000000e+02  -7.5525785162413200e+01
   5.6100000000000000e+02  -7.5671253091396906e+01
   5.6200000000000000e+02  -7.6145355441363293e+01
   5.6300000000000000e+02  -7.6158897361448794e+01
   5.6400000000000000e+02  -7.5101048554024800e+01
   5.6500000000000000e+02  -7.4514723888952602e+01
   5.6600000000000000e+02  -7.4344496086805194e+01
   5.6700000000000000e+02  -7.4407814678779005e+01
   5.6800000000000000e+02  -7.4672432878544498e+01
   5.6900000000000000e+02  -7.4297759715564595e+01
   5.7000000000000000e+02  -7.4528247509567905e+01
   5.7100000000000000e+02  -7.4356552899867197e+01
   5.7200000000000000e+02  -7.4286415661542406e+01
   5.7300000000000000e+02  -7.4349670562055294e+01
   5.7400000000000000e+02  -7.4316869184575296e+01
   5.7500000000000000e+02  -7.3772892043888106e+01
   5.7600000000000000e+02  -7.3745311430707005e+01
   5.7700000000000000e+02  -7.4093790505975306e+01
   5.7800000000000000e+02  -7.4025188647351101e+01
   5.7900000000000000e+02  -7.4127267289025099e+01
   5.8000000000000000e+02  -7.4313739100890501e+01
   5.8100000000000000e+02  -7.4593672154425306e+01
   5.8200000000000000e+02  -7.4491031559717399e+01
   5.8300000000000000e+02  -7.4588472683238905e+01
   5.8400000000000000e+02  -7.4101282399538405e+01
   5.8500000000000000e+02  -7.4361435475667093e+01
   5.8600000000000000e+02  -7.4464786712212998e+01
   5.8700000000000000e+02  -7.4682167027021805e+01
   5.8800000000000000e+02  -7.4428384743116595e+01
   5.8900000000000000e+02  -7.4784577063624695e+01
   5.9000000000000000e+02  -7.4523203329516605e+01
   5.9100000000000000e+02  -7.4208548630943000e+01
   5.9200000000000000e+02  -7.4117064762409399e+01
   5.9300000000000000e+02  -7.3881896283785096e+01
   5.9400000000000000e+02  -7.3674683489681200e+01
   5.9500000000000000e+02  -7.3910428928249800e+01
   5.9600000000000000e+02  -7.3863949899654799e+01
   5.9700000000000000e+02  -7.4037725743111295e+01
   5.9800000000000000e+02  -7.4312614297754394e+01
   5.9900000000000000e+02  -7.4193386577122396e+01
   6.0000000000000000e+02  -7.4370521952540201e+01
   6.0100000000000000e+02  -7.4587720539044099e+01
   6.0200000000000000e+02  -7.4325950890668594e+01
   6.0300000000000000e+02  -7.4246908456560206e+01
   6.0400000000000000e+02  -7.3984495568016499e+01
   6.0500000000000000e+02  -7.4182009282240401e+01
   6.0600000000000000e+02  -7.4497869573658505e+01
   6.0700000000000000e+02  -7.4212165486807393e+01
   6.0800000000000000e+02  -7.4348081975500804e+01
   6.0900000000000000e+02  -7.4736570868259903e+01
   6.1000000000000000e+02  -7.4852204606061093e+01
   6.1100000000000000e+02  -7.4820400784959304e+01
   6.1200000000000000e+02  -7.4909594050554901e+01
   6.1300000000000000e+02  -7.4735582513078199e+01
   6.1400000000000000e+02  -7.4990316080313306e+01
   6.1500000000000000e+02  -7.4880146840262299e+01
   6.1600000000000000e+02  -7.4696323872877798e+01
   6.1700000000000000e+02  -7.4452356156934698e+01
   6.1800000000000000e+02  -7.4664134883048604e+01
   6.1900000000000000e+02  -7.4620899809395894e+01
   6.2000000000000000e+02  -7.4736328235225699e+01
   6.2100000000000000e+02  -7.4769822678049593e+01
   6.2200000000000000e+02  -7.4854435571395399e+01
   6.2300000000000000e+02  -7.4992563869017999e+01
   6.2400000000000000e+02  -7.4940411228977993e+01
   6.2500000000000000e+02  -7.5093447445964500e+01
   6.2600000000000000e+02  -7.4704602102658498e+01
   6.2700000000000000e+02  -7.5135275245203403e+01
   6.2800000000000000e+02  -7.5161118191678099e+01
   6.2900000000000000e+02  -7.4754512734155398e+01
   6.3000000000000000e+02  -7.4667700674831593e+01
   6.3100000000000000e+02  -7.4652688202073406e+01
   6.3200000000000000e+02  -7.4235858594730104e+01
   6.3300000000000000e+02  -7.4019030403949799e+01
   6.3400000000000000e+02  -7.4204679503165394e+01
   6.3500000000000000e+02  -7.4310332276628799e+01
   6.3600000000000000e+02  -7.4549128741345797e+01
   6.3700000000000000e+02  -7.4171250043677205e+01
   6.3800000000000000e+02  -7.4154549439912898e+01
   6.3900000000000000e+02  -7.3768166468982102e+01
   6.4000000000000000e+02  -7.3413678066506904e+01
   6.4100000000000000e+02  -7.3571892353845300e+01
   6.4200000000000000e+02  -7.3093254869155501e+01
   6.4300000000000000e+02  -7.2783459143936795e+01
   6.4400000000000000e+02  -7.3102813845181700e+01
   6.4500000000000000e+02  -7.3623294835162994e+01
   6.4600000000000000e+02  -7.3240679642687994e+01
   6.4700000000000000e+02  -7.2871949465423299e+01
   6.4800000000000000e+02  -7.2883153699759205e+01
   6.4900000000000000e+02  -7.3091455935852295e+01
   6.5000000000000000e+02  -7.2950566068296794e+01
   6.5100000000000000e+02  -7.3030925530687895e+01
   6.5200000000000000e+02  -7.3231415647358702e+01
   6.5300000000000000e+02  -7.3273242165569499e+01
   6.5400000000000000e+02  -7.3604270599493503e+01
   6.5500000000000000e+02  -7.3294752385772796e+01
   6.5600000000000000e+02  -7.3325690187599506e+01
   6.5700000000000000e+02  -7.3855461831157797e+01
   6.5800000000000000e+02  -7.3917530068266203e+01
   6.5900000000000000e+02  -7.3932469625019706e+01
   6.6000000000000000e+02  -7.4010738816074607e+01
   6.6100000000000000e+02  -7.4021457445373798e+01
   6.6200000000000000e+02  -7.3733795783265194e+01
   6.6300000000000000e+02  -7.3949254420443907e+01
   6.6400000000000000e+02  -7.4181410096792504e+01
   6.6500000000000000e+02  -7.4275806418417403e+01
   6.6600000000000000e+02  -7.4115155945677301e+01
   6.6700000000000000e+02  -7.3872821653697201e+01
   6.6800000000000000e+02  -7.4292034322562600e+01
   6.6900000000000000e+02  -7.4192602152129396e+01
   6.7000000000000000e+02  -7.3549748449360493e+01
   6.7100000000000000e+02  -7.3560429212917299e+01
   6.7200000000000000e+02  -7.3631706302174607e+01
   6.7300000000000000e+02  -7.3758657096006900e+01
   6.7400000000000000e+02  -7.3569259698938794e+01
   6.7500000000000000e+02  -7.3707219726059293e+01
   6.7600000000000000e+02  -7.3528755237498501e+01
   6.7700000000000000e+02  -7.3290427143081402e+01
   6.7800000000000000e+02  -7.3112385364462099e+01
   6.7900000000000000e+02  -7.2971268087120194e+01
   6.8000000000000000e+02  -7.3428130278238797e+01
   6.8100000000000000e+02  -7.3556592603213204e+01
   6.8200000000000000e+02  -7.3736035555193794e+01
   6.8300000000000000e+02  -7.4290921287784997e+01
   6.8400000000000000e+02  -7.4123495632916899e+01
   6.8500000000000000e+02  -7.3912304764732795e+01
   6.8600000000000000e+02  -7.3136918382129096e+01
   6.8700000000000000e+02  -7.2887213951883794e+01
   6.8800000000000000e+02  -7.2952943990802297e+01
   6.8900000000000000e+02  -7.2887244961325806e+01
   6.9000000000000000e+02  -7.3082011534980097e+01
   6.9100000000000000e+02  -7.2480100994611902e+01
   6.9200000000000000e+02  -7.2416800503745506e+01
   6.9300000000000000e+02  -7.3061866614161701e+01
   6.9400000000000000e+02  -7.3567598554646295e+01
   6.9500000000000000e+02  -7.3055658226412802e+01
   6.9600000000000000e+02  -7.3249587139885605e+01
   6.9700000000000000e+02  -7.3515656716918699e+01
   6.9800000000000000e+02  -7.3447910593576793e+01
   6.9900000000000000e+02  -7.3194335575037798e+01
   7.0000000000000000e+02  -7.2852175758594100e+01
   7.0100000000000000e+02  -7.2273950273743495e+01
   7.0200000000000000e+02  -7.2830743443991494e+01
   7.0300000000000000e+02  -7.2758630496003406e+01
   7.0400000000000000e+02  -7.2256340783600393e+01
   7.0500000000000000e+02  -7.1898001689758900e+01
   7.0600000000000000e+02  -7.1747703622233104e+01
   7.0700000000000000e+02  -7.1557857134422704e+01
   7.0800000000000000e+02  -7.0916835390773997e+01
   7.0900000000000000e+02  -7.1056688481066203e+01
   7.1000000000000000e+02  -7.0522101280718502e+01
   7.1100000000000000e+02  -7.0151366040423696e+01
   7.1200000000000000e+02  -7.0066762432869396e+01
   7.1300000000000000e+02  -7.0315513023583307e+01
   7.1400000000000000e+02  -7.0821704333852693e+01
   7.1500000000000000e+02  -7.0954302213645406e+01
   7.1600000000000000e+02  -7.0729629004389807e+01
   7.1700000000000000e+02  -7.0539104929080693e+01
   7.1800000000000000e+02  -7.0774800596664903e+01
   7.1900000000000000e+02  -7.0307676248757602e+01
   7.2000000000000000e+02  -6.9862915383331298e+01
   7.2100000000000000e+02  -6.9742366827895907e+01
   7.2200000000000000e+02  -6.9513439435204404e+01
   7.2300000000000000e+02  -6.9680430127921994e+01
   7.2400000000000000e+02  -6.9683847084461902e+01
   7.2500000000000000e+02  -6.9540160084889195e+01
   7.2600000000000000e+02  -7.0004482180493000e+01
   7.2700000000000000e+02  -6.9937345188705507e+01
   7.2800000000000000e+02  -6.9893010210482799e+01
   7.2900000000000000e+02  -6.9496201065510604e+01
   7.3000000000000000e+02  -6.8766488103593403e+01
   7.3100000000000000e+02  -6.8906791132212007e+01
   7.3200000000000000e+02  -6.8989752439238401e+01
   7.3300000000000000e+02  -6.8390484991419996e+01
   7.3400000000000000e+02  -6.8468031295446906e+01
   7.3500000000000000e+02  -6.8097424780076807e+01
   7.3600000000000000e+02  -6.8164160990452800e+01
   7.3700000000000000e+02  -6.8578328226665903e+01
   7.3800000000000000e+02  -6.8641789726411503e+01
   7.3900000000000000e+02  -6.8458427803147899e+01
   7.4000000000000000e+02  -6.8190580371012899e+01
   7.4100000000000000e+02  -6.7669163936058894e+01
   7.4200000000000000e+02  -6.7634506388442205e+01
   7.4300000000000000e+02  -6.7074095342540801e+01
   7.4400000000000000e+02  -6.6251965890212304e+01
   7.4500000000000000e+02  -6.6053593761964194e+01
   7.4600000000000000e+02  -6.5827452447407495e+01
   7.4700000000000000e+02  -6.5457532910310206e+01
   7.4800000000000000e+02  -6.5567563876119394e+01
   7.4900000000000000e+02  -6.5893947365873004e+01
   7.5000000000000000e+02  -6.5404206056675505e+01
   7.5100000000000000e+02  -6.5613315009825598e+01
   7.5200000000000000e+02  -6.4886117053459500e+01
   7.5300000000000000e+02  -6.4936144822866197e+01
   7.5400000000000000e+02  -6.4889549546358097e+01
   7.5500000000000000e+02  -6.4930012267281001e+01
   7.5600000000000000e+02  -6.4790757525885894e+01
   7.5700000000000000e+02  -6.4422058383886295e+01
   7.5800000000000000e+02  -6.3695243555824902e+01
   7.5900000000000000e+02  -6.3234392677295602e+01
   7.6000000000000000e+02  -6.2607244343054603e+01
   7.6100000000000000e+02  -6.2466989852518203e+01
   7.6200000000000000e+02  -6.1663608925610298e+01
   7.6300000000000000e+02  -6.0378476677020799e+01
   7.6400000000000000e+02  -5.9658040037316802e+01
   7.6500000000000000e+02  -5.8468035558930701e+01
   7.6600000000000000e+02  -5.7184589154013203e+01
   7.6700000000000000e+02  -5.5164028623403901e+01
   7.6800000000000000e+02  -5.1351317031125099e+01
   7.6900000000000000e+02  -4.2321250256182402e+01
   7.7000000000000000e+02  -2.4664085285731598e+01
