  -1.0000000000000000e+02  -7.3700589540649204e+01
  -9.9000000000000000e+01  -7.3947143235257599e+01
  -9.8000000000000000e+01  -7.4033836885387402e+01
  -9.7000000000000000e+01  -7.3746247279742903e+01
  -9.6000000000000000e+01  -7.3513780686819302e+01
  -9.5000000000000000e+01  -7.3133000191947602e+01
  -9.4000000000000000e+01  -7.2978025330713194e+01
  -9.3000000000000000e+01  -7.3264861985796500e+01
  -9.2000000000000000e+01  -7.3373774609702494e+01
  -9.1000000000000000e+01  -7.3356302130409503e+01
  -9.0000000000000000e+01  -7.3224096838768403e+01
  -8.9000000000000000e+01  -7.3273388852595303e+01
  -8.8000000000000000e+01  -7.3166709168495302e+01
  -8.7000000000000000e+01  -7.3228930283164203e+01
  -8.6000000000000000e+01  -7.3279892581126305e+01
  -8.5000000000000000e+01  -7.3373544938898306e+01
  -8.4000000000000000e+01  -7.3295972641702505e+01
  -8.3000000000000000e+01  -7.3127726615997503e+01
  -8.2000000000000000e+01  -7.2777701553119698e+01
  -8.1000000000000000e+01  -7.2356727651384901e+01
  -8.0000000000000000e+01  -7.2172041565658304e+01
  -7.9000000000000000e+01  -7.2013760239583803e+01
  -7.8000000000000000e+01  -7.1990809706600999e+01
  -7.7000000000000000e+01  -7.1508555369286398e+01
  -7.6000000000000000e+01  -7.1502225963523998e+01
  -7.5000000000000000e+01  -7.1330250386046501e+01
  -7.4000000000000000e+01  -7.0740214226863699e+01
  -7.3000000000000000e+01  -7.0920278902812896e+01
  -7.2000000000000000e+01  -7.0913675158293302e+01
  -7.1000000000000000e+01  -7.0777305649312794e+01
  -7.0000000000000000e+01  -7.0591899355121598e+01
  -6.9000000000000000e+01  -7.0274314052901104e+01
  -6.8000000000000000e+01  -7.0341227350085006e+01
  -6.7000000000000000e+01  -6.9970179262631802e+01
  -6.6000000000000000e+01  -6.9940895727543804e+01
  -6.5000000000000000e+01  -7.0275901965972807e+01
  -6.4000000000000000e+01  -7.0416530442769300e+01
  -6.3000000000000000e+01  -7.0492193706807001e+01
  -6.2000000000000000e+01  -7.0560260320614006e+01
  -6.1000000000000000e+01  -7.0396798821483998e+01
  -6.0000000000000000e+01  -7.0451874787561295e+01
  -5.9000000000000000e+01  -7.0748855354292402e+01
  -5.8000000000000000e+01  -7.0808776926853199e+01
  -5.7000000000000000e+01  -7.1236570587645502e+01
  -5.6000000000000000e+01  -7.1188490006608902e+01
  -5.5000000000000000e+01  -7.0836854056900705e+01
  -5.4000000000000000e+01  -7.1014987855310693e+01
  -5.3000000000000000e+01  -7.0695374886005794e+01
  -5.2000000000000000e+01  -7.0259950059845096e+01
  -5.1000000000000000e+01  -6.9963245308066007e+01
  -5.0000000000000000e+01  -7.0127477675961799e+01
  -4.9000000000000000e+01  -7.0082038886985998e+01
  -4.8000000000000000e+01  -6.9918236855048207e+01
  -4.7000000000000000e+01  -7.0308848821740099e+01
  -4.6000000000000000e+01  -7.0463751686983500e+01
  -4.5000000000000000e+01  -7.0293752836977902e+01
  -4.4000000000000000e+01  -7.0285071368537601e+01
  -4.3000000000000000e+01  -6.9962252762864097e+01
  -4.2000000000000000e+01  -6.9919747659952193e+01
  -4.1000000000000000e+01  -7.0472478824279506e+01
  -4.0000000000000000e+01  -7.0517152464946406e+01
  -3.9000000000000000e+01  -7.0227950309505999e+01
  -3.8000000000000000e+01  -7.0123427657365596e+01
  -3.7000000000000000e+01  -6.9928524001108599e+01
  -3.6000000000000000e+01  -7.0015176036172605e+01
  -3.5000000000000000e+01  -6.9860081519664305e+01
  -3.4000000000000000e+01  -6.9082790850563995e+01
  -3.3000000000000000e+01  -6.9609191331872196e+01
  -3.2000000000000000e+01  -6.9381562910968100e+01
  -3.1000000000000000e+01  -6.9423906786793495e+01
  -3.0000000000000000e+01  -6.8754282297154305e+01
  -2.9000000000000000e+01  -6.8776983465589097e+01
  -2.8000000000000000e+01  -6.9046894501576901e+01
  -2.7000000000000000e+01  -6.8723035769090401e+01
  -2.6000000000000000e+01  -6.8911190484341304e+01
  -2.5000000000000000e+01  -6.8765526710684000e+01
  -2.4000000000000000e+01  -6.8984759510639705e+01
  -2.3000000000000000e+01  -6.8634881415699795e+01
  -2.2000000000000000e+01  -6.8726373977803803e+01
  -2.1000000000000000e+01  -6.7846099744590504e+01
  -2.0000000000000000e+01  -6.7306510942472599e+01
  -1.9000000000000000e+01  -6.7046501347516795e+01
  -1.8000000000000000e+01  -6.6687523886603600e+01
  -1.7000000000000000e+01  -6.7015857570524602e+01
  -1.6000000000000000e+01  -6.6402332770352103e+01
  -1.5000000000000000e+01  -6.6055295269635494e+01
  -1.4000000000000000e+01  -6.6273805614289103e+01
  -1.3000000000000000e+01  -6.5945973648573599e+01
  -1.2000000000000000e+01  -6.5364433494470802e+01
  -1.1000000000000000e+01  -6.4549811230192404e+01
  -1.0000000000000000e+01  -6.4044704235513805e+01
  -9.0000000000000000e+00  -6.3431212567278799e+01
  -8.0000000000000000e+00  -6.2728707658705602e+01
  -7.0000000000000000e+00  -6.2161505208379900e+01
  -6.0000000000000000e+00  -6.1195025168588302e+01
  -5.0000000000000000e+00  -5.9841640939206201e+01
  -4.0000000000000000e+00  -5.8174029909799899e+01
  -3.0000000000000000e+00  -5.5463356170174400e+01
  -2.0000000000000000e+00  -5.0990195023592896e+01
  -1.0000000000000000e+00  -3.8067568992825997e+01
   0.0000000000000000e+00  -1.4079147934227899e+01
   1.0000000000000000e+00   3.3848373449892999e+00
   2.0000000000000000e+00   1.4683545840897199e+01
   3.0000000000000000e+00   1.9840372764877898e+01
   4.0000000000000000e+00   2.2557800542354499e+01
   5.0000000000000000e+00   2.4552628850196498e+01
   6.0000000000000000e+00   2.5468021017647999e+01
   7.0000000000000000e+00   2.6004296718276301e+01
   8.0000000000000000e+00   2.6570051694040099e+01
   9.0000000000000000e+00   2.6218512339681698e+01
   1.0000000000000000e+01   2.6433049409823600e+01
   1.1000000000000000e+01   2.6917052481911099e+01
   1.2000000000000000e+01   2.7122815328830900e+01
   1.3000000000000000e+01   2.7880883737306601e+01
   1.4000000000000000e+01   2.8507247593490401e+01
   1.5000000000000000e+01   2.8927346584268200e+01
   1.6000000000000000e+01   2.8852403157722300e+01
   1.7000000000000000e+01   2.8820076168574001e+01
   1.8000000000000000e+01   2.8869359908399300e+01
   1.9000000000000000e+01   2.8823365837193300e+01
   2.0000000000000000e+01   2.9288080068909299e+01
   2.1000000000000000e+01   2.9080334079627701e+01
   2.2000000000000000e+01   3.0155882962684899e+01
   2.3000000000000000e+01   2.9865002291693500e+01
   2.4000000000000000e+01   2.9823603506048102e+01
   2.5000000000000000e+01   3.0425460130366499e+01
   2.6000000000000000e+01   3.0583400293995499e+01
   2.7000000000000000e+01   3.0173564674088201e+01
   2.8000000000000000e+01   2.9749713871696699e+01
   2.9000000000000000e+01   2.9262485338885501e+01
   3.0000000000000000e+01   2.9704166011335499e+01
   3.1000000000000000e+01   2.9551639790520898e+01
   3.2000000000000000e+01   2.9522101023802399e+01
   3.3000000000000000e+01   3.0102941885933902e+01
   3.4000000000000000e+01   3.0278191551837100e+01
   3.5000000000000000e+01   3.0693646471934400e+01
   3.6000000000000000e+01   3.0250458868129801e+01
   3.7000000000000000e+01   3.0564805602129599e+01
   3.8000000000000000e+01   3.0629425711328501e+01
   3.9000000000000000e+01   3.0926827524901299e+01
   4.0000000000000000e+01   3.0881384626251101e+01
   4.1000000000000000e+01   3.0484485806296298e+01
   4.2000000000000000e+01   3.0322969506669200e+01
   4.3000000000000000e+01   2.9907124856393001e+01
   4.4000000000000000e+01   3.0235025530776898e+01
   4.5000000000000000e+01   3.0721461097148101e+01
   4.6000000000000000e+01   3.1172598870116602e+01
   4.7000000000000000e+01   3.1577279040667801e+01
   4.8000000000000000e+01   3.1461498045481601e+01
   4.9000000000000000e+01   3.1870882488995200e+01
   5.0000000000000000e+01   3.1889338192054598e+01
   5.1000000000000000e+01   3.1914069490394500e+01
   5.2000000000000000e+01   3.1317860697130602e+01
   5.3000000000000000e+01   3.1058729934860200e+01
   5.4000000000000000e+01   3.1502495644107299e+01
   5.5000000000000000e+01   3.1629020928624900e+01
   5.6000000000000000e+01   3.1357873011986101e+01
   5.7000000000000000e+01   3.1206532094539501e+01
   5.8000000000000000e+01   3.2017344035186497e+01
   5.9000000000000000e+01   3.1923706673625400e+01
   6.0000000000000000e+01   3.1800086725372001e+01
   6.1000000000000000e+01   3.1605505321153199e+01
   6.2000000000000000e+01   3.1674907702281502e+01
   6.3000000000000000e+01   3.2077392382007602e+01
   6.4000000000000000e+01   3.1630174722459799e+01
   6.5000000000000000e+01   3.1735204013486499e+01
   6.6000000000000000e+01   3.1616923227011501e+01
   6.7000000000000000e+01   3.1576507518494001e+01
   6.8000000000000000e+01   3.2254772542434601e+01
   6.9000000000000000e+01   3.3244195093404400e+01
   7.0000000000000000e+01   3.3107940266503100e+01
   7.1000000000000000e+01   3.2802241824630201e+01
   7.2000000000000000e+01   3.2935789502145496e+01
   7.3000000000000000e+01   3.2675793162665599e+01
   7.4000000000000000e+01   3.3007490971505000e+01
   7.5000000000000000e+01   3.3101201931529303e+01
   7.6000000000000000e+01   3.2942080137050297e+01
   7.7000000000000000e+01   3.2893607797868498e+01
   7.8000000000000000e+01   3.3214921198713697e+01
   7.9000000000000000e+01   3.2806940164258997e+01
   8.0000000000000000e+01   3.3128368059322902e+01
   8.1000000000000000e+01   3.3221681420701898e+01
   8.2000000000000000e+01   3.2697099425103801e+01
   8.3000000000000000e+01   3.2449714269147698e+01
   8.4000000000000000e+01   3.2692035617785301e+01
   8.5000000000000000e+01   3.2579417608057902e+01
   8.6000000000000000e+01   3.2903939301143197e+01
   8.7000000000000000e+01   3.2816662359991803e+01
   8.8000000000000000e+01   3.3064291628128800e+01
   8.9000000000000000e+01   3.2877110461654901e+01
   9.0000000000000000e+01   3.2854479139952900e+01
   9.1000000000000000e+01   3.2776904609699002e+01
   9.2000000000000000e+01   3.2386802807458501e+01
   9.3000000000000000e+01   3.2512235306355002e+01
   9.4000000000000000e+01   3.2536039041007299e+01
   9.5000000000000000e+01   3.2470774116478701e+01
   9.6000000000000000e+01   3.2413038899390799e+01
   9.7000000000000000e+01   3.2485564117355800e+01
   9.8000000000000000e+01   3.2694484367927899e+01
   9.9000000000000000e+01   3.2701404732484100e+01
   1.0000000000000000e+02   3.3228921478688598e+01
   1.0100000000000000e+02   3.3013926260768102e+01
   1.0200000000000000e+02   3.3508934452098899e+01
   1.0300000000000000e+02   3.3113841533914702e+01
   1.0400000000000000e+02   3.2988066387874099e+01
   1.0500000000000000e+02   3.3147157303443301e+01
   1.0600000000000000e+02   3.3065608950141502e+01
   1.0700000000000000e+02   3.3140341017588902e+01
   1.0800000000000000e+02   3.3031906767306303e+01
   1.0900000000000000e+02   3.2836497619931698e+01
   1.1000000000000000e+02   3.3189400216626701e+01
   1.1100000000000000e+02   3.2825262334997099e+01
   1.1200000000000000e+02   3.2641644323983698e+01
   1.1300000000000000e+02   3.2711909613265199e+01
   1.1400000000000000e+02   3.2300452785103801e+01
   1.1500000000000000e+02   3.1989853413782601e+01
   1.1600000000000000e+02   3.1887212752411202e+01
   1.1700000000000000e+02   3.1877300430148800e+01
   1.1800000000000000e+02   3.1740235477049001e+01
   1.1900000000000000e+02   3.0974984797027201e+01
   1.2000000000000000e+02   3.0873590929047399e+01
   1.2100000000000000e+02   3.0534866179523100e+01
   1.2200000000000000e+02   3.0676896080831401e+01
   1.2300000000000000e+02   3.0915152333871401e+01
   1.2400000000000000e+02   3.0875634963798799e+01
   1.2500000000000000e+02   3.1163757277930401e+01
   1.2600000000000000e+02   3.0656456864290099e+01
   1.2700000000000000e+02   3.0228025854825400e+01
   1.2800000000000000e+02   2.9895506887096200e+01
   1.2900000000000000e+02   2.9811682559459499e+01
   1.3000000000000000e+02   2.9836756206507498e+01
   1.3100000000000000e+02   3.0169093413753401e+01
   1.3200000000000000e+02   2.9874265042177601e+01
   1.3300000000000000e+02   3.0043949253289401e+01
   1.3400000000000000e+02   3.0039652505999801e+01
   1.3500000000000000e+02   2.9315559266446300e+01
   1.3600000000000000e+02   2.9298071382561702e+01
   1.3700000000000000e+02   2.9631699814339601e+01
   1.3800000000000000e+02   2.9281034933403902e+01
   1.3900000000000000e+02   2.8351184425672901e+01
   1.4000000000000000e+02   2.7802059404186700e+01
   1.4100000000000000e+02   2.8192276040546901e+01
   1.4200000000000000e+02   2.8116360779703200e+01
   1.4300000000000000e+02   2.7631716858886101e+01
   1.4400000000000000e+02   2.7394279817758100e+01
   1.4500000000000000e+02   2.7754970143285401e+01
   1.4600000000000000e+02   2.7442351422975200e+01
   1.4700000000000000e+02   2.6997536866861100e+01
   1.4800000000000000e+02   2.6991173977139500e+01
   1.4900000000000000e+02   2.7101734305279301e+01
   1.5000000000000000e+02   2.7236513625271598e+01
   1.5100000000000000e+02   2.7038601929803800e+01
   1.5200000000000000e+02   2.6417395084882699e+01
   1.5300000000000000e+02   2.6068775807503400e+01
   1.5400000000000000e+02   2.5646793348715100e+01
   1.5500000000000000e+02   2.5066093241197098e+01
   1.5600000000000000e+02   2.4793345339323700e+01
   1.5700000000000000e+02   2.4787425203183499e+01
   1.5800000000000000e+02   2.5065829289065199e+01
   1.5900000000000000e+02   2.4823706760468401e+01
   1.6000000000000000e+02   2.4780645116900800e+01
   1.6100000000000000e+02   2.4716093091594299e+01
   1.6200000000000000e+02   2.4868716466309799e+01
   1.6300000000000000e+02   2.4884164938037401e+01
   1.6400000000000000e+02   2.4959149607347200e+01
   1.6500000000000000e+02   2.5525057355229102e+01
   1.6600000000000000e+02   2.5122668233913501e+01
   1.6700000000000000e+02   2.4971129828571101e+01
   1.6800000000000000e+02   2.4486308786036201e+01
   1.6900000000000000e+02   2.3982473445675801e+01
   1.7000000000000000e+02   2.3780163871762799e+01
   1.7100000000000000e+02   2.3463493719023401e+01
   1.7200000000000000e+02   2.4276976626160799e+01
   1.7300000000000000e+02   2.4151042888200600e+01
   1.7400000000000000e+02   2.4646919169449198e+01
   1.7500000000000000e+02   2.4880774662880501e+01
   1.7600000000000000e+02   2.4580630053638099e+01
   1.7700000000000000e+02   2.4100169047978898e+01
   1.7800000000000000e+02   2.3745942269494002e+01
   1.7900000000000000e+02   2.3685693752509600e+01
   1.8000000000000000e+02   2.3224886543330300e+01
   1.8100000000000000e+02   2.3298383585855799e+01
   1.8200000000000000e+02   2.2755213191878699e+01
   1.8300000000000000e+02   2.2515637815821101e+01
   1.8400000000000000e+02   2.2293610725511002e+01
   1.8500000000000000e+02   2.1821645488706402e+01
   1.8600000000000000e+02   2.1894721779930698e+01
   1.8700000000000000e+02   2.1508314621623100e+01
   1.8800000000000000e+02   2.1456012755903000e+01
   1.8900000000000000e+02   2.1549291159899301e+01
   1.9000000000000000e+02   2.0963566115337301e+01
   1.9100000000000000e+02   2.1108503866144801e+01
   1.9200000000000000e+02   2.1059293597050701e+01
   1.9300000000000000e+02   2.0889353885125800e+01
   1.9400000000000000e+02   2.0583987707629500e+01
   1.9500000000000000e+02   2.0803962657545298e+01
   1.9600000000000000e+02   2.0289316039853102e+01
   1.9700000000000000e+02   2.0085329536669398e+01
   1.9800000000000000e+02   1.9736099234252801e+01
   1.9900000000000000e+02   1.9772576200818602e+01
   2.0000000000000000e+02   1.9423235702355299e+01
   2.0100000000000000e+02   1.9388064902139000e+01
   2.0200000000000000e+02   1.8947960342550399e+01
   2.0300000000000000e+02   1.8807537304935401e+01
   2.0400000000000000e+02   1.8626255360981698e+01
   2.0500000000000000e+02   1.8155578037630100e+01
   2.0600000000000000e+02   1.8168466074030800e+01
   2.0700000000000000e+02   1.7897663466076601e+01
   2.0800000000000000e+02   1.8070343618353299e+01
   2.0900000000000000e+02   1.8241497169321200e+01
   2.1000000000000000e+02   1.7947573444256701e+01
   2.1100000000000000e+02   1.7972269400188200e+01
   2.1200000000000000e+02   1.7537227008324201e+01
   2.1300000000000000e+02   1.8125479834255700e+01
   2.1400000000000000e+02   1.8340206648060001e+01
   2.1500000000000000e+02   1.7920450796972300e+01
   2.1600000000000000e+02   1.7204347067004601e+01
   2.1700000000000000e+02   1.7476478153440500e+01
   2.1800000000000000e+02   1.6729951976207300e+01
   2.1900000000000000e+02   1.6672884807321100e+01
   2.2000000000000000e+02   1.6632411550662500e+01
   2.2100000000000000e+02   1.6447409554345001e+01
   2.2200000000000000e+02   1.6071446309237999e+01
   2.2300000000000000e+02   1.6078733911115201e+01
   2.2400000000000000e+02   1.6066010798110199e+01
   2.2500000000000000e+02   1.5602920078592700e+01
   2.2600000000000000e+02   1.5256327201282501e+01
   2.2700000000000000e+02   1.4878246146156201e+01
   2.2800000000000000e+02   1.4151134013030800e+01
   2.2900000000000000e+02   1.3973412402408300e+01
   2.3000000000000000e+02   1.4131873702335000e+01
   2.3100000000000000e+02   1.3646063227304200e+01
   2.3200000000000000e+02   1.3320586595161799e+01
   2.3300000000000000e+02   1.3268844852092300e+01
   2.3400000000000000e+02   1.3050625928440001e+01
   2.3500000000000000e+02   1.2380484830525599e+01
   2.3600000000000000e+02   1.2410008743095201e+01
   2.3700000000000000e+02   1.2370021573023900e+01
   2.3800000000000000e+02   1.2340644517568100e+01
   2.3900000000000000e+02   1.1949269605037600e+01
   2.4000000000000000e+02   1.1530409509159400e+01
   2.4100000000000000e+02   1.1270448021546500e+01
   2.4200000000000000e+02   1.1501371865459600e+01
   2.4300000000000000e+02   1.1289348897662601e+01
   2.4400000000000000e+02   1.0930451801833501e+01
   2.4500000000000000e+02   1.0986682092662599e+01
   2.4600000000000000e+02   1.0543344916775100e+01
   2.4700000000000000e+02   1.0119666121516500e+01
   2.4800000000000000e+02   9.9352851000549300e+00
   2.4900000000000000e+02   9.3045198400186706e+00
   2.5000000000000000e+02   9.3167777326413699e+00
   2.5100000000000000e+02   8.8222005126448106e+00
   2.5200000000000000e+02   8.9752888885269400e+00
   2.5300000000000000e+02   8.5620795730806396e+00
   2.5400000000000000e+02   8.2624338708541405e+00
   2.5500000000000000e+02   8.4475557853845800e+00
   2.5600000000000000e+02   7.9070225191162304e+00
   2.5700000000000000e+02   7.5187051064518204e+00
   2.5800000000000000e+02   7.4818849181486096e+00
   2.5900000000000000e+02   7.4646257085762597e+00
   2.6000000000000000e+02   7.2697318483116904e+00
   2.6100000000000000e+02   7.1440738206705898e+00
   2.6200000000000000e+02   6.7971370113711203e+00
   2.6300000000000000e+02   6.8438694267901896e+00
   2.6400000000000000e+02   6.8412354280858496e+00
   2.6500000000000000e+02   6.6883887047700199e+00
   2.6600000000000000e+02   6.4852652825833896e+00
   2.6700000000000000e+02   6.0025024809008700e+00
   2.6800000000000000e+02   5.6212572451539398e+00
   2.6900000000000000e+02   4.7321400213501903e+00
   2.7000000000000000e+02   4.7702643881088296e+00
   2.7100000000000000e+02   4.6145320612218601e+00
   2.7200000000000000e+02   4.4682159584243299e+00
   2.7300000000000000e+02   4.0211486474585003e+00
   2.7400000000000000e+02   4.2669341687742603e+00
   2.7500000000000000e+02   3.5258898881544800e+00
   2.7600000000000000e+02   3.6022830802790602e+00
   2.7700000000000000e+02   3.2630293294455699e+00
   2.7800000000000000e+02   3.3723532634184199e+00
   2.7900000000000000e+02   2.9527302045630299e+00
   2.8000000000000000e+02   2.9316519198715500e+00
   2.8100000000000000e+02   2.8839657656088700e+00
   2.8200000000000000e+02   2.7526447616403802e+00
   2.8300000000000000e+02   2.2459342814739198e+00
   2.8400000000000000e+02   2.2461946287350298e+00
   2.8500000000000000e+02   1.9346109518314301e+00
   2.8600000000000000e+02   1.5769320225516601e+00
   2.8700000000000000e+02   1.2480192533535499e+00
   2.8800000000000000e+02   9.6002016334879303e-01
   2.8900000000000000e+02   1.3046349890465900e+00
   2.9000000000000000e+02   9.2191927863179901e-01
   2.9100000000000000e+02   8.1628713187662305e-01
   2.9200000000000000e+02   1.2271804950413201e+00
   2.9300000000000000e+02   1.4108468954112201e+00
   2.9400000000000000e+02   1.0151402799802101e+00
   2.9500000000000000e+02   6.8471923000603796e-01
   2.9600000000000000e+02   1.0799356281057599e+00
   2.9700000000000000e+02   6.9943955696465798e-01
   2.9800000000000000e+02   1.6054733933723400e-01
   2.9900000000000000e+02  -2.2336377305347899e-01
   3.0000000000000000e+02  -3.6484182465757697e-01
   3.0100000000000000e+02  -8.2188653236220399e-01
   3.0200000000000000e+02  -1.3506393832465300e+00
   3.0300000000000000e+02  -2.0802775130049600e+00
   3.0400000000000000e+02  -2.2138674061645598e+00
   3.0500000000000000e+02  -2.5276503687661500e+00
   3.0600000000000000e+02  -3.1388547949112202e+00
   3.0700000000000000e+02  -3.8385150923943199e+00
   3.0800000000000000e+02  -4.0995313927477701e+00
   3.0900000000000000e+02  -4.7621500709608604e+00
   3.1000000000000000e+02  -5.1941180284151303e+00
   3.1100000000000000e+02  -5.9996594315901204e+00
   3.1200000000000000e+02  -6.3686253178747103e+00
   3.1300000000000000e+02  -7.3111362604203904e+00
   3.1400000000000000e+02  -7.7117264518290298e+00
   3.1500000000000000e+02  -8.1133253348679393e+00
   3.1600000000000000e+02  -8.8075721949049104e+00
   3.1700000000000000e+02  -9.3662463219879708e+00
   3.1800000000000000e+02  -9.7825155565370991e+00
   3.1900000000000000e+02  -1.0074472120484799e+01
   3.2000000000000000e+02  -1.0622515560309999e+01
   3.2100000000000000e+02  -1.1017076446596301e+01
   3.2200000000000000e+02  -1.1093784782673900e+01
   3.2300000000000000e+02  -1.1296105427626101e+01
   3.2400000000000000e+02  -1.1381858820473600e+01
   3.2500000000000000e+02  -1.1582117238967999e+01
   3.2600000000000000e+02  -1.1833408703123199e+01
   3.2700000000000000e+02  -1.2140865037015301e+01
   3.2800000000000000e+02  -1.2385647612098399e+01
   3.2900000000000000e+02  -1.2306971198445300e+01
   3.3000000000000000e+02  -1.2714018553147801e+01
   3.3100000000000000e+02  -1.2913040963940301e+01
   3.3200000000000000e+02  -1.3575332273779900e+01
   3.3300000000000000e+02  -1.4203437608734300e+01
   3.3400000000000000e+02  -1.5499493189022600e+01
   3.3500000000000000e+02  -1.6314396667554099e+01
   3.3600000000000000e+02  -1.7316783226470900e+01
   3.3700000000000000e+02  -1.7791051784645099e+01
   3.3800000000000000e+02  -1.8013233874190199e+01
   3.3900000000000000e+02  -1.8439178573295202e+01
   3.4000000000000000e+02  -1.9329493518398099e+01
   3.4100000000000000e+02  -2.0062406862755498e+01
   3.4200000000000000e+02  -2.0549328137734200e+01
   3.4300000000000000e+02  -2.1106571349748400e+01
   3.4400000000000000e+02  -2.1773092238376101e+01
   3.4500000000000000e+02  -2.1993543271178599e+01
   3.4600000000000000e+02  -2.2391752862691099e+01
   3.4700000000000000e+02  -2.2930559411658400e+01
   3.4800000000000000e+02  -2.3032069722250199e+01
   3.4900000000000000e+02  -2.3371752364744101e+01
   3.5000000000000000e+02  -2.4086723513325001e+01
   3.5100000000000000e+02  -2.4778185506753999e+01
   3.5200000000000000e+02  -2.5628241948031199e+01
   3.5300000000000000e+02  -2.6251270116556899e+01
   3.5400000000000000e+02  -2.6599576543108700e+01
   3.5500000000000000e+02  -2.6846176614585801e+01
   3.5600000000000000e+02  -2.7396672999318000e+01
   3.5700000000000000e+02  -2.7725595176097201e+01
   3.5800000000000000e+02  -2.8056502210075099e+01
   3.5900000000000000e+02  -2.9120699490626599e+01
   3.6000000000000000e+02  -3.0046855235851201e+01
   3.6100000000000000e+02  -3.0928565706734702e+01
   3.6200000000000000e+02  -3.1363977240315400e+01
   3.6300000000000000e+02  -3.2326138067540803e+01
   3.6400000000000000e+02  -3.3134423245566701e+01
   3.6500000000000000e+02  -3.3665382618341198e+01
   3.6600000000000000e+02  -3.4741769987367000e+01
   3.6700000000000000e+02  -3.5675947424686299e+01
   3.6800000000000000e+02  -3.5844641042086700e+01
   3.6900000000000000e+02  -3.7008850077263098e+01
   3.7000000000000000e+02  -3.8019293017376000e+01
   3.7100000000000000e+02  -3.8969170810911500e+01
   3.7200000000000000e+02  -3.9902047069803601e+01
   3.7300000000000000e+02  -4.0153576162861000e+01
   3.7400000000000000e+02  -4.0922708302483102e+01
   3.7500000000000000e+02  -4.1712313754329102e+01
   3.7600000000000000e+02  -4.2615987223872501e+01
   3.7700000000000000e+02  -4.3983188769191997e+01
   3.7800000000000000e+02  -4.4874286526022097e+01
   3.7900000000000000e+02  -4.5932129134252897e+01
   3.8000000000000000e+02  -4.6778626784758899e+01
   3.8100000000000000e+02  -4.7502867424819598e+01
   3.8200000000000000e+02  -4.8357705860126302e+01
   3.8300000000000000e+02  -4.9123227630446799e+01
   3.8400000000000000e+02  -5.0143990919616400e+01
   3.8500000000000000e+02  -5.1131616551564200e+01
   3.8600000000000000e+02  -5.2358461242487898e+01
   3.8700000000000000e+02  -5.2857831030146897e+01
   3.8800000000000000e+02  -5.3344424643276497e+01
   3.8900000000000000e+02  -5.4108606269606099e+01
   3.9000000000000000e+02  -5.4728922731807401e+01
   3.9100000000000000e+02  -5.5621700020752399e+01
   3.9200000000000000e+02  -5.6518020540637700e+01
   3.9300000000000000e+02  -5.7109836239424403e+01
   3.9400000000000000e+02  -5.8072929128541801e+01
   3.9500000000000000e+02  -5.8362041711726199e+01
   3.9600000000000000e+02  -5.9240445890847397e+01
   3.9700000000000000e+02  -6.0421799905081500e+01
   3.9800000000000000e+02  -6.1468553934821600e+01
   3.9900000000000000e+02  -6.1832075813859603e+01
   4.0000000000000000e+02  -6.2519294974890499e+01
   4.0100000000000000e+02  -6.3252485088375202e+01
   4.0200000000000000e+02  -6.3995642358763199e+01
   4.0300000000000000e+02  -6.5040041372006002e+01
   4.0400000000000000e+02  -6.5115768206349202e+01
   4.0500000000000000e+02  -6.5398286620999201e+01
   4.0600000000000000e+02  -6.6207382388590801e+01
   4.0700000000000000e+02  -6.6238412994881301e+01
   4.0800000000000000e+02  -6.6139114568918103e+01
   4.0900000000000000e+02  -6.6978480297745193e+01
   4.1000000000000000e+02  -6.7475199816644803e+01
   4.1100000000000000e+02  -6.7784413182174603e+01
   4.1200000000000000e+02  -6.8587043546784301e+01
   4.1300000000000000e+02  -6.9425545569254595e+01
   4.1400000000000000e+02  -7.0085020318055399e+01
   4.1500000000000000e+02  -7.0913019715394000e+01
   4.1600000000000000e+02  -7.1129230772971496e+01
   4.1700000000000000e+02  -7.1470319025314097e+01
   4.1800000000000000e+02  -7.1482393161288101e+01
   4.1900000000000000e+02  -7.0747134428614302e+01
   4.2000000000000000e+02  -7.1637415592612797e+01
   4.2100000000000000e+02  -7.1799044412472895e+01
   4.2200000000000000e+02  -7.2423377196304898e+01
   4.2300000000000000e+02  -7.2339394022319695e+01
   4.2400000000000000e+02  -7.2470607361163900e+01
   4.2500000000000000e+02  -7.2273419110130604e+01
   4.2600000000000000e+02  -7.2255213056836197e+01
   4.2700000000000000e+02  -7.2379643580397499e+01
   4.2800000000000000e+02  -7.2541197760414704e+01
   4.2900000000000000e+02  -7.2793880675718100e+01
   4.3000000000000000e+02  -7.2899225686867595e+01
   4.3100000000000000e+02  -7.2989207874578298e+01
   4.3200000000000000e+02  -7.3568465131276895e+01
   4.3300000000000000e+02  -7.3364724157533303e+01
   4.3400000000000000e+02  -7.3140635832013999e+01
   4.3500000000000000e+02  -7.2648342989350297e+01
   4.3600000000000000e+02  -7.3257675762293601e+01
   4.3700000000000000e+02  -7.2955031898681298e+01
   4.3800000000000000e+02  -7.3317225650214993e+01
   4.3900000000000000e+02  -7.3483933124597499e+01
   4.4000000000000000e+02  -7.3210656761129101e+01
   4.4100000000000000e+02  -7.3375173435492400e+01
   4.4200000000000000e+02  -7.3656822509564904e+01
   4.4300000000000000e+02  -7.3969289946042196e+01
   4.4400000000000000e+02  -7.4371234210752107e+01
   4.4500000000000000e+02  -7.4978621899363702e+01
   4.4600000000000000e+02  -7.4561396339431298e+01
   4.4700000000000000e+02  -7.4706157982597304e+01
   4.4800000000000000e+02  -7.5124551605408598e+01
   4.4900000000000000e+02  -7.5379379739182099e+01
   4.5000000000000000e+02  -7.5529605740431506e+01
   4.5100000000000000e+02  -7.5054902579357901e+01
   4.5200000000000000e+02  -7.5046908407756106e+01
   4.5300000000000000e+02  -7.5438872963834200e+01
   4.5400000000000000e+02  -7.5612923540330200e+01
   4.5500000000000000e+02  -7.5827151060825500e+01
   4.5600000000000000e+02  -7.5375213367542102e+01
   4.5700000000000000e+02  -7.5658279065035799e+01
   4.5800000000000000e+02  -7.5867325447427504e+01
   4.5900000000000000e+02  -7.5979410108545693e+01
   4.6000000000000000e+02  -7.5558462081455602e+01
   4.6100000000000000e+02  -7.5654692392379999e+01
   4.6200000000000000e+02  -7.6326452362979097e+01
   4.6300000000000000e+02  -7.6524266584858594e+01
   4.6400000000000000e+02  -7.6554442160638303e+01
   4.6500000000000000e+02  -7.6310710058240602e+01
   4.6600000000000000e+02  -7.6433028771693898e+01
   4.6700000000000000e+02  -7.6489985435914306e+01
   4.6800000000000000e+02  -7.6041206218866805e+01
   4.6900000000000000e+02  -7.6230794902689993e+01
   4.7000000000000000e+02  -7.5994590065666898e+01
   4.7100000000000000e+02  -7.6074253963817895e+01
   4.7200000000000000e+02  -7.6046350759353700e+01
   4.7300000000000000e+02  -7.6152286984639403e+01
   4.7400000000000000e+02  -7.6176491654030698e+01
   4.7500000000000000e+02  -7.6464369928774204e+01
   4.7600000000000000e+02  -7.6311809013064504e+01
   4.7700000000000000e+02  -7.6111665773730095e+01
   4.7800000000000000e+02  -7.5801903857914994e+01
   4.7900000000000000e+02  -7.5563677244556700e+01
   4.8000000000000000e+02  -7.5499966306994295e+01
   4.8100000000000000e+02  -7.5437573880640898e+01
   4.8200000000000000e+02  -7.5644349205089398e+01
   4.8300000000000000e+02  -7.5419171125718194e+01
   4.8400000000000000e+02  -7.5101904799067398e+01
   4.8500000000000000e+02  -7.4690366605779701e+01
   4.8600000000000000e+02  -7.4969194747558205e+01
   4.8700000000000000e+02  -7.5144301694833800e+01
   4.8800000000000000e+02  -7.4859750505554800e+01
   4.8900000000000000e+02  -7.4789975344060295e+01
   4.9000000000000000e+02  -7.5110090824950902e+01
   4.9100000000000000e+02  -7.5188157318940597e+01
   4.9200000000000000e+02  -7.5371748630916400e+01
   4.9300000000000000e+02  -7.5078855955743606e+01
   4.9400000000000000e+02  -7.5208032290841402e+01
   4.9500000000000000e+02  -7.5406757314934595e+01
   4.9600000000000000e+02  -7.5612213298155694e+01
   4.9700000000000000e+02  -7.5438126342905505e+01
   4.9800000000000000e+02  -7.5567782231048994e+01
   4.9900000000000000e+02  -7.5037571813878301e+01
   5.0000000000000000e+02  -7.5032356648966100e+01
   5.0100000000000000e+02  -7.4790808959289606e+01
   5.0200000000000000e+02  -7.5093841639834693e+01
   5.0300000000000000e+02  -7.4774073287116195e+01
   5.0400000000000000e+02  -7.4422796484427096e+01
   5.0500000000000000e+02  -7.4521941947909795e+01
   5.0600000000000000e+02  -7.4789548854492395e+01
   5.0700000000000000e+02  -7.4603755798808194e+01
   5.0800000000000000e+02  -7.4334631507984398e+01
   5.0900000000000000e+02  -7.4560035402805298e+01
   5.1000000000000000e+02  -7.4252488626273106e+01
   5.1100000000000000e+02  -7.4240774304338800e+01
   5.1200000000000000e+02  -7.4096283181241404e+01
   5.1300000000000000e+02  -7.4301730072956005e+01
   5.1400000000000000e+02  -7.3926651625309105e+01
   5.1500000000000000e+02  -7.3956979386466898e+01
   5.1600000000000000e+02  -7.4072267732601702e+01
   5.1700000000000000e+02  -7.4262716538828201e+01
   5.1800000000000000e+02  -7.4180707104079303e+01
   5.1900000000000000e+02  -7.3981777474714804e+01
   5.2000000000000000e+02  -7.4059951859611900e+01
   5.2100000000000000e+02  -7.3526292238866702e+01
   5.2200000000000000e+02  -7.3534543509355501e+01
   5.2300000000000000e+02  -7.3809841920276298e+01
   5.2400000000000000e+02  -7.3734689556356699e+01
   5.2500000000000000e+02  -7.3890100160736196e+01
   5.2600000000000000e+02  -7.3500524729001896e+01
   5.2700000000000000e+02  -7.3185746580213006e+01
   5.2800000000000000e+02  -7.2896064210013805e+01
   5.2900000000000000e+02  -7.3182049277249604e+01
   5.3000000000000000e+02  -7.3370627082868396e+01
   5.3100000000000000e+02  -7.3238680309623305e+01
   5.3200000000000000e+02  -7.3312899161847497e+01
   5.3300000000000000e+02  -7.2975653617634705e+01
   5.3400000000000000e+02  -7.3636032841869394e+01
   5.3500000000000000e+02  -7.3415830214599097e+01
   5.3600000000000000e+02  -7.2913427859726994e+01
   5.3700000000000000e+02  -7.3086809468022196e+01
   5.3800000000000000e+02  -7.3461121692647694e+01
   5.3900000000000000e+02  -7.3652033800955394e+01
   5.4000000000000000e+02  -7.3688062259833202e+01
   5.4100000000000000e+02  -7.3787328678350704e+01
   5.4200000000000000e+02  -7.4077751832291000e+01
   5.4300000000000000e+02  -7.3474692564100096e+01
   5.4400000000000000e+02  -7.3437352255685397e+01
   5.4500000000000000e+02  -7.3470932688557397e+01
   5.4600000000000000e+02  -7.3410338181984400e+01
   5.4700000000000000e+02  -7.3407026599338707e+01
   5.4800000000000000e+02  -7.3408058863088996e+01
   5.4900000000000000e+02  -7.3108834691601501e+01
   5.5000000000000000e+02  -7.2892812105762701e+01
   5.5100000000000000e+02  -7.2624528311472801e+01
   5.5200000000000000e+02  -7.2862449817429507e+01
   5.5300000000000000e+02  -7.3019507454299401e+01
   5.5400000000000000e+02  -7.2904696832824200e+01
   5.5500000000000000e+02  -7.2993107526941202e+01
   5.5600000000000000e+02  -7.2778342283478196e+01
   5.5700000000000000e+02  -7.3480775587264901e+01
   5.5800000000000000e+02  -7.3655576490372198e+01
   5.5900000000000000e+02  -7.3838070220664406e+01
   5.6000000000000000e+02  -7.3507254617843500e+01
   5.6100000000000000e+02  -7.4169259298457007e+01
   5.6200000000000000e+02  -7.3667777461834405e+01
   5.6300000000000000e+02  -7.3472062047989994e+01
   5.6400000000000000e+02  -7.3742367977314800e+01
   5.6500000000000000e+02  -7.3247584135436597e+01
   5.6600000000000000e+02  -7.3677405144289295e+01
   5.6700000000000000e+02  -7.4148373171264694e+01
   5.6800000000000000e+02  -7.3983775397853904e+01
   5.6900000000000000e+02  -7.4380027380211004e+01
   5.7000000000000000e+02  -7.4776144370404097e+01
   5.7100000000000000e+02  -7.4812446975507896e+01
   5.7200000000000000e+02  -7.4519170482697405e+01
   5.7300000000000000e+02  -7.4596755943815296e+01
   5.7400000000000000e+02  -7.5161955330889896e+01
   5.7500000000000000e+02  -7.5084613521463396e+01
   5.7600000000000000e+02  -7.5465255488902798e+01
   5.7700000000000000e+02  -7.5915183942247793e+01
   5.7800000000000000e+02  -7.5760124892224297e+01
   5.7900000000000000e+02  -7.5733373659689306e+01
   5.8000000000000000e+02  -7.5765134334131304e+01
   5.8100000000000000e+02  -7.5986282466956197e+01
   5.8200000000000000e+02  -7.5795160194223300e+01
   5.8300000000000000e+02  -7.5544285311824197e+01
   5.8400000000000000e+02  -7.5297056967329297e+01
   5.8500000000000000e+02  -7.5923653392705802e+01
   5.8600000000000000e+02  -7.6089269389580807e+01
   5.8700000000000000e+02  -7.5417343557399207e+01
   5.8800000000000000e+02  -7.5174207757193003e+01
   5.8900000000000000e+02  -7.5001439079412293e+01
   5.9000000000000000e+02  -7.4830855396160800e+01
   5.9100000000000000e+02  -7.4742179752615399e+01
   5.9200000000000000e+02  -7.4849245791411207e+01
   5.9300000000000000e+02  -7.4693806107469399e+01
   5.9400000000000000e+02  -7.4396087885305604e+01
   5.9500000000000000e+02  -7.4013006145511298e+01
   5.9600000000000000e+02  -7.4691430783199607e+01
   5.9700000000000000e+02  -7.4064790277474302e+01
   5.9800000000000000e+02  -7.3824916312737599e+01
   5.9900000000000000e+02  -7.3770147508443699e+01
   6.0000000000000000e+02  -7.4008470410396697e+01
   6.0100000000000000e+02  -7.3428061417101503e+01
   6.0200000000000000e+02  -7.3173045305359494e+01
   6.0300000000000000e+02  -7.3229036862804406e+01
   6.0400000000000000e+02  -7.3804774937708700e+01
   6.0500000000000000e+02  -7.3946456030294797e+01
   6.0600000000000000e+02  -7.3860654224815406e+01
   6.0700000000000000e+02  -7.3722595933191002e+01
   6.0800000000000000e+02  -7.3838932201397995e+01
   6.0900000000000000e+02  -7.3659741691817999e+01
   6.1000000000000000e+02  -7.4096393021656993e+01
   6.1100000000000000e+02  -7.4164121260750605e+01
   6.1200000000000000e+02  -7.4346233309049694e+01
   6.1300000000000000e+02  -7.4146707458871106e+01
   6.1400000000000000e+02  -7.4240011519558806e+01
   6.1500000000000000e+02  -7.4368118749030501e+01
   6.1600000000000000e+02  -7.4447443652146802e+01
   6.1700000000000000e+02  -7.4581806808454900e+01
   6.1800000000000000e+02  -7.4368805280550106e+01
   6.1900000000000000e+02  -7.4076931372309701e+01
   6.2000000000000000e+02  -7.3532131115645598e+01
   6.2100000000000000e+02  -7.3996526490148398e+01
   6.2200000000000000e+02  -7.3706318885716001e+01
   6.2300000000000000e+02  -7.3816160401802804e+01
   6.2400000000000000e+02  -7.3948162716975602e+01
   6.2500000000000000e+02  -7.3913464071647098e+01
   6.2600000000000000e+02  -7.3720547250372206e+01
   6.2700000000000000e+02  -7.3541376929400997e+01
   6.2800000000000000e+02  -7.3459201757911501e+01
   6.2900000000000000e+02  -7.3419104544423405e+01
   6.3000000000000000e+02  -7.3339303903443493e+01
   6.3100000000000000e+02  -7.3782442584005594e+01
   6.3200000000000000e+02  -7.3790919713081706e+01
   6.3300000000000000e+02  -7.3428582756981399e+01
   6.3400000000000000e+02  -7.3092140062590502e+01
   6.3500000000000000e+02  -7.2711040397958200e+01
   6.3600000000000000e+02  -7.2385724717638197e+01
   6.3700000000000000e+02  -7.1945688126761397e+01
   6.3800000000000000e+02  -7.1581235236856699e+01
   6.3900000000000000e+02  -7.2139180211178797e+01
   6.4000000000000000e+02  -7.2865653904610397e+01
   6.4100000000000000e+02  -7.3117248289273405e+01
   6.4200000000000000e+02  -7.3390427184872095e+01
   6.4300000000000000e+02  -7.3536299823790998e+01
   6.4400000000000000e+02  -7.3661702891113904e+01
   6.4500000000000000e+02  -7.3142197815005503e+01
   6.4600000000000000e+02  -7.2994708415522695e+01
   6.4700000000000000e+02  -7.3325744139587002e+01
   6.4800000000000000e+02  -7.3174233940396107e+01
   6.4900000000000000e+02  -7.2890565766601100e+01
   6.5000000000000000e+02  -7.3270687868974207e+01
   6.5100000000000000e+02  -7.3066187934873994e+01
   6.5200000000000000e+02  -7.3074894740791194e+01
   6.5300000000000000e+02  -7.2862054048836100e+01
   6.5400000000000000e+02  -7.2997576521492405e+01
   6.5500000000000000e+02  -7.3497925520921100e+01
   6.5600000000000000e+02  -7.3148309712643098e+01
   6.5700000000000000e+02  -7.3154107502485104e+01
   6.5800000000000000e+02  -7.2996675934695304e+01
   6.5900000000000000e+02  -7.2710102156339303e+01
   6.6000000000000000e+02  -7.2711869103124300e+01
   6.6100000000000000e+02  -7.2976467126357406e+01
   6.6200000000000000e+02  -7.2191874553013307e+01
   6.6300000000000000e+02  -7.2364766346168807e+01
   6.6400000000000000e+02  -7.2238574317551993e+01
   6.6500000000000000e+02  -7.1904145173056094e+01
   6.6600000000000000e+02  -7.2196238454453294e+01
   6.6700000000000000e+02  -7.2319305373885101e+01
   6.6800000000000000e+02  -7.2342114495451398e+01
   6.6900000000000000e+02  -7.2040977537991694e+01
   6.7000000000000000e+02  -7.2124316354839493e+01
   6.7100000000000000e+02  -7.1950612073516297e+01
   6.7200000000000000e+02  -7.2206472587347406e+01
   6.7300000000000000e+02  -7.2205302033737794e+01
   6.7400000000000000e+02  -7.2400598314325507e+01
   6.7500000000000000e+02  -7.2645993070021902e+01
   6.7600000000000000e+02  -7.2237285530758300e+01
   6.7700000000000000e+02  -7.1935146914054698e+01
   6.7800000000000000e+02  -7.1959247309108804e+01
   6.7900000000000000e+02  -7.1856714732088406e+01
   6.8000000000000000e+02  -7.1999617153403904e+01
   6.8100000000000000e+02  -7.2163387783310398e+01
   6.8200000000000000e+02  -7.2337482389773200e+01
   6.8300000000000000e+02  -7.1763815609874399e+01
   6.8400000000000000e+02  -7.1717993036032397e+01
   6.8500000000000000e+02  -7.1578632977496000e+01
   6.8600000000000000e+02  -7.1516139129799598e+01
   6.8700000000000000e+02  -7.1704932471585906e+01
   6.8800000000000000e+02  -7.1667709904389994e+01
   6.8900000000000000e+02  -7.1168390601591099e+01
   6.9000000000000000e+02  -7.0508353079413794e+01
   6.9100000000000000e+02  -7.0415069608075697e+01
   6.9200000000000000e+02  -7.0618368140458401e+01
   6.9300000000000000e+02  -7.0509348310227793e+01
   6.9400000000000000e+02  -7.0172811504384597e+01
   6.9500000000000000e+02  -7.0432877107564394e+01
   6.9600000000000000e+02  -6.9915108333161996e+01
   6.9700000000000000e+02  -6.9878509067435601e+01
   6.9800000000000000e+02  -6.9684493785811895e+01
   6.9900000000000000e+02  -6.9216012844170194e+01
   7.0000000000000000e+02  -6.9287686828552594e+01
   7.0100000000000000e+02  -6.9454005182057699e+01
   7.0200000000000000e+02  -6.9657651616088103e+01
   7.0300000000000000e+02  -6.9812194261928894e+01
   7.0400000000000000e+02  -7.0241078500510000e+01
   7.0500000000000000e+02  -7.0026735925778596e+01
   7.0600000000000000e+02  -6.9997567426315598e+01
   7.0700000000000000e+02  -6.9899214591331500e+01
   7.0800000000000000e+02  -7.0030928961254901e+01
   7.0900000000000000e+02  -7.0322545248587204e+01
   7.1000000000000000e+02  -7.0767493441938200e+01
   7.1100000000000000e+02  -7.0443765709810506e+01
   7.1200000000000000e+02  -7.0078831943416404e+01
   7.1300000000000000e+02  -6.9887481180536398e+01
   7.1400000000000000e+02  -7.0432550093982300e+01
   7.1500000000000000e+02  -7.0227016645504094e+01
   7.1600000000000000e+02  -7.0131824195474294e+01
   7.1700000000000000e+02  -7.0158745418392996e+01
   7.1800000000000000e+02  -7.0226467752794406e+01
   7.1900000000000000e+02  -7.0253876082273706e+01
   7.2000000000000000e+02  -7.0272618550143505e+01
   7.2100000000000000e+02  -6.9892303925323901e+01
   7.2200000000000000e+02  -6.9095677743094399e+01
   7.2300000000000000e+02  -6.9379418093927697e+01
   7.2400000000000000e+02  -6.9270064559754502e+01
   7.2500000000000000e+02  -6.9438784131071003e+01
   7.2600000000000000e+02  -6.9448158474748297e+01
   7.2700000000000000e+02  -6.9633302153596404e+01
   7.2800000000000000e+02  -6.9327297294099097e+01
   7.2900000000000000e+02  -6.9662399963327005e+01
   7.3000000000000000e+02  -6.9725937767625197e+01
   7.3100000000000000e+02  -6.9839401351629505e+01
   7.3200000000000000e+02  -6.9340740208409102e+01
   7.3300000000000000e+02  -6.9375046312375702e+01
   7.3400000000000000e+02  -7.0213257531549800e+01
   7.3500000000000000e+02  -7.0058486880918295e+01
   7.3600000000000000e+02  -7.0158573154329801e+01
   7.3700000000000000e+02  -7.0171090190584593e+01
   7.3800000000000000e+02  -6.9967043359014397e+01
   7.3900000000000000e+02  -7.0335105603954503e+01
   7.4000000000000000e+02  -6.9990351038624198e+01
   7.4100000000000000e+02  -6.9539977862205802e+01
   7.4200000000000000e+02  -6.9695169005739899e+01
   7.4300000000000000e+02  -6.9449071193357995e+01
   7.4400000000000000e+02  -6.9332769335655101e+01
   7.4500000000000000e+02  -6.9689917831540996e+01
   7.4600000000000000e+02  -7.0378952643196200e+01
   7.4700000000000000e+02  -7.0239945630862593e+01
   7.4800000000000000e+02  -6.9961461115276194e+01
   7.4900000000000000e+02  -6.9915364472834696e+01
   7.5000000000000000e+02  -6.9832844799636504e+01
   7.5100000000000000e+02  -7.0035946984085001e+01
   7.5200000000000000e+02  -7.0156345998235196e+01
   7.5300000000000000e+02  -6.9986657516132496e+01
   7.5400000000000000e+02  -6.9352218098354498e+01
   7.5500000000000000e+02  -6.8879859952381494e+01
   7.5600000000000000e+02  -6.8367887629063304e+01
   7.5700000000000000e+02  -6.8494097718822303e+01
   7.5800000000000000e+02  -6.8710438843365793e+01
   7.5900000000000000e+02  -6.8428349138996893e+01
   7.6000000000000000e+02  -6.8227306343438798e+01
   7.6100000000000000e+02  -6.8472226196055004e+01
   7.6200000000000000e+02  -6.8538444104226599e+01
   7.6300000000000000e+02  -6.8409416874346903e+01
   7.6400000000000000e+02  -6.8469991825129298e+01
   7.6500000000000000e+02  -6.8101377009131099e+01
   7.6600000000000000e+02  -6.7934307981422293e+01
   7.6700000000000000e+02  -6.7928593348243794e+01
   7.6800000000000000e+02  -6.7794008102306606e+01
   7.6900000000000000e+02  -6.8062689932493996e+01
   7.7000000000000000e+02  -6.8047301056199004e+01
   7.7100000000000000e+02  -6.8043381224602300e+01
   7.7200000000000000e+02  -6.7758776557630199e+01
   7.7300000000000000e+02  -6.7558714570502602e+01
   7.7400000000000000e+02  -6.7156341118165301e+01
   7.7500000000000000e+02  -6.7280433198711606e+01
   7.7600000000000000e+02  -6.7430759546014102e+01
   7.7700000000000000e+02  -6.6839192745135406e+01
   7.7800000000000000e+02  -6.6916138609386707e+01
   7.7900000000000000e+02  -6.7017960025849803e+01
   7.8000000000000000e+02  -6.6856541166265899e+01
   7.8100000000000000e+02  -6.6740685976347805e+01
   7.8200000000000000e+02  -6.7043790098479107e+01
   7.8300000000000000e+02  -6.6437637811135502e+01
   7.8400000000000000e+02  -6.5621155867705895e+01
   7.8500000000000000e+02  -6.4991884689795498e+01
   7.8600000000000000e+02  -6.5258585174197606e+01
   7.8700000000000000e+02  -6.4952251332806796e+01
   7.8800000000000000e+02  -6.4385958437832997e+01
   7.8900000000000000e+02  -6.4293025970424495e+01
   7.9000000000000000e+02  -6.3789407904750597e+01
   7.9100000000000000e+02  -6.3149084050391899e+01
   7.9200000000000000e+02  -6.2410905388660503e+01
   7.9300000000000000e+02  -6.1971548718123003e+01
   7.9400000000000000e+02  -6.0917804788285203e+01
   7.9500000000000000e+02  -6.0000841470659303e+01
   7.9600000000000000e+02  -5.8519778870968302e+01
   7.9700000000000000e+02  -5.6723453556871299e+01
   7.9800000000000000e+02  -5.3899723298639501e+01
   7.9900000000000000e+02  -4.8537989111583499e+01
   8.0000000000000000e+02  -3.3456020266287098e+01
   8.0100000000000000e+02  -1.4491469866530400e+01
