  -1.0000000000000000e+02  -7.1500797738030997e+01
  -9.9000000000000000e+01  -7.1802432244193000e+01
  -9.8000000000000000e+01  -7.2270920284367705e+01
  -9.7000000000000000e+01  -7.1729084862457199e+01
  -9.6000000000000000e+01  -7.1543702512602195e+01
  -9.5000000000000000e+01  -7.1734750434144900e+01
  -9.4000000000000000e+01  -7.1603727526114199e+01
  -9.3000000000000000e+01  -7.2064881764524500e+01
  -9.2000000000000000e+01  -7.1557506558970303e+01
  -9.1000000000000000e+01  -7.1755794057504701e+01
  -9.0000000000000000e+01  -7.1860176332990804e+01
  -8.9000000000000000e+01  -7.1772781269334800e+01
  -8.8000000000000000e+01  -7.2011453019364495e+01
  -8.7000000000000000e+01  -7.1756184695799504e+01
  -8.6000000000000000e+01  -7.1766596207906801e+01
  -8.5000000000000000e+01  -7.1751468170412707e+01
  -8.4000000000000000e+01  -7.2295639388560602e+01
  -8.3000000000000000e+01  -7.2130371747496994e+01
  -8.2000000000000000e+01  -7.1844567369010093e+01
  -8.1000000000000000e+01  -7.1563538640585705e+01
  -8.0000000000000000e+01  -7.1375502784998801e+01
  -7.9000000000000000e+01  -7.1299247975170303e+01
  -7.8000000000000000e+01  -7.0981097132507102e+01
  -7.7000000000000000e+01  -7.0958062208740401e+01
  -7.6000000000000000e+01  -7.0907940651806697e+01
  -7.5000000000000000e+01  -7.1062918252957402e+01
  -7.4000000000000000e+01  -7.0770819220705206e+01
  -7.3000000000000000e+01  -7.0903510818651895e+01
  -7.2000000000000000e+01  -7.1653087863587700e+01
  -7.1000000000000000e+01  -7.1025266526739799e+01
  -7.0000000000000000e+01  -7.1235131492208197e+01
  -6.9000000000000000e+01  -7.1597873388537593e+01
  -6.8000000000000000e+01  -7.1431580131736894e+01
  -6.7000000000000000e+01  -7.2054976619859900e+01
  -6.6000000000000000e+01  -7.2165761808856203e+01
  -6.5000000000000000e+01  -7.2412292604496102e+01
  -6.4000000000000000e+01  -7.2362350658412893e+01
  -6.3000000000000000e+01  -7.2121540726818196e+01
  -6.2000000000000000e+01  -7.2185542798881798e+01
  -6.1000000000000000e+01  -7.2733996383266799e+01
  -6.0000000000000000e+01  -7.2313679816388401e+01
  -5.9000000000000000e+01  -7.2473591269246398e+01
  -5.8000000000000000e+01  -7.1903942298404900e+01
  -5.7000000000000000e+01  -7.2047604479377000e+01
  -5.6000000000000000e+01  -7.2070001120616894e+01
  -5.5000000000000000e+01  -7.1978763827460298e+01
  -5.4000000000000000e+01  -7.2285535009371898e+01
  -5.3000000000000000e+01  -7.1934081203785198e+01
  -5.2000000000000000e+01  -7.2082565079409804e+01
  -5.1000000000000000e+01  -7.2194508740807507e+01
  -5.0000000000000000e+01  -7.1787449887351201e+01
  -4.9000000000000000e+01  -7.1558285936368705e+01
  -4.8000000000000000e+01  -7.1615607775147893e+01
  -4.7000000000000000e+01  -7.1788277299927699e+01
  -4.6000000000000000e+01  -7.1579838198400395e+01
  -4.5000000000000000e+01  -7.1868678560665899e+01
  -4.4000000000000000e+01  -7.2029513087815204e+01
  -4.3000000000000000e+01  -7.1405421197372604e+01
  -4.2000000000000000e+01  -7.1157368796531600e+01
  -4.1000000000000000e+01  -7.0907293844658099e+01
  -4.0000000000000000e+01  -7.0504003340899800e+01
  -3.9000000000000000e+01  -7.0721810146551306e+01
  -3.8000000000000000e+01  -7.0457863662424302e+01
  -3.7000000000000000e+01  -6.9968847476403695e+01
  -3.6000000000000000e+01  -6.9670874478442002e+01
  -3.5000000000000000e+01  -6.9087047028201098e+01
  -3.4000000000000000e+01  -6.9371180019369405e+01
  -3.3000000000000000e+01  -6.9573117033261695e+01
  -3.2000000000000000e+01  -6.9467290983182593e+01
  -3.1000000000000000e+01  -6.9213812103492401e+01
  -3.0000000000000000e+01  -6.9277696090055002e+01
  -2.9000000000000000e+01  -6.9436413319202600e+01
  -2.8000000000000000e+01  -6.9565881114923698e+01
  -2.7000000000000000e+01  -6.9267119364262896e+01
  -2.6000000000000000e+01  -6.8778572220503094e+01
  -2.5000000000000000e+01  -6.8742478073655704e+01
  -2.4000000000000000e+01  -6.8531883713450796e+01
  -2.3000000000000000e+01  -6.7720696385260794e+01
  -2.2000000000000000e+01  -6.7582394449252703e+01
  -2.1000000000000000e+01  -6.7591314875846294e+01
  -2.0000000000000000e+01  -6.7535064262798599e+01
  -1.9000000000000000e+01  -6.7533378029648802e+01
  -1.8000000000000000e+01  -6.7059904901688100e+01
  -1.7000000000000000e+01  -6.6501846258199905e+01
  -1.6000000000000000e+01  -6.6361963653073701e+01
  -1.5000000000000000e+01  -6.5790868637498704e+01
  -1.4000000000000000e+01  -6.5711741438413895e+01
  -1.3000000000000000e+01  -6.5017483344183802e+01
  -1.2000000000000000e+01  -6.4412998402828293e+01
  -1.1000000000000000e+01  -6.4523229567834903e+01
  -1.0000000000000000e+01  -6.4059589635635604e+01
  -9.0000000000000000e+00  -6.3824646800270699e+01
  -8.0000000000000000e+00  -6.2961358739483401e+01
  -7.0000000000000000e+00  -6.2070442948016698e+01
  -6.0000000000000000e+00  -6.1336608721980703e+01
  -5.0000000000000000e+00  -5.9981695901538501e+01
  -4.0000000000000000e+00  -5.8138141878260100e+01
  -3.0000000000000000e+00  -5.6149146698401303e+01
  -2.0000000000000000e+00  -5.1751292163811300e+01
  -1.0000000000000000e+00  -3.9075988091078699e+01
   0.0000000000000000e+00  -1.3889110338068400e+01
   1.0000000000000000e+00   3.7334757852641598e+00
   2.0000000000000000e+00   1.4160770439534200e+01
   3.0000000000000000e+00   1.9613039832538401e+01
   4.0000000000000000e+00   2.3149175254788499e+01
   5.0000000000000000e+00   2.4771770995941701e+01
   6.0000000000000000e+00   2.5478529444616601e+01
   7.0000000000000000e+00   2.5960382755109102e+01
   8.0000000000000000e+00   2.5875234385840798e+01
   9.0000000000000000e+00   2.6124572876599998e+01
   1.0000000000000000e+01   2.6358174478757501e+01
   1.1000000000000000e+01   2.6598663026038700e+01
   1.2000000000000000e+01   2.7296826441451401e+01
   1.3000000000000000e+01   2.7685247693474299e+01
   1.4000000000000000e+01   2.7856018154140202e+01
   1.5000000000000000e+01   2.8319117713062500e+01
   1.6000000000000000e+01   2.8736047522742801e+01
   1.7000000000000000e+01   2.9444685883118101e+01
   1.8000000000000000e+01   2.9946595386162400e+01
   1.9000000000000000e+01   2.9513538753919700e+01
   2.0000000000000000e+01   2.9597987473981501e+01
   2.1000000000000000e+01   2.9433413133740000e+01
   2.2000000000000000e+01   2.9420654844329899e+01
   2.3000000000000000e+01   2.9294923016441700e+01
   2.4000000000000000e+01   2.9464303022408899e+01
   2.5000000000000000e+01   2.9406188073715899e+01
   2.6000000000000000e+01   3.0153793564705701e+01
   2.7000000000000000e+01   2.9865609129759299e+01
   2.8000000000000000e+01   2.9445755252608102e+01
   2.9000000000000000e+01   2.9685004537756399e+01
   3.0000000000000000e+01   2.9554057473351602e+01
   3.1000000000000000e+01   2.9417116504333499e+01
   3.2000000000000000e+01   2.9967035548440801e+01
   3.3000000000000000e+01   3.0246220174900401e+01
   3.4000000000000000e+01   3.0220720889470101e+01
   3.5000000000000000e+01   3.0191896303245901e+01
   3.6000000000000000e+01   3.0316283080341101e+01
   3.7000000000000000e+01   3.0684037669954101e+01
   3.8000000000000000e+01   3.1191559427949901e+01
   3.9000000000000000e+01   3.0951607437038799e+01
   4.0000000000000000e+01   3.1128108230481200e+01
   4.1000000000000000e+01   3.1112643532449201e+01
   4.2000000000000000e+01   3.1358576950423501e+01
   4.3000000000000000e+01   3.1254698843119499e+01
   4.4000000000000000e+01   3.1365459707936999e+01
   4.5000000000000000e+01   3.1096371701292600e+01
   4.6000000000000000e+01   3.1070539540576700e+01
   4.7000000000000000e+01   3.1281994585311200e+01
   4.8000000000000000e+01   3.1997391956663002e+01
   4.9000000000000000e+01   3.2291837342348501e+01
   5.0000000000000000e+01   3.2425140032337900e+01
   5.1000000000000000e+01   3.1762344604689400e+01
   5.2000000000000000e+01   3.1828192512389599e+01
   5.3000000000000000e+01   3.1616720847946102e+01
   5.4000000000000000e+01   3.1630787096048302e+01
   5.5000000000000000e+01   3.1878338537436399e+01
   5.6000000000000000e+01   3.2269069758136901e+01
   5.7000000000000000e+01   3.2308036149180197e+01
   5.8000000000000000e+01   3.2239757606965803e+01
   5.9000000000000000e+01   3.2908426249358897e+01
   6.0000000000000000e+01   3.3485095792414100e+01
   6.1000000000000000e+01   3.3148585210662198e+01
   6.2000000000000000e+01   3.3097058682239002e+01
   6.3000000000000000e+01   3.2854334416126797e+01
   6.4000000000000000e+01   3.3111186569888602e+01
   6.5000000000000000e+01   3.2911946473659803e+01
   6.6000000000000000e+01   3.2866726096043500e+01
   6.7000000000000000e+01   3.2935851508722301e+01
   6.8000000000000000e+01   3.2761685562896602e+01
   6.9000000000000000e+01   3.3003112493794397e+01
   7.0000000000000000e+01   3.2774772186656200e+01
   7.1000000000000000e+01   3.2695722059442900e+01
   7.2000000000000000e+01   3.2809163005316400e+01
   7.3000000000000000e+01   3.2686469518333503e+01
   7.4000000000000000e+01   3.3107705058500997e+01
   7.5000000000000000e+01   3.3320659180522497e+01
   7.6000000000000000e+01   3.3187543605220803e+01
   7.7000000000000000e+01   3.3177981755655402e+01
   7.8000000000000000e+01   3.3585296583828097e+01
   7.9000000000000000e+01   3.3346225490272502e+01
   8.0000000000000000e+01   3.3902899893410698e+01
   8.1000000000000000e+01   3.3789607041678302e+01
   8.2000000000000000e+01   3.3671623105115998e+01
   8.3000000000000000e+01   3.3969096405102498e+01
   8.4000000000000000e+01   3.4044892075621298e+01
   8.5000000000000000e+01   3.4198020703192903e+01
   8.6000000000000000e+01   3.4300646865125600e+01
   8.7000000000000000e+01   3.4340272301781702e+01
   8.8000000000000000e+01   3.4380437728375597e+01
   8.9000000000000000e+01   3.4699236040817503e+01
   9.0000000000000000e+01   3.4837983513016603e+01
   9.1000000000000000e+01   3.4125907133056202e+01
   9.2000000000000000e+01   3.3785487985526899e+01
   9.3000000000000000e+01   3.4018683450978898e+01
   9.4000000000000000e+01   3.3582363252972399e+01
   9.5000000000000000e+01   3.3453866534048501e+01
   9.6000000000000000e+01   3.3643695703203399e+01
   9.7000000000000000e+01   3.3290860648377397e+01
   9.8000000000000000e+01   3.2875470824080800e+01
   9.9000000000000000e+01   3.3007230227276402e+01
   1.0000000000000000e+02   3.2575842806412602e+01
   1.0100000000000000e+02   3.2183500006557999e+01
   1.0200000000000000e+02   3.2291566432661099e+01
   1.0300000000000000e+02   3.2153857119808499e+01
   1.0400000000000000e+02   3.1922178131063600e+01
   1.0500000000000000e+02   3.2552647175626603e+01
   1.0600000000000000e+02   3.2393751935120399e+01
   1.0700000000000000e+02   3.2580163916369798e+01
   1.0800000000000000e+02   3.2667483591011198e+01
   1.0900000000000000e+02   3.2112729961701703e+01
   1.1000000000000000e+02   3.2076923872268701e+01
   1.1100000000000000e+02   3.2134256938117304e+01
   1.1200000000000000e+02   3.1964775553461099e+01
   1.1300000000000000e+02   3.1053634991013698e+01
   1.1400000000000000e+02   3.1140749894708801e+01
   1.1500000000000000e+02   3.1377343214693202e+01
   1.1600000000000000e+02   3.0734008025577399e+01
   1.1700000000000000e+02   3.0549326113855098e+01
   1.1800000000000000e+02   3.0189239776996502e+01
   1.1900000000000000e+02   3.0193620329668200e+01
   1.2000000000000000e+02   2.9371986324360002e+01
   1.2100000000000000e+02   2.9085684242420299e+01
   1.2200000000000000e+02   2.9359887601362299e+01
   1.2300000000000000e+02   2.9450203576060499e+01
   1.2400000000000000e+02   2.9017879889811201e+01
   1.2500000000000000e+02   2.9316499273762702e+01
   1.2600000000000000e+02   2.9027297120545100e+01
   1.2700000000000000e+02   2.9219051344055298e+01
   1.2800000000000000e+02   2.9341722223896099e+01
   1.2900000000000000e+02   2.8993326323738000e+01
   1.3000000000000000e+02   2.8441775716908001e+01
   1.3100000000000000e+02   2.8002072257460501e+01
   1.3200000000000000e+02   2.8193434949985601e+01
   1.3300000000000000e+02   2.8314567995669201e+01
   1.3400000000000000e+02   2.8899531600275701e+01
   1.3500000000000000e+02   2.9111231212157001e+01
   1.3600000000000000e+02   2.8674331712523799e+01
   1.3700000000000000e+02   2.8452820385703699e+01
   1.3800000000000000e+02   2.8534610894354099e+01
   1.3900000000000000e+02   2.8080344470042800e+01
   1.4000000000000000e+02   2.8480125994009800e+01
   1.4100000000000000e+02   2.7987438523960900e+01
   1.4200000000000000e+02   2.7945722700684200e+01
   1.4300000000000000e+02   2.7554202379444401e+01
   1.4400000000000000e+02   2.7114568758421900e+01
   1.4500000000000000e+02   2.6899514379370999e+01
   1.4600000000000000e+02   2.6928965124151699e+01
   1.4700000000000000e+02   2.6394072254315500e+01
   1.4800000000000000e+02   2.6678069034189502e+01
   1.4900000000000000e+02   2.6923659099654000e+01
   1.5000000000000000e+02   2.6917761672102198e+01
   1.5100000000000000e+02   2.7120352222635500e+01
   1.5200000000000000e+02   2.6942924283287599e+01
   1.5300000000000000e+02   2.6889010317560899e+01
   1.5400000000000000e+02   2.6740291439468699e+01
   1.5500000000000000e+02   2.6790278817959098e+01
   1.5600000000000000e+02   2.6743793197857801e+01
   1.5700000000000000e+02   2.6612525480719100e+01
   1.5800000000000000e+02   2.6040825864242599e+01
   1.5900000000000000e+02   2.6145038661135999e+01
   1.6000000000000000e+02   2.6270059250036901e+01
   1.6100000000000000e+02   2.5770049712423098e+01
   1.6200000000000000e+02   2.6095061636600800e+01
   1.6300000000000000e+02   2.6081314433119299e+01
   1.6400000000000000e+02   2.5800980454310999e+01
   1.6500000000000000e+02   2.5209058031600801e+01
   1.6600000000000000e+02   2.5202134835585099e+01
   1.6700000000000000e+02   2.5514658963428200e+01
   1.6800000000000000e+02   2.5396725343547701e+01
   1.6900000000000000e+02   2.5129518350144700e+01
   1.7000000000000000e+02   2.5168075513820199e+01
   1.7100000000000000e+02   2.5056598741480698e+01
   1.7200000000000000e+02   2.5181588734437302e+01
   1.7300000000000000e+02   2.5483388090230601e+01
   1.7400000000000000e+02   2.5494987116273101e+01
   1.7500000000000000e+02   2.4832045225100700e+01
   1.7600000000000000e+02   2.4804699928509699e+01
   1.7700000000000000e+02   2.4542810832228000e+01
   1.7800000000000000e+02   2.4288956946495901e+01
   1.7900000000000000e+02   2.3990050794000300e+01
   1.8000000000000000e+02   2.3693401890680502e+01
   1.8100000000000000e+02   2.3629463872433799e+01
   1.8200000000000000e+02   2.3252135631194999e+01
   1.8300000000000000e+02   2.2977796156385700e+01
   1.8400000000000000e+02   2.3122395218006201e+01
   1.8500000000000000e+02   2.3241964974975001e+01
   1.8600000000000000e+02   2.3439063247806700e+01
   1.8700000000000000e+02   2.2936741281379302e+01
   1.8800000000000000e+02   2.2883298561457899e+01
   1.8900000000000000e+02   2.2737410363822601e+01
   1.9000000000000000e+02   2.2526337010963001e+01
   1.9100000000000000e+02   2.1787971913283499e+01
   1.9200000000000000e+02   2.1741863550892099e+01
   1.9300000000000000e+02   2.1662695958726701e+01
   1.9400000000000000e+02   2.1193580047848400e+01
   1.9500000000000000e+02   2.1428329918909402e+01
   1.9600000000000000e+02   2.1778237990615299e+01
   1.9700000000000000e+02   2.1686995535513599e+01
   1.9800000000000000e+02   2.1789212237978699e+01
   1.9900000000000000e+02   2.0914626326072700e+01
   2.0000000000000000e+02   2.0791030666422401e+01
   2.0100000000000000e+02   2.1488424367716501e+01
   2.0200000000000000e+02   2.1492361201143598e+01
   2.0300000000000000e+02   2.1139530614224601e+01
   2.0400000000000000e+02   2.0807083419752502e+01
   2.0500000000000000e+02   2.0701408511001901e+01
   2.0600000000000000e+02   1.9892788314705200e+01
   2.0700000000000000e+02   2.0014849823404798e+01
   2.0800000000000000e+02   2.0086351853236899e+01
   2.0900000000000000e+02   1.9901311876930500e+01
   2.1000000000000000e+02   1.9757016689239300e+01
   2.1100000000000000e+02   1.9584263844291499e+01
   2.1200000000000000e+02   1.9287778445727401e+01
   2.1300000000000000e+02   1.9274565895050699e+01
   2.1400000000000000e+02   1.9306430463057001e+01
   2.1500000000000000e+02   1.9108885320875299e+01
   2.1600000000000000e+02   1.9061132520832501e+01
   2.1700000000000000e+02   1.9695051116451200e+01
   2.1800000000000000e+02   1.9417372849459301e+01
   2.1900000000000000e+02   1.9369510524800500e+01
   2.2000000000000000e+02   1.8918516451235998e+01
   2.2100000000000000e+02   1.8454882961390599e+01
   2.2200000000000000e+02   1.8243804685819899e+01
   2.2300000000000000e+02   1.7456151093342200e+01
   2.2400000000000000e+02   1.7122170811690800e+01
   2.2500000000000000e+02   1.7176694947352999e+01
   2.2600000000000000e+02   1.6540858903735600e+01
   2.2700000000000000e+02   1.6118788625309399e+01
   2.2800000000000000e+02   1.6040784653576200e+01
   2.2900000000000000e+02   1.6235858890481399e+01
   2.3000000000000000e+02   1.6051249785432201e+01
   2.3100000000000000e+02   1.5642605180935700e+01
   2.3200000000000000e+02   1.5535789830753700e+01
   2.3300000000000000e+02   1.5044157232708301e+01
   2.3400000000000000e+02   1.4501093198816401e+01
   2.3500000000000000e+02   1.4437708146680301e+01
   2.3600000000000000e+02   1.4391832549887100e+01
   2.3700000000000000e+02   1.4198445867469999e+01
   2.3800000000000000e+02   1.4148498240581500e+01
   2.3900000000000000e+02   1.4183953904440299e+01
   2.4000000000000000e+02   1.3928701221627801e+01
   2.4100000000000000e+02   1.3518421656104101e+01
   2.4200000000000000e+02   1.3445754185256600e+01
   2.4300000000000000e+02   1.2972288343954800e+01
   2.4400000000000000e+02   1.2589542410368400e+01
   2.4500000000000000e+02   1.2539187896705700e+01
   2.4600000000000000e+02   1.2270673872014200e+01
   2.4700000000000000e+02   1.2167546823836499e+01
   2.4800000000000000e+02   1.2051138501756700e+01
   2.4900000000000000e+02   1.2165889816280600e+01
   2.5000000000000000e+02   1.2219825452176600e+01
   2.5100000000000000e+02   1.2346135887290300e+01
   2.5200000000000000e+02   1.2233867255313699e+01
   2.5300000000000000e+02   1.2223925946282300e+01
   2.5400000000000000e+02   1.1855499893768000e+01
   2.5500000000000000e+02   1.1567278241183200e+01
   2.5600000000000000e+02   1.1521884088749500e+01
   2.5700000000000000e+02   1.1703108339409299e+01
   2.5800000000000000e+02   1.1443378985100299e+01
   2.5900000000000000e+02   1.1273114890525600e+01
   2.6000000000000000e+02   1.0541692241480700e+01
   2.6100000000000000e+02   1.0128284847487400e+01
   2.6200000000000000e+02   1.0055850822801100e+01
   2.6300000000000000e+02   9.6835390566063104e+00
   2.6400000000000000e+02   9.7164318116637691e+00
   2.6500000000000000e+02   9.1881952696206692e+00
   2.6600000000000000e+02   8.4305284668436400e+00
   2.6700000000000000e+02   7.9550814004856996e+00
   2.6800000000000000e+02   7.2593501667072804e+00
   2.6900000000000000e+02   6.7978834494050897e+00
   2.7000000000000000e+02   6.4990257079905200e+00
   2.7100000000000000e+02   6.5208632973849898e+00
   2.7200000000000000e+02   6.3603759462506604e+00
   2.7300000000000000e+02   6.3537450024152200e+00
   2.7400000000000000e+02   6.4523184847126602e+00
   2.7500000000000000e+02   6.0303214595531696e+00
   2.7600000000000000e+02   5.9324078293401099e+00
   2.7700000000000000e+02   5.8869145733255097e+00
   2.7800000000000000e+02   5.5215701409230604e+00
   2.7900000000000000e+02   5.4200425304984199e+00
   2.8000000000000000e+02   5.3877321260842104e+00
   2.8100000000000000e+02   5.3302778678499196e+00
   2.8200000000000000e+02   4.9951372217029100e+00
   2.8300000000000000e+02   4.7695527323105900e+00
   2.8400000000000000e+02   4.6137812919906303e+00
   2.8500000000000000e+02   4.3251441382854798e+00
   2.8600000000000000e+02   3.7896200788052101e+00
   2.8700000000000000e+02   2.9561942923259901e+00
   2.8800000000000000e+02   2.6296570859598400e+00
   2.8900000000000000e+02   2.2792840387285400e+00
   2.9000000000000000e+02   1.9642353476381300e+00
   2.9100000000000000e+02   1.7512846305389000e+00
   2.9200000000000000e+02   1.5049131303425001e+00
   2.9300000000000000e+02   1.3416380874068501e+00
   2.9400000000000000e+02   1.6311935980267800e+00
   2.9500000000000000e+02   1.2878252476372900e+00
   2.9600000000000000e+02   3.9864936625009001e-01
   2.9700000000000000e+02  -4.1495827898806902e-04
   2.9800000000000000e+02   5.2081694816337801e-02
   2.9900000000000000e+02  -8.3928417887941897e-01
   3.0000000000000000e+02  -1.2794431303372800e+00
   3.0100000000000000e+02  -1.5583898539611900e+00
   3.0200000000000000e+02  -2.3517532827422500e+00
   3.0300000000000000e+02  -2.7500096497347601e+00
   3.0400000000000000e+02  -2.9365952378170199e+00
   3.0500000000000000e+02  -3.1693400803590701e+00
   3.0600000000000000e+02  -3.1510082531869199e+00
   3.0700000000000000e+02  -3.2983424672639501e+00
   3.0800000000000000e+02  -3.6854933798328098e+00
   3.0900000000000000e+02  -3.8882600529221700e+00
   3.1000000000000000e+02  -4.4921532008769596e+00
   3.1100000000000000e+02  -5.3021735242761299e+00
   3.1200000000000000e+02  -5.2549684457197801e+00
   3.1300000000000000e+02  -4.9877099950297401e+00
   3.1400000000000000e+02  -5.3297632901704501e+00
   3.1500000000000000e+02  -5.4567962222257602e+00
   3.1600000000000000e+02  -5.5849964208462000e+00
   3.1700000000000000e+02  -6.3061644955154099e+00
   3.1800000000000000e+02  -6.7058142510155401e+00
   3.1900000000000000e+02  -7.5374590892059699e+00
   3.2000000000000000e+02  -7.5181073807733600e+00
   3.2100000000000000e+02  -7.5166932783271001e+00
   3.2200000000000000e+02  -7.9240715111503404e+00
   3.2300000000000000e+02  -8.5410967245309308e+00
   3.2400000000000000e+02  -8.8862831891151401e+00
   3.2500000000000000e+02  -9.4553517829338602e+00
   3.2600000000000000e+02  -1.0202252325166500e+01
   3.2700000000000000e+02  -1.0508526653197199e+01
   3.2800000000000000e+02  -1.0738639306132900e+01
   3.2900000000000000e+02  -1.1619990712982100e+01
   3.3000000000000000e+02  -1.2179156465004599e+01
   3.3100000000000000e+02  -1.2900564030281901e+01
   3.3200000000000000e+02  -1.2546537186326001e+01
   3.3300000000000000e+02  -1.3374963941143500e+01
   3.3400000000000000e+02  -1.3575770819029900e+01
   3.3500000000000000e+02  -1.3990086117184701e+01
   3.3600000000000000e+02  -1.4581390167309900e+01
   3.3700000000000000e+02  -1.5398645897796399e+01
   3.3800000000000000e+02  -1.6648582721987701e+01
   3.3900000000000000e+02  -1.7758399677781998e+01
   3.4000000000000000e+02  -1.8232011730643499e+01
   3.4100000000000000e+02  -1.8989510723451499e+01
   3.4200000000000000e+02  -1.9805119716875900e+01
   3.4300000000000000e+02  -1.9996733241235098e+01
   3.4400000000000000e+02  -2.0983720376619701e+01
   3.4500000000000000e+02  -2.1122756565388698e+01
   3.4600000000000000e+02  -2.1605937040491600e+01
   3.4700000000000000e+02  -2.2348248592036700e+01
   3.4800000000000000e+02  -2.3437079852248399e+01
   3.4900000000000000e+02  -2.3542104276823199e+01
   3.5000000000000000e+02  -2.4341349650140099e+01
   3.5100000000000000e+02  -2.5296961627916200e+01
   3.5200000000000000e+02  -2.5848276896900199e+01
   3.5300000000000000e+02  -2.6483933420568501e+01
   3.5400000000000000e+02  -2.6973793641841301e+01
   3.5500000000000000e+02  -2.7521069393559600e+01
   3.5600000000000000e+02  -2.8293116035565099e+01
   3.5700000000000000e+02  -2.8957736936703800e+01
   3.5800000000000000e+02  -2.9500821025616400e+01
   3.5900000000000000e+02  -3.0228166003514399e+01
   3.6000000000000000e+02  -3.1022051645567601e+01
   3.6100000000000000e+02  -3.1304084893919701e+01
   3.6200000000000000e+02  -3.1895793550803500e+01
   3.6300000000000000e+02  -3.2924718923109602e+01
   3.6400000000000000e+02  -3.3806121442680997e+01
   3.6500000000000000e+02  -3.4714139865776097e+01
   3.6600000000000000e+02  -3.5596830818246602e+01
   3.6700000000000000e+02  -3.6687474474172397e+01
   3.6800000000000000e+02  -3.7032297629991497e+01
   3.6900000000000000e+02  -3.8046752657315700e+01
   3.7000000000000000e+02  -3.8676345434881497e+01
   3.7100000000000000e+02  -3.9827928136142098e+01
   3.7200000000000000e+02  -4.0670319738727002e+01
   3.7300000000000000e+02  -4.1352067261775900e+01
   3.7400000000000000e+02  -4.1634927682855697e+01
   3.7500000000000000e+02  -4.2609595176039100e+01
   3.7600000000000000e+02  -4.3016021107055700e+01
   3.7700000000000000e+02  -4.3623430107114103e+01
   3.7800000000000000e+02  -4.4364395774367999e+01
   3.7900000000000000e+02  -4.5413601682989700e+01
   3.8000000000000000e+02  -4.6063180855135897e+01
   3.8100000000000000e+02  -4.7076790555545202e+01
   3.8200000000000000e+02  -4.7736125949005299e+01
   3.8300000000000000e+02  -4.8537903027730202e+01
   3.8400000000000000e+02  -4.9116196923533799e+01
   3.8500000000000000e+02  -5.0089879259113502e+01
   3.8600000000000000e+02  -5.1366162597058398e+01
   3.8700000000000000e+02  -5.2010789991011002e+01
   3.8800000000000000e+02  -5.2685048298326599e+01
   3.8900000000000000e+02  -5.3868714378091603e+01
   3.9000000000000000e+02  -5.4824995060040699e+01
   3.9100000000000000e+02  -5.5693365805439200e+01
   3.9200000000000000e+02  -5.6453566055394099e+01
   3.9300000000000000e+02  -5.7420006562205103e+01
   3.9400000000000000e+02  -5.8192968232416497e+01
   3.9500000000000000e+02  -5.9122062569996700e+01
   3.9600000000000000e+02  -5.9732193118082598e+01
   3.9700000000000000e+02  -6.0367153428536199e+01
   3.9800000000000000e+02  -6.1195039985979797e+01
   3.9900000000000000e+02  -6.2027034683151101e+01
   4.0000000000000000e+02  -6.2538143433908999e+01
   4.0100000000000000e+02  -6.3386591237874200e+01
   4.0200000000000000e+02  -6.3968732570093202e+01
   4.0300000000000000e+02  -6.4518266704681906e+01
   4.0400000000000000e+02  -6.4531486768097693e+01
   4.0500000000000000e+02  -6.5501111903622402e+01
   4.0600000000000000e+02  -6.6228081863784794e+01
   4.0700000000000000e+02  -6.7115328012917303e+01
   4.0800000000000000e+02  -6.7290741329690903e+01
   4.0900000000000000e+02  -6.8045654358053298e+01
   4.1000000000000000e+02  -6.8465887695782200e+01
   4.1100000000000000e+02  -6.8629098653249002e+01
   4.1200000000000000e+02  -6.9367202995400604e+01
   4.1300000000000000e+02  -7.0084548808217207e+01
   4.1400000000000000e+02  -7.0598380388806007e+01
   4.1500000000000000e+02  -7.1312197722336705e+01
   4.1600000000000000e+02  -7.1511065795758100e+01
   4.1700000000000000e+02  -7.1961904636163098e+01
   4.1800000000000000e+02  -7.2349247448982894e+01
   4.1900000000000000e+02  -7.2829298021036493e+01
   4.2000000000000000e+02  -7.2614946158414099e+01
   4.2100000000000000e+02  -7.2886081694978699e+01
   4.2200000000000000e+02  -7.3034391259567002e+01
   4.2300000000000000e+02  -7.2913428314882495e+01
   4.2400000000000000e+02  -7.2838255353218798e+01
   4.2500000000000000e+02  -7.2682382637362394e+01
   4.2600000000000000e+02  -7.3017831289513097e+01
   4.2700000000000000e+02  -7.2591894945412093e+01
   4.2800000000000000e+02  -7.2349916388715002e+01
   4.2900000000000000e+02  -7.2672580708355000e+01
   4.3000000000000000e+02  -7.1981676958297697e+01
   4.3100000000000000e+02  -7.2459269763317806e+01
   4.3200000000000000e+02  -7.2380294367014599e+01
   4.3300000000000000e+02  -7.2678310788009099e+01
   4.3400000000000000e+02  -7.3164944203619100e+01
   4.3500000000000000e+02  -7.3660242407697396e+01
   4.3600000000000000e+02  -7.4345981796628095e+01
   4.3700000000000000e+02  -7.4593283514877896e+01
   4.3800000000000000e+02  -7.4861150909948904e+01
   4.3900000000000000e+02  -7.5126924858003804e+01
   4.4000000000000000e+02  -7.5276513891497601e+01
   4.4100000000000000e+02  -7.4911096668711394e+01
   4.4200000000000000e+02  -7.5009752842505904e+01
   4.4300000000000000e+02  -7.5311317646610505e+01
   4.4400000000000000e+02  -7.5156193077814294e+01
   4.4500000000000000e+02  -7.4940100148046000e+01
   4.4600000000000000e+02  -7.4845581792077496e+01
   4.4700000000000000e+02  -7.4701458539570297e+01
   4.4800000000000000e+02  -7.5136769770904706e+01
   4.4900000000000000e+02  -7.5166121526119397e+01
   4.5000000000000000e+02  -7.5586946277830194e+01
   4.5100000000000000e+02  -7.5501447042575506e+01
   4.5200000000000000e+02  -7.4964590904174401e+01
   4.5300000000000000e+02  -7.4862148316648700e+01
   4.5400000000000000e+02  -7.4888559545169898e+01
   4.5500000000000000e+02  -7.4712021991145093e+01
   4.5600000000000000e+02  -7.4331567112294294e+01
   4.5700000000000000e+02  -7.4201671789800201e+01
   4.5800000000000000e+02  -7.4401783947687406e+01
   4.5900000000000000e+02  -7.4147787072303501e+01
   4.6000000000000000e+02  -7.4813976713468406e+01
   4.6100000000000000e+02  -7.5106523877219601e+01
   4.6200000000000000e+02  -7.5198132118432795e+01
   4.6300000000000000e+02  -7.5305988253940399e+01
   4.6400000000000000e+02  -7.4892028192370702e+01
   4.6500000000000000e+02  -7.4968251661040895e+01
   4.6600000000000000e+02  -7.4876505407167599e+01
   4.6700000000000000e+02  -7.4985447793003502e+01
   4.6800000000000000e+02  -7.5015265032022199e+01
   4.6900000000000000e+02  -7.5231678135475704e+01
   4.7000000000000000e+02  -7.5317601928375396e+01
   4.7100000000000000e+02  -7.5444882289764394e+01
   4.7200000000000000e+02  -7.5627975118955902e+01
   4.7300000000000000e+02  -7.5946388705851206e+01
   4.7400000000000000e+02  -7.6133873155658605e+01
   4.7500000000000000e+02  -7.6959843489801798e+01
   4.7600000000000000e+02  -7.6993691606647104e+01
   4.7700000000000000e+02  -7.6811001012443199e+01
   4.7800000000000000e+02  -7.7074720459836300e+01
   4.7900000000000000e+02  -7.6810248784575805e+01
   4.8000000000000000e+02  -7.6621268574041693e+01
   4.8100000000000000e+02  -7.6470874217508396e+01
   4.8200000000000000e+02  -7.6258597078497203e+01
   4.8300000000000000e+02  -7.5791189588902796e+01
   4.8400000000000000e+02  -7.5754639499292395e+01
   4.8500000000000000e+02  -7.5688326392773504e+01
   4.8600000000000000e+02  -7.5201850168428606e+01
   4.8700000000000000e+02  -7.5553060250816699e+01
   4.8800000000000000e+02  -7.5287404623207706e+01
   4.8900000000000000e+02  -7.5156750322911094e+01
   4.9000000000000000e+02  -7.5245799629803003e+01
   4.9100000000000000e+02  -7.5055287933560294e+01
   4.9200000000000000e+02  -7.5196218091887104e+01
   4.9300000000000000e+02  -7.5158325344298206e+01
   4.9400000000000000e+02  -7.5284449295167207e+01
   4.9500000000000000e+02  -7.5550345810660005e+01
   4.9600000000000000e+02  -7.6149678105065703e+01
   4.9700000000000000e+02  -7.6022002210641801e+01
   4.9800000000000000e+02  -7.6354381283107699e+01
   4.9900000000000000e+02  -7.6185117869233807e+01
   5.0000000000000000e+02  -7.6341838523862407e+01
   5.0100000000000000e+02  -7.6044673464198098e+01
   5.0200000000000000e+02  -7.5904947243249595e+01
   5.0300000000000000e+02  -7.5932455947589006e+01
   5.0400000000000000e+02  -7.6239087219597593e+01
   5.0500000000000000e+02  -7.6280925007971007e+01
   5.0600000000000000e+02  -7.6390887619237205e+01
   5.0700000000000000e+02  -7.6623611816139999e+01
   5.0800000000000000e+02  -7.6128179805212596e+01
   5.0900000000000000e+02  -7.6018398562604006e+01
   5.1000000000000000e+02  -7.6525439194551794e+01
   5.1100000000000000e+02  -7.6614345940627004e+01
   5.1200000000000000e+02  -7.6568421398965100e+01
   5.1300000000000000e+02  -7.7109099642540500e+01
   5.1400000000000000e+02  -7.7006825565710699e+01
   5.1500000000000000e+02  -7.6320657495762603e+01
   5.1600000000000000e+02  -7.6061848974401897e+01
   5.1700000000000000e+02  -7.6139811472681998e+01
   5.1800000000000000e+02  -7.6687201547402594e+01
   5.1900000000000000e+02  -7.6537941129260403e+01
   5.2000000000000000e+02  -7.6825882998364193e+01
   5.2100000000000000e+02  -7.7029720470943701e+01
   5.2200000000000000e+02  -7.7394661339346897e+01
   5.2300000000000000e+02  -7.7532299702693194e+01
   5.2400000000000000e+02  -7.7816227801073893e+01
   5.2500000000000000e+02  -7.7856921763846401e+01
   5.2600000000000000e+02  -7.7544791058710402e+01
   5.2700000000000000e+02  -7.7603886600800806e+01
   5.2800000000000000e+02  -7.7261656122924194e+01
   5.2900000000000000e+02  -7.7099921361712802e+01
   5.3000000000000000e+02  -7.6731071727074195e+01
   5.3100000000000000e+02  -7.6871414013157505e+01
   5.3200000000000000e+02  -7.6572425560727396e+01
   5.3300000000000000e+02  -7.6150232666078793e+01
   5.3400000000000000e+02  -7.6055703959096505e+01
   5.3500000000000000e+02  -7.6377873776349801e+01
   5.3600000000000000e+02  -7.6241871580091498e+01
   5.3700000000000000e+02  -7.6380865184603394e+01
   5.3800000000000000e+02  -7.6452074996832906e+01
   5.3900000000000000e+02  -7.6276445751526097e+01
   5.4000000000000000e+02  -7.6912591457086407e+01
   5.4100000000000000e+02  -7.6955597189720294e+01
   5.4200000000000000e+02  -7.6815749995312103e+01
   5.4300000000000000e+02  -7.6706506163326694e+01
   5.4400000000000000e+02  -7.6721931217899794e+01
   5.4500000000000000e+02  -7.7029656201631198e+01
   5.4600000000000000e+02  -7.6987417873286105e+01
   5.4700000000000000e+02  -7.6583007137498498e+01
   5.4800000000000000e+02  -7.6467666036790206e+01
   5.4900000000000000e+02  -7.6533868746652999e+01
   5.5000000000000000e+02  -7.6929396573311607e+01
   5.5100000000000000e+02  -7.6943959425654299e+01
   5.5200000000000000e+02  -7.6895580193826405e+01
   5.5300000000000000e+02  -7.7008169625890304e+01
   5.5400000000000000e+02  -7.6675228221908299e+01
   5.5500000000000000e+02  -7.6357023534687997e+01
   5.5600000000000000e+02  -7.6197532022164907e+01
   5.5700000000000000e+02  -7.6305331599572199e+01
   5.5800000000000000e+02  -7.5781285118400803e+01
   5.5900000000000000e+02  -7.6339909519536107e+01
   5.6000000000000000e+02  -7.6528389708999597e+01
   5.6100000000000000e+02  -7.6515453088716896e+01
   5.6200000000000000e+02  -7.6443550263104299e+01
   5.6300000000000000e+02  -7.5783768893715802e+01
   5.6400000000000000e+02  -7.6270822698783505e+01
   5.6500000000000000e+02  -7.6269362559279301e+01
   5.6600000000000000e+02  -7.6607341864008006e+01
   5.6700000000000000e+02  -7.6550527526311996e+01
   5.6800000000000000e+02  -7.5975226430392297e+01
   5.6900000000000000e+02  -7.6070328906527607e+01
   5.7000000000000000e+02  -7.6158204943554196e+01
   5.7100000000000000e+02  -7.6368423343282302e+01
   5.7200000000000000e+02  -7.6337640065824701e+01
   5.7300000000000000e+02  -7.6431285608743906e+01
   5.7400000000000000e+02  -7.6204688971913598e+01
   5.7500000000000000e+02  -7.6159094576425005e+01
   5.7600000000000000e+02  -7.5818760272756904e+01
   5.7700000000000000e+02  -7.5153220271548506e+01
   5.7800000000000000e+02  -7.5165238163974706e+01
   5.7900000000000000e+02  -7.5598008969348896e+01
   5.8000000000000000e+02  -7.5752485666914495e+01
   5.8100000000000000e+02  -7.5466357501521202e+01
   5.8200000000000000e+02  -7.5400431940872707e+01
   5.8300000000000000e+02  -7.5437799485082294e+01
   5.8400000000000000e+02  -7.5484502975799103e+01
   5.8500000000000000e+02  -7.5711325141804707e+01
   5.8600000000000000e+02  -7.6079025838962394e+01
   5.8700000000000000e+02  -7.6131629023956094e+01
   5.8800000000000000e+02  -7.6324164180585797e+01
   5.8900000000000000e+02  -7.6557339654273605e+01
   5.9000000000000000e+02  -7.6458661530959802e+01
   5.9100000000000000e+02  -7.6921041635041703e+01
   5.9200000000000000e+02  -7.7106433216116002e+01
   5.9300000000000000e+02  -7.7123248760969801e+01
   5.9400000000000000e+02  -7.6569452735963907e+01
   5.9500000000000000e+02  -7.6308088761502901e+01
   5.9600000000000000e+02  -7.6163874162809705e+01
   5.9700000000000000e+02  -7.6135682762691403e+01
   5.9800000000000000e+02  -7.6573312921846096e+01
   5.9900000000000000e+02  -7.6124700625880493e+01
   6.0000000000000000e+02  -7.5530129659002696e+01
   6.0100000000000000e+02  -7.5752050093317095e+01
   6.0200000000000000e+02  -7.5356798556141300e+01
   6.0300000000000000e+02  -7.5112720930696000e+01
   6.0400000000000000e+02  -7.4995177164756697e+01
   6.0500000000000000e+02  -7.5095400032479901e+01
   6.0600000000000000e+02  -7.5033140402687806e+01
   6.0700000000000000e+02  -7.5204407252359701e+01
   6.0800000000000000e+02  -7.5465732830362498e+01
   6.0900000000000000e+02  -7.5316408868743295e+01
   6.1000000000000000e+02  -7.5324714615296998e+01
   6.1100000000000000e+02  -7.5509974434144596e+01
   6.1200000000000000e+02  -7.5458802674010897e+01
   6.1300000000000000e+02  -7.5068424471739206e+01
   6.1400000000000000e+02  -7.5575031252484095e+01
   6.1500000000000000e+02  -7.5734048724083394e+01
   6.1600000000000000e+02  -7.5548813277833801e+01
   6.1700000000000000e+02  -7.5469249547089404e+01
   6.1800000000000000e+02  -7.5385644734918003e+01
   6.1900000000000000e+02  -7.5262133854904803e+01
   6.2000000000000000e+02  -7.5388668627023193e+01
   6.2100000000000000e+02  -7.4837144669292798e+01
   6.2200000000000000e+02  -7.4767576033951897e+01
   6.2300000000000000e+02  -7.4704780463204600e+01
   6.2400000000000000e+02  -7.4337363781112202e+01
   6.2500000000000000e+02  -7.3956629849734099e+01
   6.2600000000000000e+02  -7.3650403715205996e+01
   6.2700000000000000e+02  -7.3436814989140402e+01
   6.2800000000000000e+02  -7.3162285344265200e+01
   6.2900000000000000e+02  -7.3089108173179994e+01
   6.3000000000000000e+02  -7.2998033605955996e+01
   6.3100000000000000e+02  -7.3006765457690094e+01
   6.3200000000000000e+02  -7.2491059086309505e+01
   6.3300000000000000e+02  -7.1855362453955905e+01
   6.3400000000000000e+02  -7.2089027636892297e+01
   6.3500000000000000e+02  -7.2240744168904797e+01
   6.3600000000000000e+02  -7.2039037946430398e+01
   6.3700000000000000e+02  -7.1829461530448100e+01
   6.3800000000000000e+02  -7.2113030942342206e+01
   6.3900000000000000e+02  -7.1915991241267207e+01
   6.4000000000000000e+02  -7.1720677813878694e+01
   6.4100000000000000e+02  -7.1517811973552298e+01
   6.4200000000000000e+02  -7.1527966843571406e+01
   6.4300000000000000e+02  -7.1219540197090893e+01
   6.4400000000000000e+02  -7.1478302883128507e+01
   6.4500000000000000e+02  -7.2117399562901795e+01
   6.4600000000000000e+02  -7.2525895306652401e+01
   6.4700000000000000e+02  -7.2878144828307896e+01
   6.4800000000000000e+02  -7.3318384517871607e+01
   6.4900000000000000e+02  -7.3951385864541805e+01
   6.5000000000000000e+02  -7.4557650044155906e+01
   6.5100000000000000e+02  -7.4850907404180504e+01
   6.5200000000000000e+02  -7.4564426841091901e+01
   6.5300000000000000e+02  -7.4782238739971007e+01
   6.5400000000000000e+02  -7.4620590911129099e+01
   6.5500000000000000e+02  -7.4699881643923902e+01
   6.5600000000000000e+02  -7.4643385305225394e+01
   6.5700000000000000e+02  -7.4574346953198599e+01
   6.5800000000000000e+02  -7.4512095697843193e+01
   6.5900000000000000e+02  -7.5021404645259494e+01
   6.6000000000000000e+02  -7.4458497491853294e+01
   6.6100000000000000e+02  -7.4667211203223701e+01
   6.6200000000000000e+02  -7.4133720453931403e+01
   6.6300000000000000e+02  -7.3945936681008504e+01
   6.6400000000000000e+02  -7.3474064731292501e+01
   6.6500000000000000e+02  -7.3466194735439501e+01
   6.6600000000000000e+02  -7.3360301561303999e+01
   6.6700000000000000e+02  -7.3435833070735796e+01
   6.6800000000000000e+02  -7.3286525915887495e+01
   6.6900000000000000e+02  -7.2723169485372196e+01
   6.7000000000000000e+02  -7.2685819470074904e+01
   6.7100000000000000e+02  -7.2879426700918103e+01
   6.7200000000000000e+02  -7.3176431365950407e+01
   6.7300000000000000e+02  -7.3247995396801201e+01
   6.7400000000000000e+02  -7.3102119589425399e+01
   6.7500000000000000e+02  -7.2927473537626796e+01
   6.7600000000000000e+02  -7.3040215768244295e+01
   6.7700000000000000e+02  -7.2861561442767496e+01
   6.7800000000000000e+02  -7.2862712583472003e+01
   6.7900000000000000e+02  -7.3263863318685097e+01
   6.8000000000000000e+02  -7.3101266309466297e+01
   6.8100000000000000e+02  -7.2563797093377701e+01
   6.8200000000000000e+02  -7.2873587560448200e+01
   6.8300000000000000e+02  -7.2912692295609105e+01
   6.8400000000000000e+02  -7.3145167827747301e+01
   6.8500000000000000e+02  -7.2833455889369404e+01
   6.8600000000000000e+02  -7.2588289605635595e+01
   6.8700000000000000e+02  -7.2913755600399298e+01
   6.8800000000000000e+02  -7.3082009103413498e+01
   6.8900000000000000e+02  -7.2899057908382503e+01
   6.9000000000000000e+02  -7.3059316526887997e+01
   6.9100000000000000e+02  -7.2788147543922193e+01
   6.9200000000000000e+02  -7.3561373797819797e+01
   6.9300000000000000e+02  -7.4193823526210096e+01
   6.9400000000000000e+02  -7.3157934487366902e+01
   6.9500000000000000e+02  -7.3001882006520006e+01
   6.9600000000000000e+02  -7.2905627090295894e+01
   6.9700000000000000e+02  -7.2184448737416801e+01
   6.9800000000000000e+02  -7.1905086531763104e+01
   6.9900000000000000e+02  -7.1334628070690002e+01
   7.0000000000000000e+02  -7.1438719323681198e+01
   7.0100000000000000e+02  -7.1466323830339405e+01
   7.0200000000000000e+02  -7.1177582471684104e+01
   7.0300000000000000e+02  -7.1135072254729494e+01
   7.0400000000000000e+02  -7.0650660095117203e+01
   7.0500000000000000e+02  -7.0765627035259001e+01
   7.0600000000000000e+02  -7.0826104382516107e+01
   7.0700000000000000e+02  -7.0740927771590705e+01
   7.0800000000000000e+02  -7.0855582917474607e+01
   7.0900000000000000e+02  -7.1348200273671793e+01
   7.1000000000000000e+02  -7.1575949272871796e+01
   7.1100000000000000e+02  -7.1310845005769494e+01
   7.1200000000000000e+02  -7.1812723985526603e+01
   7.1300000000000000e+02  -7.1879678802997901e+01
   7.1400000000000000e+02  -7.2232045016181999e+01
   7.1500000000000000e+02  -7.2527810065346799e+01
   7.1600000000000000e+02  -7.2229048534798594e+01
   7.1700000000000000e+02  -7.1863357924397107e+01
   7.1800000000000000e+02  -7.2039262323444007e+01
   7.1900000000000000e+02  -7.2194305455778405e+01
   7.2000000000000000e+02  -7.2410021940386500e+01
   7.2100000000000000e+02  -7.2284092189095006e+01
   7.2200000000000000e+02  -7.2034071782627294e+01
   7.2300000000000000e+02  -7.1969899732314602e+01
   7.2400000000000000e+02  -7.1952239878759698e+01
   7.2500000000000000e+02  -7.1904233286982901e+01
   7.2600000000000000e+02  -7.1704025574336995e+01
   7.2700000000000000e+02  -7.1121634658656603e+01
   7.2800000000000000e+02  -7.0757172916621997e+01
   7.2900000000000000e+02  -7.0888471868628798e+01
   7.3000000000000000e+02  -7.1333403014761302e+01
   7.3100000000000000e+02  -7.1480690486543807e+01
   7.3200000000000000e+02  -7.1616937156204699e+01
   7.3300000000000000e+02  -7.1400656885000302e+01
   7.3400000000000000e+02  -7.1684565859982200e+01
   7.3500000000000000e+02  -7.1456015473975398e+01
   7.3600000000000000e+02  -7.1734046393938598e+01
   7.3700000000000000e+02  -7.1651144554249498e+01
   7.3800000000000000e+02  -7.1695106247102700e+01
   7.3900000000000000e+02  -7.1657250325336307e+01
   7.4000000000000000e+02  -7.1671817559389297e+01
   7.4100000000000000e+02  -7.1481598314144307e+01
   7.4200000000000000e+02  -7.1573475448079606e+01
   7.4300000000000000e+02  -7.1682043112721402e+01
   7.4400000000000000e+02  -7.1919656021554701e+01
   7.4500000000000000e+02  -7.2001095638102896e+01
   7.4600000000000000e+02  -7.2161458931133097e+01
   7.4700000000000000e+02  -7.2143108206841703e+01
   7.4800000000000000e+02  -7.2011610962647893e+01
   7.4900000000000000e+02  -7.2009563210180303e+01
   7.5000000000000000e+02  -7.1657263436361902e+01
   7.5100000000000000e+02  -7.1408418801490399e+01
   7.5200000000000000e+02  -7.1502525546173700e+01
   7.5300000000000000e+02  -7.1866540037584997e+01
   7.5400000000000000e+02  -7.1506979077193193e+01
   7.5500000000000000e+02  -7.1293544134048403e+01
   7.5600000000000000e+02  -7.1477506726141797e+01
   7.5700000000000000e+02  -7.1522518631943200e+01
   7.5800000000000000e+02  -7.1773457093545801e+01
   7.5900000000000000e+02  -7.1550019696583206e+01
   7.6000000000000000e+02  -7.1206929935183297e+01
   7.6100000000000000e+02  -7.1212641181435600e+01
   7.6200000000000000e+02  -7.1294571618267000e+01
   7.6300000000000000e+02  -7.1944406851712898e+01
   7.6400000000000000e+02  -7.1623399148340098e+01
   7.6500000000000000e+02  -7.1487753522450106e+01
   7.6600000000000000e+02  -7.1465275814290393e+01
   7.6700000000000000e+02  -7.1067550690968005e+01
   7.6800000000000000e+02  -7.1094483796697702e+01
   7.6900000000000000e+02  -7.0709913049686193e+01
   7.7000000000000000e+02  -7.0648898315632493e+01
   7.7100000000000000e+02  -7.0888090147142904e+01
   7.7200000000000000e+02  -7.1075398990396295e+01
   7.7300000000000000e+02  -7.0864775899430498e+01
   7.7400000000000000e+02  -7.1057469589116593e+01
   7.7500000000000000e+02  -7.0963209542486297e+01
   7.7600000000000000e+02  -7.0916637258211296e+01
   7.7700000000000000e+02  -7.0897548560314107e+01
   7.7800000000000000e+02  -7.0854033852146799e+01
   7.7900000000000000e+02  -7.0490663336821896e+01
   7.8000000000000000e+02  -7.0202822753727801e+01
   7.8100000000000000e+02  -7.0507984886293301e+01
   7.8200000000000000e+02  -7.0236681001003902e+01
   7.8300000000000000e+02  -7.0359773494548193e+01
   7.8400000000000000e+02  -6.9754102083820698e+01
   7.8500000000000000e+02  -6.9802287338244398e+01
   7.8600000000000000e+02  -6.9571471993530807e+01
   7.8700000000000000e+02  -6.8674219490160596e+01
   7.8800000000000000e+02  -6.8671604573022705e+01
   7.8900000000000000e+02  -6.8582765132185997e+01
   7.9000000000000000e+02  -6.8672003759371293e+01
   7.9100000000000000e+02  -6.8721664971166803e+01
   7.9200000000000000e+02  -6.8460423051636496e+01
   7.9300000000000000e+02  -6.8173498865186602e+01
   7.9400000000000000e+02  -6.8159399245705600e+01
   7.9500000000000000e+02  -6.8068197875615198e+01
   7.9600000000000000e+02  -6.7687820289586597e+01
   7.9700000000000000e+02  -6.7608847433737097e+01
   7.9800000000000000e+02  -6.7803452204457997e+01
   7.9900000000000000e+02  -6.7176900643474795e+01
   8.0000000000000000e+02  -6.6256963705169497e+01
   8.0100000000000000e+02  -6.6154854776077798e+01
   8.0200000000000000e+02  -6.5351961653369997e+01
   8.0300000000000000e+02  -6.4665108857263206e+01
   8.0400000000000000e+02  -6.4433793573239100e+01
   8.0500000000000000e+02  -6.3575274042289003e+01
   8.0600000000000000e+02  -6.3063602141651401e+01
   8.0700000000000000e+02  -6.1875896567514900e+01
   8.0800000000000000e+02  -6.0881612267910903e+01
   8.0900000000000000e+02  -6.0033797808167101e+01
   8.1000000000000000e+02  -5.8863375684938603e+01
   8.1100000000000000e+02  -5.6703642286956601e+01
   8.1200000000000000e+02  -5.3723119733033400e+01
   8.1300000000000000e+02  -4.7067696200007497e+01
   8.1400000000000000e+02  -2.7800783007921101e+01
   8.1500000000000000e+02  -8.8806141349468604e+00
