  -1.0000000000000000e+02  -7.5007337420007801e+01
  -9.9000000000000000e+01  -7.4894989174900999e+01
  -9.8000000000000000e+01  -7.5064967308529106e+01
  -9.7000000000000000e+01  -7.4910360597661395e+01
  -9.6000000000000000e+01  -7.4620391796761297e+01
  -9.5000000000000000e+01  -7.4589079793123901e+01
  -9.4000000000000000e+01  -7.4569813149624096e+01
  -9.3000000000000000e+01  -7.4307530393446498e+01
  -9.2000000000000000e+01  -7.4025029456401995e+01
  -9.1000000000000000e+01  -7.3636908360719005e+01
  -9.0000000000000000e+01  -7.3492747309960606e+01
  -8.9000000000000000e+01  -7.3821004304642699e+01
  -8.8000000000000000e+01  -7.3710117147501194e+01
  -8.7000000000000000e+01  -7.4146108745276706e+01
  -8.6000000000000000e+01  -7.3816998894901104e+01
  -8.5000000000000000e+01  -7.4027222760074196e+01
  -8.4000000000000000e+01  -7.3655656400335403e+01
  -8.3000000000000000e+01  -7.3383371335125403e+01
  -8.2000000000000000e+01  -7.3085496861214594e+01
  -8.1000000000000000e+01  -7.2811614549129303e+01
  -8.0000000000000000e+01  -7.2627356853038506e+01
  -7.9000000000000000e+01  -7.2350794208517598e+01
  -7.8000000000000000e+01  -7.2814110363822294e+01
  -7.7000000000000000e+01  -7.2488976682609106e+01
  -7.6000000000000000e+01  -7.2565116455963505e+01
  -7.5000000000000000e+01  -7.2363950168660196e+01
  -7.4000000000000000e+01  -7.2265386190561301e+01
  -7.3000000000000000e+01  -7.2414621708772600e+01
  -7.2000000000000000e+01  -7.2669668684765796e+01
  -7.1000000000000000e+01  -7.2646359777857796e+01
  -7.0000000000000000e+01  -7.2113064565832104e+01
  -6.9000000000000000e+01  -7.2335764687872000e+01
  -6.8000000000000000e+01  -7.2061031625846397e+01
  -6.7000000000000000e+01  -7.2069158775144800e+01
  -6.6000000000000000e+01  -7.2323689435884106e+01
  -6.5000000000000000e+01  -7.2489154204331797e+01
  -6.4000000000000000e+01  -7.2172332176469794e+01
  -6.3000000000000000e+01  -7.1832562815925499e+01
  -6.2000000000000000e+01  -7.1054777826826793e+01
  -6.1000000000000000e+01  -7.0973572051018905e+01
  -6.0000000000000000e+01  -7.0874917578184096e+01
  -5.9000000000000000e+01  -7.1547776472503600e+01
  -5.8000000000000000e+01  -7.0939866104135803e+01
  -5.7000000000000000e+01  -7.0985388782431798e+01
  -5.6000000000000000e+01  -7.0870383139027894e+01
  -5.5000000000000000e+01  -7.1030437836445898e+01
  -5.4000000000000000e+01  -7.0733624653840906e+01
  -5.3000000000000000e+01  -7.0650037120675805e+01
  -5.2000000000000000e+01  -7.0565911521097107e+01
  -5.1000000000000000e+01  -7.0835517124982502e+01
  -5.0000000000000000e+01  -7.1010577587212495e+01
  -4.9000000000000000e+01  -7.0996319879527505e+01
  -4.8000000000000000e+01  -7.0893993768339797e+01
  -4.7000000000000000e+01  -7.0625055734001506e+01
  -4.6000000000000000e+01  -7.0640188861073497e+01
  -4.5000000000000000e+01  -7.0355758327188596e+01
  -4.4000000000000000e+01  -7.0224753095587701e+01
  -4.3000000000000000e+01  -7.0150903911881400e+01
  -4.2000000000000000e+01  -6.9559450065229498e+01
  -4.1000000000000000e+01  -6.9531307071633705e+01
  -4.0000000000000000e+01  -6.9654123254107304e+01
  -3.9000000000000000e+01  -6.9709121589105905e+01
  -3.8000000000000000e+01  -6.9483099528318704e+01
  -3.7000000000000000e+01  -6.9651752516092998e+01
  -3.6000000000000000e+01  -6.9235465967439893e+01
  -3.5000000000000000e+01  -6.8921375874168106e+01
  -3.4000000000000000e+01  -6.8504235298463797e+01
  -3.3000000000000000e+01  -6.8025672430788603e+01
  -3.2000000000000000e+01  -6.8016613064040499e+01
  -3.1000000000000000e+01  -6.7865256295034897e+01
  -3.0000000000000000e+01  -6.7528429430885097e+01
  -2.9000000000000000e+01  -6.7572494443493895e+01
  -2.8000000000000000e+01  -6.7183156066811804e+01
  -2.7000000000000000e+01  -6.6780988969934896e+01
  -2.6000000000000000e+01  -6.6630783462828106e+01
  -2.5000000000000000e+01  -6.6235167212067594e+01
  -2.4000000000000000e+01  -6.6397026036143899e+01
  -2.3000000000000000e+01  -6.7048842827401899e+01
  -2.2000000000000000e+01  -6.7115326679816903e+01
  -2.1000000000000000e+01  -6.6753153265166901e+01
  -2.0000000000000000e+01  -6.6448229998215695e+01
  -1.9000000000000000e+01  -6.6234147580446901e+01
  -1.8000000000000000e+01  -6.5483828965930201e+01
  -1.7000000000000000e+01  -6.5249675099687394e+01
  -1.6000000000000000e+01  -6.4902024329702698e+01
  -1.5000000000000000e+01  -6.4306538394742304e+01
  -1.4000000000000000e+01  -6.4048365380197396e+01
  -1.3000000000000000e+01  -6.4649395714795801e+01
  -1.2000000000000000e+01  -6.4093624686196193e+01
  -1.1000000000000000e+01  -6.3724458292940398e+01
  -1.0000000000000000e+01  -6.3055742428575101e+01
  -9.0000000000000000e+00  -6.3025310677046100e+01
  -8.0000000000000000e+00  -6.2587958130975899e+01
  -7.0000000000000000e+00  -6.2172190646726499e+01
  -6.0000000000000000e+00  -6.1096112779168401e+01
  -5.0000000000000000e+00  -5.9907687075605899e+01
  -4.0000000000000000e+00  -5.8301454633537702e+01
  -3.0000000000000000e+00  -5.6131780499388100e+01
  -2.0000000000000000e+00  -5.1199857844524900e+01
  -1.0000000000000000e+00  -3.6468537321815397e+01
   0.0000000000000000e+00  -1.1203520048414500e+01
   1.0000000000000000e+00   5.6677330451851899e+00
   2.0000000000000000e+00   1.5767699031125300e+01
   3.0000000000000000e+00   2.1371561145265499e+01
   4.0000000000000000e+00   2.4497631516372600e+01
   5.0000000000000000e+00   2.6301013404896899e+01
   6.0000000000000000e+00   2.6628425715384001e+01
   7.0000000000000000e+00   2.6983634219033600e+01
   8.0000000000000000e+00   2.7419016238294500e+01
   9.0000000000000000e+00   2.7490139640825099e+01
   1.0000000000000000e+01   2.7974877386701500e+01
   1.1000000000000000e+01   2.8166461712463601e+01
   1.2000000000000000e+01   2.8730144221643101e+01
   1.3000000000000000e+01   2.9394199257822802e+01
   1.4000000000000000e+01   2.9224307314292101e+01
   1.5000000000000000e+01   2.9698315079526299e+01
   1.6000000000000000e+01   2.9844129200654400e+01
   1.7000000000000000e+01   3.0106693648918700e+01
   1.8000000000000000e+01   3.0235915442293901e+01
   1.9000000000000000e+01   3.0491800535494200e+01
   2.0000000000000000e+01   3.0561855159964200e+01
   2.1000000000000000e+01   3.0325927055177399e+01
   2.2000000000000000e+01   3.0254069763013099e+01
   2.3000000000000000e+01   3.0247626035560099e+01
   2.4000000000000000e+01   3.0316657301586702e+01
   2.5000000000000000e+01   3.0128316633996398e+01
   2.6000000000000000e+01   3.0516134299347598e+01
   2.7000000000000000e+01   3.0963095353410498e+01
   2.8000000000000000e+01   3.0812883131464002e+01
   2.9000000000000000e+01   3.0444129675616701e+01
   3.0000000000000000e+01   3.0710890903647599e+01
   3.1000000000000000e+01   3.0610255090364500e+01
   3.2000000000000000e+01   3.0521214804440501e+01
   3.3000000000000000e+01   3.1076991650130999e+01
   3.4000000000000000e+01   3.1387091955151401e+01
   3.5000000000000000e+01   3.1217894127009501e+01
   3.6000000000000000e+01   3.1419721964339900e+01
   3.7000000000000000e+01   3.0893989745787099e+01
   3.8000000000000000e+01   3.0671712335897599e+01
   3.9000000000000000e+01   3.1019121292733200e+01
   4.0000000000000000e+01   3.0992582078131900e+01
   4.1000000000000000e+01   3.1297668885933401e+01
   4.2000000000000000e+01   3.1224298761516199e+01
   4.3000000000000000e+01   3.1233858080870700e+01
   4.4000000000000000e+01   3.1327016715837200e+01
   4.5000000000000000e+01   3.1626033855333102e+01
   4.6000000000000000e+01   3.1957613281282001e+01
   4.7000000000000000e+01   3.1837736527907200e+01
   4.8000000000000000e+01   3.2161633024575600e+01
   4.9000000000000000e+01   3.1807226503804600e+01
   5.0000000000000000e+01   3.1653709854037100e+01
   5.1000000000000000e+01   3.1898446547261202e+01
   5.2000000000000000e+01   3.2364093366611499e+01
   5.3000000000000000e+01   3.2196378766690202e+01
   5.4000000000000000e+01   3.2459871645254502e+01
   5.5000000000000000e+01   3.2440176795046298e+01
   5.6000000000000000e+01   3.2404295611276602e+01
   5.7000000000000000e+01   3.2336197710047500e+01
   5.8000000000000000e+01   3.2623650436934000e+01
   5.9000000000000000e+01   3.2589090764447398e+01
   6.0000000000000000e+01   3.2519000380261403e+01
   6.1000000000000000e+01   3.2833007867510098e+01
   6.2000000000000000e+01   3.3051275832674897e+01
   6.3000000000000000e+01   3.3313749635146301e+01
   6.4000000000000000e+01   3.3265527659117303e+01
   6.5000000000000000e+01   3.3448111807389800e+01
   6.6000000000000000e+01   3.3906324754481702e+01
   6.7000000000000000e+01   3.3780891987890797e+01
   6.8000000000000000e+01   3.3388625578518599e+01
   6.9000000000000000e+01   3.3684486503426697e+01
   7.0000000000000000e+01   3.3718218539736299e+01
   7.1000000000000000e+01   3.3157161318155197e+01
   7.2000000000000000e+01   3.3058695706863702e+01
   7.3000000000000000e+01   3.3194393787707199e+01
   7.4000000000000000e+01   3.2972225350415897e+01
   7.5000000000000000e+01   3.2999779360756200e+01
   7.6000000000000000e+01   3.2819056724707103e+01
   7.7000000000000000e+01   3.2426486922693798e+01
   7.8000000000000000e+01   3.2668213556578401e+01
   7.9000000000000000e+01   3.2647626706140201e+01
   8.0000000000000000e+01   3.2948786115205600e+01
   8.1000000000000000e+01   3.2595210947481696e+01
   8.2000000000000000e+01   3.2788143052637800e+01
   8.3000000000000000e+01   3.2215731610213098e+01
   8.4000000000000000e+01   3.2138115074328397e+01
   8.5000000000000000e+01   3.2198897320029502e+01
   8.6000000000000000e+01   3.2422449959030700e+01
   8.7000000000000000e+01   3.2585090367571603e+01
   8.8000000000000000e+01   3.2642570220457102e+01
   8.9000000000000000e+01   3.2459458612322003e+01
   9.0000000000000000e+01   3.2728090964841797e+01
   9.1000000000000000e+01   3.2330029696613700e+01
   9.2000000000000000e+01   3.2364537486295603e+01
   9.3000000000000000e+01   3.2548293107754098e+01
   9.4000000000000000e+01   3.2228326753684797e+01
   9.5000000000000000e+01   3.2819848489199501e+01
   9.6000000000000000e+01   3.2373708390111098e+01
   9.7000000000000000e+01   3.2196388782431399e+01
   9.8000000000000000e+01   3.2130388186517600e+01
   9.9000000000000000e+01   3.2639253866493199e+01
   1.0000000000000000e+02   3.2447535268143596e+01
   1.0100000000000000e+02   3.2138555033974697e+01
   1.0200000000000000e+02   3.2056897533830600e+01
   1.0300000000000000e+02   3.1489780372299499e+01
   1.0400000000000000e+02   3.1713845555436102e+01
   1.0500000000000000e+02   3.1229204328013001e+01
   1.0600000000000000e+02   3.1389474723410000e+01
   1.0700000000000000e+02   3.0635274864478902e+01
   1.0800000000000000e+02   3.1007413898136900e+01
   1.0900000000000000e+02   3.1025066604702101e+01
   1.1000000000000000e+02   3.0515357229065199e+01
   1.1100000000000000e+02   3.1310880460341199e+01
   1.1200000000000000e+02   3.1107780374209501e+01
   1.1300000000000000e+02   3.1022834357276199e+01
   1.1400000000000000e+02   3.1028976290470801e+01
   1.1500000000000000e+02   3.0602041744566701e+01
   1.1600000000000000e+02   3.0363387946482799e+01
   1.1700000000000000e+02   3.0777191794700300e+01
   1.1800000000000000e+02   3.0769817990306599e+01
   1.1900000000000000e+02   3.0600392102021900e+01
   1.2000000000000000e+02   3.0313930526678099e+01
   1.2100000000000000e+02   2.9503050059168800e+01
   1.2200000000000000e+02   2.9932306642609099e+01
   1.2300000000000000e+02   2.9529433115603599e+01
   1.2400000000000000e+02   2.9711381847410902e+01
   1.2500000000000000e+02   2.9799771720241001e+01
   1.2600000000000000e+02   3.0480914702023998e+01
   1.2700000000000000e+02   3.0249529786751101e+01
   1.2800000000000000e+02   3.0622969531700502e+01
   1.2900000000000000e+02   3.1139335575901899e+01
   1.3000000000000000e+02   3.0861304702240599e+01
   1.3100000000000000e+02   3.0905557625391001e+01
   1.3200000000000000e+02   3.1224132635401300e+01
   1.3300000000000000e+02   3.1029249726470400e+01
   1.3400000000000000e+02   3.1223354849973699e+01
   1.3500000000000000e+02   3.0382957942614901e+01
   1.3600000000000000e+02   2.9950983239766600e+01
   1.3700000000000000e+02   2.9696427816737401e+01
   1.3800000000000000e+02   2.9741772926302399e+01
   1.3900000000000000e+02   2.9700765087932400e+01
   1.4000000000000000e+02   2.9602064113432000e+01
   1.4100000000000000e+02   2.9729179928579899e+01
   1.4200000000000000e+02   2.9276931734917301e+01
   1.4300000000000000e+02   2.9136729498506401e+01
   1.4400000000000000e+02   2.8762104471191002e+01
   1.4500000000000000e+02   2.9022275024061699e+01
   1.4600000000000000e+02   2.8971850794489601e+01
   1.4700000000000000e+02   2.9316058037817299e+01
   1.4800000000000000e+02   2.9159545569669000e+01
   1.4900000000000000e+02   2.8818935989068098e+01
   1.5000000000000000e+02   2.8748960639702801e+01
   1.5100000000000000e+02   2.8713946177177501e+01
   1.5200000000000000e+02   2.8917055044244201e+01
   1.5300000000000000e+02   2.8249074880719999e+01
   1.5400000000000000e+02   2.8181826595094101e+01
   1.5500000000000000e+02   2.7584605591224602e+01
   1.5600000000000000e+02   2.7583953273397601e+01
   1.5700000000000000e+02   2.7488178225308300e+01
   1.5800000000000000e+02   2.7359240630337698e+01
   1.5900000000000000e+02   2.6842491754944000e+01
   1.6000000000000000e+02   2.6761505854206700e+01
   1.6100000000000000e+02   2.6735503469766201e+01
   1.6200000000000000e+02   2.6166617143135099e+01
   1.6300000000000000e+02   2.5714466983993699e+01
   1.6400000000000000e+02   2.5961662193105202e+01
   1.6500000000000000e+02   2.6079725112134000e+01
   1.6600000000000000e+02   2.6123307624693599e+01
   1.6700000000000000e+02   2.6348613989967799e+01
   1.6800000000000000e+02   2.6394713975166201e+01
   1.6900000000000000e+02   2.6261596235857901e+01
   1.7000000000000000e+02   2.6182229076137400e+01
   1.7100000000000000e+02   2.5736810826342602e+01
   1.7200000000000000e+02   2.5726862177080001e+01
   1.7300000000000000e+02   2.5144637498047800e+01
   1.7400000000000000e+02   2.5153565407081299e+01
   1.7500000000000000e+02   2.4845704420909900e+01
   1.7600000000000000e+02   2.4363314715742501e+01
   1.7700000000000000e+02   2.3959514706203301e+01
   1.7800000000000000e+02   2.3887704535941300e+01
   1.7900000000000000e+02   2.3608122531746400e+01
   1.8000000000000000e+02   2.3410414031401999e+01
   1.8100000000000000e+02   2.2572653066975899e+01
   1.8200000000000000e+02   2.2706710885844601e+01
   1.8300000000000000e+02   2.2745120257185899e+01
   1.8400000000000000e+02   2.2384619084909001e+01
   1.8500000000000000e+02   2.1940839140562002e+01
   1.8600000000000000e+02   2.1594402382708498e+01
   1.8700000000000000e+02   2.1522224639562602e+01
   1.8800000000000000e+02   2.1036202105245099e+01
   1.8900000000000000e+02   2.0565226813716201e+01
   1.9000000000000000e+02   2.0116695822864799e+01
   1.9100000000000000e+02   1.9998354128680901e+01
   1.9200000000000000e+02   2.0038825742294300e+01
   1.9300000000000000e+02   1.9940016447797401e+01
   1.9400000000000000e+02   1.9728762277688599e+01
   1.9500000000000000e+02   2.0331109727988899e+01
   1.9600000000000000e+02   2.0000473995981199e+01
   1.9700000000000000e+02   1.9325604792676899e+01
   1.9800000000000000e+02   1.9087618307345501e+01
   1.9900000000000000e+02   1.8553270942929998e+01
   2.0000000000000000e+02   1.8708847228747199e+01
   2.0100000000000000e+02   1.8767184160172000e+01
   2.0200000000000000e+02   1.8790812425708701e+01
   2.0300000000000000e+02   1.8855780934623699e+01
   2.0400000000000000e+02   1.8973345501077699e+01
   2.0500000000000000e+02   1.8901203153649000e+01
   2.0600000000000000e+02   1.8747699296591200e+01
   2.0700000000000000e+02   1.8741608859210601e+01
   2.0800000000000000e+02   1.8146141597926299e+01
   2.0900000000000000e+02   1.8342704981419100e+01
   2.1000000000000000e+02   1.8650423373641100e+01
   2.1100000000000000e+02   1.8868822679741001e+01
   2.1200000000000000e+02   1.8330698423203600e+01
   2.1300000000000000e+02   1.8075448779759299e+01
   2.1400000000000000e+02   1.7490379629772100e+01
   2.1500000000000000e+02   1.7659991583803400e+01
   2.1600000000000000e+02   1.7665762130133601e+01
   2.1700000000000000e+02   1.7663891694407699e+01
   2.1800000000000000e+02   1.7829322165984799e+01
   2.1900000000000000e+02   1.7718251469671301e+01
   2.2000000000000000e+02   1.7552607209454798e+01
   2.2100000000000000e+02   1.7405113464732398e+01
   2.2200000000000000e+02   1.7450283995696601e+01
   2.2300000000000000e+02   1.7405129438824599e+01
   2.2400000000000000e+02   1.7507481547110402e+01
   2.2500000000000000e+02   1.6953722146758199e+01
   2.2600000000000000e+02   1.6613702078087400e+01
   2.2700000000000000e+02   1.6140390805843499e+01
   2.2800000000000000e+02   1.6058585862732599e+01
   2.2900000000000000e+02   1.5776104214570401e+01
   2.3000000000000000e+02   1.5823932002552899e+01
   2.3100000000000000e+02   1.5369298314792900e+01
   2.3200000000000000e+02   1.5194844522067701e+01
   2.3300000000000000e+02   1.4680627361666200e+01
   2.3400000000000000e+02   1.5129697245701900e+01
   2.3500000000000000e+02   1.4668325433992299e+01
   2.3600000000000000e+02   1.3984846996403499e+01
   2.3700000000000000e+02   1.4148338683933400e+01
   2.3800000000000000e+02   1.3639573026976599e+01
   2.3900000000000000e+02   1.3381813910176501e+01
   2.4000000000000000e+02   1.3204157758743300e+01
   2.4100000000000000e+02   1.3088156002848899e+01
   2.4200000000000000e+02   1.2651250536368000e+01
   2.4300000000000000e+02   1.2821154910333600e+01
   2.4400000000000000e+02   1.2416072506710000e+01
   2.4500000000000000e+02   1.1954351661347999e+01
   2.4600000000000000e+02   1.2001816821788999e+01
   2.4700000000000000e+02   1.1862399528029201e+01
   2.4800000000000000e+02   1.1458418231878699e+01
   2.4900000000000000e+02   1.1085401750544399e+01
   2.5000000000000000e+02   1.0769361490054600e+01
   2.5100000000000000e+02   1.0248746540094199e+01
   2.5200000000000000e+02   1.0404013405808101e+01
   2.5300000000000000e+02   1.0256013277483200e+01
   2.5400000000000000e+02   9.7522488145223001e+00
   2.5500000000000000e+02   9.3961932068258704e+00
   2.5600000000000000e+02   9.2479795126909998e+00
   2.5700000000000000e+02   8.7756995533121707e+00
   2.5800000000000000e+02   8.4323619842564703e+00
   2.5900000000000000e+02   8.5485126904053104e+00
   2.6000000000000000e+02   7.9530627577433401e+00
   2.6100000000000000e+02   7.8275275458307503e+00
   2.6200000000000000e+02   7.3520896076335402e+00
   2.6300000000000000e+02   6.8848758555125000e+00
   2.6400000000000000e+02   6.5543370071964704e+00
   2.6500000000000000e+02   6.4760071008509499e+00
   2.6600000000000000e+02   6.1769131693054700e+00
   2.6700000000000000e+02   5.9463331348820896e+00
   2.6800000000000000e+02   5.7657638801891498e+00
   2.6900000000000000e+02   5.8800733758515698e+00
   2.7000000000000000e+02   5.4787244317445598e+00
   2.7100000000000000e+02   5.3309643929927804e+00
   2.7200000000000000e+02   5.1657114100595702e+00
   2.7300000000000000e+02   4.8659600830962901e+00
   2.7400000000000000e+02   5.1937618513992900e+00
   2.7500000000000000e+02   5.1737190595625799e+00
   2.7600000000000000e+02   5.0954039833405904e+00
   2.7700000000000000e+02   4.8001566211949198e+00
   2.7800000000000000e+02   4.4133666355293100e+00
   2.7900000000000000e+02   4.2998353867136698e+00
   2.8000000000000000e+02   3.7750083728221999e+00
   2.8100000000000000e+02   3.7951943871978902e+00
   2.8200000000000000e+02   3.5862753800261502e+00
   2.8300000000000000e+02   3.7164981190466202e+00
   2.8400000000000000e+02   4.0237094040386197e+00
   2.8500000000000000e+02   4.1213275807771597e+00
   2.8600000000000000e+02   4.1414665683094602e+00
   2.8700000000000000e+02   3.9116761902796200e+00
   2.8800000000000000e+02   3.5084108398447800e+00
   2.8900000000000000e+02   3.2691422597097701e+00
   2.9000000000000000e+02   2.7032105980485399e+00
   2.9100000000000000e+02   2.6410688383863499e+00
   2.9200000000000000e+02   2.3001598609941900e+00
   2.9300000000000000e+02   1.9513737231764201e+00
   2.9400000000000000e+02   2.0225862448120999e+00
   2.9500000000000000e+02   1.8380862742040300e+00
   2.9600000000000000e+02   1.6133358492949601e+00
   2.9700000000000000e+02   1.2525538978911499e+00
   2.9800000000000000e+02   9.6306026811511503e-01
   2.9900000000000000e+02   6.1710676857290603e-01
   3.0000000000000000e+02   1.5546958411785400e-01
   3.0100000000000000e+02   1.0224564542507800e-01
   3.0200000000000000e+02  -7.7766768213509297e-03
   3.0300000000000000e+02  -1.0528010316093099e+00
   3.0400000000000000e+02  -1.7000606768934099e+00
   3.0500000000000000e+02  -2.1132805968628601e+00
   3.0600000000000000e+02  -2.6349668172964198e+00
   3.0700000000000000e+02  -3.3688326178954902e+00
   3.0800000000000000e+02  -3.8268155962272701e+00
   3.0900000000000000e+02  -4.1168421306242298e+00
   3.1000000000000000e+02  -5.0454477305919703e+00
   3.1100000000000000e+02  -4.9998910953367197e+00
   3.1200000000000000e+02  -5.1720313702379102e+00
   3.1300000000000000e+02  -5.1747900454000000e+00
   3.1400000000000000e+02  -6.1449953935876902e+00
   3.1500000000000000e+02  -5.8641346269878696e+00
   3.1600000000000000e+02  -5.9019521532872599e+00
   3.1700000000000000e+02  -6.2222006594583004e+00
   3.1800000000000000e+02  -6.0072131120338597e+00
   3.1900000000000000e+02  -6.3869577303818303e+00
   3.2000000000000000e+02  -6.4506918874248704e+00
   3.2100000000000000e+02  -6.9549673235368603e+00
   3.2200000000000000e+02  -7.4428664184160898e+00
   3.2300000000000000e+02  -7.9483313660863297e+00
   3.2400000000000000e+02  -8.1721404104169508e+00
   3.2500000000000000e+02  -8.7634217602753992e+00
   3.2600000000000000e+02  -9.3450769555849202e+00
   3.2700000000000000e+02  -1.0104372044133600e+01
   3.2800000000000000e+02  -1.0945788186877900e+01
   3.2900000000000000e+02  -1.1536707409325500e+01
   3.3000000000000000e+02  -1.1678443065422700e+01
   3.3100000000000000e+02  -1.2008625111077601e+01
   3.3200000000000000e+02  -1.2267816775238099e+01
   3.3300000000000000e+02  -1.2710796931310201e+01
   3.3400000000000000e+02  -1.3482662052173300e+01
   3.3500000000000000e+02  -1.3767633420681401e+01
   3.3600000000000000e+02  -1.4113068913677999e+01
   3.3700000000000000e+02  -1.5149471928674799e+01
   3.3800000000000000e+02  -1.5391165853204599e+01
   3.3900000000000000e+02  -1.5881789111795600e+01
   3.4000000000000000e+02  -1.6459178037173402e+01
   3.4100000000000000e+02  -1.6947917948427801e+01
   3.4200000000000000e+02  -1.7463007606169299e+01
   3.4300000000000000e+02  -1.8385817266370200e+01
   3.4400000000000000e+02  -1.9021958164375999e+01
   3.4500000000000000e+02  -1.9674270607405600e+01
   3.4600000000000000e+02  -1.9788057525027000e+01
   3.4700000000000000e+02  -2.0345797235284799e+01
   3.4800000000000000e+02  -2.0993069375316601e+01
   3.4900000000000000e+02  -2.1696907237911901e+01
   3.5000000000000000e+02  -2.2475099794884599e+01
   3.5100000000000000e+02  -2.3157202856216198e+01
   3.5200000000000000e+02  -2.3472359961962599e+01
   3.5300000000000000e+02  -2.4532385084485000e+01
   3.5400000000000000e+02  -2.4559218620410000e+01
   3.5500000000000000e+02  -2.5755106521703400e+01
   3.5600000000000000e+02  -2.6220760786781000e+01
   3.5700000000000000e+02  -2.6767181703730401e+01
   3.5800000000000000e+02  -2.7289846277905500e+01
   3.5900000000000000e+02  -2.7832655749228401e+01
   3.6000000000000000e+02  -2.8402406590535499e+01
   3.6100000000000000e+02  -2.8842409848278599e+01
   3.6200000000000000e+02  -2.9485713059986900e+01
   3.6300000000000000e+02  -2.9762326162076800e+01
   3.6400000000000000e+02  -3.0108959171530600e+01
   3.6500000000000000e+02  -3.0604988115309201e+01
   3.6600000000000000e+02  -3.1000591436302699e+01
   3.6700000000000000e+02  -3.1720429281139801e+01
   3.6800000000000000e+02  -3.2242713669342102e+01
   3.6900000000000000e+02  -3.2943180889138603e+01
   3.7000000000000000e+02  -3.3666473177838100e+01
   3.7100000000000000e+02  -3.3981492340177503e+01
   3.7200000000000000e+02  -3.4762844997315902e+01
   3.7300000000000000e+02  -3.5681185066615200e+01
   3.7400000000000000e+02  -3.6221501972547699e+01
   3.7500000000000000e+02  -3.6658571983994499e+01
   3.7600000000000000e+02  -3.7341638520066802e+01
   3.7700000000000000e+02  -3.8252343054997901e+01
   3.7800000000000000e+02  -3.8957683153426203e+01
   3.7900000000000000e+02  -3.9529302661225003e+01
   3.8000000000000000e+02  -4.0625447897942102e+01
   3.8100000000000000e+02  -4.1498959631927200e+01
   3.8200000000000000e+02  -4.2401981254198503e+01
   3.8300000000000000e+02  -4.3107812494141697e+01
   3.8400000000000000e+02  -4.3614365059203202e+01
   3.8500000000000000e+02  -4.4025182085803202e+01
   3.8600000000000000e+02  -4.4894888010342100e+01
   3.8700000000000000e+02  -4.5347314143648603e+01
   3.8800000000000000e+02  -4.5667101301708101e+01
   3.8900000000000000e+02  -4.6878771217107300e+01
   3.9000000000000000e+02  -4.8303362701693302e+01
   3.9100000000000000e+02  -4.9906620264888197e+01
   3.9200000000000000e+02  -5.0634508812664301e+01
   3.9300000000000000e+02  -5.1364184787631899e+01
   3.9400000000000000e+02  -5.1958914840722500e+01
   3.9500000000000000e+02  -5.2563820103196903e+01
   3.9600000000000000e+02  -5.3972654439407201e+01
   3.9700000000000000e+02  -5.4927441609513501e+01
   3.9800000000000000e+02  -5.5727768133996904e+01
   3.9900000000000000e+02  -5.6594405250024401e+01
   4.0000000000000000e+02  -5.7392569639310899e+01
   4.0100000000000000e+02  -5.7852445761036002e+01
   4.0200000000000000e+02  -5.8685681953936303e+01
   4.0300000000000000e+02  -5.9426765346747402e+01
   4.0400000000000000e+02  -5.9999384257255898e+01
   4.0500000000000000e+02  -6.0737407018325499e+01
   4.0600000000000000e+02  -6.1286661311071398e+01
   4.0700000000000000e+02  -6.1925855636862501e+01
   4.0800000000000000e+02  -6.2648133086759600e+01
   4.0900000000000000e+02  -6.3619824694239902e+01
   4.1000000000000000e+02  -6.4831567620405096e+01
   4.1100000000000000e+02  -6.5373973381196706e+01
   4.1200000000000000e+02  -6.5493762903702105e+01
   4.1300000000000000e+02  -6.6119262904368398e+01
   4.1400000000000000e+02  -6.6762942151812297e+01
   4.1500000000000000e+02  -6.7638786136480306e+01
   4.1600000000000000e+02  -6.7798824074621706e+01
   4.1700000000000000e+02  -6.8046526727914795e+01
   4.1800000000000000e+02  -6.8439155069180103e+01
   4.1900000000000000e+02  -6.8366340522253296e+01
   4.2000000000000000e+02  -6.9065316946953700e+01
   4.2100000000000000e+02  -6.9327575621560001e+01
   4.2200000000000000e+02  -6.9930984582205497e+01
   4.2300000000000000e+02  -7.0636168329325599e+01
   4.2400000000000000e+02  -7.1043380867174307e+01
   4.2500000000000000e+02  -7.1459243438739605e+01
   4.2600000000000000e+02  -7.1867164412943396e+01
   4.2700000000000000e+02  -7.2154311281545802e+01
   4.2800000000000000e+02  -7.2665011671340395e+01
   4.2900000000000000e+02  -7.2579790549652202e+01
   4.3000000000000000e+02  -7.2856493201820101e+01
   4.3100000000000000e+02  -7.2783660879164103e+01
   4.3200000000000000e+02  -7.3080453582452407e+01
   4.3300000000000000e+02  -7.3622288871201704e+01
   4.3400000000000000e+02  -7.4025474604969006e+01
   4.3500000000000000e+02  -7.4237801373099799e+01
   4.3600000000000000e+02  -7.4701587167840401e+01
   4.3700000000000000e+02  -7.5369031262846505e+01
   4.3800000000000000e+02  -7.5782790001035195e+01
   4.3900000000000000e+02  -7.6105824556786700e+01
   4.4000000000000000e+02  -7.5911598272872695e+01
   4.4100000000000000e+02  -7.5706091926503504e+01
   4.4200000000000000e+02  -7.5774240191303804e+01
   4.4300000000000000e+02  -7.5755107989779304e+01
   4.4400000000000000e+02  -7.5500226459884502e+01
   4.4500000000000000e+02  -7.5388904541943702e+01
   4.4600000000000000e+02  -7.5239193301069093e+01
   4.4700000000000000e+02  -7.5052197618680196e+01
   4.4800000000000000e+02  -7.4846687967605007e+01
   4.4900000000000000e+02  -7.5149799754091006e+01
   4.5000000000000000e+02  -7.4710642209327503e+01
   4.5100000000000000e+02  -7.4978451433280199e+01
   4.5200000000000000e+02  -7.5123326883923696e+01
   4.5300000000000000e+02  -7.5056523932940294e+01
   4.5400000000000000e+02  -7.4880719319772794e+01
   4.5500000000000000e+02  -7.4964726364355798e+01
   4.5600000000000000e+02  -7.4744558809298297e+01
   4.5700000000000000e+02  -7.4469694954359497e+01
   4.5800000000000000e+02  -7.4705472075194805e+01
   4.5900000000000000e+02  -7.4242522486227003e+01
   4.6000000000000000e+02  -7.4632502129483896e+01
   4.6100000000000000e+02  -7.4854679671863394e+01
   4.6200000000000000e+02  -7.4636859299188600e+01
   4.6300000000000000e+02  -7.4220795224354106e+01
   4.6400000000000000e+02  -7.4560626145035599e+01
   4.6500000000000000e+02  -7.4702554565721499e+01
   4.6600000000000000e+02  -7.5203930118196496e+01
   4.6700000000000000e+02  -7.5288713502419995e+01
   4.6800000000000000e+02  -7.5619504378306502e+01
   4.6900000000000000e+02  -7.5174470717492397e+01
   4.7000000000000000e+02  -7.5222634329301400e+01
   4.7100000000000000e+02  -7.5071578264674301e+01
   4.7200000000000000e+02  -7.4994833137557407e+01
   4.7300000000000000e+02  -7.4842040002739594e+01
   4.7400000000000000e+02  -7.4953983989818994e+01
   4.7500000000000000e+02  -7.4889013952044806e+01
   4.7600000000000000e+02  -7.4959487044723105e+01
   4.7700000000000000e+02  -7.5180696399197700e+01
   4.7800000000000000e+02  -7.5437362337082106e+01
   4.7900000000000000e+02  -7.5352860008547793e+01
   4.8000000000000000e+02  -7.5239048036039904e+01
   4.8100000000000000e+02  -7.5356432201834394e+01
   4.8200000000000000e+02  -7.5182207205253604e+01
   4.8300000000000000e+02  -7.4591466213676100e+01
   4.8400000000000000e+02  -7.4274628795676193e+01
   4.8500000000000000e+02  -7.4530454825208494e+01
   4.8600000000000000e+02  -7.4695954222319799e+01
   4.8700000000000000e+02  -7.4574025197169107e+01
   4.8800000000000000e+02  -7.4640674613230004e+01
   4.8900000000000000e+02  -7.4948604501469106e+01
   4.9000000000000000e+02  -7.4609807227987801e+01
   4.9100000000000000e+02  -7.4731009940674198e+01
   4.9200000000000000e+02  -7.5091603466164301e+01
   4.9300000000000000e+02  -7.5029706829745905e+01
   4.9400000000000000e+02  -7.4635989970380606e+01
   4.9500000000000000e+02  -7.4821112429120504e+01
   4.9600000000000000e+02  -7.4250330379348995e+01
   4.9700000000000000e+02  -7.4428641511919295e+01
   4.9800000000000000e+02  -7.5107862150981802e+01
   4.9900000000000000e+02  -7.5101645026138698e+01
   5.0000000000000000e+02  -7.5321858745284999e+01
   5.0100000000000000e+02  -7.5096520704044707e+01
   5.0200000000000000e+02  -7.5221398600051700e+01
   5.0300000000000000e+02  -7.5463937456913996e+01
   5.0400000000000000e+02  -7.5485600399732206e+01
   5.0500000000000000e+02  -7.5192373944130495e+01
   5.0600000000000000e+02  -7.4792329351644298e+01
   5.0700000000000000e+02  -7.4813917185432999e+01
   5.0800000000000000e+02  -7.4439959231982400e+01
   5.0900000000000000e+02  -7.4595669945369707e+01
   5.1000000000000000e+02  -7.4987977434796704e+01
   5.1100000000000000e+02  -7.4873485124810401e+01
   5.1200000000000000e+02  -7.4857185435285999e+01
   5.1300000000000000e+02  -7.4922024029227899e+01
   5.1400000000000000e+02  -7.4788285104230695e+01
   5.1500000000000000e+02  -7.5491130184216900e+01
   5.1600000000000000e+02  -7.5780414010652294e+01
   5.1700000000000000e+02  -7.5782507631174497e+01
   5.1800000000000000e+02  -7.6292679157352396e+01
   5.1900000000000000e+02  -7.6059856056470394e+01
   5.2000000000000000e+02  -7.5943930958089496e+01
   5.2100000000000000e+02  -7.5620236555971601e+01
   5.2200000000000000e+02  -7.5657326959413993e+01
   5.2300000000000000e+02  -7.5612891714465604e+01
   5.2400000000000000e+02  -7.5554046835962396e+01
   5.2500000000000000e+02  -7.5700831927269803e+01
   5.2600000000000000e+02  -7.5935500666270997e+01
   5.2700000000000000e+02  -7.5787186987656298e+01
   5.2800000000000000e+02  -7.5501258508654701e+01
   5.2900000000000000e+02  -7.5983923776407096e+01
   5.3000000000000000e+02  -7.6080522581626099e+01
   5.3100000000000000e+02  -7.5667532828849403e+01
   5.3200000000000000e+02  -7.5704570948900098e+01
   5.3300000000000000e+02  -7.6075857437365400e+01
   5.3400000000000000e+02  -7.6338978058805907e+01
   5.3500000000000000e+02  -7.6369489639792207e+01
   5.3600000000000000e+02  -7.6616405823863602e+01
   5.3700000000000000e+02  -7.6437825509695898e+01
   5.3800000000000000e+02  -7.6632633183618694e+01
   5.3900000000000000e+02  -7.6352681605580102e+01
   5.4000000000000000e+02  -7.6725140202148197e+01
   5.4100000000000000e+02  -7.6837976806054201e+01
   5.4200000000000000e+02  -7.6828207538608794e+01
   5.4300000000000000e+02  -7.6599203764410802e+01
   5.4400000000000000e+02  -7.6352643230091502e+01
   5.4500000000000000e+02  -7.6999090649870595e+01
   5.4600000000000000e+02  -7.7292727140269903e+01
   5.4700000000000000e+02  -7.7411451150267993e+01
   5.4800000000000000e+02  -7.7019590197038696e+01
   5.4900000000000000e+02  -7.7125617145902595e+01
   5.5000000000000000e+02  -7.6898118829950704e+01
   5.5100000000000000e+02  -7.6650004673083004e+01
   5.5200000000000000e+02  -7.6184489087771496e+01
   5.5300000000000000e+02  -7.5627811980830103e+01
   5.5400000000000000e+02  -7.5284730097588195e+01
   5.5500000000000000e+02  -7.5100406204145997e+01
   5.5600000000000000e+02  -7.5067047920342603e+01
   5.5700000000000000e+02  -7.5329173643323799e+01
   5.5800000000000000e+02  -7.5618533801836506e+01
   5.5900000000000000e+02  -7.5441041947606195e+01
   5.6000000000000000e+02  -7.5191487324838207e+01
   5.6100000000000000e+02  -7.5671162288315898e+01
   5.6200000000000000e+02  -7.4768813680090204e+01
   5.6300000000000000e+02  -7.4694741423451106e+01
   5.6400000000000000e+02  -7.5363296186336797e+01
   5.6500000000000000e+02  -7.5283397333569695e+01
   5.6600000000000000e+02  -7.5234116304622702e+01
   5.6700000000000000e+02  -7.5205583747032307e+01
   5.6800000000000000e+02  -7.5838680100887998e+01
   5.6900000000000000e+02  -7.6140307172478401e+01
   5.7000000000000000e+02  -7.6456641817500795e+01
   5.7100000000000000e+02  -7.6621731718308595e+01
   5.7200000000000000e+02  -7.6288525151729104e+01
   5.7300000000000000e+02  -7.6144944632084602e+01
   5.7400000000000000e+02  -7.6386571390000995e+01
   5.7500000000000000e+02  -7.6488292526666498e+01
   5.7600000000000000e+02  -7.6380253083369396e+01
   5.7700000000000000e+02  -7.6235179642613502e+01
   5.7800000000000000e+02  -7.6258120194563702e+01
   5.7900000000000000e+02  -7.6398211474754405e+01
   5.8000000000000000e+02  -7.6371088623348598e+01
   5.8100000000000000e+02  -7.6109541066241704e+01
   5.8200000000000000e+02  -7.5874083998704705e+01
   5.8300000000000000e+02  -7.6045974149776001e+01
   5.8400000000000000e+02  -7.6520935860746604e+01
   5.8500000000000000e+02  -7.6575143704865496e+01
   5.8600000000000000e+02  -7.6488242599989206e+01
   5.8700000000000000e+02  -7.6417931900660093e+01
   5.8800000000000000e+02  -7.6963502038185297e+01
   5.8900000000000000e+02  -7.6762805825696205e+01
   5.9000000000000000e+02  -7.6670495820787096e+01
   5.9100000000000000e+02  -7.6349005898360303e+01
   5.9200000000000000e+02  -7.6612616893873493e+01
   5.9300000000000000e+02  -7.6505923647581099e+01
   5.9400000000000000e+02  -7.6019819356864701e+01
   5.9500000000000000e+02  -7.5601925029811795e+01
   5.9600000000000000e+02  -7.5491928313894903e+01
   5.9700000000000000e+02  -7.5175753309605298e+01
   5.9800000000000000e+02  -7.5267688632449094e+01
   5.9900000000000000e+02  -7.5144954562223901e+01
   6.0000000000000000e+02  -7.5092185870717003e+01
   6.0100000000000000e+02  -7.4710530420232601e+01
   6.0200000000000000e+02  -7.4801590041491295e+01
   6.0300000000000000e+02  -7.5178891988221693e+01
   6.0400000000000000e+02  -7.5529076597310805e+01
   6.0500000000000000e+02  -7.5373968380259001e+01
   6.0600000000000000e+02  -7.5635201989769101e+01
   6.0700000000000000e+02  -7.5556871799378300e+01
   6.0800000000000000e+02  -7.5807329026257506e+01
   6.0900000000000000e+02  -7.5455610585141201e+01
   6.1000000000000000e+02  -7.5133649047547806e+01
   6.1100000000000000e+02  -7.5323490169851894e+01
   6.1200000000000000e+02  -7.5368227088187595e+01
   6.1300000000000000e+02  -7.4999090006201001e+01
   6.1400000000000000e+02  -7.4748110105560997e+01
   6.1500000000000000e+02  -7.5196212633495506e+01
   6.1600000000000000e+02  -7.4758065177388104e+01
   6.1700000000000000e+02  -7.4535769662808306e+01
   6.1800000000000000e+02  -7.4794754012298398e+01
   6.1900000000000000e+02  -7.4895293025198299e+01
   6.2000000000000000e+02  -7.5065187670337096e+01
   6.2100000000000000e+02  -7.4788004752603001e+01
   6.2200000000000000e+02  -7.5044888146746999e+01
   6.2300000000000000e+02  -7.5337822634649299e+01
   6.2400000000000000e+02  -7.4993569460917499e+01
   6.2500000000000000e+02  -7.5411208447970793e+01
   6.2600000000000000e+02  -7.4938770693796897e+01
   6.2700000000000000e+02  -7.5063262337593997e+01
   6.2800000000000000e+02  -7.4887380278301606e+01
   6.2900000000000000e+02  -7.5049390978596904e+01
   6.3000000000000000e+02  -7.5128044487946198e+01
   6.3100000000000000e+02  -7.4687519847719400e+01
   6.3200000000000000e+02  -7.4286204868809804e+01
   6.3300000000000000e+02  -7.4399754904011303e+01
   6.3400000000000000e+02  -7.4171571943559897e+01
   6.3500000000000000e+02  -7.4408720149664305e+01
   6.3600000000000000e+02  -7.4812883312249298e+01
   6.3700000000000000e+02  -7.4578574616877106e+01
   6.3800000000000000e+02  -7.4434982252813199e+01
   6.3900000000000000e+02  -7.4799730813054097e+01
   6.4000000000000000e+02  -7.4479198813236295e+01
   6.4100000000000000e+02  -7.4754047669353895e+01
   6.4200000000000000e+02  -7.4389486596013597e+01
   6.4300000000000000e+02  -7.4008136416371300e+01
   6.4400000000000000e+02  -7.4149322770668206e+01
   6.4500000000000000e+02  -7.4336214755369099e+01
   6.4600000000000000e+02  -7.4430273116066601e+01
   6.4700000000000000e+02  -7.4451200208643399e+01
   6.4800000000000000e+02  -7.4788855464030505e+01
   6.4900000000000000e+02  -7.4558625436621995e+01
   6.5000000000000000e+02  -7.4041566313807095e+01
   6.5100000000000000e+02  -7.4292398405629299e+01
   6.5200000000000000e+02  -7.4416503067794395e+01
   6.5300000000000000e+02  -7.4406532930140500e+01
   6.5400000000000000e+02  -7.4015103507964398e+01
   6.5500000000000000e+02  -7.3899858615138797e+01
   6.5600000000000000e+02  -7.3688601520067905e+01
   6.5700000000000000e+02  -7.3335635546931897e+01
   6.5800000000000000e+02  -7.2882962281420504e+01
   6.5900000000000000e+02  -7.2750604827522594e+01
   6.6000000000000000e+02  -7.3206917972493997e+01
   6.6100000000000000e+02  -7.3290232350037300e+01
   6.6200000000000000e+02  -7.3556738446187396e+01
   6.6300000000000000e+02  -7.3819673108372399e+01
   6.6400000000000000e+02  -7.3684898007496798e+01
   6.6500000000000000e+02  -7.3831766935364698e+01
   6.6600000000000000e+02  -7.3910766482086004e+01
   6.6700000000000000e+02  -7.3384885217982301e+01
   6.6800000000000000e+02  -7.2817077832177603e+01
   6.6900000000000000e+02  -7.3182440074909294e+01
   6.7000000000000000e+02  -7.3210921764693893e+01
   6.7100000000000000e+02  -7.2752041113713304e+01
   6.7200000000000000e+02  -7.2844036390895596e+01
   6.7300000000000000e+02  -7.3123506103679006e+01
   6.7400000000000000e+02  -7.2604613163777898e+01
   6.7500000000000000e+02  -7.2930481961648994e+01
   6.7600000000000000e+02  -7.3061013761357700e+01
   6.7700000000000000e+02  -7.2385449505666898e+01
   6.7800000000000000e+02  -7.2605967324526901e+01
   6.7900000000000000e+02  -7.2628523229451005e+01
   6.8000000000000000e+02  -7.2497486219313103e+01
   6.8100000000000000e+02  -7.2714994172125699e+01
   6.8200000000000000e+02  -7.2849345504682304e+01
   6.8300000000000000e+02  -7.2852682940546501e+01
   6.8400000000000000e+02  -7.2723024131370707e+01
   6.8500000000000000e+02  -7.2958176985291203e+01
   6.8600000000000000e+02  -7.3246121499003394e+01
   6.8700000000000000e+02  -7.3155773897178406e+01
   6.8800000000000000e+02  -7.3266133265525994e+01
   6.8900000000000000e+02  -7.3061219336407603e+01
   6.9000000000000000e+02  -7.3197408494858806e+01
   6.9100000000000000e+02  -7.3715161211457001e+01
   6.9200000000000000e+02  -7.3557687587339402e+01
   6.9300000000000000e+02  -7.3661033720062605e+01
   6.9400000000000000e+02  -7.3246528386168706e+01
   6.9500000000000000e+02  -7.3396266647685707e+01
   6.9600000000000000e+02  -7.3037725990170699e+01
   6.9700000000000000e+02  -7.2814174837005197e+01
   6.9800000000000000e+02  -7.2768978399611001e+01
   6.9900000000000000e+02  -7.2299856881698005e+01
   7.0000000000000000e+02  -7.2029038831071205e+01
   7.0100000000000000e+02  -7.1854820072090106e+01
   7.0200000000000000e+02  -7.1912857820837203e+01
   7.0300000000000000e+02  -7.1477906961389294e+01
   7.0400000000000000e+02  -7.1289829096745294e+01
   7.0500000000000000e+02  -7.1185662522482801e+01
   7.0600000000000000e+02  -7.0909256001501802e+01
   7.0700000000000000e+02  -7.0632013476912903e+01
   7.0800000000000000e+02  -7.0806641888276303e+01
   7.0900000000000000e+02  -7.1244555354106794e+01
   7.1000000000000000e+02  -7.0794063049300206e+01
   7.1100000000000000e+02  -7.0198329997364795e+01
   7.1200000000000000e+02  -7.0186707373020099e+01
   7.1300000000000000e+02  -6.9995115729418302e+01
   7.1400000000000000e+02  -7.0223829824574693e+01
   7.1500000000000000e+02  -6.9975081289504104e+01
   7.1600000000000000e+02  -7.0443195911444306e+01
   7.1700000000000000e+02  -7.0433944647946504e+01
   7.1800000000000000e+02  -7.0567880165691705e+01
   7.1900000000000000e+02  -7.0250825778647197e+01
   7.2000000000000000e+02  -7.0436837956995305e+01
   7.2100000000000000e+02  -7.0108824477302406e+01
   7.2200000000000000e+02  -7.0089950818095801e+01
   7.2300000000000000e+02  -7.0349909447834506e+01
   7.2400000000000000e+02  -7.0297070762114600e+01
   7.2500000000000000e+02  -7.0911362768466802e+01
   7.2600000000000000e+02  -7.0934704281583095e+01
   7.2700000000000000e+02  -7.0987189849092303e+01
   7.2800000000000000e+02  -7.0927975489464202e+01
   7.2900000000000000e+02  -7.1099445146991101e+01
   7.3000000000000000e+02  -7.1095040529201697e+01
   7.3100000000000000e+02  -7.1446436191430394e+01
   7.3200000000000000e+02  -7.1407137393370107e+01
   7.3300000000000000e+02  -7.0887198612359200e+01
   7.3400000000000000e+02  -7.0587660115071500e+01
   7.3500000000000000e+02  -7.0179857028586895e+01
   7.3600000000000000e+02  -7.0248055592192202e+01
   7.3700000000000000e+02  -7.0838047812268499e+01
   7.3800000000000000e+02  -7.1021310674667703e+01
   7.3900000000000000e+02  -7.1107790375054407e+01
   7.4000000000000000e+02  -7.1465612206618104e+01
   7.4100000000000000e+02  -7.1290504854653605e+01
   7.4200000000000000e+02  -7.0973565425063896e+01
   7.4300000000000000e+02  -7.1384393816358298e+01
   7.4400000000000000e+02  -7.0905752181116995e+01
   7.4500000000000000e+02  -7.0743815044396797e+01
   7.4600000000000000e+02  -7.0923547736868898e+01
   7.4700000000000000e+02  -7.0924051108085905e+01
   7.4800000000000000e+02  -7.1117099940333006e+01
   7.4900000000000000e+02  -7.1015556777833595e+01
   7.5000000000000000e+02  -7.1061994249564805e+01
   7.5100000000000000e+02  -7.0936717271871004e+01
   7.5200000000000000e+02  -7.0728521506671896e+01
   7.5300000000000000e+02  -7.0573793441707593e+01
   7.5400000000000000e+02  -7.0733623304649498e+01
   7.5500000000000000e+02  -7.0969087263617794e+01
   7.5600000000000000e+02  -7.0695401162572395e+01
   7.5700000000000000e+02  -7.0698272684755494e+01
   7.5800000000000000e+02  -7.0835406878462294e+01
   7.5900000000000000e+02  -7.0698532144327103e+01
   7.6000000000000000e+02  -7.0822141747049102e+01
   7.6100000000000000e+02  -7.0769979006086700e+01
   7.6200000000000000e+02  -7.0454381047703606e+01
   7.6300000000000000e+02  -7.0326461083934504e+01
   7.6400000000000000e+02  -7.0140142199516504e+01
   7.6500000000000000e+02  -7.0290662829092994e+01
   7.6600000000000000e+02  -6.9878337308594794e+01
   7.6700000000000000e+02  -6.9770719177399201e+01
   7.6800000000000000e+02  -6.9461678867657398e+01
   7.6900000000000000e+02  -6.9205920394726704e+01
   7.7000000000000000e+02  -6.9383034356782602e+01
   7.7100000000000000e+02  -6.9113040354021706e+01
   7.7200000000000000e+02  -6.9147036518027505e+01
   7.7300000000000000e+02  -6.9362281947920494e+01
   7.7400000000000000e+02  -6.9001762927968102e+01
   7.7500000000000000e+02  -6.8903907502553395e+01
   7.7600000000000000e+02  -6.8980272326971004e+01
   7.7700000000000000e+02  -6.8882075396896198e+01
   7.7800000000000000e+02  -6.8709055193916797e+01
   7.7900000000000000e+02  -6.7935443431417596e+01
   7.8000000000000000e+02  -6.8362393653961206e+01
   7.8100000000000000e+02  -6.8202125000068904e+01
   7.8200000000000000e+02  -6.8603306662661495e+01
   7.8300000000000000e+02  -6.8835895681043397e+01
   7.8400000000000000e+02  -6.8866924755298797e+01
   7.8500000000000000e+02  -6.8779682249924804e+01
   7.8600000000000000e+02  -6.8604289915124099e+01
   7.8700000000000000e+02  -6.8967601350715796e+01
   7.8800000000000000e+02  -6.9295075796108193e+01
   7.8900000000000000e+02  -6.8819377937561100e+01
   7.9000000000000000e+02  -6.8618696895354404e+01
   7.9100000000000000e+02  -6.8597616902718599e+01
   7.9200000000000000e+02  -6.8002051421916804e+01
   7.9300000000000000e+02  -6.8329716598925302e+01
   7.9400000000000000e+02  -6.8028645036201695e+01
   7.9500000000000000e+02  -6.7590595717203499e+01
   7.9600000000000000e+02  -6.7624450280697801e+01
   7.9700000000000000e+02  -6.7264648547274604e+01
   7.9800000000000000e+02  -6.6949383835761694e+01
   7.9900000000000000e+02  -6.6970538959999303e+01
   8.0000000000000000e+02  -6.7071481886377398e+01
   8.0100000000000000e+02  -6.6738392550123194e+01
   8.0200000000000000e+02  -6.6315991496244294e+01
   8.0300000000000000e+02  -6.6516908429486804e+01
   8.0400000000000000e+02  -6.6574598509194203e+01
   8.0500000000000000e+02  -6.6030445444431606e+01
   8.0600000000000000e+02  -6.5754743037118502e+01
   8.0700000000000000e+02  -6.5021633058793498e+01
   8.0800000000000000e+02  -6.4879397487275895e+01
   8.0900000000000000e+02  -6.4973794790365702e+01
   8.1000000000000000e+02  -6.5054499810301706e+01
   8.1100000000000000e+02  -6.4766116537732898e+01
   8.1200000000000000e+02  -6.3963381176969797e+01
   8.1300000000000000e+02  -6.3266823533480697e+01
   8.1400000000000000e+02  -6.2865108779080401e+01
   8.1500000000000000e+02  -6.3050628974095297e+01
   8.1600000000000000e+02  -6.2748420497024398e+01
   8.1700000000000000e+02  -6.2102436078376599e+01
   8.1800000000000000e+02  -6.1657838064830898e+01
   8.1900000000000000e+02  -6.0748544587448400e+01
   8.2000000000000000e+02  -5.9773658979665001e+01
   8.2100000000000000e+02  -5.8676977916761999e+01
   8.2200000000000000e+02  -5.6696087945912900e+01
   8.2300000000000000e+02  -5.4623848459242701e+01
   8.2400000000000000e+02  -5.0459745780968298e+01
   8.2500000000000000e+02  -3.8850723752013700e+01
   8.2600000000000000e+02  -1.9455415305441001e+01
