  -1.0000000000000000e+02  -7.3104412047956302e+01
  -9.9000000000000000e+01  -7.3149612388001302e+01
  -9.8000000000000000e+01  -7.2980397222028799e+01
  -9.7000000000000000e+01  -7.2826972160391605e+01
  -9.6000000000000000e+01  -7.2931090715173198e+01
  -9.5000000000000000e+01  -7.2746163440281094e+01
  -9.4000000000000000e+01  -7.2333045370035904e+01
  -9.3000000000000000e+01  -7.2296195242093503e+01
  -9.2000000000000000e+01  -7.2256270591728807e+01
  -9.1000000000000000e+01  -7.2308714087482500e+01
  -9.0000000000000000e+01  -7.2685073148255498e+01
  -8.9000000000000000e+01  -7.2540447750530703e+01
  -8.8000000000000000e+01  -7.2470827802436204e+01
  -8.7000000000000000e+01  -7.2124823607980105e+01
  -8.6000000000000000e+01  -7.1696591871720699e+01
  -8.5000000000000000e+01  -7.1328197748217704e+01
  -8.4000000000000000e+01  -7.1298281901183799e+01
  -8.3000000000000000e+01  -7.1390089211545103e+01
  -8.2000000000000000e+01  -7.1242627961883599e+01
  -8.1000000000000000e+01  -7.1041427379214198e+01
  -8.0000000000000000e+01  -7.0868486476423996e+01
  -7.9000000000000000e+01  -7.0585311908187293e+01
  -7.8000000000000000e+01  -7.0528663019139799e+01
  -7.7000000000000000e+01  -7.0344653129331306e+01
  -7.6000000000000000e+01  -7.0123034220049007e+01
  -7.5000000000000000e+01  -6.9660461294255001e+01
  -7.4000000000000000e+01  -6.9711414479010699e+01
  -7.3000000000000000e+01  -6.9481426964873705e+01
  -7.2000000000000000e+01  -6.9683324894615296e+01
  -7.1000000000000000e+01  -6.9889652006516300e+01
  -7.0000000000000000e+01  -6.9892717865512097e+01
  -6.9000000000000000e+01  -6.9997638395431295e+01
  -6.8000000000000000e+01  -6.9926383967464005e+01
  -6.7000000000000000e+01  -7.0182638606437905e+01
  -6.6000000000000000e+01  -7.0239946268817803e+01
  -6.5000000000000000e+01  -6.9675952637466395e+01
  -6.4000000000000000e+01  -7.0115830138062606e+01
  -6.3000000000000000e+01  -7.0048037901215494e+01
  -6.2000000000000000e+01  -7.0005864776175102e+01
  -6.1000000000000000e+01  -6.9493870387762001e+01
  -6.0000000000000000e+01  -6.9828497914835097e+01
  -5.9000000000000000e+01  -6.9574230886769598e+01
  -5.8000000000000000e+01  -6.9862322243685696e+01
  -5.7000000000000000e+01  -6.9516720992705800e+01
  -5.6000000000000000e+01  -7.0324196851134602e+01
  -5.5000000000000000e+01  -6.9987585020458795e+01
  -5.4000000000000000e+01  -7.0198060683521504e+01
  -5.3000000000000000e+01  -7.0692681388619505e+01
  -5.2000000000000000e+01  -7.0321594424214496e+01
  -5.1000000000000000e+01  -6.9887132939707499e+01
  -5.0000000000000000e+01  -6.9570875766714906e+01
  -4.9000000000000000e+01  -6.9142350769958398e+01
  -4.8000000000000000e+01  -6.8930452115183698e+01
  -4.7000000000000000e+01  -6.9211381717284794e+01
  -4.6000000000000000e+01  -6.8822021633098998e+01
  -4.5000000000000000e+01  -6.8802972670233004e+01
  -4.4000000000000000e+01  -6.9483297736354800e+01
  -4.3000000000000000e+01  -6.9442003326434502e+01
  -4.2000000000000000e+01  -6.9263980695390103e+01
  -4.1000000000000000e+01  -6.9143645219229796e+01
  -4.0000000000000000e+01  -6.9408976883733203e+01
  -3.9000000000000000e+01  -6.9149583567450904e+01
  -3.8000000000000000e+01  -6.9476685686992994e+01
  -3.7000000000000000e+01  -6.9330575951501899e+01
  -3.6000000000000000e+01  -6.9161321653232207e+01
  -3.5000000000000000e+01  -6.9259171317326107e+01
  -3.4000000000000000e+01  -6.9091888618709703e+01
  -3.3000000000000000e+01  -6.8795693932797107e+01
  -3.2000000000000000e+01  -6.8983830405721406e+01
  -3.1000000000000000e+01  -6.9254593236348498e+01
  -3.0000000000000000e+01  -6.9114881495296302e+01
  -2.9000000000000000e+01  -6.9064543739850905e+01
  -2.8000000000000000e+01  -6.9373402969573306e+01
  -2.7000000000000000e+01  -6.8847041017717103e+01
  -2.6000000000000000e+01  -6.8351623876483600e+01
  -2.5000000000000000e+01  -6.8471410475852196e+01
  -2.4000000000000000e+01  -6.8758395205065597e+01
  -2.3000000000000000e+01  -6.8100708443331598e+01
  -2.2000000000000000e+01  -6.7813962580683906e+01
  -2.1000000000000000e+01  -6.8030116586763697e+01
  -2.0000000000000000e+01  -6.7808498245770295e+01
  -1.9000000000000000e+01  -6.7961292550061401e+01
  -1.8000000000000000e+01  -6.7683145636384396e+01
  -1.7000000000000000e+01  -6.7756728567131006e+01
  -1.6000000000000000e+01  -6.7093099023551304e+01
  -1.5000000000000000e+01  -6.6651504632845999e+01
  -1.4000000000000000e+01  -6.6747026479145404e+01
  -1.3000000000000000e+01  -6.6089262568336096e+01
  -1.2000000000000000e+01  -6.5290393636601806e+01
  -1.1000000000000000e+01  -6.4939414972584999e+01
  -1.0000000000000000e+01  -6.4351706844692899e+01
  -9.0000000000000000e+00  -6.4068942659240406e+01
  -8.0000000000000000e+00  -6.2963718208509199e+01
  -7.0000000000000000e+00  -6.2361518171227097e+01
  -6.0000000000000000e+00  -6.1682777578363797e+01
  -5.0000000000000000e+00  -6.0340522640214800e+01
  -4.0000000000000000e+00  -5.8774088347080003e+01
  -3.0000000000000000e+00  -5.6948549119401100e+01
  -2.0000000000000000e+00  -5.2521425560639102e+01
  -1.0000000000000000e+00  -3.9881482304470900e+01
   0.0000000000000000e+00  -1.2124123165214399e+01
   1.0000000000000000e+00   5.3068387908308399e+00
   2.0000000000000000e+00   1.5768562466577700e+01
   3.0000000000000000e+00   2.1261705269960299e+01
   4.0000000000000000e+00   2.4170538729549300e+01
   5.0000000000000000e+00   2.5905917033705801e+01
   6.0000000000000000e+00   2.6684699047393799e+01
   7.0000000000000000e+00   2.7240130579696501e+01
   8.0000000000000000e+00   2.7605379664569298e+01
   9.0000000000000000e+00   2.8121754546343599e+01
   1.0000000000000000e+01   2.8135868254274499e+01
   1.1000000000000000e+01   2.8549902179883102e+01
   1.2000000000000000e+01   2.8780109915719500e+01
   1.3000000000000000e+01   2.9233968175292301e+01
   1.4000000000000000e+01   2.9325612237357600e+01
   1.5000000000000000e+01   2.9636114481979199e+01
   1.6000000000000000e+01   2.9860840974945202e+01
   1.7000000000000000e+01   2.9970757691504399e+01
   1.8000000000000000e+01   3.0065754574448199e+01
   1.9000000000000000e+01   3.0594498887113801e+01
   2.0000000000000000e+01   3.0426644190300600e+01
   2.1000000000000000e+01   3.0772877904138198e+01
   2.2000000000000000e+01   3.0468561610259702e+01
   2.3000000000000000e+01   3.0096650620144100e+01
   2.4000000000000000e+01   2.9605344966632401e+01
   2.5000000000000000e+01   2.9753055364388299e+01
   2.6000000000000000e+01   3.0179833906679900e+01
   2.7000000000000000e+01   3.0325351730427300e+01
   2.8000000000000000e+01   3.0183775767512198e+01
   2.9000000000000000e+01   3.0803177408789399e+01
   3.0000000000000000e+01   3.0748025740214999e+01
   3.1000000000000000e+01   3.0679308527955499e+01
   3.2000000000000000e+01   3.0483020099276899e+01
   3.3000000000000000e+01   3.0203860811545599e+01
   3.4000000000000000e+01   3.0145773777671401e+01
   3.5000000000000000e+01   3.0054365374732701e+01
   3.6000000000000000e+01   3.0566893957236999e+01
   3.7000000000000000e+01   3.0483607710324399e+01
   3.8000000000000000e+01   3.0445325871498500e+01
   3.9000000000000000e+01   3.0998489849160901e+01
   4.0000000000000000e+01   3.1455339174623202e+01
   4.1000000000000000e+01   3.1456946893291999e+01
   4.2000000000000000e+01   3.1192204983354902e+01
   4.3000000000000000e+01   3.1307651507081101e+01
   4.4000000000000000e+01   3.1552369376611100e+01
   4.5000000000000000e+01   3.1528499213034699e+01
   4.6000000000000000e+01   3.1547906681978500e+01
   4.7000000000000000e+01   3.1412141146309100e+01
   4.8000000000000000e+01   3.1780533928888801e+01
   4.9000000000000000e+01   3.1824982511259702e+01
   5.0000000000000000e+01   3.2030760346365199e+01
   5.1000000000000000e+01   3.1981201400323400e+01
   5.2000000000000000e+01   3.2269694037118498e+01
   5.3000000000000000e+01   3.2783302907674504e+01
   5.4000000000000000e+01   3.3000346298202501e+01
   5.5000000000000000e+01   3.2513424321865500e+01
   5.6000000000000000e+01   3.2500708150165302e+01
   5.7000000000000000e+01   3.2815917584224202e+01
   5.8000000000000000e+01   3.3424528056477797e+01
   5.9000000000000000e+01   3.3553233582875798e+01
   6.0000000000000000e+01   3.3621473235587601e+01
   6.1000000000000000e+01   3.3487305888731903e+01
   6.2000000000000000e+01   3.3401466548605498e+01
   6.3000000000000000e+01   3.3921850493960001e+01
   6.4000000000000000e+01   3.3808062722064498e+01
   6.5000000000000000e+01   3.4230492953722099e+01
   6.6000000000000000e+01   3.4575785427178701e+01
   6.7000000000000000e+01   3.4100182732035400e+01
   6.8000000000000000e+01   3.4396026830057501e+01
   6.9000000000000000e+01   3.4668731728527099e+01
   7.0000000000000000e+01   3.4286824814513999e+01
   7.1000000000000000e+01   3.4703589551553499e+01
   7.2000000000000000e+01   3.4483960753309297e+01
   7.3000000000000000e+01   3.4615666160853401e+01
   7.4000000000000000e+01   3.4708778001900598e+01
   7.5000000000000000e+01   3.5035100933165999e+01
   7.6000000000000000e+01   3.5008326006804801e+01
   7.7000000000000000e+01   3.4956098702856501e+01
   7.8000000000000000e+01   3.5096695764995097e+01
   7.9000000000000000e+01   3.4897679026018899e+01
   8.0000000000000000e+01   3.4671233714789103e+01
   8.1000000000000000e+01   3.4930204359487000e+01
   8.2000000000000000e+01   3.5180348283357397e+01
   8.3000000000000000e+01   3.4978567967591502e+01
   8.4000000000000000e+01   3.5179001074514098e+01
   8.5000000000000000e+01   3.5149728306347903e+01
   8.6000000000000000e+01   3.4588511950694297e+01
   8.7000000000000000e+01   3.4024913434060402e+01
   8.8000000000000000e+01   3.4483215253220202e+01
   8.9000000000000000e+01   3.4632043206091502e+01
   9.0000000000000000e+01   3.4924546254461902e+01
   9.1000000000000000e+01   3.4260766689539899e+01
   9.2000000000000000e+01   3.4270456402200701e+01
   9.3000000000000000e+01   3.4273390679224001e+01
   9.4000000000000000e+01   3.4845613445600300e+01
   9.5000000000000000e+01   3.4782321379841001e+01
   9.6000000000000000e+01   3.5182268616988502e+01
   9.7000000000000000e+01   3.5258506031586400e+01
   9.8000000000000000e+01   3.5512076116161403e+01
   9.9000000000000000e+01   3.5049668430252702e+01
   1.0000000000000000e+02   3.4692555474932803e+01
   1.0100000000000000e+02   3.3921921337126903e+01
   1.0200000000000000e+02   3.3879186126165600e+01
   1.0300000000000000e+02   3.3867818865460201e+01
   1.0400000000000000e+02   3.3748307289251997e+01
   1.0500000000000000e+02   3.3906055167677103e+01
   1.0600000000000000e+02   3.4022678269474902e+01
   1.0700000000000000e+02   3.3756879159954700e+01
   1.0800000000000000e+02   3.3788649517671601e+01
   1.0900000000000000e+02   3.3565846401664800e+01
   1.1000000000000000e+02   3.3332706684897403e+01
   1.1100000000000000e+02   3.3437864279463803e+01
   1.1200000000000000e+02   3.3651792435402299e+01
   1.1300000000000000e+02   3.3343850420633700e+01
   1.1400000000000000e+02   3.3405539681765802e+01
   1.1500000000000000e+02   3.3307296984129003e+01
   1.1600000000000000e+02   3.3392605701080100e+01
   1.1700000000000000e+02   3.3292945516316998e+01
   1.1800000000000000e+02   3.3173835379290402e+01
   1.1900000000000000e+02   3.3413619179711503e+01
   1.2000000000000000e+02   3.3691257205950798e+01
   1.2100000000000000e+02   3.3785864634388403e+01
   1.2200000000000000e+02   3.3367431949432003e+01
   1.2300000000000000e+02   3.2700405637781600e+01
   1.2400000000000000e+02   3.2804662447502103e+01
   1.2500000000000000e+02   3.2593376616268600e+01
   1.2600000000000000e+02   3.2282530154223799e+01
   1.2700000000000000e+02   3.2023343648310998e+01
   1.2800000000000000e+02   3.1915177782797301e+01
   1.2900000000000000e+02   3.1562421409478400e+01
   1.3000000000000000e+02   3.1505312328229500e+01
   1.3100000000000000e+02   3.1132202597208298e+01
   1.3200000000000000e+02   3.1201995662197799e+01
   1.3300000000000000e+02   3.0838703181041001e+01
   1.3400000000000000e+02   3.0771317052526300e+01
   1.3500000000000000e+02   3.0190145795103700e+01
   1.3600000000000000e+02   3.0554256214480802e+01
   1.3700000000000000e+02   3.0300594555826699e+01
   1.3800000000000000e+02   2.9764179490174399e+01
   1.3900000000000000e+02   2.9923074043918099e+01
   1.4000000000000000e+02   3.0277132436056000e+01
   1.4100000000000000e+02   3.0075388085607500e+01
   1.4200000000000000e+02   2.9818662031360699e+01
   1.4300000000000000e+02   2.9879969273454400e+01
   1.4400000000000000e+02   2.9976218081709401e+01
   1.4500000000000000e+02   3.0079885389553400e+01
   1.4600000000000000e+02   3.0332287794088501e+01
   1.4700000000000000e+02   2.9897232917664201e+01
   1.4800000000000000e+02   2.9984134400492898e+01
   1.4900000000000000e+02   3.0038003837000598e+01
   1.5000000000000000e+02   3.0072059807056000e+01
   1.5100000000000000e+02   3.0150021370946899e+01
   1.5200000000000000e+02   2.9878825401446999e+01
   1.5300000000000000e+02   2.9778905407725802e+01
   1.5400000000000000e+02   2.9592451008141001e+01
   1.5500000000000000e+02   2.9325208026706001e+01
   1.5600000000000000e+02   2.9403786111302999e+01
   1.5700000000000000e+02   2.8976219455182601e+01
   1.5800000000000000e+02   2.8789982682965700e+01
   1.5900000000000000e+02   2.8145668584548002e+01
   1.6000000000000000e+02   2.8340256002119499e+01
   1.6100000000000000e+02   2.8106025426898000e+01
   1.6200000000000000e+02   2.7991298674315900e+01
   1.6300000000000000e+02   2.7627731842790698e+01
   1.6400000000000000e+02   2.7847284004864299e+01
   1.6500000000000000e+02   2.7745448200594801e+01
   1.6600000000000000e+02   2.7755466769744800e+01
   1.6700000000000000e+02   2.7710088752816901e+01
   1.6800000000000000e+02   2.8180103385099699e+01
   1.6900000000000000e+02   2.7951225327224400e+01
   1.7000000000000000e+02   2.7927942754788099e+01
   1.7100000000000000e+02   2.7543240686886499e+01
   1.7200000000000000e+02   2.7763435386989201e+01
   1.7300000000000000e+02   2.7142810347132400e+01
   1.7400000000000000e+02   2.7048063753126701e+01
   1.7500000000000000e+02   2.7264807658031000e+01
   1.7600000000000000e+02   2.7336565037620900e+01
   1.7700000000000000e+02   2.7258108281469301e+01
   1.7800000000000000e+02   2.7404960893783102e+01
   1.7900000000000000e+02   2.7438852534910801e+01
   1.8000000000000000e+02   2.6956769592570598e+01
   1.8100000000000000e+02   2.6305892586084699e+01
   1.8200000000000000e+02   2.6084374215962100e+01
   1.8300000000000000e+02   2.5678481706750901e+01
   1.8400000000000000e+02   2.5774160458889199e+01
   1.8500000000000000e+02   2.5491722401045699e+01
   1.8600000000000000e+02   2.5533410138591901e+01
   1.8700000000000000e+02   2.5344531577870800e+01
   1.8800000000000000e+02   2.4614680685248601e+01
   1.8900000000000000e+02   2.4504807087627299e+01
   1.9000000000000000e+02   2.4538751064009102e+01
   1.9100000000000000e+02   2.4761313066142701e+01
   1.9200000000000000e+02   2.4531622983187699e+01
   1.9300000000000000e+02   2.4077938630498100e+01
   1.9400000000000000e+02   2.3256369479131699e+01
   1.9500000000000000e+02   2.2832676994058701e+01
   1.9600000000000000e+02   2.2540477063034899e+01
   1.9700000000000000e+02   2.2008308307586699e+01
   1.9800000000000000e+02   2.1558039393857200e+01
   1.9900000000000000e+02   2.0869236270256899e+01
   2.0000000000000000e+02   2.1236058417376700e+01
   2.0100000000000000e+02   2.1512137649245499e+01
   2.0200000000000000e+02   2.1566528127002300e+01
   2.0300000000000000e+02   2.1432359104162000e+01
   2.0400000000000000e+02   2.1308525709677699e+01
   2.0500000000000000e+02   2.0766084754036299e+01
   2.0600000000000000e+02   2.1014411829313200e+01
   2.0700000000000000e+02   2.1237015119538199e+01
   2.0800000000000000e+02   2.1378093033129801e+01
   2.0900000000000000e+02   2.1213962525079900e+01
   2.1000000000000000e+02   2.1015489196438800e+01
   2.1100000000000000e+02   2.1097538131744098e+01
   2.1200000000000000e+02   2.0622779151555601e+01
   2.1300000000000000e+02   2.0737859062803601e+01
   2.1400000000000000e+02   2.0809044160603602e+01
   2.1500000000000000e+02   2.0485314165024199e+01
   2.1600000000000000e+02   2.0136918138372099e+01
   2.1700000000000000e+02   1.9832434590528202e+01
   2.1800000000000000e+02   2.0052002521005999e+01
   2.1900000000000000e+02   1.9892841812374801e+01
   2.2000000000000000e+02   1.9087310478955899e+01
   2.2100000000000000e+02   1.8867587788110999e+01
   2.2200000000000000e+02   1.8882021751925699e+01
   2.2300000000000000e+02   1.8630659796919900e+01
   2.2400000000000000e+02   1.8366026612449101e+01
   2.2500000000000000e+02   1.8223671315541999e+01
   2.2600000000000000e+02   1.8549880516609100e+01
   2.2700000000000000e+02   1.8684747385745698e+01
   2.2800000000000000e+02   1.7826286458227401e+01
   2.2900000000000000e+02   1.7502380782366199e+01
   2.3000000000000000e+02   1.8045522823386499e+01
   2.3100000000000000e+02   1.7758659150039300e+01
   2.3200000000000000e+02   1.7975110761036699e+01
   2.3300000000000000e+02   1.7803857139386199e+01
   2.3400000000000000e+02   1.7910773303286099e+01
   2.3500000000000000e+02   1.7100679540329001e+01
   2.3600000000000000e+02   1.7170202694180301e+01
   2.3700000000000000e+02   1.6889514771740899e+01
   2.3800000000000000e+02   1.7150879538376898e+01
   2.3900000000000000e+02   1.6694477167940700e+01
   2.4000000000000000e+02   1.6737332690542502e+01
   2.4100000000000000e+02   1.6660400888807899e+01
   2.4200000000000000e+02   1.6377007069742199e+01
   2.4300000000000000e+02   1.5830190261181301e+01
   2.4400000000000000e+02   1.5509343301925201e+01
   2.4500000000000000e+02   1.4946457381077300e+01
   2.4600000000000000e+02   1.4830880186579000e+01
   2.4700000000000000e+02   1.4515864304446000e+01
   2.4800000000000000e+02   1.3864820022594600e+01
   2.4900000000000000e+02   1.3303030548244701e+01
   2.5000000000000000e+02   1.2909171797381800e+01
   2.5100000000000000e+02   1.2535573064351301e+01
   2.5200000000000000e+02   1.2373594185436900e+01
   2.5300000000000000e+02   1.2301916109427401e+01
   2.5400000000000000e+02   1.2103867539419200e+01
   2.5500000000000000e+02   1.2069672191651700e+01
   2.5600000000000000e+02   1.2249574305446600e+01
   2.5700000000000000e+02   1.2023733403429199e+01
   2.5800000000000000e+02   1.2283055378875201e+01
   2.5900000000000000e+02   1.1962219057223100e+01
   2.6000000000000000e+02   1.1183190885864899e+01
   2.6100000000000000e+02   1.1141864931311300e+01
   2.6200000000000000e+02   1.0653055084689200e+01
   2.6300000000000000e+02   1.0265894102662200e+01
   2.6400000000000000e+02   1.0115353043151201e+01
   2.6500000000000000e+02   1.0088504006878001e+01
   2.6600000000000000e+02   9.4994440603945396e+00
   2.6700000000000000e+02   9.0858023259030407e+00
   2.6800000000000000e+02   8.4583147756268904e+00
   2.6900000000000000e+02   8.1956505667968500e+00
   2.7000000000000000e+02   7.8378348308873003e+00
   2.7100000000000000e+02   8.0157168381171306e+00
   2.7200000000000000e+02   7.6872324651096404e+00
   2.7300000000000000e+02   7.2963259506034497e+00
   2.7400000000000000e+02   6.9348728930814598e+00
   2.7500000000000000e+02   7.0411738981617100e+00
   2.7600000000000000e+02   6.7463917399869100e+00
   2.7700000000000000e+02   6.4720361100292196e+00
   2.7800000000000000e+02   6.6066266392971604e+00
   2.7900000000000000e+02   6.5995033233340301e+00
   2.8000000000000000e+02   5.7486901173945499e+00
   2.8100000000000000e+02   5.5476230726072204e+00
   2.8200000000000000e+02   5.7636789051531903e+00
   2.8300000000000000e+02   5.2056543815660197e+00
   2.8400000000000000e+02   4.5783669446501296e+00
   2.8500000000000000e+02   4.5556862965492098e+00
   2.8600000000000000e+02   4.4651787567973198e+00
   2.8700000000000000e+02   4.4633209114226799e+00
   2.8800000000000000e+02   4.2023798681621898e+00
   2.8900000000000000e+02   3.6567167248379402e+00
   2.9000000000000000e+02   2.9913687264179600e+00
   2.9100000000000000e+02   2.4130705222859401e+00
   2.9200000000000000e+02   2.5207371097446201e+00
   2.9300000000000000e+02   2.9274683969502902e+00
   2.9400000000000000e+02   2.4411864375354400e+00
   2.9500000000000000e+02   1.9342500674483101e+00
   2.9600000000000000e+02   1.9112925238768701e+00
   2.9700000000000000e+02   2.0683954420187001e+00
   2.9800000000000000e+02   1.8101867296776299e+00
   2.9900000000000000e+02   1.4326355169260601e+00
   3.0000000000000000e+02   1.0610728957093600e+00
   3.0100000000000000e+02   8.7048245249386602e-01
   3.0200000000000000e+02   3.8454942436511602e-01
   3.0300000000000000e+02   1.0586271414021500e-01
   3.0400000000000000e+02  -4.9462565965082300e-01
   3.0500000000000000e+02  -8.5078110201239598e-01
   3.0600000000000000e+02  -9.4197654867348202e-01
   3.0700000000000000e+02  -1.5605057437608201e+00
   3.0800000000000000e+02  -2.0653984520579201e+00
   3.0900000000000000e+02  -2.3759735101420798e+00
   3.1000000000000000e+02  -2.5657935944065202e+00
   3.1100000000000000e+02  -3.0405272014998399e+00
   3.1200000000000000e+02  -3.1240085278108700e+00
   3.1300000000000000e+02  -3.1512746649214400e+00
   3.1400000000000000e+02  -3.5738532046159799e+00
   3.1500000000000000e+02  -3.9250149649779100e+00
   3.1600000000000000e+02  -4.1167982851989704e+00
   3.1700000000000000e+02  -4.5692003144067499e+00
   3.1800000000000000e+02  -5.2805268497848799e+00
   3.1900000000000000e+02  -5.5578156899023998e+00
   3.2000000000000000e+02  -5.6361679870854600e+00
   3.2100000000000000e+02  -6.2597368093087402e+00
   3.2200000000000000e+02  -6.3950244749566698e+00
   3.2300000000000000e+02  -7.4310629123489802e+00
   3.2400000000000000e+02  -8.0360099693619507e+00
   3.2500000000000000e+02  -8.5700513992753091e+00
   3.2600000000000000e+02  -8.9107216495504709e+00
   3.2700000000000000e+02  -9.3505035790438100e+00
   3.2800000000000000e+02  -9.3361911901976402e+00
   3.2900000000000000e+02  -1.0084797789222000e+01
   3.3000000000000000e+02  -1.0680206361718700e+01
   3.3100000000000000e+02  -1.1174465231157299e+01
   3.3200000000000000e+02  -1.1660815343011199e+01
   3.3300000000000000e+02  -1.1428776399653300e+01
   3.3400000000000000e+02  -1.2093898127461200e+01
   3.3500000000000000e+02  -1.3128170659305701e+01
   3.3600000000000000e+02  -1.3520491263795400e+01
   3.3700000000000000e+02  -1.3935686614248199e+01
   3.3800000000000000e+02  -1.4701378735815799e+01
   3.3900000000000000e+02  -1.5399951031119100e+01
   3.4000000000000000e+02  -1.6072984324625100e+01
   3.4100000000000000e+02  -1.6705227559317699e+01
   3.4200000000000000e+02  -1.7299630778048201e+01
   3.4300000000000000e+02  -1.7891900437826202e+01
   3.4400000000000000e+02  -1.7986466622055300e+01
   3.4500000000000000e+02  -1.8500116749289901e+01
   3.4600000000000000e+02  -1.8853186034895700e+01
   3.4700000000000000e+02  -1.9358229241369301e+01
   3.4800000000000000e+02  -1.9649081783150400e+01
   3.4900000000000000e+02  -2.0126056006335901e+01
   3.5000000000000000e+02  -2.0662917580047001e+01
   3.5100000000000000e+02  -2.0820936033642099e+01
   3.5200000000000000e+02  -2.1591970321582100e+01
   3.5300000000000000e+02  -2.2526775786611200e+01
   3.5400000000000000e+02  -2.3399698608657999e+01
   3.5500000000000000e+02  -2.3825082607778299e+01
   3.5600000000000000e+02  -2.3774101440162902e+01
   3.5700000000000000e+02  -2.4333494008056800e+01
   3.5800000000000000e+02  -2.5428354842023200e+01
   3.5900000000000000e+02  -2.5611946307755801e+01
   3.6000000000000000e+02  -2.6080481957658900e+01
   3.6100000000000000e+02  -2.6435982640576501e+01
   3.6200000000000000e+02  -2.7044145107082802e+01
   3.6300000000000000e+02  -2.7764769558741499e+01
   3.6400000000000000e+02  -2.8184034098188501e+01
   3.6500000000000000e+02  -2.9088211460004299e+01
   3.6600000000000000e+02  -2.9713065756401299e+01
   3.6700000000000000e+02  -3.0340277509965500e+01
   3.6800000000000000e+02  -3.1205035731932199e+01
   3.6900000000000000e+02  -3.2163656877945201e+01
   3.7000000000000000e+02  -3.2717313382710600e+01
   3.7100000000000000e+02  -3.3732488223279901e+01
   3.7200000000000000e+02  -3.4268236576252797e+01
   3.7300000000000000e+02  -3.5290514848036700e+01
   3.7400000000000000e+02  -3.6003222313151198e+01
   3.7500000000000000e+02  -3.6756863895212902e+01
   3.7600000000000000e+02  -3.7393030982767797e+01
   3.7700000000000000e+02  -3.7667941935535502e+01
   3.7800000000000000e+02  -3.8071449245846601e+01
   3.7900000000000000e+02  -3.9181546621331002e+01
   3.8000000000000000e+02  -4.0173024301087501e+01
   3.8100000000000000e+02  -4.0556348880709997e+01
   3.8200000000000000e+02  -4.1440410266616503e+01
   3.8300000000000000e+02  -4.2054352852630700e+01
   3.8400000000000000e+02  -4.2715935941467798e+01
   3.8500000000000000e+02  -4.3853281655819700e+01
   3.8600000000000000e+02  -4.4022875288773903e+01
   3.8700000000000000e+02  -4.5156500533567900e+01
   3.8800000000000000e+02  -4.6488082781771503e+01
   3.8900000000000000e+02  -4.7497818111720903e+01
   3.9000000000000000e+02  -4.8776905255256104e+01
   3.9100000000000000e+02  -5.0101111444744397e+01
   3.9200000000000000e+02  -5.0839468425940197e+01
   3.9300000000000000e+02  -5.1511683101243101e+01
   3.9400000000000000e+02  -5.2443171419909497e+01
   3.9500000000000000e+02  -5.3222233795656201e+01
   3.9600000000000000e+02  -5.4465703505199500e+01
   3.9700000000000000e+02  -5.5805627100152797e+01
   3.9800000000000000e+02  -5.6820476363208400e+01
   3.9900000000000000e+02  -5.7422959427311099e+01
   4.0000000000000000e+02  -5.8516400305738998e+01
   4.0100000000000000e+02  -5.9671903622277199e+01
   4.0200000000000000e+02  -6.0350570452347199e+01
   4.0300000000000000e+02  -6.0917047098191397e+01
   4.0400000000000000e+02  -6.1613033639129803e+01
   4.0500000000000000e+02  -6.2079712861144600e+01
   4.0600000000000000e+02  -6.2642997528091200e+01
   4.0700000000000000e+02  -6.2950719348041503e+01
   4.0800000000000000e+02  -6.4054964952588605e+01
   4.0900000000000000e+02  -6.4536455372366405e+01
   4.1000000000000000e+02  -6.5129330640904698e+01
   4.1100000000000000e+02  -6.5786436749379007e+01
   4.1200000000000000e+02  -6.6324828845813101e+01
   4.1300000000000000e+02  -6.6769621843316799e+01
   4.1400000000000000e+02  -6.7481981633979800e+01
   4.1500000000000000e+02  -6.8432655692689906e+01
   4.1600000000000000e+02  -6.9147837625747897e+01
   4.1700000000000000e+02  -6.9391637161770305e+01
   4.1800000000000000e+02  -7.0159702098517300e+01
   4.1900000000000000e+02  -7.0358522300354593e+01
   4.2000000000000000e+02  -7.0253779869906197e+01
   4.2100000000000000e+02  -7.0846268163083096e+01
   4.2200000000000000e+02  -7.1252950749255405e+01
   4.2300000000000000e+02  -7.1670849858960693e+01
   4.2400000000000000e+02  -7.2162372191355601e+01
   4.2500000000000000e+02  -7.2193892878663405e+01
   4.2600000000000000e+02  -7.2596574202108997e+01
   4.2700000000000000e+02  -7.3013986645290103e+01
   4.2800000000000000e+02  -7.3355573525560601e+01
   4.2900000000000000e+02  -7.3569358951651196e+01
   4.3000000000000000e+02  -7.3720437219445103e+01
   4.3100000000000000e+02  -7.4025102634969400e+01
   4.3200000000000000e+02  -7.4375673002930199e+01
   4.3300000000000000e+02  -7.4800850315890600e+01
   4.3400000000000000e+02  -7.4917035365922700e+01
   4.3500000000000000e+02  -7.4901006935420895e+01
   4.3600000000000000e+02  -7.4033282976556393e+01
   4.3700000000000000e+02  -7.4659180276975704e+01
   4.3800000000000000e+02  -7.4820282221473093e+01
   4.3900000000000000e+02  -7.4636734335579504e+01
   4.4000000000000000e+02  -7.5109526023449703e+01
   4.4100000000000000e+02  -7.5017789743888699e+01
   4.4200000000000000e+02  -7.4664009964593802e+01
   4.4300000000000000e+02  -7.5023280809069405e+01
   4.4400000000000000e+02  -7.4808647346798907e+01
   4.4500000000000000e+02  -7.4854616862167902e+01
   4.4600000000000000e+02  -7.4603570198576193e+01
   4.4700000000000000e+02  -7.4827230463579596e+01
   4.4800000000000000e+02  -7.4747797997551302e+01
   4.4900000000000000e+02  -7.5058800561712303e+01
   4.5000000000000000e+02  -7.5192423966768004e+01
   4.5100000000000000e+02  -7.5135194439770700e+01
   4.5200000000000000e+02  -7.4530115206276506e+01
   4.5300000000000000e+02  -7.4540063380314095e+01
   4.5400000000000000e+02  -7.4609767005084507e+01
   4.5500000000000000e+02  -7.4851296358607101e+01
   4.5600000000000000e+02  -7.4955025748126701e+01
   4.5700000000000000e+02  -7.5230288652561896e+01
   4.5800000000000000e+02  -7.4621815974707005e+01
   4.5900000000000000e+02  -7.4695137575353698e+01
   4.6000000000000000e+02  -7.5079160823709699e+01
   4.6100000000000000e+02  -7.5315979510888596e+01
   4.6200000000000000e+02  -7.5049619678987298e+01
   4.6300000000000000e+02  -7.5154656498939502e+01
   4.6400000000000000e+02  -7.5202862575783300e+01
   4.6500000000000000e+02  -7.5198706895559994e+01
   4.6600000000000000e+02  -7.5421858226893093e+01
   4.6700000000000000e+02  -7.5608955214072196e+01
   4.6800000000000000e+02  -7.5143891245021706e+01
   4.6900000000000000e+02  -7.4910554516594004e+01
   4.7000000000000000e+02  -7.5085324687511701e+01
   4.7100000000000000e+02  -7.5126254959180898e+01
   4.7200000000000000e+02  -7.5040611987627898e+01
   4.7300000000000000e+02  -7.4607146998138205e+01
   4.7400000000000000e+02  -7.4547829321942899e+01
   4.7500000000000000e+02  -7.4253143020352496e+01
   4.7600000000000000e+02  -7.4004529617842493e+01
   4.7700000000000000e+02  -7.4127097645022104e+01
   4.7800000000000000e+02  -7.3399015733018899e+01
   4.7900000000000000e+02  -7.3424062498824597e+01
   4.8000000000000000e+02  -7.3760524079496804e+01
   4.8100000000000000e+02  -7.3541919581827997e+01
   4.8200000000000000e+02  -7.3228816570591107e+01
   4.8300000000000000e+02  -7.3259183365835298e+01
   4.8400000000000000e+02  -7.3388179739258604e+01
   4.8500000000000000e+02  -7.3480372778628407e+01
   4.8600000000000000e+02  -7.3457982976648495e+01
   4.8700000000000000e+02  -7.3336070731594006e+01
   4.8800000000000000e+02  -7.3079092328144199e+01
   4.8900000000000000e+02  -7.3200698664726204e+01
   4.9000000000000000e+02  -7.3419236881841400e+01
   4.9100000000000000e+02  -7.3676687170953002e+01
   4.9200000000000000e+02  -7.4175932413477497e+01
   4.9300000000000000e+02  -7.4348698869393104e+01
   4.9400000000000000e+02  -7.4208548811472994e+01
   4.9500000000000000e+02  -7.4318455149811101e+01
   4.9600000000000000e+02  -7.4182388247180995e+01
   4.9700000000000000e+02  -7.4346674094278399e+01
   4.9800000000000000e+02  -7.4491686188077594e+01
   4.9900000000000000e+02  -7.4555620562752495e+01
   5.0000000000000000e+02  -7.4709698628322698e+01
   5.0100000000000000e+02  -7.4206078227642195e+01
   5.0200000000000000e+02  -7.4317147419413303e+01
   5.0300000000000000e+02  -7.3883202503676799e+01
   5.0400000000000000e+02  -7.3743601463777694e+01
   5.0500000000000000e+02  -7.3753492023076603e+01
   5.0600000000000000e+02  -7.3509799474217701e+01
   5.0700000000000000e+02  -7.3759267525986800e+01
   5.0800000000000000e+02  -7.3891888457713904e+01
   5.0900000000000000e+02  -7.3978220179714398e+01
   5.1000000000000000e+02  -7.3924426772119304e+01
   5.1100000000000000e+02  -7.4043238702561595e+01
   5.1200000000000000e+02  -7.4713136700694406e+01
   5.1300000000000000e+02  -7.5144075945259800e+01
   5.1400000000000000e+02  -7.4802913361720698e+01
   5.1500000000000000e+02  -7.5245375559243300e+01
   5.1600000000000000e+02  -7.5351316735730293e+01
   5.1700000000000000e+02  -7.5313309575305993e+01
   5.1800000000000000e+02  -7.5451489301859795e+01
   5.1900000000000000e+02  -7.5471308633688295e+01
   5.2000000000000000e+02  -7.5728344048660702e+01
   5.2100000000000000e+02  -7.5522552839753899e+01
   5.2200000000000000e+02  -7.5967867923524807e+01
   5.2300000000000000e+02  -7.5748246844271094e+01
   5.2400000000000000e+02  -7.5969184690863798e+01
   5.2500000000000000e+02  -7.5984961421591507e+01
   5.2600000000000000e+02  -7.5771730280020094e+01
   5.2700000000000000e+02  -7.5770942559490294e+01
   5.2800000000000000e+02  -7.5777974129663903e+01
   5.2900000000000000e+02  -7.5650984361734302e+01
   5.3000000000000000e+02  -7.5533235336004097e+01
   5.3100000000000000e+02  -7.5915153994692204e+01
   5.3200000000000000e+02  -7.5877303264681402e+01
   5.3300000000000000e+02  -7.5969520679539301e+01
   5.3400000000000000e+02  -7.5860391506605097e+01
   5.3500000000000000e+02  -7.6020391680385700e+01
   5.3600000000000000e+02  -7.5698948916071402e+01
   5.3700000000000000e+02  -7.5145286624181907e+01
   5.3800000000000000e+02  -7.5572126855186895e+01
   5.3900000000000000e+02  -7.5834471567558197e+01
   5.4000000000000000e+02  -7.6184782801620202e+01
   5.4100000000000000e+02  -7.6016504604931100e+01
   5.4200000000000000e+02  -7.5988087166484704e+01
   5.4300000000000000e+02  -7.5543967898945397e+01
   5.4400000000000000e+02  -7.5398270416842493e+01
   5.4500000000000000e+02  -7.5263289972119495e+01
   5.4600000000000000e+02  -7.4817805535784800e+01
   5.4700000000000000e+02  -7.4982050870997199e+01
   5.4800000000000000e+02  -7.5067043337233201e+01
   5.4900000000000000e+02  -7.5355742073317202e+01
   5.5000000000000000e+02  -7.5366930380070102e+01
   5.5100000000000000e+02  -7.4909603990023200e+01
   5.5200000000000000e+02  -7.4472338425491102e+01
   5.5300000000000000e+02  -7.4371605320180805e+01
   5.5400000000000000e+02  -7.4973569759753104e+01
   5.5500000000000000e+02  -7.5043294545780299e+01
   5.5600000000000000e+02  -7.5211384660721507e+01
   5.5700000000000000e+02  -7.5698041581934206e+01
   5.5800000000000000e+02  -7.6200690468657299e+01
   5.5900000000000000e+02  -7.6497728463475497e+01
   5.6000000000000000e+02  -7.6662101001601698e+01
   5.6100000000000000e+02  -7.6790918152403606e+01
   5.6200000000000000e+02  -7.6833523817949995e+01
   5.6300000000000000e+02  -7.6361049822248205e+01
   5.6400000000000000e+02  -7.6233918463500103e+01
   5.6500000000000000e+02  -7.5947448807307893e+01
   5.6600000000000000e+02  -7.6413524058827406e+01
   5.6700000000000000e+02  -7.6684961887000796e+01
   5.6800000000000000e+02  -7.6467743018142301e+01
   5.6900000000000000e+02  -7.5970638602155503e+01
   5.7000000000000000e+02  -7.6475387121326193e+01
   5.7100000000000000e+02  -7.6423802046128898e+01
   5.7200000000000000e+02  -7.6839535757860006e+01
   5.7300000000000000e+02  -7.6605673421757203e+01
   5.7400000000000000e+02  -7.6841943945536002e+01
   5.7500000000000000e+02  -7.6839470034867801e+01
   5.7600000000000000e+02  -7.6785081988061606e+01
   5.7700000000000000e+02  -7.6807207906542004e+01
   5.7800000000000000e+02  -7.6729815465195202e+01
   5.7900000000000000e+02  -7.6824584353969996e+01
   5.8000000000000000e+02  -7.6358553492783997e+01
   5.8100000000000000e+02  -7.6057761194137797e+01
   5.8200000000000000e+02  -7.6179140535490305e+01
   5.8300000000000000e+02  -7.6177777530387203e+01
   5.8400000000000000e+02  -7.6069210504834302e+01
   5.8500000000000000e+02  -7.6180495347852798e+01
   5.8600000000000000e+02  -7.5992978729199905e+01
   5.8700000000000000e+02  -7.6154225350005404e+01
   5.8800000000000000e+02  -7.6192647834484305e+01
   5.8900000000000000e+02  -7.6444032234386995e+01
   5.9000000000000000e+02  -7.6720890775387403e+01
   5.9100000000000000e+02  -7.6617623026037094e+01
   5.9200000000000000e+02  -7.6628240203805206e+01
   5.9300000000000000e+02  -7.6729881335841895e+01
   5.9400000000000000e+02  -7.6581401792305400e+01
   5.9500000000000000e+02  -7.6624165728097495e+01
   5.9600000000000000e+02  -7.6767399642192004e+01
   5.9700000000000000e+02  -7.6759194963562706e+01
   5.9800000000000000e+02  -7.6345811832016295e+01
   5.9900000000000000e+02  -7.6072133636058993e+01
   6.0000000000000000e+02  -7.5886067103681100e+01
   6.0100000000000000e+02  -7.5596683024826802e+01
   6.0200000000000000e+02  -7.5478900894380303e+01
   6.0300000000000000e+02  -7.5322680135558102e+01
   6.0400000000000000e+02  -7.5227485104422598e+01
   6.0500000000000000e+02  -7.5042966236006805e+01
   6.0600000000000000e+02  -7.5608883985042795e+01
   6.0700000000000000e+02  -7.5549233638941601e+01
   6.0800000000000000e+02  -7.5170140770651699e+01
   6.0900000000000000e+02  -7.4706030645817194e+01
   6.1000000000000000e+02  -7.5336983854622602e+01
   6.1100000000000000e+02  -7.5168002973378506e+01
   6.1200000000000000e+02  -7.5288305629201204e+01
   6.1300000000000000e+02  -7.4582743286678195e+01
   6.1400000000000000e+02  -7.4608561582323404e+01
   6.1500000000000000e+02  -7.4953675923157903e+01
   6.1600000000000000e+02  -7.4848930230928701e+01
   6.1700000000000000e+02  -7.4642883910291701e+01
   6.1800000000000000e+02  -7.5106213132903903e+01
   6.1900000000000000e+02  -7.4834986550261803e+01
   6.2000000000000000e+02  -7.4839516349662802e+01
   6.2100000000000000e+02  -7.5424175945543794e+01
   6.2200000000000000e+02  -7.5423958754285394e+01
   6.2300000000000000e+02  -7.5466178974646596e+01
   6.2400000000000000e+02  -7.5355789582353097e+01
   6.2500000000000000e+02  -7.5325702614401806e+01
   6.2600000000000000e+02  -7.5102713018329595e+01
   6.2700000000000000e+02  -7.4977186462780196e+01
   6.2800000000000000e+02  -7.4686743668899595e+01
   6.2900000000000000e+02  -7.4668166071275394e+01
   6.3000000000000000e+02  -7.4259356845498999e+01
   6.3100000000000000e+02  -7.4243427242197001e+01
   6.3200000000000000e+02  -7.3844725059917593e+01
   6.3300000000000000e+02  -7.3433497651122906e+01
   6.3400000000000000e+02  -7.3436771529570805e+01
   6.3500000000000000e+02  -7.3106618115269697e+01
   6.3600000000000000e+02  -7.2473063597312702e+01
   6.3700000000000000e+02  -7.2603609238402498e+01
   6.3800000000000000e+02  -7.2104806035576104e+01
   6.3900000000000000e+02  -7.2495491671333696e+01
   6.4000000000000000e+02  -7.2415350220394700e+01
   6.4100000000000000e+02  -7.2538095559963494e+01
   6.4200000000000000e+02  -7.2874792723074805e+01
   6.4300000000000000e+02  -7.2923054265310896e+01
   6.4400000000000000e+02  -7.3130783962244905e+01
   6.4500000000000000e+02  -7.3585759050639396e+01
   6.4600000000000000e+02  -7.2848841935760703e+01
   6.4700000000000000e+02  -7.2596538358504702e+01
   6.4800000000000000e+02  -7.2786426156963500e+01
   6.4900000000000000e+02  -7.2499505073766898e+01
   6.5000000000000000e+02  -7.2611179695642804e+01
   6.5100000000000000e+02  -7.2317982279645804e+01
   6.5200000000000000e+02  -7.2098454444040101e+01
   6.5300000000000000e+02  -7.2403062205774603e+01
   6.5400000000000000e+02  -7.1808866705275605e+01
   6.5500000000000000e+02  -7.1693108405762700e+01
   6.5600000000000000e+02  -7.1761073175361602e+01
   6.5700000000000000e+02  -7.1842482557144507e+01
   6.5800000000000000e+02  -7.2140172876443600e+01
   6.5900000000000000e+02  -7.2399915088356295e+01
   6.6000000000000000e+02  -7.3094362745059996e+01
   6.6100000000000000e+02  -7.3323663142954402e+01
   6.6200000000000000e+02  -7.3072244195655301e+01
   6.6300000000000000e+02  -7.3177113884402303e+01
   6.6400000000000000e+02  -7.2886483284760999e+01
   6.6500000000000000e+02  -7.3268981456682994e+01
   6.6600000000000000e+02  -7.3282214988274006e+01
   6.6700000000000000e+02  -7.3027453578618605e+01
   6.6800000000000000e+02  -7.3063899412255395e+01
   6.6900000000000000e+02  -7.2771070961320504e+01
   6.7000000000000000e+02  -7.2810557499842801e+01
   6.7100000000000000e+02  -7.2915244243429598e+01
   6.7200000000000000e+02  -7.2749620962363096e+01
   6.7300000000000000e+02  -7.2382789150706401e+01
   6.7400000000000000e+02  -7.2385426880351801e+01
   6.7500000000000000e+02  -7.2853137767646800e+01
   6.7600000000000000e+02  -7.2598241560907297e+01
   6.7700000000000000e+02  -7.2869991060710603e+01
   6.7800000000000000e+02  -7.2783189437197194e+01
   6.7900000000000000e+02  -7.3370780884163494e+01
   6.8000000000000000e+02  -7.3856557183198305e+01
   6.8100000000000000e+02  -7.3903951819495802e+01
   6.8200000000000000e+02  -7.4193215862923694e+01
   6.8300000000000000e+02  -7.4467491476950300e+01
   6.8400000000000000e+02  -7.4531461788986803e+01
   6.8500000000000000e+02  -7.4997758069721399e+01
   6.8600000000000000e+02  -7.4655217778024095e+01
   6.8700000000000000e+02  -7.4691180841842197e+01
   6.8800000000000000e+02  -7.4460569240828406e+01
   6.8900000000000000e+02  -7.4344917736950904e+01
   6.9000000000000000e+02  -7.4664995924153402e+01
   6.9100000000000000e+02  -7.5018908444746501e+01
   6.9200000000000000e+02  -7.5069019891945601e+01
   6.9300000000000000e+02  -7.4580705525138299e+01
   6.9400000000000000e+02  -7.4502559489801101e+01
   6.9500000000000000e+02  -7.4460224028281104e+01
   6.9600000000000000e+02  -7.4076142806248299e+01
   6.9700000000000000e+02  -7.3992262218239304e+01
   6.9800000000000000e+02  -7.3685189154473505e+01
   6.9900000000000000e+02  -7.3289151497002806e+01
   7.0000000000000000e+02  -7.3250947097677098e+01
   7.0100000000000000e+02  -7.3116552707586095e+01
   7.0200000000000000e+02  -7.3132267291745194e+01
   7.0300000000000000e+02  -7.3084891097645198e+01
   7.0400000000000000e+02  -7.2981213299213394e+01
   7.0500000000000000e+02  -7.2807792858559694e+01
   7.0600000000000000e+02  -7.2373897184694400e+01
   7.0700000000000000e+02  -7.2682526824111903e+01
   7.0800000000000000e+02  -7.2314707115732105e+01
   7.0900000000000000e+02  -7.2312782121441202e+01
   7.1000000000000000e+02  -7.2429102389171504e+01
   7.1100000000000000e+02  -7.3067698863006001e+01
   7.1200000000000000e+02  -7.3461283878125599e+01
   7.1300000000000000e+02  -7.3364674257632103e+01
   7.1400000000000000e+02  -7.3156052635920105e+01
   7.1500000000000000e+02  -7.3136072994960401e+01
   7.1600000000000000e+02  -7.3080550307059099e+01
   7.1700000000000000e+02  -7.3056351496409405e+01
   7.1800000000000000e+02  -7.3470032871355400e+01
   7.1900000000000000e+02  -7.3608656665866206e+01
   7.2000000000000000e+02  -7.3291773608835697e+01
   7.2100000000000000e+02  -7.3687401311704903e+01
   7.2200000000000000e+02  -7.3513787680008505e+01
   7.2300000000000000e+02  -7.3825772707864203e+01
   7.2400000000000000e+02  -7.3775987957219698e+01
   7.2500000000000000e+02  -7.3719486099882303e+01
   7.2600000000000000e+02  -7.3654138259707196e+01
   7.2700000000000000e+02  -7.4077843444803605e+01
   7.2800000000000000e+02  -7.4252327145789295e+01
   7.2900000000000000e+02  -7.4587933983274993e+01
   7.3000000000000000e+02  -7.4766533162282400e+01
   7.3100000000000000e+02  -7.4717914403688795e+01
   7.3200000000000000e+02  -7.4126497547447997e+01
   7.3300000000000000e+02  -7.4053526690291207e+01
   7.3400000000000000e+02  -7.4163959284060397e+01
   7.3500000000000000e+02  -7.4508190868555999e+01
   7.3600000000000000e+02  -7.4461154459808398e+01
   7.3700000000000000e+02  -7.4448758881656502e+01
   7.3800000000000000e+02  -7.3858987505616298e+01
   7.3900000000000000e+02  -7.4208642509928794e+01
   7.4000000000000000e+02  -7.4617244145942394e+01
   7.4100000000000000e+02  -7.4893152524266597e+01
   7.4200000000000000e+02  -7.4712802713775901e+01
   7.4300000000000000e+02  -7.4634424451707901e+01
   7.4400000000000000e+02  -7.4713280276508797e+01
   7.4500000000000000e+02  -7.4715232653594299e+01
   7.4600000000000000e+02  -7.4485503896930297e+01
   7.4700000000000000e+02  -7.4296834204501906e+01
   7.4800000000000000e+02  -7.4214145063231896e+01
   7.4900000000000000e+02  -7.4499836459608304e+01
   7.5000000000000000e+02  -7.4672153061129194e+01
   7.5100000000000000e+02  -7.4722981235666396e+01
   7.5200000000000000e+02  -7.5106519315983704e+01
   7.5300000000000000e+02  -7.5310773450958607e+01
   7.5400000000000000e+02  -7.5334705353285599e+01
   7.5500000000000000e+02  -7.4599775085251096e+01
   7.5600000000000000e+02  -7.4204940772310806e+01
   7.5700000000000000e+02  -7.4313236293838699e+01
   7.5800000000000000e+02  -7.4249730330804297e+01
   7.5900000000000000e+02  -7.3699677777652198e+01
   7.6000000000000000e+02  -7.3522476133417300e+01
   7.6100000000000000e+02  -7.3052353764942396e+01
   7.6200000000000000e+02  -7.2552164652749596e+01
   7.6300000000000000e+02  -7.2701229190403495e+01
   7.6400000000000000e+02  -7.3176563725907599e+01
   7.6500000000000000e+02  -7.2966428004877102e+01
   7.6600000000000000e+02  -7.3598575168493397e+01
   7.6700000000000000e+02  -7.3931924251232203e+01
   7.6800000000000000e+02  -7.4644972035255606e+01
   7.6900000000000000e+02  -7.4471968105062004e+01
   7.7000000000000000e+02  -7.4567933699258006e+01
   7.7100000000000000e+02  -7.4525048124576799e+01
   7.7200000000000000e+02  -7.4210935895472900e+01
   7.7300000000000000e+02  -7.4112063417214500e+01
   7.7400000000000000e+02  -7.4009225770697498e+01
   7.7500000000000000e+02  -7.4310236121753803e+01
   7.7600000000000000e+02  -7.4586574005972494e+01
   7.7700000000000000e+02  -7.4559818476103999e+01
   7.7800000000000000e+02  -7.4478260038871895e+01
   7.7900000000000000e+02  -7.4438224579820499e+01
   7.8000000000000000e+02  -7.4278417666610395e+01
   7.8100000000000000e+02  -7.4215370425946602e+01
   7.8200000000000000e+02  -7.3686915500152907e+01
   7.8300000000000000e+02  -7.3966637141622499e+01
   7.8400000000000000e+02  -7.4162702371933904e+01
   7.8500000000000000e+02  -7.4181418078654602e+01
   7.8600000000000000e+02  -7.3823822018190796e+01
   7.8700000000000000e+02  -7.3807194914312902e+01
   7.8800000000000000e+02  -7.3516495350554806e+01
   7.8900000000000000e+02  -7.3153814092330194e+01
   7.9000000000000000e+02  -7.3158812267805502e+01
   7.9100000000000000e+02  -7.3432347435232302e+01
   7.9200000000000000e+02  -7.3436930875423002e+01
   7.9300000000000000e+02  -7.3695560926264804e+01
   7.9400000000000000e+02  -7.3886279156097004e+01
   7.9500000000000000e+02  -7.3442835831047205e+01
   7.9600000000000000e+02  -7.3657087249166395e+01
   7.9700000000000000e+02  -7.3736847257308398e+01
   7.9800000000000000e+02  -7.3847367452458698e+01
   7.9900000000000000e+02  -7.3741175103451695e+01
   8.0000000000000000e+02  -7.3782915267387807e+01
   8.0100000000000000e+02  -7.3617408808210200e+01
   8.0200000000000000e+02  -7.3788966892963600e+01
   8.0300000000000000e+02  -7.3868345313386797e+01
   8.0400000000000000e+02  -7.3062952273075894e+01
   8.0500000000000000e+02  -7.2886487336676396e+01
   8.0600000000000000e+02  -7.2825701137618694e+01
   8.0700000000000000e+02  -7.2916884982352201e+01
   8.0800000000000000e+02  -7.2964315959126097e+01
   8.0900000000000000e+02  -7.3602709018745998e+01
   8.1000000000000000e+02  -7.3651779591102795e+01
   8.1100000000000000e+02  -7.3844206981474699e+01
   8.1200000000000000e+02  -7.4103664599702398e+01
   8.1300000000000000e+02  -7.4095414282446399e+01
   8.1400000000000000e+02  -7.4212891189131994e+01
   8.1500000000000000e+02  -7.4122176872733405e+01
   8.1600000000000000e+02  -7.3898918281761794e+01
   8.1700000000000000e+02  -7.3484268063003697e+01
   8.1800000000000000e+02  -7.3570588458736694e+01
   8.1900000000000000e+02  -7.3303318042296496e+01
   8.2000000000000000e+02  -7.3185304564595100e+01
   8.2100000000000000e+02  -7.3295031092946502e+01
   8.2200000000000000e+02  -7.2932256671382603e+01
   8.2300000000000000e+02  -7.3020517911814906e+01
   8.2400000000000000e+02  -7.3036183581093695e+01
   8.2500000000000000e+02  -7.3490630816252505e+01
   8.2600000000000000e+02  -7.3413799557954306e+01
   8.2700000000000000e+02  -7.2466033354567500e+01
   8.2800000000000000e+02  -7.2721662843374801e+01
   8.2900000000000000e+02  -7.2650547157152502e+01
   8.3000000000000000e+02  -7.2022246428244699e+01
   8.3100000000000000e+02  -7.2043058697497202e+01
   8.3200000000000000e+02  -7.2657131487599798e+01
   8.3300000000000000e+02  -7.2349478834970299e+01
   8.3400000000000000e+02  -7.2435436359473201e+01
   8.3500000000000000e+02  -7.2474575385151596e+01
   8.3600000000000000e+02  -7.2407610392777201e+01
   8.3700000000000000e+02  -7.2225862877032498e+01
   8.3800000000000000e+02  -7.1985004785324705e+01
   8.3900000000000000e+02  -7.1319469417200906e+01
   8.4000000000000000e+02  -7.1293541750097802e+01
   8.4100000000000000e+02  -7.1437526461845806e+01
   8.4200000000000000e+02  -7.1144095028026001e+01
   8.4300000000000000e+02  -7.0961904052690301e+01
   8.4400000000000000e+02  -7.1099045984154301e+01
   8.4500000000000000e+02  -7.0681596550283501e+01
   8.4600000000000000e+02  -7.0607378538285900e+01
   8.4700000000000000e+02  -7.0733877655304596e+01
   8.4800000000000000e+02  -7.0711117921819294e+01
   8.4900000000000000e+02  -6.9813041187505206e+01
   8.5000000000000000e+02  -6.9160910692697200e+01
   8.5100000000000000e+02  -6.9234194663366495e+01
   8.5200000000000000e+02  -6.9430718640828999e+01
   8.5300000000000000e+02  -6.9548646376680097e+01
   8.5400000000000000e+02  -6.9841884331165105e+01
   8.5500000000000000e+02  -6.9795646898466302e+01
   8.5600000000000000e+02  -6.9782838752347104e+01
   8.5700000000000000e+02  -6.9800791956291306e+01
   8.5800000000000000e+02  -6.9864587010215402e+01
   8.5900000000000000e+02  -6.9633078733057303e+01
   8.6000000000000000e+02  -6.9751579110825503e+01
   8.6100000000000000e+02  -6.9777680412712400e+01
   8.6200000000000000e+02  -6.8810513176551297e+01
   8.6300000000000000e+02  -6.8462558524921405e+01
   8.6400000000000000e+02  -6.8281356723040503e+01
   8.6500000000000000e+02  -6.8399604799949103e+01
   8.6600000000000000e+02  -6.8188498042854803e+01
   8.6700000000000000e+02  -6.7850645233439593e+01
   8.6800000000000000e+02  -6.7631319621461998e+01
   8.6900000000000000e+02  -6.6763288889446102e+01
   8.7000000000000000e+02  -6.6606523341312794e+01
   8.7100000000000000e+02  -6.6686078194590905e+01
   8.7200000000000000e+02  -6.6507473698644503e+01
   8.7300000000000000e+02  -6.5967330786352207e+01
   8.7400000000000000e+02  -6.5245704457233401e+01
   8.7500000000000000e+02  -6.5056051854553402e+01
   8.7600000000000000e+02  -6.5030137843031099e+01
   8.7700000000000000e+02  -6.4614689145778996e+01
   8.7800000000000000e+02  -6.4192976039849796e+01
   8.7900000000000000e+02  -6.3689343985646801e+01
   8.8000000000000000e+02  -6.2256403861961097e+01
   8.8100000000000000e+02  -6.1360465081629300e+01
   8.8200000000000000e+02  -6.0231572445354900e+01
   8.8300000000000000e+02  -5.8559604175497398e+01
   8.8400000000000000e+02  -5.6438271967076098e+01
   8.8500000000000000e+02  -5.2533320374145902e+01
   8.8600000000000000e+02  -4.1079387861878203e+01
   8.8700000000000000e+02  -1.5281538012645800e+01
