  -1.0000000000000000e+02  -7.4279156051580202e+01
  -9.9000000000000000e+01  -7.4567742239052805e+01
  -9.8000000000000000e+01  -7.4345164696553894e+01
  -9.7000000000000000e+01  -7.4566394793968101e+01
  -9.6000000000000000e+01  -7.4906715858523299e+01
  -9.5000000000000000e+01  -7.4732588989419398e+01
  -9.4000000000000000e+01  -7.4571219285434097e+01
  -9.3000000000000000e+01  -7.4416143007299695e+01
  -9.2000000000000000e+01  -7.4676948509654807e+01
  -9.1000000000000000e+01  -7.4399408766131003e+01
  -9.0000000000000000e+01  -7.4157267998552598e+01
  -8.9000000000000000e+01  -7.4347957936209994e+01
  -8.8000000000000000e+01  -7.4100677608549105e+01
  -8.7000000000000000e+01  -7.3694391467051403e+01
  -8.6000000000000000e+01  -7.3450118527987200e+01
  -8.5000000000000000e+01  -7.3794898963833504e+01
  -8.4000000000000000e+01  -7.3646082435283404e+01
  -8.3000000000000000e+01  -7.4239246265653605e+01
  -8.2000000000000000e+01  -7.4149064769172000e+01
  -8.1000000000000000e+01  -7.3623075660681593e+01
  -8.0000000000000000e+01  -7.3501548952767607e+01
  -7.9000000000000000e+01  -7.3623600316303495e+01
  -7.8000000000000000e+01  -7.3311910287996298e+01
  -7.7000000000000000e+01  -7.3147814622825194e+01
  -7.6000000000000000e+01  -7.3287393456540201e+01
  -7.5000000000000000e+01  -7.3168204604357598e+01
  -7.4000000000000000e+01  -7.3560625271815795e+01
  -7.3000000000000000e+01  -7.3165393236446306e+01
  -7.2000000000000000e+01  -7.2589607721448999e+01
  -7.1000000000000000e+01  -7.2298598586731103e+01
  -7.0000000000000000e+01  -7.2533256886366303e+01
  -6.9000000000000000e+01  -7.2900849317818398e+01
  -6.8000000000000000e+01  -7.2866506067682906e+01
  -6.7000000000000000e+01  -7.2896534445303999e+01
  -6.6000000000000000e+01  -7.2856501290962896e+01
  -6.5000000000000000e+01  -7.2713067134076098e+01
  -6.4000000000000000e+01  -7.2868487613374995e+01
  -6.3000000000000000e+01  -7.2842186720140504e+01
  -6.2000000000000000e+01  -7.2647090231708802e+01
  -6.1000000000000000e+01  -7.2154794233762004e+01
  -6.0000000000000000e+01  -7.2226398686899103e+01
  -5.9000000000000000e+01  -7.2371619663433904e+01
  -5.8000000000000000e+01  -7.2288074455981004e+01
  -5.7000000000000000e+01  -7.2370533569709906e+01
  -5.6000000000000000e+01  -7.2609946187967907e+01
  -5.5000000000000000e+01  -7.2144856707874695e+01
  -5.4000000000000000e+01  -7.1926128913867998e+01
  -5.3000000000000000e+01  -7.1164640555933900e+01
  -5.2000000000000000e+01  -7.1380126566753503e+01
  -5.1000000000000000e+01  -7.1332108565186502e+01
  -5.0000000000000000e+01  -7.1287158784464197e+01
  -4.9000000000000000e+01  -7.1159219367649797e+01
  -4.8000000000000000e+01  -7.1320756462374007e+01
  -4.7000000000000000e+01  -7.1229888532528193e+01
  -4.6000000000000000e+01  -7.0390783841133597e+01
  -4.5000000000000000e+01  -7.0520639905300399e+01
  -4.4000000000000000e+01  -7.1029880409864603e+01
  -4.3000000000000000e+01  -7.0970132579417097e+01
  -4.2000000000000000e+01  -7.0781325519521701e+01
  -4.1000000000000000e+01  -7.1032173530988999e+01
  -4.0000000000000000e+01  -7.0444245991053293e+01
  -3.9000000000000000e+01  -7.0676119041094196e+01
  -3.8000000000000000e+01  -7.0681138303357898e+01
  -3.7000000000000000e+01  -7.0770328123151700e+01
  -3.6000000000000000e+01  -7.0740309464667206e+01
  -3.5000000000000000e+01  -7.0509339409107398e+01
  -3.4000000000000000e+01  -7.0079033257852601e+01
  -3.3000000000000000e+01  -7.0253204741855399e+01
  -3.2000000000000000e+01  -7.0272511790400003e+01
  -3.1000000000000000e+01  -7.0499501529758902e+01
  -3.0000000000000000e+01  -7.0154991736510596e+01
  -2.9000000000000000e+01  -7.0108149169751002e+01
  -2.8000000000000000e+01  -6.9568136062669097e+01
  -2.7000000000000000e+01  -6.9118260616101495e+01
  -2.6000000000000000e+01  -6.9326949265541501e+01
  -2.5000000000000000e+01  -6.8742867585093904e+01
  -2.4000000000000000e+01  -6.8744321566813298e+01
  -2.3000000000000000e+01  -6.8699947190860200e+01
  -2.2000000000000000e+01  -6.8691937358695597e+01
  -2.1000000000000000e+01  -6.7980506559028200e+01
  -2.0000000000000000e+01  -6.8097985735980899e+01
  -1.9000000000000000e+01  -6.7156038062714302e+01
  -1.8000000000000000e+01  -6.7158145369268496e+01
  -1.7000000000000000e+01  -6.7246128978819598e+01
  -1.6000000000000000e+01  -6.7308228696115705e+01
  -1.5000000000000000e+01  -6.6681771657655105e+01
  -1.4000000000000000e+01  -6.6570796933758302e+01
  -1.3000000000000000e+01  -6.6458871795408200e+01
  -1.2000000000000000e+01  -6.5782497685410505e+01
  -1.1000000000000000e+01  -6.5092450528554707e+01
  -1.0000000000000000e+01  -6.4490243452056603e+01
  -9.0000000000000000e+00  -6.4213312145834493e+01
  -8.0000000000000000e+00  -6.3107093404714803e+01
  -7.0000000000000000e+00  -6.2163718068362002e+01
  -6.0000000000000000e+00  -6.1795671101857202e+01
  -5.0000000000000000e+00  -6.1178612296109698e+01
  -4.0000000000000000e+00  -5.8914701864043003e+01
  -3.0000000000000000e+00  -5.7268025573753398e+01
  -2.0000000000000000e+00  -5.4045645336886700e+01
  -1.0000000000000000e+00  -4.5833022201735801e+01
   0.0000000000000000e+00  -1.8446112603038600e+01
   1.0000000000000000e+00   1.2654969424036200e+00
   2.0000000000000000e+00   1.3804623813717200e+01
   3.0000000000000000e+00   2.0693563342743001e+01
   4.0000000000000000e+00   2.4176699259245400e+01
   5.0000000000000000e+00   2.6416343747443602e+01
   6.0000000000000000e+00   2.6879098582361198e+01
   7.0000000000000000e+00   2.7397780637362398e+01
   8.0000000000000000e+00   2.7596744905617999e+01
   9.0000000000000000e+00   2.7584513241227199e+01
   1.0000000000000000e+01   2.7943637744454801e+01
   1.1000000000000000e+01   2.8306183101713099e+01
   1.2000000000000000e+01   2.8951033853412898e+01
   1.3000000000000000e+01   2.9123343610705302e+01
   1.4000000000000000e+01   2.9606780341514099e+01
   1.5000000000000000e+01   2.9460542314404101e+01
   1.6000000000000000e+01   2.9619808937951401e+01
   1.7000000000000000e+01   2.9979393612134800e+01
   1.8000000000000000e+01   3.0506789986224401e+01
   1.9000000000000000e+01   3.0582065088243599e+01
   2.0000000000000000e+01   3.1064295460889600e+01
   2.1000000000000000e+01   3.0943199061079401e+01
   2.2000000000000000e+01   3.0562516574024801e+01
   2.3000000000000000e+01   3.0669287671332100e+01
   2.4000000000000000e+01   3.1077801441184601e+01
   2.5000000000000000e+01   3.1586262277927201e+01
   2.6000000000000000e+01   3.1707822102847398e+01
   2.7000000000000000e+01   3.1603919611325100e+01
   2.8000000000000000e+01   3.2175266031463202e+01
   2.9000000000000000e+01   3.1856162395807100e+01
   3.0000000000000000e+01   3.1593090589753800e+01
   3.1000000000000000e+01   3.1859371170840099e+01
   3.2000000000000000e+01   3.1688007557608099e+01
   3.3000000000000000e+01   3.1472911151619499e+01
   3.4000000000000000e+01   3.1418483861349699e+01
   3.5000000000000000e+01   3.1532021183349499e+01
   3.6000000000000000e+01   3.0996208431814299e+01
   3.7000000000000000e+01   3.0900946867185599e+01
   3.8000000000000000e+01   3.0824845280281600e+01
   3.9000000000000000e+01   3.1350452705728600e+01
   4.0000000000000000e+01   3.1679690411767499e+01
   4.1000000000000000e+01   3.2043036256219303e+01
   4.2000000000000000e+01   3.1710762044130401e+01
   4.3000000000000000e+01   3.1645076842586700e+01
   4.4000000000000000e+01   3.2117627876439599e+01
   4.5000000000000000e+01   3.2144237855223203e+01
   4.6000000000000000e+01   3.2361965055022800e+01
   4.7000000000000000e+01   3.2308233637813800e+01
   4.8000000000000000e+01   3.2440318597260401e+01
   4.9000000000000000e+01   3.2146441685961300e+01
   5.0000000000000000e+01   3.2040294888188598e+01
   5.1000000000000000e+01   3.2403924620622497e+01
   5.2000000000000000e+01   3.2448672649729900e+01
   5.3000000000000000e+01   3.2218455892167498e+01
   5.4000000000000000e+01   3.2767165549503702e+01
   5.5000000000000000e+01   3.3211429046983497e+01
   5.6000000000000000e+01   3.3562588678398100e+01
   5.7000000000000000e+01   3.3782034751998196e+01
   5.8000000000000000e+01   3.3861870084602302e+01
   5.9000000000000000e+01   3.4014660390311697e+01
   6.0000000000000000e+01   3.4472942507875700e+01
   6.1000000000000000e+01   3.4274643096316900e+01
   6.2000000000000000e+01   3.4722283576696398e+01
   6.3000000000000000e+01   3.5003178307444600e+01
   6.4000000000000000e+01   3.5176599684040802e+01
   6.5000000000000000e+01   3.5200840146261903e+01
   6.6000000000000000e+01   3.4974327085147401e+01
   6.7000000000000000e+01   3.4936093853277299e+01
   6.8000000000000000e+01   3.4475104987626899e+01
   6.9000000000000000e+01   3.4250249797643598e+01
   7.0000000000000000e+01   3.4319480722686897e+01
   7.1000000000000000e+01   3.4082652448285302e+01
   7.2000000000000000e+01   3.4125674359861897e+01
   7.3000000000000000e+01   3.3994610429429002e+01
   7.4000000000000000e+01   3.4140636664373403e+01
   7.5000000000000000e+01   3.3165181754759502e+01
   7.6000000000000000e+01   3.3381502181225898e+01
   7.7000000000000000e+01   3.2986436481469902e+01
   7.8000000000000000e+01   3.2652676412539300e+01
   7.9000000000000000e+01   3.2804406105820902e+01
   8.0000000000000000e+01   3.2992854269179297e+01
   8.1000000000000000e+01   3.2993108550949700e+01
   8.2000000000000000e+01   3.3046729019566897e+01
   8.3000000000000000e+01   3.3325221244429599e+01
   8.4000000000000000e+01   3.3855006488010503e+01
   8.5000000000000000e+01   3.4067039837903202e+01
   8.6000000000000000e+01   3.4065429481008600e+01
   8.7000000000000000e+01   3.3919202951163101e+01
   8.8000000000000000e+01   3.3819680498582898e+01
   8.9000000000000000e+01   3.3546088684360903e+01
   9.0000000000000000e+01   3.3491946655716099e+01
   9.1000000000000000e+01   3.3493499411627099e+01
   9.2000000000000000e+01   3.3735258298279803e+01
   9.3000000000000000e+01   3.3836414797695802e+01
   9.4000000000000000e+01   3.4238695340099397e+01
   9.5000000000000000e+01   3.4125245364581801e+01
   9.6000000000000000e+01   3.3719185930605803e+01
   9.7000000000000000e+01   3.3873250737275697e+01
   9.8000000000000000e+01   3.4088527323377903e+01
   9.9000000000000000e+01   3.3977988553465003e+01
   1.0000000000000000e+02   3.4086641717515597e+01
   1.0100000000000000e+02   3.4018634967023203e+01
   1.0200000000000000e+02   3.3960474779960201e+01
   1.0300000000000000e+02   3.4053479424075000e+01
   1.0400000000000000e+02   3.3879208613259799e+01
   1.0500000000000000e+02   3.4041049756019603e+01
   1.0600000000000000e+02   3.4304695084032502e+01
   1.0700000000000000e+02   3.4844056224669501e+01
   1.0800000000000000e+02   3.4802252670759898e+01
   1.0900000000000000e+02   3.4653203740386800e+01
   1.1000000000000000e+02   3.4872734731350597e+01
   1.1100000000000000e+02   3.5276810198700701e+01
   1.1200000000000000e+02   3.5221062340052498e+01
   1.1300000000000000e+02   3.5242371285023999e+01
   1.1400000000000000e+02   3.5232856619224300e+01
   1.1500000000000000e+02   3.5594260247956498e+01
   1.1600000000000000e+02   3.5250796178204602e+01
   1.1700000000000000e+02   3.4829404576820103e+01
   1.1800000000000000e+02   3.4598326745884599e+01
   1.1900000000000000e+02   3.4205515159011597e+01
   1.2000000000000000e+02   3.4255441714096101e+01
   1.2100000000000000e+02   3.4021209115937097e+01
   1.2200000000000000e+02   3.3975884113057901e+01
   1.2300000000000000e+02   3.3921642091546097e+01
   1.2400000000000000e+02   3.3365153202212099e+01
   1.2500000000000000e+02   3.3175134101754402e+01
   1.2600000000000000e+02   3.2833955019947901e+01
   1.2700000000000000e+02   3.3080472053244797e+01
   1.2800000000000000e+02   3.2556544219639498e+01
   1.2900000000000000e+02   3.2352203932839799e+01
   1.3000000000000000e+02   3.2606898973675300e+01
   1.3100000000000000e+02   3.1958218531996501e+01
   1.3200000000000000e+02   3.1615170869425999e+01
   1.3300000000000000e+02   3.1612130391070501e+01
   1.3400000000000000e+02   3.1164479931919999e+01
   1.3500000000000000e+02   3.0904324296853300e+01
   1.3600000000000000e+02   3.0662984453899899e+01
   1.3700000000000000e+02   3.0567503359212601e+01
   1.3800000000000000e+02   3.0102739480399801e+01
   1.3900000000000000e+02   2.9181596299674599e+01
   1.4000000000000000e+02   2.9475529443141301e+01
   1.4100000000000000e+02   2.9310129546765602e+01
   1.4200000000000000e+02   2.8921249220788201e+01
   1.4300000000000000e+02   2.8516023624714400e+01
   1.4400000000000000e+02   2.9015753966834801e+01
   1.4500000000000000e+02   2.9578087908182699e+01
   1.4600000000000000e+02   2.9482518098957801e+01
   1.4700000000000000e+02   2.9538941341090801e+01
   1.4800000000000000e+02   2.9517441175504299e+01
   1.4900000000000000e+02   2.8780672427091599e+01
   1.5000000000000000e+02   2.8962058155886300e+01
   1.5100000000000000e+02   2.8715513294981800e+01
   1.5200000000000000e+02   2.8806410903687901e+01
   1.5300000000000000e+02   2.8227579658170601e+01
   1.5400000000000000e+02   2.8262513294063702e+01
   1.5500000000000000e+02   2.8025375995801600e+01
   1.5600000000000000e+02   2.8150072773492401e+01
   1.5700000000000000e+02   2.8122272323264401e+01
   1.5800000000000000e+02   2.8361680943788901e+01
   1.5900000000000000e+02   2.8416913030552099e+01
   1.6000000000000000e+02   2.8259570347897899e+01
   1.6100000000000000e+02   2.7938053161503301e+01
   1.6200000000000000e+02   2.7967113738191198e+01
   1.6300000000000000e+02   2.7229156830435500e+01
   1.6400000000000000e+02   2.7494283047850601e+01
   1.6500000000000000e+02   2.7372308116337699e+01
   1.6600000000000000e+02   2.7759999974616601e+01
   1.6700000000000000e+02   2.7566352476309302e+01
   1.6800000000000000e+02   2.7598974872465700e+01
   1.6900000000000000e+02   2.7235945060858899e+01
   1.7000000000000000e+02   2.7493188962849800e+01
   1.7100000000000000e+02   2.7287131608884501e+01
   1.7200000000000000e+02   2.6905638193688301e+01
   1.7300000000000000e+02   2.6900836394873600e+01
   1.7400000000000000e+02   2.6783710734928999e+01
   1.7500000000000000e+02   2.6757455829583002e+01
   1.7600000000000000e+02   2.6310616321758602e+01
   1.7700000000000000e+02   2.6180370644611902e+01
   1.7800000000000000e+02   2.5938008385029001e+01
   1.7900000000000000e+02   2.5563103923044899e+01
   1.8000000000000000e+02   2.6024991350527099e+01
   1.8100000000000000e+02   2.6230745328564200e+01
   1.8200000000000000e+02   2.6474109693665302e+01
   1.8300000000000000e+02   2.6212380966058898e+01
   1.8400000000000000e+02   2.6171685450643800e+01
   1.8500000000000000e+02   2.6056802296050598e+01
   1.8600000000000000e+02   2.5821223799839899e+01
   1.8700000000000000e+02   2.5327075987213199e+01
   1.8800000000000000e+02   2.5124894996260899e+01
   1.8900000000000000e+02   2.4907138444434601e+01
   1.9000000000000000e+02   2.4671078795832099e+01
   1.9100000000000000e+02   2.4182699864122100e+01
   1.9200000000000000e+02   2.3626984968448099e+01
   1.9300000000000000e+02   2.3850108625250400e+01
   1.9400000000000000e+02   2.3508437816694499e+01
   1.9500000000000000e+02   2.2815945085521601e+01
   1.9600000000000000e+02   2.2435144785165299e+01
   1.9700000000000000e+02   2.2175361769194499e+01
   1.9800000000000000e+02   2.1661539485981301e+01
   1.9900000000000000e+02   2.1359966228780799e+01
   2.0000000000000000e+02   2.1044946462376199e+01
   2.0100000000000000e+02   2.1213301242593101e+01
   2.0200000000000000e+02   2.0924648521938401e+01
   2.0300000000000000e+02   2.0220015841166902e+01
   2.0400000000000000e+02   2.0197672439966802e+01
   2.0500000000000000e+02   2.0111763394847799e+01
   2.0600000000000000e+02   1.9841939471867398e+01
   2.0700000000000000e+02   1.9273501777113800e+01
   2.0800000000000000e+02   1.8961456438541902e+01
   2.0900000000000000e+02   1.8533402319417700e+01
   2.1000000000000000e+02   1.8274763630440500e+01
   2.1100000000000000e+02   1.8249547674840802e+01
   2.1200000000000000e+02   1.7751287420373998e+01
   2.1300000000000000e+02   1.7976175316919200e+01
   2.1400000000000000e+02   1.8396100212110198e+01
   2.1500000000000000e+02   1.8667114103502598e+01
   2.1600000000000000e+02   1.8187559089597300e+01
   2.1700000000000000e+02   1.7647297994100999e+01
   2.1800000000000000e+02   1.7347561005799800e+01
   2.1900000000000000e+02   1.7404836953273598e+01
   2.2000000000000000e+02   1.7787592526923600e+01
   2.2100000000000000e+02   1.7742219080195898e+01
   2.2200000000000000e+02   1.7571828956001799e+01
   2.2300000000000000e+02   1.7509372655898201e+01
   2.2400000000000000e+02   1.7664953723048999e+01
   2.2500000000000000e+02   1.7285316739878400e+01
   2.2600000000000000e+02   1.7338096628381201e+01
   2.2700000000000000e+02   1.6773444223496799e+01
   2.2800000000000000e+02   1.6815124661420601e+01
   2.2900000000000000e+02   1.7183910070977600e+01
   2.3000000000000000e+02   1.6791520563686799e+01
   2.3100000000000000e+02   1.6844142968136001e+01
   2.3200000000000000e+02   1.5860771584321901e+01
   2.3300000000000000e+02   1.5755786555161100e+01
   2.3400000000000000e+02   1.5917758430728600e+01
   2.3500000000000000e+02   1.5771888235533099e+01
   2.3600000000000000e+02   1.5390707085255800e+01
   2.3700000000000000e+02   1.4882276861472400e+01
   2.3800000000000000e+02   1.4727968132022200e+01
   2.3900000000000000e+02   1.4286211736783001e+01
   2.4000000000000000e+02   1.3352440469285900e+01
   2.4100000000000000e+02   1.3257422156541599e+01
   2.4200000000000000e+02   1.3496244625402401e+01
   2.4300000000000000e+02   1.3590120787370600e+01
   2.4400000000000000e+02   1.3787304089048099e+01
   2.4500000000000000e+02   1.3847167685877700e+01
   2.4600000000000000e+02   1.3468318411519601e+01
   2.4700000000000000e+02   1.3383086534568900e+01
   2.4800000000000000e+02   1.2918382225950500e+01
   2.4900000000000000e+02   1.3134801383064101e+01
   2.5000000000000000e+02   1.2700980437669401e+01
   2.5100000000000000e+02   1.2348425817049201e+01
   2.5200000000000000e+02   1.2252548610752900e+01
   2.5300000000000000e+02   1.2017506262198500e+01
   2.5400000000000000e+02   1.1786888762219901e+01
   2.5500000000000000e+02   1.1786973246049600e+01
   2.5600000000000000e+02   1.1167722232557001e+01
   2.5700000000000000e+02   1.1019013015845401e+01
   2.5800000000000000e+02   1.1180312194557100e+01
   2.5900000000000000e+02   1.0978857835466000e+01
   2.6000000000000000e+02   1.0645885526521100e+01
   2.6100000000000000e+02   1.0299653672394800e+01
   2.6200000000000000e+02   9.9919740410113995e+00
   2.6300000000000000e+02   1.0016811575966500e+01
   2.6400000000000000e+02   9.8408790600318099e+00
   2.6500000000000000e+02   1.0255831803342700e+01
   2.6600000000000000e+02   9.8026539540100792e+00
   2.6700000000000000e+02   9.7517889604925898e+00
   2.6800000000000000e+02   9.7456268610976107e+00
   2.6900000000000000e+02   9.2683453128747804e+00
   2.7000000000000000e+02   9.3954856310388308e+00
   2.7100000000000000e+02   9.1494181457136108e+00
   2.7200000000000000e+02   8.5511679807149203e+00
   2.7300000000000000e+02   8.2959888044882106e+00
   2.7400000000000000e+02   8.4267969882653606e+00
   2.7500000000000000e+02   8.2389027798755397e+00
   2.7600000000000000e+02   7.9044101909949003e+00
   2.7700000000000000e+02   7.8366425482286299e+00
   2.7800000000000000e+02   8.0423905291730104e+00
   2.7900000000000000e+02   7.3373044710316000e+00
   2.8000000000000000e+02   7.1866126374903097e+00
   2.8100000000000000e+02   7.5240493462963904e+00
   2.8200000000000000e+02   6.8844787235295097e+00
   2.8300000000000000e+02   6.6198998624064904e+00
   2.8400000000000000e+02   6.5808442701327099e+00
   2.8500000000000000e+02   6.1435495812658498e+00
   2.8600000000000000e+02   5.9741593099255397e+00
   2.8700000000000000e+02   5.5317414751440301e+00
   2.8800000000000000e+02   5.4206943132495304e+00
   2.8900000000000000e+02   5.3501282774405103e+00
   2.9000000000000000e+02   5.1166814333381101e+00
   2.9100000000000000e+02   4.7316191963829404e+00
   2.9200000000000000e+02   4.8436040873820900e+00
   2.9300000000000000e+02   4.8678604368920100e+00
   2.9400000000000000e+02   4.6513759460354596e+00
   2.9500000000000000e+02   3.6462548573721798e+00
   2.9600000000000000e+02   3.6868249751103201e+00
   2.9700000000000000e+02   3.1790102984916802e+00
   2.9800000000000000e+02   2.3366101122938701e+00
   2.9900000000000000e+02   2.0314208572802301e+00
   3.0000000000000000e+02   1.9216171108432800e+00
   3.0100000000000000e+02   2.0624104599318098e+00
   3.0200000000000000e+02   1.6822716483905100e+00
   3.0300000000000000e+02   1.3690807361418800e+00
   3.0400000000000000e+02   8.7121223303391404e-01
   3.0500000000000000e+02   5.7676616236955103e-01
   3.0600000000000000e+02   2.6473924880673000e-01
   3.0700000000000000e+02  -2.0426364934388599e-01
   3.0800000000000000e+02  -3.3815486974888198e-01
   3.0900000000000000e+02  -5.9368354673833701e-01
   3.1000000000000000e+02  -9.8197619562180904e-01
   3.1100000000000000e+02  -1.4804344610358500e+00
   3.1200000000000000e+02  -1.5312565800808799e+00
   3.1300000000000000e+02  -2.4256341719225700e+00
   3.1400000000000000e+02  -2.5856484236350599e+00
   3.1500000000000000e+02  -2.6969944424015200e+00
   3.1600000000000000e+02  -2.7674047473379599e+00
   3.1700000000000000e+02  -2.9136961857373498e+00
   3.1800000000000000e+02  -3.1403592563396399e+00
   3.1900000000000000e+02  -3.7699099573029700e+00
   3.2000000000000000e+02  -3.9197804713619400e+00
   3.2100000000000000e+02  -4.3424149388697701e+00
   3.2200000000000000e+02  -4.8132503369421400e+00
   3.2300000000000000e+02  -4.9860428985481002e+00
   3.2400000000000000e+02  -5.4133571138801297e+00
   3.2500000000000000e+02  -5.6760687249251696e+00
   3.2600000000000000e+02  -6.1813076111198004e+00
   3.2700000000000000e+02  -6.6086953164421001e+00
   3.2800000000000000e+02  -6.5146920500693204e+00
   3.2900000000000000e+02  -6.6879000149929304e+00
   3.3000000000000000e+02  -6.8049465773467102e+00
   3.3100000000000000e+02  -7.1748600317307103e+00
   3.3200000000000000e+02  -7.2665630898720801e+00
   3.3300000000000000e+02  -7.9457788316201396e+00
   3.3400000000000000e+02  -8.3620921257611407e+00
   3.3500000000000000e+02  -8.6889210526118905e+00
   3.3600000000000000e+02  -9.4418951348575995e+00
   3.3700000000000000e+02  -9.7966544439822698e+00
   3.3800000000000000e+02  -1.0588638923274001e+01
   3.3900000000000000e+02  -1.0848749933224401e+01
   3.4000000000000000e+02  -1.0834445574166100e+01
   3.4100000000000000e+02  -1.1391951033702000e+01
   3.4200000000000000e+02  -1.1819045189799599e+01
   3.4300000000000000e+02  -1.2399694049925699e+01
   3.4400000000000000e+02  -1.2571210874132101e+01
   3.4500000000000000e+02  -1.3309113138043401e+01
   3.4600000000000000e+02  -1.3193546609409200e+01
   3.4700000000000000e+02  -1.3369386246892200e+01
   3.4800000000000000e+02  -1.3651893928120300e+01
   3.4900000000000000e+02  -1.4257695210484799e+01
   3.5000000000000000e+02  -1.4944754325162201e+01
   3.5100000000000000e+02  -1.5588237544376300e+01
   3.5200000000000000e+02  -1.5912679945094700e+01
   3.5300000000000000e+02  -1.6714029570455200e+01
   3.5400000000000000e+02  -1.7100830304453499e+01
   3.5500000000000000e+02  -1.7447434869146399e+01
   3.5600000000000000e+02  -1.8513243916545200e+01
   3.5700000000000000e+02  -1.9286527475446501e+01
   3.5800000000000000e+02  -1.9820219448383501e+01
   3.5900000000000000e+02  -2.0533738245831401e+01
   3.6000000000000000e+02  -2.1320855327315499e+01
   3.6100000000000000e+02  -2.1946849576318499e+01
   3.6200000000000000e+02  -2.3373006206600401e+01
   3.6300000000000000e+02  -2.3982239624932198e+01
   3.6400000000000000e+02  -2.4612393047031500e+01
   3.6500000000000000e+02  -2.5632118910475398e+01
   3.6600000000000000e+02  -2.6732056955604701e+01
   3.6700000000000000e+02  -2.7297485771686500e+01
   3.6800000000000000e+02  -2.7980202686160201e+01
   3.6900000000000000e+02  -2.8821124503938400e+01
   3.7000000000000000e+02  -2.9625605895288000e+01
   3.7100000000000000e+02  -3.0590514314530399e+01
   3.7200000000000000e+02  -3.1074639548375000e+01
   3.7300000000000000e+02  -3.1867961629325102e+01
   3.7400000000000000e+02  -3.2464282016242102e+01
   3.7500000000000000e+02  -3.3274136616950003e+01
   3.7600000000000000e+02  -3.3449537078326799e+01
   3.7700000000000000e+02  -3.4180766999977003e+01
   3.7800000000000000e+02  -3.5133536778754703e+01
   3.7900000000000000e+02  -3.6213915946082103e+01
   3.8000000000000000e+02  -3.6817434267191402e+01
   3.8100000000000000e+02  -3.7731081526211803e+01
   3.8200000000000000e+02  -3.8805421580741097e+01
   3.8300000000000000e+02  -4.0041356253628599e+01
   3.8400000000000000e+02  -4.1013746675107399e+01
   3.8500000000000000e+02  -4.2251861052172899e+01
   3.8600000000000000e+02  -4.2606179591171703e+01
   3.8700000000000000e+02  -4.4174301026059098e+01
   3.8800000000000000e+02  -4.4691056087452800e+01
   3.8900000000000000e+02  -4.5618204976943900e+01
   3.9000000000000000e+02  -4.6198749376154097e+01
   3.9100000000000000e+02  -4.7424709822428603e+01
   3.9200000000000000e+02  -4.8116661037909402e+01
   3.9300000000000000e+02  -4.8785628591012298e+01
   3.9400000000000000e+02  -4.9782490334491200e+01
   3.9500000000000000e+02  -5.0234211731194797e+01
   3.9600000000000000e+02  -5.1320801644829899e+01
   3.9700000000000000e+02  -5.2433271565715401e+01
   3.9800000000000000e+02  -5.3329698375563197e+01
   3.9900000000000000e+02  -5.4034773322177898e+01
   4.0000000000000000e+02  -5.4736444672787300e+01
   4.0100000000000000e+02  -5.5490643127545702e+01
   4.0200000000000000e+02  -5.7232514955000902e+01
   4.0300000000000000e+02  -5.8511735570593601e+01
   4.0400000000000000e+02  -5.9527820816876101e+01
   4.0500000000000000e+02  -6.0389308101622099e+01
   4.0600000000000000e+02  -6.0744172421153401e+01
   4.0700000000000000e+02  -6.1623888531918702e+01
   4.0800000000000000e+02  -6.2868812591771501e+01
   4.0900000000000000e+02  -6.3471599158973099e+01
   4.1000000000000000e+02  -6.4178394387966193e+01
   4.1100000000000000e+02  -6.5149443567275497e+01
   4.1200000000000000e+02  -6.5991231135916195e+01
   4.1300000000000000e+02  -6.7041466339416104e+01
   4.1400000000000000e+02  -6.7398329237176398e+01
   4.1500000000000000e+02  -6.8357698926056003e+01
   4.1600000000000000e+02  -6.8853883103363600e+01
   4.1700000000000000e+02  -6.9479331849555507e+01
   4.1800000000000000e+02  -7.0048924740705601e+01
   4.1900000000000000e+02  -7.0786346916113700e+01
   4.2000000000000000e+02  -7.1728883925600201e+01
   4.2100000000000000e+02  -7.1880786613932599e+01
   4.2200000000000000e+02  -7.1608736662306498e+01
   4.2300000000000000e+02  -7.1956072946035803e+01
   4.2400000000000000e+02  -7.2532101559629993e+01
   4.2500000000000000e+02  -7.2389567099840306e+01
   4.2600000000000000e+02  -7.2586526622982802e+01
   4.2700000000000000e+02  -7.2612503391974400e+01
   4.2800000000000000e+02  -7.2920356176837004e+01
   4.2900000000000000e+02  -7.3354187721545102e+01
   4.3000000000000000e+02  -7.3557988926493607e+01
   4.3100000000000000e+02  -7.3675158088141600e+01
   4.3200000000000000e+02  -7.3784786040687905e+01
   4.3300000000000000e+02  -7.4028520586866094e+01
   4.3400000000000000e+02  -7.4239134794627404e+01
   4.3500000000000000e+02  -7.4555421884923703e+01
   4.3600000000000000e+02  -7.4538176787587702e+01
   4.3700000000000000e+02  -7.4546296583337707e+01
   4.3800000000000000e+02  -7.4453956420597507e+01
   4.3900000000000000e+02  -7.4460210863791204e+01
   4.4000000000000000e+02  -7.4398863886862799e+01
   4.4100000000000000e+02  -7.4541666951360298e+01
   4.4200000000000000e+02  -7.4845430644884701e+01
   4.4300000000000000e+02  -7.4611912989029705e+01
   4.4400000000000000e+02  -7.4753267543679996e+01
   4.4500000000000000e+02  -7.5027692018735493e+01
   4.4600000000000000e+02  -7.5318890820888100e+01
   4.4700000000000000e+02  -7.5586574393878607e+01
   4.4800000000000000e+02  -7.5561900267644504e+01
   4.4900000000000000e+02  -7.5502147455751995e+01
   4.5000000000000000e+02  -7.5421509331572096e+01
   4.5100000000000000e+02  -7.5100482466729304e+01
   4.5200000000000000e+02  -7.5478426422787294e+01
   4.5300000000000000e+02  -7.5461289677183004e+01
   4.5400000000000000e+02  -7.5466799203028302e+01
   4.5500000000000000e+02  -7.5263054244245794e+01
   4.5600000000000000e+02  -7.5261764513706794e+01
   4.5700000000000000e+02  -7.5301709160124901e+01
   4.5800000000000000e+02  -7.5025657169156702e+01
   4.5900000000000000e+02  -7.4752110710475804e+01
   4.6000000000000000e+02  -7.4914344813484703e+01
   4.6100000000000000e+02  -7.5249815192439797e+01
   4.6200000000000000e+02  -7.5281518261382601e+01
   4.6300000000000000e+02  -7.5217775187599798e+01
   4.6400000000000000e+02  -7.4664056784132796e+01
   4.6500000000000000e+02  -7.4790056608911698e+01
   4.6600000000000000e+02  -7.4489158984714194e+01
   4.6700000000000000e+02  -7.4248474731769804e+01
   4.6800000000000000e+02  -7.4230326596321802e+01
   4.6900000000000000e+02  -7.4232748675303895e+01
   4.7000000000000000e+02  -7.3789555665180899e+01
   4.7100000000000000e+02  -7.4256336844890598e+01
   4.7200000000000000e+02  -7.4274275723629799e+01
   4.7300000000000000e+02  -7.4259232382300198e+01
   4.7400000000000000e+02  -7.4619094892605901e+01
   4.7500000000000000e+02  -7.4976076264225298e+01
   4.7600000000000000e+02  -7.5448771783320794e+01
   4.7700000000000000e+02  -7.4912904602403700e+01
   4.7800000000000000e+02  -7.5023143104393895e+01
   4.7900000000000000e+02  -7.5123891128022507e+01
   4.8000000000000000e+02  -7.4502379805443795e+01
   4.8100000000000000e+02  -7.4692814026371593e+01
   4.8200000000000000e+02  -7.4251892031544301e+01
   4.8300000000000000e+02  -7.4128163047873500e+01
   4.8400000000000000e+02  -7.4124680886832195e+01
   4.8500000000000000e+02  -7.3636085428260003e+01
   4.8600000000000000e+02  -7.3520834343866298e+01
   4.8700000000000000e+02  -7.3613160283554805e+01
   4.8800000000000000e+02  -7.3668016376856698e+01
   4.8900000000000000e+02  -7.4087214521595200e+01
   4.9000000000000000e+02  -7.4026991661226205e+01
   4.9100000000000000e+02  -7.4694269143476106e+01
   4.9200000000000000e+02  -7.5187284789286906e+01
   4.9300000000000000e+02  -7.5160822238410304e+01
   4.9400000000000000e+02  -7.5495329015776207e+01
   4.9500000000000000e+02  -7.5402237774263995e+01
   4.9600000000000000e+02  -7.5190360969881894e+01
   4.9700000000000000e+02  -7.4855061866962401e+01
   4.9800000000000000e+02  -7.5321962373312701e+01
   4.9900000000000000e+02  -7.4984571611144403e+01
   5.0000000000000000e+02  -7.5423524891456097e+01
   5.0100000000000000e+02  -7.5335014811599507e+01
   5.0200000000000000e+02  -7.4839154587640607e+01
   5.0300000000000000e+02  -7.4960157192416602e+01
   5.0400000000000000e+02  -7.5131352049695593e+01
   5.0500000000000000e+02  -7.5124820796282606e+01
   5.0600000000000000e+02  -7.5440481008321896e+01
   5.0700000000000000e+02  -7.5626450547097903e+01
   5.0800000000000000e+02  -7.5774315829378097e+01
   5.0900000000000000e+02  -7.5450168657855897e+01
   5.1000000000000000e+02  -7.5943687188107006e+01
   5.1100000000000000e+02  -7.6160238791245504e+01
   5.1200000000000000e+02  -7.6176759153062306e+01
   5.1300000000000000e+02  -7.5863729494357003e+01
   5.1400000000000000e+02  -7.5642970970792504e+01
   5.1500000000000000e+02  -7.5742570640012104e+01
   5.1600000000000000e+02  -7.5746868361028405e+01
   5.1700000000000000e+02  -7.5510921073565498e+01
   5.1800000000000000e+02  -7.5665081447023198e+01
   5.1900000000000000e+02  -7.5426893053733806e+01
   5.2000000000000000e+02  -7.4930471286127300e+01
   5.2100000000000000e+02  -7.4912211697414406e+01
   5.2200000000000000e+02  -7.4740496771650001e+01
   5.2300000000000000e+02  -7.4187528466295504e+01
   5.2400000000000000e+02  -7.4659868451681106e+01
   5.2500000000000000e+02  -7.4404534731768393e+01
   5.2600000000000000e+02  -7.4078903007084605e+01
   5.2700000000000000e+02  -7.4786060407280502e+01
   5.2800000000000000e+02  -7.5039415555613104e+01
   5.2900000000000000e+02  -7.4605257683296401e+01
   5.3000000000000000e+02  -7.4494052400326098e+01
   5.3100000000000000e+02  -7.4854978476756003e+01
   5.3200000000000000e+02  -7.5057014397736395e+01
   5.3300000000000000e+02  -7.5203719944604700e+01
   5.3400000000000000e+02  -7.5164444971407704e+01
   5.3500000000000000e+02  -7.4415081081399194e+01
   5.3600000000000000e+02  -7.4688452861215396e+01
   5.3700000000000000e+02  -7.4975501873535293e+01
   5.3800000000000000e+02  -7.4824254764842394e+01
   5.3900000000000000e+02  -7.4682228524709700e+01
   5.4000000000000000e+02  -7.4860638371954707e+01
   5.4100000000000000e+02  -7.4810940137708997e+01
   5.4200000000000000e+02  -7.4593495281361697e+01
   5.4300000000000000e+02  -7.4396449643776705e+01
   5.4400000000000000e+02  -7.4785810705768696e+01
   5.4500000000000000e+02  -7.4848505464477995e+01
   5.4600000000000000e+02  -7.4922487914611395e+01
   5.4700000000000000e+02  -7.4965740076300705e+01
   5.4800000000000000e+02  -7.4598527709430996e+01
   5.4900000000000000e+02  -7.4053799849793407e+01
   5.5000000000000000e+02  -7.4394140225563504e+01
   5.5100000000000000e+02  -7.4741230435207299e+01
   5.5200000000000000e+02  -7.4883601897870903e+01
   5.5300000000000000e+02  -7.4496525542356494e+01
   5.5400000000000000e+02  -7.4243263387769801e+01
   5.5500000000000000e+02  -7.4325210905391501e+01
   5.5600000000000000e+02  -7.4795964295205295e+01
   5.5700000000000000e+02  -7.4868309174879201e+01
   5.5800000000000000e+02  -7.4873012816758802e+01
   5.5900000000000000e+02  -7.5094670737057896e+01
   5.6000000000000000e+02  -7.5821684783778494e+01
   5.6100000000000000e+02  -7.5412217659318500e+01
   5.6200000000000000e+02  -7.5058319692114196e+01
   5.6300000000000000e+02  -7.5022875048213294e+01
   5.6400000000000000e+02  -7.5188291767779106e+01
   5.6500000000000000e+02  -7.5434782525839594e+01
   5.6600000000000000e+02  -7.5345398471921300e+01
   5.6700000000000000e+02  -7.6261313219691203e+01
   5.6800000000000000e+02  -7.6124667658047599e+01
   5.6900000000000000e+02  -7.6404663436079503e+01
   5.7000000000000000e+02  -7.6735859728518903e+01
   5.7100000000000000e+02  -7.6972314100025400e+01
   5.7200000000000000e+02  -7.6932620029123797e+01
   5.7300000000000000e+02  -7.6510155876121601e+01
   5.7400000000000000e+02  -7.6917694286178701e+01
   5.7500000000000000e+02  -7.7138512945271202e+01
   5.7600000000000000e+02  -7.7653946128655207e+01
   5.7700000000000000e+02  -7.6925575353919896e+01
   5.7800000000000000e+02  -7.6509454260689694e+01
   5.7900000000000000e+02  -7.6353441973408906e+01
   5.8000000000000000e+02  -7.6117840058148900e+01
   5.8100000000000000e+02  -7.6458672766720994e+01
   5.8200000000000000e+02  -7.6429377187170402e+01
   5.8300000000000000e+02  -7.6414996736668201e+01
   5.8400000000000000e+02  -7.6648272317495497e+01
   5.8500000000000000e+02  -7.6316603103626704e+01
   5.8600000000000000e+02  -7.5750368711478401e+01
   5.8700000000000000e+02  -7.5694729430476698e+01
   5.8800000000000000e+02  -7.5759239683698397e+01
   5.8900000000000000e+02  -7.5452551098295999e+01
   5.9000000000000000e+02  -7.5462500412670707e+01
   5.9100000000000000e+02  -7.5400640565079499e+01
   5.9200000000000000e+02  -7.5380568319483700e+01
   5.9300000000000000e+02  -7.5353390912379894e+01
   5.9400000000000000e+02  -7.4987754719573601e+01
   5.9500000000000000e+02  -7.4674096629226995e+01
   5.9600000000000000e+02  -7.5131102065082501e+01
   5.9700000000000000e+02  -7.5395333874747806e+01
   5.9800000000000000e+02  -7.5518484034279695e+01
   5.9900000000000000e+02  -7.5332247761761394e+01
   6.0000000000000000e+02  -7.5281369282622805e+01
   6.0100000000000000e+02  -7.5868950766682801e+01
   6.0200000000000000e+02  -7.5950865582432201e+01
   6.0300000000000000e+02  -7.5882981567033397e+01
   6.0400000000000000e+02  -7.5309454400949093e+01
   6.0500000000000000e+02  -7.5486359695714597e+01
   6.0600000000000000e+02  -7.5586477078094504e+01
   6.0700000000000000e+02  -7.5375801596277896e+01
   6.0800000000000000e+02  -7.4827411268976405e+01
   6.0900000000000000e+02  -7.5359603894179699e+01
   6.1000000000000000e+02  -7.5249354820624603e+01
   6.1100000000000000e+02  -7.4895393092450306e+01
   6.1200000000000000e+02  -7.5200795988495301e+01
   6.1300000000000000e+02  -7.4877954955231701e+01
   6.1400000000000000e+02  -7.4684622968334693e+01
   6.1500000000000000e+02  -7.4657412095451903e+01
   6.1600000000000000e+02  -7.4707160325296897e+01
   6.1700000000000000e+02  -7.5047646732143804e+01
   6.1800000000000000e+02  -7.5329361636422803e+01
   6.1900000000000000e+02  -7.5423061870859101e+01
   6.2000000000000000e+02  -7.5240090629072995e+01
   6.2100000000000000e+02  -7.4850068338818900e+01
   6.2200000000000000e+02  -7.4928356659961196e+01
   6.2300000000000000e+02  -7.4552708789227495e+01
   6.2400000000000000e+02  -7.4153509575146103e+01
   6.2500000000000000e+02  -7.4586143358187996e+01
   6.2600000000000000e+02  -7.4738059810447098e+01
   6.2700000000000000e+02  -7.4799241150515002e+01
   6.2800000000000000e+02  -7.4650402974145294e+01
   6.2900000000000000e+02  -7.4995377415279407e+01
   6.3000000000000000e+02  -7.4896378642264594e+01
   6.3100000000000000e+02  -7.4920413490371601e+01
   6.3200000000000000e+02  -7.4734203563693498e+01
   6.3300000000000000e+02  -7.4379160692875203e+01
   6.3400000000000000e+02  -7.4029169493974294e+01
   6.3500000000000000e+02  -7.3930410982209395e+01
   6.3600000000000000e+02  -7.3758814055570397e+01
   6.3700000000000000e+02  -7.3846560331927506e+01
   6.3800000000000000e+02  -7.3596638252646798e+01
   6.3900000000000000e+02  -7.3924913429711296e+01
   6.4000000000000000e+02  -7.4095611162775299e+01
   6.4100000000000000e+02  -7.3554530082577003e+01
   6.4200000000000000e+02  -7.3684536960659202e+01
   6.4300000000000000e+02  -7.3898360467249205e+01
   6.4400000000000000e+02  -7.4189427215882404e+01
   6.4500000000000000e+02  -7.4084669087872697e+01
   6.4600000000000000e+02  -7.3833759319606500e+01
   6.4700000000000000e+02  -7.3859762916838406e+01
   6.4800000000000000e+02  -7.3785787047626002e+01
   6.4900000000000000e+02  -7.3465412207703395e+01
   6.5000000000000000e+02  -7.3301331842171606e+01
   6.5100000000000000e+02  -7.2793027970051995e+01
   6.5200000000000000e+02  -7.3506089536017001e+01
   6.5300000000000000e+02  -7.3399159311027603e+01
   6.5400000000000000e+02  -7.3533631903037502e+01
   6.5500000000000000e+02  -7.3107262999694100e+01
   6.5600000000000000e+02  -7.3102730167730002e+01
   6.5700000000000000e+02  -7.2923664641458402e+01
   6.5800000000000000e+02  -7.2599086281841196e+01
   6.5900000000000000e+02  -7.3055367387900901e+01
   6.6000000000000000e+02  -7.3016334006329899e+01
   6.6100000000000000e+02  -7.3101554702687906e+01
   6.6200000000000000e+02  -7.3509243670328203e+01
   6.6300000000000000e+02  -7.3574027848493301e+01
   6.6400000000000000e+02  -7.3429964445290594e+01
   6.6500000000000000e+02  -7.3104093800208005e+01
   6.6600000000000000e+02  -7.3283472521686804e+01
   6.6700000000000000e+02  -7.3377951981217805e+01
   6.6800000000000000e+02  -7.3375611259220406e+01
   6.6900000000000000e+02  -7.3678733976144301e+01
   6.7000000000000000e+02  -7.3977231545787703e+01
   6.7100000000000000e+02  -7.3767204105278594e+01
   6.7200000000000000e+02  -7.3798587329238401e+01
   6.7300000000000000e+02  -7.3602144064627396e+01
   6.7400000000000000e+02  -7.3556837380585307e+01
   6.7500000000000000e+02  -7.3347354160093104e+01
   6.7600000000000000e+02  -7.3528194452751606e+01
   6.7700000000000000e+02  -7.3603621378377497e+01
   6.7800000000000000e+02  -7.3467400858473297e+01
   6.7900000000000000e+02  -7.4014361899292297e+01
   6.8000000000000000e+02  -7.4188544258553307e+01
   6.8100000000000000e+02  -7.3858852671177999e+01
   6.8200000000000000e+02  -7.3323072382559403e+01
   6.8300000000000000e+02  -7.3093413317437907e+01
   6.8400000000000000e+02  -7.3032485196598103e+01
   6.8500000000000000e+02  -7.2638761532390802e+01
   6.8600000000000000e+02  -7.2552518552137101e+01
   6.8700000000000000e+02  -7.2304600175854404e+01
   6.8800000000000000e+02  -7.2014913440121703e+01
   6.8900000000000000e+02  -7.2179078759603200e+01
   6.9000000000000000e+02  -7.1947691390723705e+01
   6.9100000000000000e+02  -7.2003816156159004e+01
   6.9200000000000000e+02  -7.2122160848177003e+01
   6.9300000000000000e+02  -7.2409927596332494e+01
   6.9400000000000000e+02  -7.2301633179683293e+01
   6.9500000000000000e+02  -7.2470185614415598e+01
   6.9600000000000000e+02  -7.2551701037424806e+01
   6.9700000000000000e+02  -7.2172825383916503e+01
   6.9800000000000000e+02  -7.2481512014841897e+01
   6.9900000000000000e+02  -7.2449905546946695e+01
   7.0000000000000000e+02  -7.2670742760998394e+01
   7.0100000000000000e+02  -7.3356647018594401e+01
   7.0200000000000000e+02  -7.3582739776113300e+01
   7.0300000000000000e+02  -7.3730547752440600e+01
   7.0400000000000000e+02  -7.3626221565543204e+01
   7.0500000000000000e+02  -7.3956275259823499e+01
   7.0600000000000000e+02  -7.4201802391775999e+01
   7.0700000000000000e+02  -7.4058991082095602e+01
   7.0800000000000000e+02  -7.4177739823502307e+01
   7.0900000000000000e+02  -7.4421721122997496e+01
   7.1000000000000000e+02  -7.4992512236378502e+01
   7.1100000000000000e+02  -7.5263552855696503e+01
   7.1200000000000000e+02  -7.5394397171778607e+01
   7.1300000000000000e+02  -7.5553940590717602e+01
   7.1400000000000000e+02  -7.5376605173770002e+01
   7.1500000000000000e+02  -7.5488839509007406e+01
   7.1600000000000000e+02  -7.5157459833146106e+01
   7.1700000000000000e+02  -7.5300754175049903e+01
   7.1800000000000000e+02  -7.5078962103406894e+01
   7.1900000000000000e+02  -7.4974883412255295e+01
   7.2000000000000000e+02  -7.4933292157117407e+01
   7.2100000000000000e+02  -7.4973594995072702e+01
   7.2200000000000000e+02  -7.5088343338807107e+01
   7.2300000000000000e+02  -7.5251619453725397e+01
   7.2400000000000000e+02  -7.5125488960278005e+01
   7.2500000000000000e+02  -7.5034317390207093e+01
   7.2600000000000000e+02  -7.5280312289096898e+01
   7.2700000000000000e+02  -7.4997744946770496e+01
   7.2800000000000000e+02  -7.4768382169551202e+01
   7.2900000000000000e+02  -7.4342130253526406e+01
   7.3000000000000000e+02  -7.4697580082868399e+01
   7.3100000000000000e+02  -7.4591411273844301e+01
   7.3200000000000000e+02  -7.4468954076465394e+01
   7.3300000000000000e+02  -7.4608460918824093e+01
   7.3400000000000000e+02  -7.4653530798027603e+01
   7.3500000000000000e+02  -7.4589976412951799e+01
   7.3600000000000000e+02  -7.4649169864990100e+01
   7.3700000000000000e+02  -7.4561330103952798e+01
   7.3800000000000000e+02  -7.4653449441216395e+01
   7.3900000000000000e+02  -7.4492649370954595e+01
   7.4000000000000000e+02  -7.4067239863078598e+01
   7.4100000000000000e+02  -7.4667466333255305e+01
   7.4200000000000000e+02  -7.4321996463130503e+01
   7.4300000000000000e+02  -7.4382716862214593e+01
   7.4400000000000000e+02  -7.4526102223095094e+01
   7.4500000000000000e+02  -7.4334620324872901e+01
   7.4600000000000000e+02  -7.4351259453902500e+01
   7.4700000000000000e+02  -7.4571721668676304e+01
   7.4800000000000000e+02  -7.4278017667347697e+01
   7.4900000000000000e+02  -7.4928507688728899e+01
   7.5000000000000000e+02  -7.4681304598497107e+01
   7.5100000000000000e+02  -7.4354823591591199e+01
   7.5200000000000000e+02  -7.4003386704303793e+01
   7.5300000000000000e+02  -7.4028511632760797e+01
   7.5400000000000000e+02  -7.3947526656467403e+01
   7.5500000000000000e+02  -7.3970062395725705e+01
   7.5600000000000000e+02  -7.3785125930597104e+01
   7.5700000000000000e+02  -7.3792630390362703e+01
   7.5800000000000000e+02  -7.3447432777702900e+01
   7.5900000000000000e+02  -7.3520876723062003e+01
   7.6000000000000000e+02  -7.3564727216395895e+01
   7.6100000000000000e+02  -7.3514174196846994e+01
   7.6200000000000000e+02  -7.3324808315016995e+01
   7.6300000000000000e+02  -7.3457065319251896e+01
   7.6400000000000000e+02  -7.2930042997178205e+01
   7.6500000000000000e+02  -7.2577503603492602e+01
   7.6600000000000000e+02  -7.2654440231348502e+01
   7.6700000000000000e+02  -7.2465341053341206e+01
   7.6800000000000000e+02  -7.2714988672616400e+01
   7.6900000000000000e+02  -7.2120034712560496e+01
   7.7000000000000000e+02  -7.1901261752926203e+01
   7.7100000000000000e+02  -7.2192717005218100e+01
   7.7200000000000000e+02  -7.2120787175245695e+01
   7.7300000000000000e+02  -7.1950182729378099e+01
   7.7400000000000000e+02  -7.2350430288726798e+01
   7.7500000000000000e+02  -7.2162818011650302e+01
   7.7600000000000000e+02  -7.2226238559692604e+01
   7.7700000000000000e+02  -7.1919269605142006e+01
   7.7800000000000000e+02  -7.2219398860534696e+01
   7.7900000000000000e+02  -7.2277406953280305e+01
   7.8000000000000000e+02  -7.2364332192962905e+01
   7.8100000000000000e+02  -7.2410587579554203e+01
   7.8200000000000000e+02  -7.2410708378636897e+01
   7.8300000000000000e+02  -7.2545833178068605e+01
   7.8400000000000000e+02  -7.2689534193939195e+01
   7.8500000000000000e+02  -7.2462267655060998e+01
   7.8600000000000000e+02  -7.2291386671042602e+01
   7.8700000000000000e+02  -7.2145259403613593e+01
   7.8800000000000000e+02  -7.2044541616446693e+01
   7.8900000000000000e+02  -7.2453711450922896e+01
   7.9000000000000000e+02  -7.2605639570095093e+01
   7.9100000000000000e+02  -7.2058252431227899e+01
   7.9200000000000000e+02  -7.1946449526534295e+01
   7.9300000000000000e+02  -7.1890480296971802e+01
   7.9400000000000000e+02  -7.2119710821228594e+01
   7.9500000000000000e+02  -7.2184625754729694e+01
   7.9600000000000000e+02  -7.2419532437726204e+01
   7.9700000000000000e+02  -7.2322576339492599e+01
   7.9800000000000000e+02  -7.2241643787939907e+01
   7.9900000000000000e+02  -7.2141187780300896e+01
   8.0000000000000000e+02  -7.2221502960330199e+01
   8.0100000000000000e+02  -7.2590703039072807e+01
   8.0200000000000000e+02  -7.2504502687320894e+01
   8.0300000000000000e+02  -7.2527429651613105e+01
   8.0400000000000000e+02  -7.3102363310685305e+01
   8.0500000000000000e+02  -7.3117619328212101e+01
   8.0600000000000000e+02  -7.2892072949018200e+01
   8.0700000000000000e+02  -7.2873460964777394e+01
   8.0800000000000000e+02  -7.3247077029410306e+01
   8.0900000000000000e+02  -7.3527198033634704e+01
   8.1000000000000000e+02  -7.4114454144216594e+01
   8.1100000000000000e+02  -7.3923638124554600e+01
   8.1200000000000000e+02  -7.3747492997712300e+01
   8.1300000000000000e+02  -7.3809304770520200e+01
   8.1400000000000000e+02  -7.3535572592293704e+01
   8.1500000000000000e+02  -7.3577668295583706e+01
   8.1600000000000000e+02  -7.3735783758200000e+01
   8.1700000000000000e+02  -7.3380960158321798e+01
   8.1800000000000000e+02  -7.3264600791855798e+01
   8.1900000000000000e+02  -7.3379544305777401e+01
   8.2000000000000000e+02  -7.3314262042105000e+01
   8.2100000000000000e+02  -7.3425381719865399e+01
   8.2200000000000000e+02  -7.3350466519276097e+01
   8.2300000000000000e+02  -7.2784089720836803e+01
   8.2400000000000000e+02  -7.2184046825356802e+01
   8.2500000000000000e+02  -7.2441284153362602e+01
   8.2600000000000000e+02  -7.2821794991116803e+01
   8.2700000000000000e+02  -7.2537113271078098e+01
   8.2800000000000000e+02  -7.2512113501964706e+01
   8.2900000000000000e+02  -7.2797844677699601e+01
   8.3000000000000000e+02  -7.2887167839928296e+01
   8.3100000000000000e+02  -7.2539483215415601e+01
   8.3200000000000000e+02  -7.2895611315241098e+01
   8.3300000000000000e+02  -7.2888888112125599e+01
   8.3400000000000000e+02  -7.2846327898471898e+01
   8.3500000000000000e+02  -7.2224911175945195e+01
   8.3600000000000000e+02  -7.2245107705019905e+01
   8.3700000000000000e+02  -7.2317590366914800e+01
   8.3800000000000000e+02  -7.2222665459130795e+01
   8.3900000000000000e+02  -7.1613211258650693e+01
   8.4000000000000000e+02  -7.1678862666807404e+01
   8.4100000000000000e+02  -7.2155632324009204e+01
   8.4200000000000000e+02  -7.2455292122214303e+01
   8.4300000000000000e+02  -7.2436935547198104e+01
   8.4400000000000000e+02  -7.2669752170074801e+01
   8.4500000000000000e+02  -7.3111853590227000e+01
   8.4600000000000000e+02  -7.3011199999349103e+01
   8.4700000000000000e+02  -7.3028054903440406e+01
   8.4800000000000000e+02  -7.3536546375996195e+01
   8.4900000000000000e+02  -7.3184804770597694e+01
   8.5000000000000000e+02  -7.2947353580299193e+01
   8.5100000000000000e+02  -7.3374872338948407e+01
   8.5200000000000000e+02  -7.3075005328472699e+01
   8.5300000000000000e+02  -7.3491014905716099e+01
   8.5400000000000000e+02  -7.3558950454646606e+01
   8.5500000000000000e+02  -7.3619122898873599e+01
   8.5600000000000000e+02  -7.3501628788961895e+01
   8.5700000000000000e+02  -7.3548280400126501e+01
   8.5800000000000000e+02  -7.3038643500583802e+01
   8.5900000000000000e+02  -7.3159638909641401e+01
   8.6000000000000000e+02  -7.2613988659355101e+01
   8.6100000000000000e+02  -7.2643877313107197e+01
   8.6200000000000000e+02  -7.2389883264344206e+01
   8.6300000000000000e+02  -7.2291798007270899e+01
   8.6400000000000000e+02  -7.2490088646844100e+01
   8.6500000000000000e+02  -7.2185079170380902e+01
   8.6600000000000000e+02  -7.2401494073657602e+01
   8.6700000000000000e+02  -7.2304218115261094e+01
   8.6800000000000000e+02  -7.1996774217026697e+01
   8.6900000000000000e+02  -7.2240045098668602e+01
   8.7000000000000000e+02  -7.2381316625064301e+01
   8.7100000000000000e+02  -7.2207070148374200e+01
   8.7200000000000000e+02  -7.1509096753051395e+01
   8.7300000000000000e+02  -7.0824995861226796e+01
   8.7400000000000000e+02  -7.0614065574037596e+01
   8.7500000000000000e+02  -7.1006343182147702e+01
   8.7600000000000000e+02  -7.0989479074418099e+01
   8.7700000000000000e+02  -7.0773391410681796e+01
   8.7800000000000000e+02  -7.1170415390626601e+01
   8.7900000000000000e+02  -7.0773878890735901e+01
   8.8000000000000000e+02  -7.0373420338195103e+01
   8.8100000000000000e+02  -6.9954356304178702e+01
   8.8200000000000000e+02  -6.9575049911880399e+01
   8.8300000000000000e+02  -6.9535461662506506e+01
   8.8400000000000000e+02  -6.9051108471639296e+01
   8.8500000000000000e+02  -6.8695814715571103e+01
   8.8600000000000000e+02  -6.8473262332532400e+01
   8.8700000000000000e+02  -6.8518829056373306e+01
   8.8800000000000000e+02  -6.8428508690579406e+01
   8.8900000000000000e+02  -6.8528873096891502e+01
   8.9000000000000000e+02  -6.7994049021630801e+01
   8.9100000000000000e+02  -6.7943957995381396e+01
   8.9200000000000000e+02  -6.7592375957325601e+01
   8.9300000000000000e+02  -6.7018847425685905e+01
   8.9400000000000000e+02  -6.6569459038037493e+01
   8.9500000000000000e+02  -6.5603658494501701e+01
   8.9600000000000000e+02  -6.4715520994067603e+01
   8.9700000000000000e+02  -6.4382780642772204e+01
   8.9800000000000000e+02  -6.4290836354472106e+01
   8.9900000000000000e+02  -6.4438079045138494e+01
   9.0000000000000000e+02  -6.3927725240265303e+01
   9.0100000000000000e+02  -6.3928618842026800e+01
   9.0200000000000000e+02  -6.3016664812406198e+01
   9.0300000000000000e+02  -6.2551262034215299e+01
   9.0400000000000000e+02  -6.1769943930741597e+01
   9.0500000000000000e+02  -6.0320615532908100e+01
   9.0600000000000000e+02  -5.8454948251470398e+01
   9.0700000000000000e+02  -5.6150967841690900e+01
   9.0800000000000000e+02  -5.1786148413367897e+01
   9.0900000000000000e+02  -3.9110329748078897e+01
   9.1000000000000000e+02  -1.3419721992190601e+01
