  -1.0000000000000000e+02  -7.3057140472060098e+01
  -9.9000000000000000e+01  -7.2860880136658594e+01
  -9.8000000000000000e+01  -7.2570871309324602e+01
  -9.7000000000000000e+01  -7.3030098402361702e+01
  -9.6000000000000000e+01  -7.3426781027102095e+01
  -9.5000000000000000e+01  -7.3498487379458595e+01
  -9.4000000000000000e+01  -7.3208597430324303e+01
  -9.3000000000000000e+01  -7.3419365645567296e+01
  -9.2000000000000000e+01  -7.2893752638109802e+01
  -9.1000000000000000e+01  -7.3238523177492596e+01
  -9.0000000000000000e+01  -7.2691960442960706e+01
  -8.9000000000000000e+01  -7.2404986283829601e+01
  -8.8000000000000000e+01  -7.2819974176049499e+01
  -8.7000000000000000e+01  -7.2985253244319296e+01
  -8.6000000000000000e+01  -7.3240060912868003e+01
  -8.5000000000000000e+01  -7.2896855468103993e+01
  -8.4000000000000000e+01  -7.2866721331251696e+01
  -8.3000000000000000e+01  -7.2780078494553607e+01
  -8.2000000000000000e+01  -7.2625315843308996e+01
  -8.1000000000000000e+01  -7.2118924308408793e+01
  -8.0000000000000000e+01  -7.2118027261601199e+01
  -7.9000000000000000e+01  -7.2534611073794593e+01
  -7.8000000000000000e+01  -7.2825995340685495e+01
  -7.7000000000000000e+01  -7.2908172727316298e+01
  -7.6000000000000000e+01  -7.2845245396347906e+01
  -7.5000000000000000e+01  -7.2054829584154504e+01
  -7.4000000000000000e+01  -7.2167361822427296e+01
  -7.3000000000000000e+01  -7.2442201948359397e+01
  -7.2000000000000000e+01  -7.2030069768261100e+01
  -7.1000000000000000e+01  -7.1971067218953394e+01
  -7.0000000000000000e+01  -7.1747402211531593e+01
  -6.9000000000000000e+01  -7.1295209395229406e+01
  -6.8000000000000000e+01  -7.1786765182883499e+01
  -6.7000000000000000e+01  -7.2051498355627203e+01
  -6.6000000000000000e+01  -7.1932419301976907e+01
  -6.5000000000000000e+01  -7.2144281901793704e+01
  -6.4000000000000000e+01  -7.1949732855924097e+01
  -6.3000000000000000e+01  -7.1840710775264498e+01
  -6.2000000000000000e+01  -7.1914373318855695e+01
  -6.1000000000000000e+01  -7.2274502542908294e+01
  -6.0000000000000000e+01  -7.2485917345255004e+01
  -5.9000000000000000e+01  -7.2510684590776805e+01
  -5.8000000000000000e+01  -7.2620687617624000e+01
  -5.7000000000000000e+01  -7.2833694220869702e+01
  -5.6000000000000000e+01  -7.2961964532868294e+01
  -5.5000000000000000e+01  -7.2652030490441803e+01
  -5.4000000000000000e+01  -7.2549576565124795e+01
  -5.3000000000000000e+01  -7.2612729143162099e+01
  -5.2000000000000000e+01  -7.2079857779637507e+01
  -5.1000000000000000e+01  -7.1958917951017000e+01
  -5.0000000000000000e+01  -7.1526661798628993e+01
  -4.9000000000000000e+01  -7.1091183810762203e+01
  -4.8000000000000000e+01  -7.1466347255900402e+01
  -4.7000000000000000e+01  -7.1476608613608803e+01
  -4.6000000000000000e+01  -7.1373862819172601e+01
  -4.5000000000000000e+01  -7.1658092671092504e+01
  -4.4000000000000000e+01  -7.1534465138262803e+01
  -4.3000000000000000e+01  -7.1524451857257802e+01
  -4.2000000000000000e+01  -7.1424955544475296e+01
  -4.1000000000000000e+01  -7.1800973250567793e+01
  -4.0000000000000000e+01  -7.1782830276594495e+01
  -3.9000000000000000e+01  -7.1475996485511502e+01
  -3.8000000000000000e+01  -7.1457912421224506e+01
  -3.7000000000000000e+01  -7.1682435253204503e+01
  -3.6000000000000000e+01  -7.1926076068311502e+01
  -3.5000000000000000e+01  -7.1905550945610102e+01
  -3.4000000000000000e+01  -7.1717984283571099e+01
  -3.3000000000000000e+01  -7.1205911886066303e+01
  -3.2000000000000000e+01  -7.1088271424077305e+01
  -3.1000000000000000e+01  -7.0454216804514303e+01
  -3.0000000000000000e+01  -7.0689027408517902e+01
  -2.9000000000000000e+01  -7.0777785493575095e+01
  -2.8000000000000000e+01  -7.0511546771718002e+01
  -2.7000000000000000e+01  -7.0157974209254903e+01
  -2.6000000000000000e+01  -7.0104526496187503e+01
  -2.5000000000000000e+01  -7.0064578014146406e+01
  -2.4000000000000000e+01  -7.0014014843106295e+01
  -2.3000000000000000e+01  -7.0033639355385304e+01
  -2.2000000000000000e+01  -6.9359659445193799e+01
  -2.1000000000000000e+01  -6.8865784775099300e+01
  -2.0000000000000000e+01  -6.8560974047437298e+01
  -1.9000000000000000e+01  -6.8268972042655705e+01
  -1.8000000000000000e+01  -6.7828590061038994e+01
  -1.7000000000000000e+01  -6.7329334836433404e+01
  -1.6000000000000000e+01  -6.7275900730243094e+01
  -1.5000000000000000e+01  -6.7300138098697204e+01
  -1.4000000000000000e+01  -6.7142617681708501e+01
  -1.3000000000000000e+01  -6.6850234530796399e+01
  -1.2000000000000000e+01  -6.6265034117575993e+01
  -1.1000000000000000e+01  -6.6051307617785000e+01
  -1.0000000000000000e+01  -6.5349187092744103e+01
  -9.0000000000000000e+00  -6.4808452161079202e+01
  -8.0000000000000000e+00  -6.4291006343456203e+01
  -7.0000000000000000e+00  -6.3827162143530103e+01
  -6.0000000000000000e+00  -6.2962972890465302e+01
  -5.0000000000000000e+00  -6.1366597778735503e+01
  -4.0000000000000000e+00  -6.0298110513067300e+01
  -3.0000000000000000e+00  -5.8374461978276898e+01
  -2.0000000000000000e+00  -5.5059696563098697e+01
  -1.0000000000000000e+00  -4.7076151026491402e+01
   0.0000000000000000e+00  -1.6559130495947201e+01
   1.0000000000000000e+00   3.9934300392923001e+00
   2.0000000000000000e+00   1.5636600630523800e+01
   3.0000000000000000e+00   2.1812197597953102e+01
   4.0000000000000000e+00   2.4684299070826501e+01
   5.0000000000000000e+00   2.5878236843222400e+01
   6.0000000000000000e+00   2.7070881528685000e+01
   7.0000000000000000e+00   2.7458112914892599e+01
   8.0000000000000000e+00   2.7964347761519502e+01
   9.0000000000000000e+00   2.8162011932470101e+01
   1.0000000000000000e+01   2.8481051836916599e+01
   1.1000000000000000e+01   2.8796093209608401e+01
   1.2000000000000000e+01   2.9145220855938899e+01
   1.3000000000000000e+01   2.9481200867476900e+01
   1.4000000000000000e+01   2.9872049664169300e+01
   1.5000000000000000e+01   3.0556272409858600e+01
   1.6000000000000000e+01   3.0835238277727701e+01
   1.7000000000000000e+01   3.0990449860892301e+01
   1.8000000000000000e+01   3.1012326711655401e+01
   1.9000000000000000e+01   3.1148962846885802e+01
   2.0000000000000000e+01   3.0914279049115201e+01
   2.1000000000000000e+01   3.0994293861782801e+01
   2.2000000000000000e+01   3.1149216610150098e+01
   2.3000000000000000e+01   3.0585479208478400e+01
   2.4000000000000000e+01   3.0644696438398700e+01
   2.5000000000000000e+01   3.0685656062071001e+01
   2.6000000000000000e+01   3.0698773013415501e+01
   2.7000000000000000e+01   3.1502299911270001e+01
   2.8000000000000000e+01   3.1594371753390199e+01
   2.9000000000000000e+01   3.1443421588037300e+01
   3.0000000000000000e+01   3.1444221572712401e+01
   3.1000000000000000e+01   3.2030859690156397e+01
   3.2000000000000000e+01   3.1930500704956799e+01
   3.3000000000000000e+01   3.2099093273407497e+01
   3.4000000000000000e+01   3.1913679536846601e+01
   3.5000000000000000e+01   3.1334870822006302e+01
   3.6000000000000000e+01   3.1723664302634599e+01
   3.7000000000000000e+01   3.1733117686015301e+01
   3.8000000000000000e+01   3.1761069169059400e+01
   3.9000000000000000e+01   3.1634112711036099e+01
   4.0000000000000000e+01   3.1619469563191501e+01
   4.1000000000000000e+01   3.2360874945304197e+01
   4.2000000000000000e+01   3.2127616318092201e+01
   4.3000000000000000e+01   3.2004534592856103e+01
   4.4000000000000000e+01   3.2253551848256500e+01
   4.5000000000000000e+01   3.2335653056510097e+01
   4.6000000000000000e+01   3.2330326593711298e+01
   4.7000000000000000e+01   3.2809979741969201e+01
   4.8000000000000000e+01   3.2739846724951200e+01
   4.9000000000000000e+01   3.2888327723437300e+01
   5.0000000000000000e+01   3.2926511046258298e+01
   5.1000000000000000e+01   3.2822374705311901e+01
   5.2000000000000000e+01   3.2835924791734598e+01
   5.3000000000000000e+01   3.2547605161797101e+01
   5.4000000000000000e+01   3.2746961640181397e+01
   5.5000000000000000e+01   3.2683242280846102e+01
   5.6000000000000000e+01   3.2715359286153898e+01
   5.7000000000000000e+01   3.2779916868374698e+01
   5.8000000000000000e+01   3.3208814354868800e+01
   5.9000000000000000e+01   3.3550329165022902e+01
   6.0000000000000000e+01   3.3863190454541503e+01
   6.1000000000000000e+01   3.3844871646739698e+01
   6.2000000000000000e+01   3.3865017862575598e+01
   6.3000000000000000e+01   3.3558831612740804e+01
   6.4000000000000000e+01   3.3981912341150000e+01
   6.5000000000000000e+01   3.3605297726761798e+01
   6.6000000000000000e+01   3.3567999411409502e+01
   6.7000000000000000e+01   3.3990470052535500e+01
   6.8000000000000000e+01   3.4151387865488402e+01
   6.9000000000000000e+01   3.3695250124748199e+01
   7.0000000000000000e+01   3.3447525330330897e+01
   7.1000000000000000e+01   3.3471961475102802e+01
   7.2000000000000000e+01   3.3811430366474298e+01
   7.3000000000000000e+01   3.3969439029895398e+01
   7.4000000000000000e+01   3.3785023500767402e+01
   7.5000000000000000e+01   3.4224726240141500e+01
   7.6000000000000000e+01   3.4384643359785997e+01
   7.7000000000000000e+01   3.4609740137931901e+01
   7.8000000000000000e+01   3.5060036339719403e+01
   7.9000000000000000e+01   3.4680796492948801e+01
   8.0000000000000000e+01   3.4490884438761697e+01
   8.1000000000000000e+01   3.4583532784111298e+01
   8.2000000000000000e+01   3.4897460361861697e+01
   8.3000000000000000e+01   3.4587013536547197e+01
   8.4000000000000000e+01   3.4387182643183102e+01
   8.5000000000000000e+01   3.4447225999765600e+01
   8.6000000000000000e+01   3.4056580839707600e+01
   8.7000000000000000e+01   3.4070182196772500e+01
   8.8000000000000000e+01   3.3890337292962599e+01
   8.9000000000000000e+01   3.3414113375953903e+01
   9.0000000000000000e+01   3.3536219369671997e+01
   9.1000000000000000e+01   3.3636366046844103e+01
   9.2000000000000000e+01   3.3582500098644097e+01
   9.3000000000000000e+01   3.3734643813552502e+01
   9.4000000000000000e+01   3.3951865392652401e+01
   9.5000000000000000e+01   3.3603546151235797e+01
   9.6000000000000000e+01   3.3479418709134400e+01
   9.7000000000000000e+01   3.3151763862048398e+01
   9.8000000000000000e+01   3.2964702153457900e+01
   9.9000000000000000e+01   3.2886271784956200e+01
   1.0000000000000000e+02   3.2890003167842004e+01
   1.0100000000000000e+02   3.3002608468368997e+01
   1.0200000000000000e+02   3.3232636591483597e+01
   1.0300000000000000e+02   3.2816275282658097e+01
   1.0400000000000000e+02   3.2934723331400697e+01
   1.0500000000000000e+02   3.2953062388176100e+01
   1.0600000000000000e+02   3.3005974861705297e+01
   1.0700000000000000e+02   3.3114035307144199e+01
   1.0800000000000000e+02   3.2628003338642500e+01
   1.0900000000000000e+02   3.2039892330242303e+01
   1.1000000000000000e+02   3.1819576787586499e+01
   1.1100000000000000e+02   3.1609411962688100e+01
   1.1200000000000000e+02   3.2021343688589504e+01
   1.1300000000000000e+02   3.2460290071894100e+01
   1.1400000000000000e+02   3.2411463299082101e+01
   1.1500000000000000e+02   3.2083570304705098e+01
   1.1600000000000000e+02   3.2215380716531499e+01
   1.1700000000000000e+02   3.2027569739519400e+01
   1.1800000000000000e+02   3.1860743802772699e+01
   1.1900000000000000e+02   3.1563787709191800e+01
   1.2000000000000000e+02   3.0898577673948498e+01
   1.2100000000000000e+02   3.1606889656421401e+01
   1.2200000000000000e+02   3.1712923949615998e+01
   1.2300000000000000e+02   3.1222032199321600e+01
   1.2400000000000000e+02   3.1919137768174998e+01
   1.2500000000000000e+02   3.2081677174222200e+01
   1.2600000000000000e+02   3.2017124896113998e+01
   1.2700000000000000e+02   3.2222191919843198e+01
   1.2800000000000000e+02   3.1866375142953800e+01
   1.2900000000000000e+02   3.1588988814777402e+01
   1.3000000000000000e+02   3.1494452331065300e+01
   1.3100000000000000e+02   3.1692891068457701e+01
   1.3200000000000000e+02   3.2425493936191600e+01
   1.3300000000000000e+02   3.2096339234455300e+01
   1.3400000000000000e+02   3.2455907111466900e+01
   1.3500000000000000e+02   3.2330024669306198e+01
   1.3600000000000000e+02   3.2746293302643402e+01
   1.3700000000000000e+02   3.1812358707858099e+01
   1.3800000000000000e+02   3.1420833400019600e+01
   1.3900000000000000e+02   3.1148548000522201e+01
   1.4000000000000000e+02   3.1183501912343399e+01
   1.4100000000000000e+02   3.1178210247584801e+01
   1.4200000000000000e+02   3.1256260116379600e+01
   1.4300000000000000e+02   3.0715843801141499e+01
   1.4400000000000000e+02   3.0585235160645400e+01
   1.4500000000000000e+02   3.0336248397407299e+01
   1.4600000000000000e+02   3.0274015299290301e+01
   1.4700000000000000e+02   3.0313150627625401e+01
   1.4800000000000000e+02   3.0367589799115802e+01
   1.4900000000000000e+02   3.0120057061440399e+01
   1.5000000000000000e+02   2.9613925219862299e+01
   1.5100000000000000e+02   2.9942352976510200e+01
   1.5200000000000000e+02   3.0245636973643300e+01
   1.5300000000000000e+02   3.0280048224222401e+01
   1.5400000000000000e+02   2.9769533368713098e+01
   1.5500000000000000e+02   2.9546138706968499e+01
   1.5600000000000000e+02   2.9501292123818899e+01
   1.5700000000000000e+02   2.9317339401440702e+01
   1.5800000000000000e+02   2.8763766217604498e+01
   1.5900000000000000e+02   2.8952098160281700e+01
   1.6000000000000000e+02   2.9295868728068701e+01
   1.6100000000000000e+02   2.8766260999011902e+01
   1.6200000000000000e+02   2.8547192719006301e+01
   1.6300000000000000e+02   2.8314160987710899e+01
   1.6400000000000000e+02   2.8062360133642500e+01
   1.6500000000000000e+02   2.7865183182413901e+01
   1.6600000000000000e+02   2.7964422923430000e+01
   1.6700000000000000e+02   2.7606830676745201e+01
   1.6800000000000000e+02   2.7339417394144199e+01
   1.6900000000000000e+02   2.7144842640563301e+01
   1.7000000000000000e+02   2.6788579583802999e+01
   1.7100000000000000e+02   2.6716132948810699e+01
   1.7200000000000000e+02   2.6501683581838599e+01
   1.7300000000000000e+02   2.6415935841214900e+01
   1.7400000000000000e+02   2.6385872824919200e+01
   1.7500000000000000e+02   2.6081970534359598e+01
   1.7600000000000000e+02   2.5537932373000800e+01
   1.7700000000000000e+02   2.5412102101731598e+01
   1.7800000000000000e+02   2.5186902941574200e+01
   1.7900000000000000e+02   2.5122864696085902e+01
   1.8000000000000000e+02   2.5081491025449498e+01
   1.8100000000000000e+02   2.4836334500408999e+01
   1.8200000000000000e+02   2.4801963454670801e+01
   1.8300000000000000e+02   2.4683352502489299e+01
   1.8400000000000000e+02   2.4700867669762001e+01
   1.8500000000000000e+02   2.5092136664447100e+01
   1.8600000000000000e+02   2.4780243018864901e+01
   1.8700000000000000e+02   2.4481598060654299e+01
   1.8800000000000000e+02   2.4184177825288501e+01
   1.8900000000000000e+02   2.4042144469628500e+01
   1.9000000000000000e+02   2.3867972683092599e+01
   1.9100000000000000e+02   2.3957163827176299e+01
   1.9200000000000000e+02   2.3546925555031500e+01
   1.9300000000000000e+02   2.3357655039174102e+01
   1.9400000000000000e+02   2.3234351143176600e+01
   1.9500000000000000e+02   2.3212185203888101e+01
   1.9600000000000000e+02   2.2932581275589602e+01
   1.9700000000000000e+02   2.2414628968599899e+01
   1.9800000000000000e+02   2.1833354873662000e+01
   1.9900000000000000e+02   2.1577114114668699e+01
   2.0000000000000000e+02   2.1586504393934302e+01
   2.0100000000000000e+02   2.1031932448407598e+01
   2.0200000000000000e+02   2.1264094360972301e+01
   2.0300000000000000e+02   2.1555610598642499e+01
   2.0400000000000000e+02   2.1622745937881799e+01
   2.0500000000000000e+02   2.1341021254748700e+01
   2.0600000000000000e+02   2.0608637769293100e+01
   2.0700000000000000e+02   2.0375231833047199e+01
   2.0800000000000000e+02   2.0169814389394300e+01
   2.0900000000000000e+02   1.9949508259102700e+01
   2.1000000000000000e+02   2.0172115890988000e+01
   2.1100000000000000e+02   2.0144011673621598e+01
   2.1200000000000000e+02   2.0409371402579801e+01
   2.1300000000000000e+02   2.0454929721123701e+01
   2.1400000000000000e+02   2.0796304777294502e+01
   2.1500000000000000e+02   2.0634043478099599e+01
   2.1600000000000000e+02   2.0369023948672201e+01
   2.1700000000000000e+02   2.0293218716854000e+01
   2.1800000000000000e+02   2.0330647073648901e+01
   2.1900000000000000e+02   1.9607243736059502e+01
   2.2000000000000000e+02   1.9460397556448800e+01
   2.2100000000000000e+02   1.8956046090067900e+01
   2.2200000000000000e+02   1.8607718182844199e+01
   2.2300000000000000e+02   1.8221163969703600e+01
   2.2400000000000000e+02   1.8179114181437601e+01
   2.2500000000000000e+02   1.8115209067457702e+01
   2.2600000000000000e+02   1.7882855407588298e+01
   2.2700000000000000e+02   1.7516500067237398e+01
   2.2800000000000000e+02   1.7773455604354101e+01
   2.2900000000000000e+02   1.7502623195330600e+01
   2.3000000000000000e+02   1.7235005634800000e+01
   2.3100000000000000e+02   1.7006820981354501e+01
   2.3200000000000000e+02   1.6531975053829601e+01
   2.3300000000000000e+02   1.6152557964264599e+01
   2.3400000000000000e+02   1.6409359843042299e+01
   2.3500000000000000e+02   1.6662448828965299e+01
   2.3600000000000000e+02   1.6560395310436501e+01
   2.3700000000000000e+02   1.6702576308815399e+01
   2.3800000000000000e+02   1.6613495645474099e+01
   2.3900000000000000e+02   1.6083743428127399e+01
   2.4000000000000000e+02   1.5934056988436700e+01
   2.4100000000000000e+02   1.6000303251161402e+01
   2.4200000000000000e+02   1.5284862366504600e+01
   2.4300000000000000e+02   1.4566720101415800e+01
   2.4400000000000000e+02   1.4470242805158300e+01
   2.4500000000000000e+02   1.4040943089218400e+01
   2.4600000000000000e+02   1.3973603950987700e+01
   2.4700000000000000e+02   1.3486893254191299e+01
   2.4800000000000000e+02   1.3223038220576401e+01
   2.4900000000000000e+02   1.2852207168754200e+01
   2.5000000000000000e+02   1.2697796618121000e+01
   2.5100000000000000e+02   1.3175705866960501e+01
   2.5200000000000000e+02   1.3400868144129300e+01
   2.5300000000000000e+02   1.3466127069704299e+01
   2.5400000000000000e+02   1.3380564975546299e+01
   2.5500000000000000e+02   1.3629959888467800e+01
   2.5600000000000000e+02   1.3979436810981399e+01
   2.5700000000000000e+02   1.4062174222393500e+01
   2.5800000000000000e+02   1.3796679617084299e+01
   2.5900000000000000e+02   1.3623314448120301e+01
   2.6000000000000000e+02   1.3681137500513501e+01
   2.6100000000000000e+02   1.2905294284393900e+01
   2.6200000000000000e+02   1.2771151247697400e+01
   2.6300000000000000e+02   1.2325000795873700e+01
   2.6400000000000000e+02   1.2505087553107600e+01
   2.6500000000000000e+02   1.2045668783062800e+01
   2.6600000000000000e+02   1.1602408659373500e+01
   2.6700000000000000e+02   1.1460028161132801e+01
   2.6800000000000000e+02   1.1310176936054400e+01
   2.6900000000000000e+02   1.0983451538103299e+01
   2.7000000000000000e+02   1.1162032107320700e+01
   2.7100000000000000e+02   1.0539922625078200e+01
   2.7200000000000000e+02   1.0814638128860199e+01
   2.7300000000000000e+02   1.0616825292498000e+01
   2.7400000000000000e+02   1.0943271695669500e+01
   2.7500000000000000e+02   1.0800408530843599e+01
   2.7600000000000000e+02   1.0652666138695499e+01
   2.7700000000000000e+02   1.0439675065432100e+01
   2.7800000000000000e+02   1.0225797217180700e+01
   2.7900000000000000e+02   9.9191016338058997e+00
   2.8000000000000000e+02   1.0009866719587601e+01
   2.8100000000000000e+02   1.0034536078578100e+01
   2.8200000000000000e+02   9.3958696187108597e+00
   2.8300000000000000e+02   9.3578017647803993e+00
   2.8400000000000000e+02   9.1422946608806797e+00
   2.8500000000000000e+02   9.3764259453491601e+00
   2.8600000000000000e+02   9.3217639247897104e+00
   2.8700000000000000e+02   9.0859478272129905e+00
   2.8800000000000000e+02   8.5653081772463509e+00
   2.8900000000000000e+02   8.1580322546043504e+00
   2.9000000000000000e+02   8.5385480806250005e+00
   2.9100000000000000e+02   7.6536882471987102e+00
   2.9200000000000000e+02   7.5320834779315504e+00
   2.9300000000000000e+02   7.5088430560767803e+00
   2.9400000000000000e+02   7.5348713440232400e+00
   2.9500000000000000e+02   6.9748905998634001e+00
   2.9600000000000000e+02   6.7519263057860996e+00
   2.9700000000000000e+02   6.2027439207678698e+00
   2.9800000000000000e+02   5.9123282701363200e+00
   2.9900000000000000e+02   5.3759337306185300e+00
   3.0000000000000000e+02   5.0620045103572604e+00
   3.0100000000000000e+02   4.4870119303582499e+00
   3.0200000000000000e+02   4.4379712133924896e+00
   3.0300000000000000e+02   4.2263352342988298e+00
   3.0400000000000000e+02   3.9560721337666900e+00
   3.0500000000000000e+02   3.7481786353128701e+00
   3.0600000000000000e+02   3.1331316482738298e+00
   3.0700000000000000e+02   3.3091160433401900e+00
   3.0800000000000000e+02   2.6529457768782900e+00
   3.0900000000000000e+02   2.5975672696511398e+00
   3.1000000000000000e+02   2.6834889324235500e+00
   3.1100000000000000e+02   2.0152604629177602e+00
   3.1200000000000000e+02   1.7191040910089099e+00
   3.1300000000000000e+02   1.5881440794077100e+00
   3.1400000000000000e+02   1.7862862554174599e+00
   3.1500000000000000e+02   1.7770555659561800e+00
   3.1600000000000000e+02   1.8014416306294900e+00
   3.1700000000000000e+02   1.3296793774214699e+00
   3.1800000000000000e+02   1.3167092985628399e+00
   3.1900000000000000e+02   8.3915597628786198e-01
   3.2000000000000000e+02   3.2879630138303700e-01
   3.2100000000000000e+02   9.0812481967899400e-02
   3.2200000000000000e+02   1.3016576575817500e-02
   3.2300000000000000e+02  -4.9262785680164201e-01
   3.2400000000000000e+02  -1.1466199133373001e+00
   3.2500000000000000e+02  -1.6244458926641800e+00
   3.2600000000000000e+02  -2.3312955308782501e+00
   3.2700000000000000e+02  -2.3630767017159999e+00
   3.2800000000000000e+02  -2.7025476061872800e+00
   3.2900000000000000e+02  -3.0741884694804100e+00
   3.3000000000000000e+02  -3.3357975135379299e+00
   3.3100000000000000e+02  -3.8226248821543298e+00
   3.3200000000000000e+02  -3.8728759018385399e+00
   3.3300000000000000e+02  -3.6793281061113001e+00
   3.3400000000000000e+02  -4.1181112102521498e+00
   3.3500000000000000e+02  -4.2451747144458798e+00
   3.3600000000000000e+02  -4.8328831409873096e+00
   3.3700000000000000e+02  -4.9531434650242101e+00
   3.3800000000000000e+02  -5.4582147028556101e+00
   3.3900000000000000e+02  -6.0928105388335903e+00
   3.4000000000000000e+02  -7.0688808691190301e+00
   3.4100000000000000e+02  -7.3262915285034600e+00
   3.4200000000000000e+02  -7.2157036455794401e+00
   3.4300000000000000e+02  -7.8126988805463000e+00
   3.4400000000000000e+02  -7.8415485063015504e+00
   3.4500000000000000e+02  -8.2045956882075100e+00
   3.4600000000000000e+02  -8.4419572606232407e+00
   3.4700000000000000e+02  -8.7951875049466501e+00
   3.4800000000000000e+02  -9.1997923974787792e+00
   3.4900000000000000e+02  -9.5693423064528105e+00
   3.5000000000000000e+02  -9.7730094234013798e+00
   3.5100000000000000e+02  -9.8412292098699297e+00
   3.5200000000000000e+02  -9.9977900967637297e+00
   3.5300000000000000e+02  -1.0771482458507100e+01
   3.5400000000000000e+02  -1.0772219077151000e+01
   3.5500000000000000e+02  -1.1396458253972600e+01
   3.5600000000000000e+02  -1.2052820850480099e+01
   3.5700000000000000e+02  -1.2653048474387900e+01
   3.5800000000000000e+02  -1.2925278199199500e+01
   3.5900000000000000e+02  -1.3316902492227999e+01
   3.6000000000000000e+02  -1.3537621563861901e+01
   3.6100000000000000e+02  -1.4017690633014499e+01
   3.6200000000000000e+02  -1.4523526041988999e+01
   3.6300000000000000e+02  -1.4881727414203199e+01
   3.6400000000000000e+02  -1.5186678036782700e+01
   3.6500000000000000e+02  -1.5529188170367799e+01
   3.6600000000000000e+02  -1.6216849092330200e+01
   3.6700000000000000e+02  -1.6716830547068401e+01
   3.6800000000000000e+02  -1.6635813495307399e+01
   3.6900000000000000e+02  -1.6973888984155700e+01
   3.7000000000000000e+02  -1.7452695275512902e+01
   3.7100000000000000e+02  -1.7364509436162201e+01
   3.7200000000000000e+02  -1.8143094927363599e+01
   3.7300000000000000e+02  -1.8720823338004099e+01
   3.7400000000000000e+02  -1.9254579207574501e+01
   3.7500000000000000e+02  -2.0207509688428299e+01
   3.7600000000000000e+02  -2.0823340002938600e+01
   3.7700000000000000e+02  -2.1095295776859800e+01
   3.7800000000000000e+02  -2.2148307262297799e+01
   3.7900000000000000e+02  -2.3287432589727199e+01
   3.8000000000000000e+02  -2.3589506598337600e+01
   3.8100000000000000e+02  -2.4088309005134299e+01
   3.8200000000000000e+02  -2.5262284258641699e+01
   3.8300000000000000e+02  -2.6231035187324899e+01
   3.8400000000000000e+02  -2.6695405806379100e+01
   3.8500000000000000e+02  -2.7390119346778700e+01
   3.8600000000000000e+02  -2.8556012934822000e+01
   3.8700000000000000e+02  -2.9360161941436900e+01
   3.8800000000000000e+02  -2.9610357884774299e+01
   3.8900000000000000e+02  -3.0993314166413999e+01
   3.9000000000000000e+02  -3.1734629792465100e+01
   3.9100000000000000e+02  -3.2814852573485197e+01
   3.9200000000000000e+02  -3.3541427668856898e+01
   3.9300000000000000e+02  -3.4535069881376799e+01
   3.9400000000000000e+02  -3.4815788954380800e+01
   3.9500000000000000e+02  -3.5703481835578501e+01
   3.9600000000000000e+02  -3.6714083118765203e+01
   3.9700000000000000e+02  -3.7734630997791399e+01
   3.9800000000000000e+02  -3.8290667490030103e+01
   3.9900000000000000e+02  -3.9061484923323697e+01
   4.0000000000000000e+02  -3.9553891861591502e+01
   4.0100000000000000e+02  -4.0030403669458103e+01
   4.0200000000000000e+02  -4.1293371962328301e+01
   4.0300000000000000e+02  -4.1778589203605300e+01
   4.0400000000000000e+02  -4.2263331414948098e+01
   4.0500000000000000e+02  -4.3294018794156401e+01
   4.0600000000000000e+02  -4.3980116921481901e+01
   4.0700000000000000e+02  -4.5629519539891099e+01
   4.0800000000000000e+02  -4.6615537231210197e+01
   4.0900000000000000e+02  -4.7742955254427201e+01
   4.1000000000000000e+02  -4.8443842770856598e+01
   4.1100000000000000e+02  -4.9433954703113699e+01
   4.1200000000000000e+02  -5.0063758084696701e+01
   4.1300000000000000e+02  -5.1242582505204403e+01
   4.1400000000000000e+02  -5.2490533672125800e+01
   4.1500000000000000e+02  -5.2940066873868403e+01
   4.1600000000000000e+02  -5.3637738145794401e+01
   4.1700000000000000e+02  -5.5304985093249897e+01
   4.1800000000000000e+02  -5.5954228160058101e+01
   4.1900000000000000e+02  -5.6530360792473502e+01
   4.2000000000000000e+02  -5.7558366578733398e+01
   4.2100000000000000e+02  -5.8413252625190502e+01
   4.2200000000000000e+02  -5.9191339627373203e+01
   4.2300000000000000e+02  -5.9884868874864800e+01
   4.2400000000000000e+02  -6.0436069214973102e+01
   4.2500000000000000e+02  -6.0885142043170099e+01
   4.2600000000000000e+02  -6.1798572753127097e+01
   4.2700000000000000e+02  -6.2564515388497703e+01
   4.2800000000000000e+02  -6.3201930616985500e+01
   4.2900000000000000e+02  -6.3950078646272097e+01
   4.3000000000000000e+02  -6.4292052091407399e+01
   4.3100000000000000e+02  -6.4755423561359194e+01
   4.3200000000000000e+02  -6.5392501739407606e+01
   4.3300000000000000e+02  -6.6169228561068095e+01
   4.3400000000000000e+02  -6.6725469172334996e+01
   4.3500000000000000e+02  -6.8081536849660694e+01
   4.3600000000000000e+02  -6.8399979004370806e+01
   4.3700000000000000e+02  -6.9638327117470098e+01
   4.3800000000000000e+02  -7.0650253516386798e+01
   4.3900000000000000e+02  -7.1139877406785004e+01
   4.4000000000000000e+02  -7.1384262172263604e+01
   4.4100000000000000e+02  -7.1743678780457500e+01
   4.4200000000000000e+02  -7.2193486351496503e+01
   4.4300000000000000e+02  -7.2267615111403103e+01
   4.4400000000000000e+02  -7.2391415262562404e+01
   4.4500000000000000e+02  -7.2746853567701393e+01
   4.4600000000000000e+02  -7.3090783380480701e+01
   4.4700000000000000e+02  -7.3597724891458697e+01
   4.4800000000000000e+02  -7.4013860317925094e+01
   4.4900000000000000e+02  -7.4895777002575201e+01
   4.5000000000000000e+02  -7.4681387851602096e+01
   4.5100000000000000e+02  -7.5197535347080404e+01
   4.5200000000000000e+02  -7.5128837887425703e+01
   4.5300000000000000e+02  -7.4791812016003405e+01
   4.5400000000000000e+02  -7.4703590125030104e+01
   4.5500000000000000e+02  -7.4869318324817101e+01
   4.5600000000000000e+02  -7.5070759444483997e+01
   4.5700000000000000e+02  -7.5158968010933407e+01
   4.5800000000000000e+02  -7.5338456889615202e+01
   4.5900000000000000e+02  -7.5451542911224095e+01
   4.6000000000000000e+02  -7.5656366733890906e+01
   4.6100000000000000e+02  -7.5716699928566896e+01
   4.6200000000000000e+02  -7.5459195849867299e+01
   4.6300000000000000e+02  -7.5380485265307101e+01
   4.6400000000000000e+02  -7.5378352316163600e+01
   4.6500000000000000e+02  -7.5365950377457196e+01
   4.6600000000000000e+02  -7.5442329028680902e+01
   4.6700000000000000e+02  -7.5207184796531095e+01
   4.6800000000000000e+02  -7.5170054930620793e+01
   4.6900000000000000e+02  -7.5268885301920207e+01
   4.7000000000000000e+02  -7.5323799856271805e+01
   4.7100000000000000e+02  -7.5459154650302807e+01
   4.7200000000000000e+02  -7.4744468651832605e+01
   4.7300000000000000e+02  -7.5184028854822699e+01
   4.7400000000000000e+02  -7.5259731570176598e+01
   4.7500000000000000e+02  -7.5749237495379703e+01
   4.7600000000000000e+02  -7.5625338543013299e+01
   4.7700000000000000e+02  -7.5186281543863302e+01
   4.7800000000000000e+02  -7.4915500668205993e+01
   4.7900000000000000e+02  -7.4593311447017697e+01
   4.8000000000000000e+02  -7.4924486120654905e+01
   4.8100000000000000e+02  -7.5335200137082396e+01
   4.8200000000000000e+02  -7.4647169451052804e+01
   4.8300000000000000e+02  -7.4213294052891001e+01
   4.8400000000000000e+02  -7.4366909432292204e+01
   4.8500000000000000e+02  -7.4571922721668699e+01
   4.8600000000000000e+02  -7.4503671294438703e+01
   4.8700000000000000e+02  -7.4163803950173900e+01
   4.8800000000000000e+02  -7.5055248727960603e+01
   4.8900000000000000e+02  -7.5039817351341895e+01
   4.9000000000000000e+02  -7.4874175325786098e+01
   4.9100000000000000e+02  -7.4819831583380306e+01
   4.9200000000000000e+02  -7.4747398100056898e+01
   4.9300000000000000e+02  -7.4624416123525293e+01
   4.9400000000000000e+02  -7.5073086163631601e+01
   4.9500000000000000e+02  -7.4943658108163902e+01
   4.9600000000000000e+02  -7.4487622562172007e+01
   4.9700000000000000e+02  -7.4672109785377600e+01
   4.9800000000000000e+02  -7.4699381014603105e+01
   4.9900000000000000e+02  -7.4602677217160604e+01
   5.0000000000000000e+02  -7.4480259050263200e+01
   5.0100000000000000e+02  -7.4838335920400795e+01
   5.0200000000000000e+02  -7.4648429479407298e+01
   5.0300000000000000e+02  -7.4049331349767698e+01
   5.0400000000000000e+02  -7.4029792854381597e+01
   5.0500000000000000e+02  -7.4220062814145805e+01
   5.0600000000000000e+02  -7.4387519161514803e+01
   5.0700000000000000e+02  -7.4461896537220099e+01
   5.0800000000000000e+02  -7.4331906644308305e+01
   5.0900000000000000e+02  -7.4029802151612600e+01
   5.1000000000000000e+02  -7.4013115767149600e+01
   5.1100000000000000e+02  -7.3710016970269095e+01
   5.1200000000000000e+02  -7.3614069643425395e+01
   5.1300000000000000e+02  -7.3594166617139706e+01
   5.1400000000000000e+02  -7.3427916163340200e+01
   5.1500000000000000e+02  -7.3321131204583395e+01
   5.1600000000000000e+02  -7.3544585383902202e+01
   5.1700000000000000e+02  -7.3625401198274801e+01
   5.1800000000000000e+02  -7.3795248937676703e+01
   5.1900000000000000e+02  -7.3852490870379299e+01
   5.2000000000000000e+02  -7.4331878634780907e+01
   5.2100000000000000e+02  -7.4061442394227697e+01
   5.2200000000000000e+02  -7.3791629300051099e+01
   5.2300000000000000e+02  -7.3461348676161194e+01
   5.2400000000000000e+02  -7.3734953484597696e+01
   5.2500000000000000e+02  -7.3906856180681999e+01
   5.2600000000000000e+02  -7.4594305374054997e+01
   5.2700000000000000e+02  -7.4880452942010507e+01
   5.2800000000000000e+02  -7.4832264796539704e+01
   5.2900000000000000e+02  -7.5196039573990205e+01
   5.3000000000000000e+02  -7.5237556104205396e+01
   5.3100000000000000e+02  -7.4969228358471597e+01
   5.3200000000000000e+02  -7.5034194462478794e+01
   5.3300000000000000e+02  -7.5306193780693206e+01
   5.3400000000000000e+02  -7.5441905432111596e+01
   5.3500000000000000e+02  -7.5807521354101695e+01
   5.3600000000000000e+02  -7.5622004967702793e+01
   5.3700000000000000e+02  -7.6050318519849498e+01
   5.3800000000000000e+02  -7.6394565020635497e+01
   5.3900000000000000e+02  -7.7041226021861107e+01
   5.4000000000000000e+02  -7.6747346638328395e+01
   5.4100000000000000e+02  -7.6319112222725295e+01
   5.4200000000000000e+02  -7.6411408981556903e+01
   5.4300000000000000e+02  -7.6501167022768101e+01
   5.4400000000000000e+02  -7.6757036796145400e+01
   5.4500000000000000e+02  -7.6943947925138303e+01
   5.4600000000000000e+02  -7.6997782513073901e+01
   5.4700000000000000e+02  -7.6969859842501805e+01
   5.4800000000000000e+02  -7.6748746999367896e+01
   5.4900000000000000e+02  -7.6464211425250397e+01
   5.5000000000000000e+02  -7.6247050672412101e+01
   5.5100000000000000e+02  -7.6140727081756694e+01
   5.5200000000000000e+02  -7.5975575064089995e+01
   5.5300000000000000e+02  -7.6096236275703006e+01
   5.5400000000000000e+02  -7.5545727605869203e+01
   5.5500000000000000e+02  -7.5159005399700007e+01
   5.5600000000000000e+02  -7.5578539910755197e+01
   5.5700000000000000e+02  -7.5695054289550598e+01
   5.5800000000000000e+02  -7.5810120023490001e+01
   5.5900000000000000e+02  -7.6093386003729705e+01
   5.6000000000000000e+02  -7.6470385498798095e+01
   5.6100000000000000e+02  -7.6639403547427094e+01
   5.6200000000000000e+02  -7.6681672315300503e+01
   5.6300000000000000e+02  -7.6455746767843195e+01
   5.6400000000000000e+02  -7.6192286747203994e+01
   5.6500000000000000e+02  -7.5924962515064905e+01
   5.6600000000000000e+02  -7.6261702416193998e+01
   5.6700000000000000e+02  -7.6015687360252301e+01
   5.6800000000000000e+02  -7.6006788649137107e+01
   5.6900000000000000e+02  -7.6110043112179696e+01
   5.7000000000000000e+02  -7.6272244402536899e+01
   5.7100000000000000e+02  -7.6540307486591402e+01
   5.7200000000000000e+02  -7.5678588134429404e+01
   5.7300000000000000e+02  -7.5816884555489693e+01
   5.7400000000000000e+02  -7.5719927226435303e+01
   5.7500000000000000e+02  -7.6069724490385298e+01
   5.7600000000000000e+02  -7.5923710456130493e+01
   5.7700000000000000e+02  -7.6011091539844102e+01
   5.7800000000000000e+02  -7.5630214930453405e+01
   5.7900000000000000e+02  -7.5304244470135103e+01
   5.8000000000000000e+02  -7.5165392631805801e+01
   5.8100000000000000e+02  -7.5296210492592607e+01
   5.8200000000000000e+02  -7.5079733377812303e+01
   5.8300000000000000e+02  -7.4771032706994802e+01
   5.8400000000000000e+02  -7.4455148780482901e+01
   5.8500000000000000e+02  -7.4698006201432605e+01
   5.8600000000000000e+02  -7.4599723743973399e+01
   5.8700000000000000e+02  -7.4398309323810594e+01
   5.8800000000000000e+02  -7.4541646366530898e+01
   5.8900000000000000e+02  -7.4504282724166600e+01
   5.9000000000000000e+02  -7.4047886110655497e+01
   5.9100000000000000e+02  -7.3700866610651005e+01
   5.9200000000000000e+02  -7.3516228986925697e+01
   5.9300000000000000e+02  -7.3423131682484296e+01
   5.9400000000000000e+02  -7.3354883956536497e+01
   5.9500000000000000e+02  -7.3288174464927295e+01
   5.9600000000000000e+02  -7.3162698241325401e+01
   5.9700000000000000e+02  -7.3284023729213601e+01
   5.9800000000000000e+02  -7.3564095056731304e+01
   5.9900000000000000e+02  -7.3672965992528106e+01
   6.0000000000000000e+02  -7.4283107213800804e+01
   6.0100000000000000e+02  -7.4373216641810501e+01
   6.0200000000000000e+02  -7.3975345355079995e+01
   6.0300000000000000e+02  -7.4051051125613597e+01
   6.0400000000000000e+02  -7.4180512961861595e+01
   6.0500000000000000e+02  -7.3765985160847407e+01
   6.0600000000000000e+02  -7.3602282161274999e+01
   6.0700000000000000e+02  -7.3206348536687500e+01
   6.0800000000000000e+02  -7.2855659003658900e+01
   6.0900000000000000e+02  -7.2889866786046795e+01
   6.1000000000000000e+02  -7.3198252200547799e+01
   6.1100000000000000e+02  -7.3120706599819101e+01
   6.1200000000000000e+02  -7.3505547503083505e+01
   6.1300000000000000e+02  -7.3374737520220805e+01
   6.1400000000000000e+02  -7.2732428731584505e+01
   6.1500000000000000e+02  -7.3129452784044602e+01
   6.1600000000000000e+02  -7.3421808761388306e+01
   6.1700000000000000e+02  -7.3000199611453795e+01
   6.1800000000000000e+02  -7.2407259900705398e+01
   6.1900000000000000e+02  -7.2462813027530700e+01
   6.2000000000000000e+02  -7.2491436065929094e+01
   6.2100000000000000e+02  -7.2506110512963801e+01
   6.2200000000000000e+02  -7.2364908704536901e+01
   6.2300000000000000e+02  -7.2269171056128201e+01
   6.2400000000000000e+02  -7.2502051577787995e+01
   6.2500000000000000e+02  -7.1800804122966895e+01
   6.2600000000000000e+02  -7.1801562770272895e+01
   6.2700000000000000e+02  -7.1588571758256805e+01
   6.2800000000000000e+02  -7.1503805391392405e+01
   6.2900000000000000e+02  -7.1236864165274199e+01
   6.3000000000000000e+02  -7.1469304534028893e+01
   6.3100000000000000e+02  -7.2246837266967304e+01
   6.3200000000000000e+02  -7.2444994700381997e+01
   6.3300000000000000e+02  -7.2755696753701102e+01
   6.3400000000000000e+02  -7.2875568153625395e+01
   6.3500000000000000e+02  -7.2487325050515594e+01
   6.3600000000000000e+02  -7.2796459291459499e+01
   6.3700000000000000e+02  -7.2995118219667305e+01
   6.3800000000000000e+02  -7.3301965852018697e+01
   6.3900000000000000e+02  -7.3021731097909694e+01
   6.4000000000000000e+02  -7.3477610561581102e+01
   6.4100000000000000e+02  -7.3879915914378799e+01
   6.4200000000000000e+02  -7.3849437440023195e+01
   6.4300000000000000e+02  -7.3743700203977795e+01
   6.4400000000000000e+02  -7.4163942088242806e+01
   6.4500000000000000e+02  -7.4013987675831700e+01
   6.4600000000000000e+02  -7.4016562587149707e+01
   6.4700000000000000e+02  -7.4752625040992100e+01
   6.4800000000000000e+02  -7.4625162416872897e+01
   6.4900000000000000e+02  -7.4618577713051494e+01
   6.5000000000000000e+02  -7.4873997397527106e+01
   6.5100000000000000e+02  -7.4969304955340306e+01
   6.5200000000000000e+02  -7.4776802272600804e+01
   6.5300000000000000e+02  -7.5399836307393898e+01
   6.5400000000000000e+02  -7.5224567700395596e+01
   6.5500000000000000e+02  -7.5306790231262497e+01
   6.5600000000000000e+02  -7.5996619827913193e+01
   6.5700000000000000e+02  -7.5896418790179794e+01
   6.5800000000000000e+02  -7.5809391423570403e+01
   6.5900000000000000e+02  -7.5768406977798705e+01
   6.6000000000000000e+02  -7.5994159795022199e+01
   6.6100000000000000e+02  -7.6226827029532203e+01
   6.6200000000000000e+02  -7.6598461569977502e+01
   6.6300000000000000e+02  -7.6527186594964505e+01
   6.6400000000000000e+02  -7.6330277616573895e+01
   6.6500000000000000e+02  -7.6332472612344404e+01
   6.6600000000000000e+02  -7.6035491335164807e+01
   6.6700000000000000e+02  -7.6439090133569394e+01
   6.6800000000000000e+02  -7.6676755054429506e+01
   6.6900000000000000e+02  -7.6482186238818599e+01
   6.7000000000000000e+02  -7.6424208903360295e+01
   6.7100000000000000e+02  -7.7117204098087697e+01
   6.7200000000000000e+02  -7.6916971894779195e+01
   6.7300000000000000e+02  -7.6925176828436506e+01
   6.7400000000000000e+02  -7.6658636444345504e+01
   6.7500000000000000e+02  -7.5923746079974805e+01
   6.7600000000000000e+02  -7.6139808153241205e+01
   6.7700000000000000e+02  -7.6250396963309200e+01
   6.7800000000000000e+02  -7.6442677011982397e+01
   6.7900000000000000e+02  -7.6903666015119001e+01
   6.8000000000000000e+02  -7.6963639591032404e+01
   6.8100000000000000e+02  -7.6780622015289296e+01
   6.8200000000000000e+02  -7.6840485122790795e+01
   6.8300000000000000e+02  -7.7056206926256394e+01
   6.8400000000000000e+02  -7.6413636836416202e+01
   6.8500000000000000e+02  -7.6626738259355406e+01
   6.8600000000000000e+02  -7.6324655439488794e+01
   6.8700000000000000e+02  -7.6147370099361694e+01
   6.8800000000000000e+02  -7.5662422920226604e+01
   6.8900000000000000e+02  -7.4995179399950203e+01
   6.9000000000000000e+02  -7.4882105081244404e+01
   6.9100000000000000e+02  -7.4799115274365803e+01
   6.9200000000000000e+02  -7.5386125002887695e+01
   6.9300000000000000e+02  -7.4850501699924095e+01
   6.9400000000000000e+02  -7.5229102802130996e+01
   6.9500000000000000e+02  -7.5571664292139602e+01
   6.9600000000000000e+02  -7.5304694890045894e+01
   6.9700000000000000e+02  -7.4842201124929801e+01
   6.9800000000000000e+02  -7.5187285386591000e+01
   6.9900000000000000e+02  -7.5012865113186606e+01
   7.0000000000000000e+02  -7.4982992431884597e+01
   7.0100000000000000e+02  -7.5017126320627796e+01
   7.0200000000000000e+02  -7.4718757486084996e+01
   7.0300000000000000e+02  -7.4611820934539296e+01
   7.0400000000000000e+02  -7.4595077569245106e+01
   7.0500000000000000e+02  -7.4720220949612795e+01
   7.0600000000000000e+02  -7.4846953511041306e+01
   7.0700000000000000e+02  -7.4525250068594801e+01
   7.0800000000000000e+02  -7.4353743688695104e+01
   7.0900000000000000e+02  -7.4022867975401596e+01
   7.1000000000000000e+02  -7.3764060503344098e+01
   7.1100000000000000e+02  -7.4499764434011595e+01
   7.1200000000000000e+02  -7.4332645769492302e+01
   7.1300000000000000e+02  -7.4672760705168201e+01
   7.1400000000000000e+02  -7.4294219499073506e+01
   7.1500000000000000e+02  -7.4549564598765201e+01
   7.1600000000000000e+02  -7.4281936195531202e+01
   7.1700000000000000e+02  -7.4194832867907706e+01
   7.1800000000000000e+02  -7.4451574929419806e+01
   7.1900000000000000e+02  -7.4582389582278793e+01
   7.2000000000000000e+02  -7.4261628037538401e+01
   7.2100000000000000e+02  -7.3918166820823998e+01
   7.2200000000000000e+02  -7.3992326544709300e+01
   7.2300000000000000e+02  -7.3650718282765197e+01
   7.2400000000000000e+02  -7.3917111536205397e+01
   7.2500000000000000e+02  -7.4109032132602906e+01
   7.2600000000000000e+02  -7.4486735314440395e+01
   7.2700000000000000e+02  -7.4476510332667303e+01
   7.2800000000000000e+02  -7.4617800173317306e+01
   7.2900000000000000e+02  -7.4236142964220804e+01
   7.3000000000000000e+02  -7.4440074336008493e+01
   7.3100000000000000e+02  -7.4842022963063499e+01
   7.3200000000000000e+02  -7.4822143903281102e+01
   7.3300000000000000e+02  -7.4481807087902396e+01
   7.3400000000000000e+02  -7.3998503866166899e+01
   7.3500000000000000e+02  -7.3475071081592304e+01
   7.3600000000000000e+02  -7.3939866593032505e+01
   7.3700000000000000e+02  -7.3713581883968402e+01
   7.3800000000000000e+02  -7.4496096313769101e+01
   7.3900000000000000e+02  -7.5292755869776002e+01
   7.4000000000000000e+02  -7.5372298868010205e+01
   7.4100000000000000e+02  -7.5433282628810204e+01
   7.4200000000000000e+02  -7.5751572512891997e+01
   7.4300000000000000e+02  -7.5275625193198195e+01
   7.4400000000000000e+02  -7.4957009559121403e+01
   7.4500000000000000e+02  -7.4796932851961600e+01
   7.4600000000000000e+02  -7.5201581341284196e+01
   7.4700000000000000e+02  -7.5387652365973807e+01
   7.4800000000000000e+02  -7.5143986929441994e+01
   7.4900000000000000e+02  -7.4945245965591596e+01
   7.5000000000000000e+02  -7.4844289163139294e+01
   7.5100000000000000e+02  -7.4872283137287397e+01
   7.5200000000000000e+02  -7.4749651265411401e+01
   7.5300000000000000e+02  -7.4530338345436107e+01
   7.5400000000000000e+02  -7.4416992875586899e+01
   7.5500000000000000e+02  -7.5219701098696405e+01
   7.5600000000000000e+02  -7.5129697288401303e+01
   7.5700000000000000e+02  -7.4925100805262701e+01
   7.5800000000000000e+02  -7.4706471785154804e+01
   7.5900000000000000e+02  -7.4573796089209196e+01
   7.6000000000000000e+02  -7.4560542205181093e+01
   7.6100000000000000e+02  -7.4203273123132504e+01
   7.6200000000000000e+02  -7.4059608894788198e+01
   7.6300000000000000e+02  -7.4471252450339193e+01
   7.6400000000000000e+02  -7.4514724643893999e+01
   7.6500000000000000e+02  -7.4629073936278203e+01
   7.6600000000000000e+02  -7.4757839621919501e+01
   7.6700000000000000e+02  -7.4465536504382598e+01
   7.6800000000000000e+02  -7.4157061572042593e+01
   7.6900000000000000e+02  -7.4473059949253496e+01
   7.7000000000000000e+02  -7.3877043521346096e+01
   7.7100000000000000e+02  -7.4327328831076201e+01
   7.7200000000000000e+02  -7.4056653809741803e+01
   7.7300000000000000e+02  -7.4378929180738496e+01
   7.7400000000000000e+02  -7.4305212078483393e+01
   7.7500000000000000e+02  -7.3758462409197506e+01
   7.7600000000000000e+02  -7.3425828062894993e+01
   7.7700000000000000e+02  -7.3974853821134403e+01
   7.7800000000000000e+02  -7.3916660852389199e+01
   7.7900000000000000e+02  -7.4456598697439205e+01
   7.8000000000000000e+02  -7.5109641187280701e+01
   7.8100000000000000e+02  -7.5355341472166700e+01
   7.8200000000000000e+02  -7.5258507559554104e+01
   7.8300000000000000e+02  -7.5192349164081406e+01
   7.8400000000000000e+02  -7.5305732325194796e+01
   7.8500000000000000e+02  -7.4806295512250102e+01
   7.8600000000000000e+02  -7.4660905502361402e+01
   7.8700000000000000e+02  -7.4630044197752497e+01
   7.8800000000000000e+02  -7.4181437008035005e+01
   7.8900000000000000e+02  -7.4166173123073094e+01
   7.9000000000000000e+02  -7.4784189145239097e+01
   7.9100000000000000e+02  -7.5320472265463906e+01
   7.9200000000000000e+02  -7.4924924094625098e+01
   7.9300000000000000e+02  -7.4261482544843602e+01
   7.9400000000000000e+02  -7.4168862964054995e+01
   7.9500000000000000e+02  -7.3850656833759402e+01
   7.9600000000000000e+02  -7.3526827608231997e+01
   7.9700000000000000e+02  -7.3266703857900595e+01
   7.9800000000000000e+02  -7.3111879539900897e+01
   7.9900000000000000e+02  -7.3566630475981199e+01
   8.0000000000000000e+02  -7.3787522963919997e+01
   8.0100000000000000e+02  -7.4484356284949698e+01
   8.0200000000000000e+02  -7.4471049016615794e+01
   8.0300000000000000e+02  -7.4300122768253203e+01
   8.0400000000000000e+02  -7.4319346188967600e+01
   8.0500000000000000e+02  -7.3878092120676499e+01
   8.0600000000000000e+02  -7.4163815038201804e+01
   8.0700000000000000e+02  -7.4062853301146205e+01
   8.0800000000000000e+02  -7.3723361844307107e+01
   8.0900000000000000e+02  -7.3788699095375605e+01
   8.1000000000000000e+02  -7.3845849257987098e+01
   8.1100000000000000e+02  -7.4115099956785201e+01
   8.1200000000000000e+02  -7.3806678064197897e+01
   8.1300000000000000e+02  -7.3276396556003505e+01
   8.1400000000000000e+02  -7.3342594382308505e+01
   8.1500000000000000e+02  -7.3624983518963603e+01
   8.1600000000000000e+02  -7.3798515545195698e+01
   8.1700000000000000e+02  -7.3909567379983500e+01
   8.1800000000000000e+02  -7.4063286357029597e+01
   8.1900000000000000e+02  -7.3657642411862597e+01
   8.2000000000000000e+02  -7.3913908817168306e+01
   8.2100000000000000e+02  -7.4037381852694097e+01
   8.2200000000000000e+02  -7.3634712142992697e+01
   8.2300000000000000e+02  -7.3105165319827293e+01
   8.2400000000000000e+02  -7.2887192690188499e+01
   8.2500000000000000e+02  -7.2417410985774595e+01
   8.2600000000000000e+02  -7.2144089943194203e+01
   8.2700000000000000e+02  -7.2645302195338900e+01
   8.2800000000000000e+02  -7.3226530657339396e+01
   8.2900000000000000e+02  -7.3493489732784894e+01
   8.3000000000000000e+02  -7.3736288083811203e+01
   8.3100000000000000e+02  -7.3167368788938504e+01
   8.3200000000000000e+02  -7.2611439817149801e+01
   8.3300000000000000e+02  -7.2055495497636002e+01
   8.3400000000000000e+02  -7.2330085649036107e+01
   8.3500000000000000e+02  -7.2329627517556901e+01
   8.3600000000000000e+02  -7.2230099984457098e+01
   8.3700000000000000e+02  -7.2615770436004297e+01
   8.3800000000000000e+02  -7.2556314676017706e+01
   8.3900000000000000e+02  -7.2929106538808099e+01
   8.4000000000000000e+02  -7.3094015508065098e+01
   8.4100000000000000e+02  -7.2872669110356696e+01
   8.4200000000000000e+02  -7.2197604223010003e+01
   8.4300000000000000e+02  -7.2297138259008904e+01
   8.4400000000000000e+02  -7.2360986251314102e+01
   8.4500000000000000e+02  -7.2595083228072795e+01
   8.4600000000000000e+02  -7.2879485991306595e+01
   8.4700000000000000e+02  -7.2565897142504596e+01
   8.4800000000000000e+02  -7.1735241062479403e+01
   8.4900000000000000e+02  -7.2105519210711705e+01
   8.5000000000000000e+02  -7.1623420498941002e+01
   8.5100000000000000e+02  -7.1701874355830498e+01
   8.5200000000000000e+02  -7.1504265245779393e+01
   8.5300000000000000e+02  -7.1446691913178100e+01
   8.5400000000000000e+02  -7.1520563445323205e+01
   8.5500000000000000e+02  -7.1181050811351994e+01
   8.5600000000000000e+02  -7.1249665727859295e+01
   8.5700000000000000e+02  -7.1161919156112305e+01
   8.5800000000000000e+02  -7.0930882350395095e+01
   8.5900000000000000e+02  -7.1342295082907597e+01
   8.6000000000000000e+02  -7.0752055644415805e+01
   8.6100000000000000e+02  -7.1257241536893204e+01
   8.6200000000000000e+02  -7.1549671718325200e+01
   8.6300000000000000e+02  -7.2072267614191901e+01
   8.6400000000000000e+02  -7.1924830434454293e+01
   8.6500000000000000e+02  -7.1765915848476894e+01
   8.6600000000000000e+02  -7.1695967323522893e+01
   8.6700000000000000e+02  -7.1826769623607404e+01
   8.6800000000000000e+02  -7.1676956564437404e+01
   8.6900000000000000e+02  -7.1736693425296195e+01
   8.7000000000000000e+02  -7.1678300857563599e+01
   8.7100000000000000e+02  -7.1855321714907404e+01
   8.7200000000000000e+02  -7.2142837798721501e+01
   8.7300000000000000e+02  -7.2225088747477898e+01
   8.7400000000000000e+02  -7.2150374020661999e+01
   8.7500000000000000e+02  -7.1881194150768806e+01
   8.7600000000000000e+02  -7.1614655552420302e+01
   8.7700000000000000e+02  -7.1397340450720606e+01
   8.7800000000000000e+02  -7.1014402562620106e+01
   8.7900000000000000e+02  -7.1015089502520496e+01
   8.8000000000000000e+02  -7.1097163318166807e+01
   8.8100000000000000e+02  -7.1560739461860607e+01
   8.8200000000000000e+02  -7.1316638646528006e+01
   8.8300000000000000e+02  -7.0940194216861599e+01
   8.8400000000000000e+02  -7.0744269759877596e+01
   8.8500000000000000e+02  -7.0478365924471206e+01
   8.8600000000000000e+02  -7.0281675263267601e+01
   8.8700000000000000e+02  -7.0396877225867300e+01
   8.8800000000000000e+02  -7.0431463862616894e+01
   8.8900000000000000e+02  -7.0491445472770906e+01
   8.9000000000000000e+02  -7.0327455883724298e+01
   8.9100000000000000e+02  -7.0256365087872396e+01
   8.9200000000000000e+02  -7.0052754184846194e+01
   8.9300000000000000e+02  -6.9802305316683700e+01
   8.9400000000000000e+02  -6.9436823030808199e+01
   8.9500000000000000e+02  -6.9497012316669696e+01
   8.9600000000000000e+02  -6.9414157770176601e+01
   8.9700000000000000e+02  -6.8961148967819398e+01
   8.9800000000000000e+02  -6.9115810566039301e+01
   8.9900000000000000e+02  -6.9153824174215202e+01
   9.0000000000000000e+02  -6.9260979605652395e+01
   9.0100000000000000e+02  -6.9383053967711604e+01
   9.0200000000000000e+02  -6.9138156062872696e+01
   9.0300000000000000e+02  -6.9217275573449299e+01
   9.0400000000000000e+02  -6.9096454621885599e+01
   9.0500000000000000e+02  -6.8823843242525598e+01
   9.0600000000000000e+02  -6.8535372232531898e+01
   9.0700000000000000e+02  -6.8415639628277603e+01
   9.0800000000000000e+02  -6.8403203298915400e+01
   9.0900000000000000e+02  -6.8340144314388596e+01
   9.1000000000000000e+02  -6.7605330103706805e+01
   9.1100000000000000e+02  -6.7684950485082595e+01
   9.1200000000000000e+02  -6.7381951839683396e+01
   9.1300000000000000e+02  -6.7545356132430996e+01
   9.1400000000000000e+02  -6.7347400465245897e+01
   9.1500000000000000e+02  -6.6999795717517003e+01
   9.1600000000000000e+02  -6.6917175747984103e+01
   9.1700000000000000e+02  -6.6515142687930094e+01
   9.1800000000000000e+02  -6.6401233926818804e+01
   9.1900000000000000e+02  -6.5881639683964494e+01
   9.2000000000000000e+02  -6.5354318569419405e+01
   9.2100000000000000e+02  -6.5019273837234607e+01
   9.2200000000000000e+02  -6.4463518028609897e+01
   9.2300000000000000e+02  -6.3727419079858798e+01
   9.2400000000000000e+02  -6.2683678421141302e+01
   9.2500000000000000e+02  -6.1916092169343102e+01
   9.2600000000000000e+02  -6.0873954416290097e+01
   9.2700000000000000e+02  -6.0109407818853597e+01
   9.2800000000000000e+02  -5.8370674657436801e+01
   9.2900000000000000e+02  -5.6040267878655399e+01
   9.3000000000000000e+02  -5.1745467096901599e+01
   9.3100000000000000e+02  -3.8433929002962699e+01
   9.3200000000000000e+02  -1.2737986763078300e+01
