  -1.0000000000000000e+02  -7.4223690006357600e+01
  -9.9000000000000000e+01  -7.4388104813590701e+01
  -9.8000000000000000e+01  -7.4578994840237797e+01
  -9.7000000000000000e+01  -7.4593785560587193e+01
  -9.6000000000000000e+01  -7.4302363662895601e+01
  -9.5000000000000000e+01  -7.3706007882349098e+01
  -9.4000000000000000e+01  -7.3591179562492400e+01
  -9.3000000000000000e+01  -7.3563758262101004e+01
  -9.2000000000000000e+01  -7.3488111498038606e+01
  -9.1000000000000000e+01  -7.3421294167316105e+01
  -9.0000000000000000e+01  -7.3443899239326896e+01
  -8.9000000000000000e+01  -7.3627915057772697e+01
  -8.8000000000000000e+01  -7.3300900379219200e+01
  -8.7000000000000000e+01  -7.3391503880776597e+01
  -8.6000000000000000e+01  -7.2883982936915103e+01
  -8.5000000000000000e+01  -7.2968471799473306e+01
  -8.4000000000000000e+01  -7.2905094135049893e+01
  -8.3000000000000000e+01  -7.2972705220155305e+01
  -8.2000000000000000e+01  -7.2936489738188300e+01
  -8.1000000000000000e+01  -7.2541196032629202e+01
  -8.0000000000000000e+01  -7.2231268576792104e+01
  -7.9000000000000000e+01  -7.1706678328329602e+01
  -7.8000000000000000e+01  -7.1205956237320706e+01
  -7.7000000000000000e+01  -7.1331216802422006e+01
  -7.6000000000000000e+01  -7.0985179271643901e+01
  -7.5000000000000000e+01  -7.1141276638221996e+01
  -7.4000000000000000e+01  -7.1314923809159794e+01
  -7.3000000000000000e+01  -7.1321567116567707e+01
  -7.2000000000000000e+01  -7.1545450999847901e+01
  -7.1000000000000000e+01  -7.1099499284908802e+01
  -7.0000000000000000e+01  -7.0858560077734793e+01
  -6.9000000000000000e+01  -7.0565769835843795e+01
  -6.8000000000000000e+01  -7.0713137417965200e+01
  -6.7000000000000000e+01  -7.0815672355002803e+01
  -6.6000000000000000e+01  -7.0671244061123801e+01
  -6.5000000000000000e+01  -7.0877654287122795e+01
  -6.4000000000000000e+01  -7.0884864970507294e+01
  -6.3000000000000000e+01  -7.0946903224991203e+01
  -6.2000000000000000e+01  -7.0779661150862296e+01
  -6.1000000000000000e+01  -7.0311776550336603e+01
  -6.0000000000000000e+01  -7.0036710613713694e+01
  -5.9000000000000000e+01  -6.9619545311176907e+01
  -5.8000000000000000e+01  -6.9210823416064997e+01
  -5.7000000000000000e+01  -6.9036339725405099e+01
  -5.6000000000000000e+01  -6.9093534272889201e+01
  -5.5000000000000000e+01  -6.9085896924787605e+01
  -5.4000000000000000e+01  -6.9065834808798002e+01
  -5.3000000000000000e+01  -6.9429219216450804e+01
  -5.2000000000000000e+01  -6.9536628968868001e+01
  -5.1000000000000000e+01  -6.9689855693184796e+01
  -5.0000000000000000e+01  -6.9674576534207205e+01
  -4.9000000000000000e+01  -6.9781535120861093e+01
  -4.8000000000000000e+01  -7.0245425334109498e+01
  -4.7000000000000000e+01  -6.9698275557856604e+01
  -4.6000000000000000e+01  -6.9792237067490703e+01
  -4.5000000000000000e+01  -6.9566361073436298e+01
  -4.4000000000000000e+01  -6.9328346951641805e+01
  -4.3000000000000000e+01  -6.9463458284129004e+01
  -4.2000000000000000e+01  -6.9839613745689803e+01
  -4.1000000000000000e+01  -7.0025444773895700e+01
  -4.0000000000000000e+01  -6.9640889962895400e+01
  -3.9000000000000000e+01  -6.9576757228252404e+01
  -3.8000000000000000e+01  -6.9293244871825607e+01
  -3.7000000000000000e+01  -6.8967910293439900e+01
  -3.6000000000000000e+01  -6.9264700857968606e+01
  -3.5000000000000000e+01  -6.8801032429707405e+01
  -3.4000000000000000e+01  -6.8230866210834094e+01
  -3.3000000000000000e+01  -6.8393181176959104e+01
  -3.2000000000000000e+01  -6.8407146074728701e+01
  -3.1000000000000000e+01  -6.8431517128032596e+01
  -3.0000000000000000e+01  -6.8355986083139200e+01
  -2.9000000000000000e+01  -6.8349678875256402e+01
  -2.8000000000000000e+01  -6.8955876381884494e+01
  -2.7000000000000000e+01  -6.8771074696661103e+01
  -2.6000000000000000e+01  -6.8706698081998894e+01
  -2.5000000000000000e+01  -6.8840304213338300e+01
  -2.4000000000000000e+01  -6.9106678794823196e+01
  -2.3000000000000000e+01  -6.8377287204216898e+01
  -2.2000000000000000e+01  -6.8112839029257501e+01
  -2.1000000000000000e+01  -6.7990921542075398e+01
  -2.0000000000000000e+01  -6.7242285203437604e+01
  -1.9000000000000000e+01  -6.7092236500944907e+01
  -1.8000000000000000e+01  -6.6609403170551104e+01
  -1.7000000000000000e+01  -6.6483955127208006e+01
  -1.6000000000000000e+01  -6.6346608708223997e+01
  -1.5000000000000000e+01  -6.6600022125709202e+01
  -1.4000000000000000e+01  -6.5829526179723700e+01
  -1.3000000000000000e+01  -6.5573956713089899e+01
  -1.2000000000000000e+01  -6.5158244167274503e+01
  -1.1000000000000000e+01  -6.4755966750859400e+01
  -1.0000000000000000e+01  -6.4120999832574796e+01
  -9.0000000000000000e+00  -6.3512382736564000e+01
  -8.0000000000000000e+00  -6.3094657568088003e+01
  -7.0000000000000000e+00  -6.2767152863092498e+01
  -6.0000000000000000e+00  -6.1426488842106600e+01
  -5.0000000000000000e+00  -6.0659571242817698e+01
  -4.0000000000000000e+00  -5.8921340989017501e+01
  -3.0000000000000000e+00  -5.7120641122400997e+01
  -2.0000000000000000e+00  -5.3110797022658701e+01
  -1.0000000000000000e+00  -4.2521685731641497e+01
   0.0000000000000000e+00  -1.4235352430839599e+01
   1.0000000000000000e+00   4.0937226565627798e+00
   2.0000000000000000e+00   1.5169477286417800e+01
   3.0000000000000000e+00   2.1232759340930599e+01
   4.0000000000000000e+00   2.4895609741609100e+01
   5.0000000000000000e+00   2.6706893554726101e+01
   6.0000000000000000e+00   2.6983471546633400e+01
   7.0000000000000000e+00   2.7342297251864899e+01
   8.0000000000000000e+00   2.7802319574079700e+01
   9.0000000000000000e+00   2.8071999030348199e+01
   1.0000000000000000e+01   2.7959033233808299e+01
   1.1000000000000000e+01   2.7934301554786501e+01
   1.2000000000000000e+01   2.8577162177324499e+01
   1.3000000000000000e+01   2.9391246144193001e+01
   1.4000000000000000e+01   2.9421817405991199e+01
   1.5000000000000000e+01   2.9935823863380701e+01
   1.6000000000000000e+01   2.9978032235829001e+01
   1.7000000000000000e+01   3.0125300254790499e+01
   1.8000000000000000e+01   2.9633073932768099e+01
   1.9000000000000000e+01   3.0089983370632901e+01
   2.0000000000000000e+01   3.0566903252973400e+01
   2.1000000000000000e+01   3.0781613587691002e+01
   2.2000000000000000e+01   3.0703891563533599e+01
   2.3000000000000000e+01   3.1035047304128401e+01
   2.4000000000000000e+01   3.1490334463019298e+01
   2.5000000000000000e+01   3.1003943309429300e+01
   2.6000000000000000e+01   3.1304723513942001e+01
   2.7000000000000000e+01   3.1141487787229401e+01
   2.8000000000000000e+01   3.1426039231562800e+01
   2.9000000000000000e+01   3.1368928278121999e+01
   3.0000000000000000e+01   3.0873356392333100e+01
   3.1000000000000000e+01   3.0795138708616101e+01
   3.2000000000000000e+01   3.0485078072140301e+01
   3.3000000000000000e+01   2.9987158523255800e+01
   3.4000000000000000e+01   3.0050650179036300e+01
   3.5000000000000000e+01   3.0538203284878900e+01
   3.6000000000000000e+01   3.0248140695290100e+01
   3.7000000000000000e+01   3.0831759349344800e+01
   3.8000000000000000e+01   3.0482828490091499e+01
   3.9000000000000000e+01   3.0926522146891799e+01
   4.0000000000000000e+01   3.0921552276184300e+01
   4.1000000000000000e+01   3.0899299677408699e+01
   4.2000000000000000e+01   3.0900451400456301e+01
   4.3000000000000000e+01   3.1429569668259202e+01
   4.4000000000000000e+01   3.1393996165890901e+01
   4.5000000000000000e+01   3.1085993337683298e+01
   4.6000000000000000e+01   3.1276160683855100e+01
   4.7000000000000000e+01   3.1256669700149100e+01
   4.8000000000000000e+01   3.1789709918522401e+01
   4.9000000000000000e+01   3.2139549152775501e+01
   5.0000000000000000e+01   3.2505000214054398e+01
   5.1000000000000000e+01   3.2460376734043798e+01
   5.2000000000000000e+01   3.2586366985780700e+01
   5.3000000000000000e+01   3.2563712914556803e+01
   5.4000000000000000e+01   3.2918175322828702e+01
   5.5000000000000000e+01   3.2975351127828198e+01
   5.6000000000000000e+01   3.2910372445560199e+01
   5.7000000000000000e+01   3.3174089550159302e+01
   5.8000000000000000e+01   3.3309792790767503e+01
   5.9000000000000000e+01   3.3360061113079503e+01
   6.0000000000000000e+01   3.3999063783917300e+01
   6.1000000000000000e+01   3.4226460681495197e+01
   6.2000000000000000e+01   3.4656610134484900e+01
   6.3000000000000000e+01   3.4659199022602301e+01
   6.4000000000000000e+01   3.4838124295108102e+01
   6.5000000000000000e+01   3.5247157613252000e+01
   6.6000000000000000e+01   3.5052638924389598e+01
   6.7000000000000000e+01   3.5123499454884502e+01
   6.8000000000000000e+01   3.5177362642751199e+01
   6.9000000000000000e+01   3.4784364733318597e+01
   7.0000000000000000e+01   3.5605355152117497e+01
   7.1000000000000000e+01   3.5264859462000501e+01
   7.2000000000000000e+01   3.5594140060775402e+01
   7.3000000000000000e+01   3.5972523888481099e+01
   7.4000000000000000e+01   3.5890914252638296e+01
   7.5000000000000000e+01   3.5772357191748597e+01
   7.6000000000000000e+01   3.5716236549908402e+01
   7.7000000000000000e+01   3.5869965321779397e+01
   7.8000000000000000e+01   3.5690107172379200e+01
   7.9000000000000000e+01   3.5735960884912799e+01
   8.0000000000000000e+01   3.5817346305523600e+01
   8.1000000000000000e+01   3.5207808565823498e+01
   8.2000000000000000e+01   3.5235437799766501e+01
   8.3000000000000000e+01   3.4561457827218099e+01
   8.4000000000000000e+01   3.4515245845232499e+01
   8.5000000000000000e+01   3.4182895713524701e+01
   8.6000000000000000e+01   3.4071221034786198e+01
   8.7000000000000000e+01   3.3782488536067603e+01
   8.8000000000000000e+01   3.3425164093968498e+01
   8.9000000000000000e+01   3.3259022391458501e+01
   9.0000000000000000e+01   3.3405232499734097e+01
   9.1000000000000000e+01   3.3188867899314097e+01
   9.2000000000000000e+01   3.3833310645409000e+01
   9.3000000000000000e+01   3.3563910758663901e+01
   9.4000000000000000e+01   3.3644872376084798e+01
   9.5000000000000000e+01   3.3375768521447000e+01
   9.6000000000000000e+01   3.3451081989657901e+01
   9.7000000000000000e+01   3.3651174338017100e+01
   9.8000000000000000e+01   3.2865164867577597e+01
   9.9000000000000000e+01   3.3473837427006799e+01
   1.0000000000000000e+02   3.3649738170317200e+01
   1.0100000000000000e+02   3.4047383167998298e+01
   1.0200000000000000e+02   3.3840440420098702e+01
   1.0300000000000000e+02   3.3961671840213903e+01
   1.0400000000000000e+02   3.3864252198848497e+01
   1.0500000000000000e+02   3.3781621217083902e+01
   1.0600000000000000e+02   3.3616033459131003e+01
   1.0700000000000000e+02   3.3740984648743201e+01
   1.0800000000000000e+02   3.3429678903572302e+01
   1.0900000000000000e+02   3.3260058495510798e+01
   1.1000000000000000e+02   3.2912555955619098e+01
   1.1100000000000000e+02   3.2530170821987198e+01
   1.1200000000000000e+02   3.2819077453927100e+01
   1.1300000000000000e+02   3.2954506192465601e+01
   1.1400000000000000e+02   3.2679966450521100e+01
   1.1500000000000000e+02   3.2564596734919803e+01
   1.1600000000000000e+02   3.2352668038561603e+01
   1.1700000000000000e+02   3.2369267940925504e+01
   1.1800000000000000e+02   3.2023955694286997e+01
   1.1900000000000000e+02   3.1945970736569699e+01
   1.2000000000000000e+02   3.1922926025096199e+01
   1.2100000000000000e+02   3.1934213706346998e+01
   1.2200000000000000e+02   3.1397308789338300e+01
   1.2300000000000000e+02   3.1033584628958501e+01
   1.2400000000000000e+02   3.1118832330911900e+01
   1.2500000000000000e+02   3.0976880430338401e+01
   1.2600000000000000e+02   3.0706203045141098e+01
   1.2700000000000000e+02   3.0600899052638699e+01
   1.2800000000000000e+02   3.0600203392436601e+01
   1.2900000000000000e+02   3.1298493897896101e+01
   1.3000000000000000e+02   3.1158115490485098e+01
   1.3100000000000000e+02   3.1208554805120801e+01
   1.3200000000000000e+02   3.1096972336516799e+01
   1.3300000000000000e+02   3.1438547981090199e+01
   1.3400000000000000e+02   3.0786573546705000e+01
   1.3500000000000000e+02   3.0219165417815201e+01
   1.3600000000000000e+02   3.0502738422453898e+01
   1.3700000000000000e+02   3.0431551604656899e+01
   1.3800000000000000e+02   3.0409379289178599e+01
   1.3900000000000000e+02   3.0486360238903700e+01
   1.4000000000000000e+02   2.9728469796025902e+01
   1.4100000000000000e+02   3.0240565109568699e+01
   1.4200000000000000e+02   2.9932971579507399e+01
   1.4300000000000000e+02   2.9524963372273000e+01
   1.4400000000000000e+02   2.9849848771417900e+01
   1.4500000000000000e+02   2.9466028914233501e+01
   1.4600000000000000e+02   2.9232665246230699e+01
   1.4700000000000000e+02   2.9367424777005201e+01
   1.4800000000000000e+02   2.9024457268738601e+01
   1.4900000000000000e+02   2.8583801157462201e+01
   1.5000000000000000e+02   2.8588434893248198e+01
   1.5100000000000000e+02   2.8787966903006801e+01
   1.5200000000000000e+02   2.8870562977372799e+01
   1.5300000000000000e+02   2.8558480676802802e+01
   1.5400000000000000e+02   2.8328477544396300e+01
   1.5500000000000000e+02   2.7799687366699100e+01
   1.5600000000000000e+02   2.7672946904913800e+01
   1.5700000000000000e+02   2.7620243476001800e+01
   1.5800000000000000e+02   2.7678542886045999e+01
   1.5900000000000000e+02   2.7672841908181400e+01
   1.6000000000000000e+02   2.7597499505173200e+01
   1.6100000000000000e+02   2.7271578817351401e+01
   1.6200000000000000e+02   2.6977355726347000e+01
   1.6300000000000000e+02   2.7352166667440201e+01
   1.6400000000000000e+02   2.7436802512911399e+01
   1.6500000000000000e+02   2.7203463787694002e+01
   1.6600000000000000e+02   2.7053366787623300e+01
   1.6700000000000000e+02   2.6844512059902399e+01
   1.6800000000000000e+02   2.6857862328862399e+01
   1.6900000000000000e+02   2.7006813135130301e+01
   1.7000000000000000e+02   2.7029704622737601e+01
   1.7100000000000000e+02   2.6897811259374400e+01
   1.7200000000000000e+02   2.6876616874827398e+01
   1.7300000000000000e+02   2.6841733438660100e+01
   1.7400000000000000e+02   2.6537937237255498e+01
   1.7500000000000000e+02   2.6625459290210902e+01
   1.7600000000000000e+02   2.6148397491577501e+01
   1.7700000000000000e+02   2.5518676772058299e+01
   1.7800000000000000e+02   2.5236668984169299e+01
   1.7900000000000000e+02   2.5233152974012601e+01
   1.8000000000000000e+02   2.5003439691571401e+01
   1.8100000000000000e+02   2.4984386939429299e+01
   1.8200000000000000e+02   2.4559444179573401e+01
   1.8300000000000000e+02   2.4049551027638302e+01
   1.8400000000000000e+02   2.4698285213801999e+01
   1.8500000000000000e+02   2.4551283286534701e+01
   1.8600000000000000e+02   2.4219371513136402e+01
   1.8700000000000000e+02   2.3722597316836101e+01
   1.8800000000000000e+02   2.3545946833024800e+01
   1.8900000000000000e+02   2.3168783545968200e+01
   1.9000000000000000e+02   2.3087864075885900e+01
   1.9100000000000000e+02   2.3291760634468801e+01
   1.9200000000000000e+02   2.3549073837016898e+01
   1.9300000000000000e+02   2.3375625357900098e+01
   1.9400000000000000e+02   2.3720215455006102e+01
   1.9500000000000000e+02   2.3542477643971100e+01
   1.9600000000000000e+02   2.4009410909672301e+01
   1.9700000000000000e+02   2.3945694902680401e+01
   1.9800000000000000e+02   2.3384813155880799e+01
   1.9900000000000000e+02   2.3813102400863301e+01
   2.0000000000000000e+02   2.3597811368633501e+01
   2.0100000000000000e+02   2.3594800399059601e+01
   2.0200000000000000e+02   2.3304058366952098e+01
   2.0300000000000000e+02   2.2814083331147302e+01
   2.0400000000000000e+02   2.2432230941067999e+01
   2.0500000000000000e+02   2.2353911137963902e+01
   2.0600000000000000e+02   2.2382048798021700e+01
   2.0700000000000000e+02   2.2694307251965402e+01
   2.0800000000000000e+02   2.3123114128110998e+01
   2.0900000000000000e+02   2.3094404890790202e+01
   2.1000000000000000e+02   2.2606022210534100e+01
   2.1100000000000000e+02   2.2393583398726900e+01
   2.1200000000000000e+02   2.2124458013519799e+01
   2.1300000000000000e+02   2.1927694479858499e+01
   2.1400000000000000e+02   2.1522787316077000e+01
   2.1500000000000000e+02   2.0951502941817601e+01
   2.1600000000000000e+02   2.0487806591943301e+01
   2.1700000000000000e+02   2.0327137955131700e+01
   2.1800000000000000e+02   1.9445077657113199e+01
   2.1900000000000000e+02   1.9590205651752800e+01
   2.2000000000000000e+02   1.9277573151745699e+01
   2.2100000000000000e+02   1.9092752467524502e+01
   2.2200000000000000e+02   1.8604584321407501e+01
   2.2300000000000000e+02   1.8418670467527701e+01
   2.2400000000000000e+02   1.8123927511156300e+01
   2.2500000000000000e+02   1.7908272906004701e+01
   2.2600000000000000e+02   1.7986027567980901e+01
   2.2700000000000000e+02   1.7833140591172299e+01
   2.2800000000000000e+02   1.7573479319024699e+01
   2.2900000000000000e+02   1.7072868525022599e+01
   2.3000000000000000e+02   1.7531625782047499e+01
   2.3100000000000000e+02   1.7241377895089801e+01
   2.3200000000000000e+02   1.6876754035255800e+01
   2.3300000000000000e+02   1.6957645233370901e+01
   2.3400000000000000e+02   1.7023231019893899e+01
   2.3500000000000000e+02   1.6686668582422602e+01
   2.3600000000000000e+02   1.6539826550170702e+01
   2.3700000000000000e+02   1.6503132963386701e+01
   2.3800000000000000e+02   1.6320316658579600e+01
   2.3900000000000000e+02   1.5927870099138200e+01
   2.4000000000000000e+02   1.5624947672587201e+01
   2.4100000000000000e+02   1.5370056750790800e+01
   2.4200000000000000e+02   1.5470333496495799e+01
   2.4300000000000000e+02   1.5677859961031301e+01
   2.4400000000000000e+02   1.5758435247714800e+01
   2.4500000000000000e+02   1.5775206498434899e+01
   2.4600000000000000e+02   1.5677635655181900e+01
   2.4700000000000000e+02   1.5261886934195299e+01
   2.4800000000000000e+02   1.5386986332434800e+01
   2.4900000000000000e+02   1.5496510665519599e+01
   2.5000000000000000e+02   1.5039405082108500e+01
   2.5100000000000000e+02   1.5325698968068499e+01
   2.5200000000000000e+02   1.5088117935639101e+01
   2.5300000000000000e+02   1.4705299659618500e+01
   2.5400000000000000e+02   1.4707251757109599e+01
   2.5500000000000000e+02   1.3950400972515400e+01
   2.5600000000000000e+02   1.3433692324442200e+01
   2.5700000000000000e+02   1.2814699557300600e+01
   2.5800000000000000e+02   1.3189876474475801e+01
   2.5900000000000000e+02   1.3025035175856800e+01
   2.6000000000000000e+02   1.2822590403493200e+01
   2.6100000000000000e+02   1.2272763287541499e+01
   2.6200000000000000e+02   1.2366725392518800e+01
   2.6300000000000000e+02   1.2178685708226300e+01
   2.6400000000000000e+02   1.1649390130732000e+01
   2.6500000000000000e+02   1.1538644234993001e+01
   2.6600000000000000e+02   1.1435584950383401e+01
   2.6700000000000000e+02   1.1079128288194500e+01
   2.6800000000000000e+02   1.0777064447207000e+01
   2.6900000000000000e+02   1.0560521131462000e+01
   2.7000000000000000e+02   1.0098455673185200e+01
   2.7100000000000000e+02   9.2816063391616002e+00
   2.7200000000000000e+02   8.9818057607963198e+00
   2.7300000000000000e+02   8.4993073760050706e+00
   2.7400000000000000e+02   8.1143388462902006e+00
   2.7500000000000000e+02   7.7947207243836001e+00
   2.7600000000000000e+02   7.4268321176337100e+00
   2.7700000000000000e+02   7.1515292311265100e+00
   2.7800000000000000e+02   6.7196380934950097e+00
   2.7900000000000000e+02   5.7652789500668202e+00
   2.8000000000000000e+02   5.6377856863620597e+00
   2.8100000000000000e+02   5.5061798670177797e+00
   2.8200000000000000e+02   5.5741296237724196e+00
   2.8300000000000000e+02   5.1350558714804704e+00
   2.8400000000000000e+02   4.3907744776490496e+00
   2.8500000000000000e+02   4.1670269978569596e+00
   2.8600000000000000e+02   3.6254001929527302e+00
   2.8700000000000000e+02   4.2207658398154404e+00
   2.8800000000000000e+02   4.1312844213852404e+00
   2.8900000000000000e+02   4.0767003734071796e+00
   2.9000000000000000e+02   3.8517757674239399e+00
   2.9100000000000000e+02   2.9633377650718700e+00
   2.9200000000000000e+02   3.1122130275478002e+00
   2.9300000000000000e+02   2.8923960527527899e+00
   2.9400000000000000e+02   2.6052403585354398e+00
   2.9500000000000000e+02   2.9449266513116799e+00
   2.9600000000000000e+02   2.6334893705378501e+00
   2.9700000000000000e+02   2.2328343309492800e+00
   2.9800000000000000e+02   1.6231925287521900e+00
   2.9900000000000000e+02   1.4248464487592201e+00
   3.0000000000000000e+02   9.0891149061172305e-01
   3.0100000000000000e+02   5.7958844602054704e-01
   3.0200000000000000e+02   8.0601989621718195e-01
   3.0300000000000000e+02   3.9794196561053902e-02
   3.0400000000000000e+02   1.7653688187725301e-02
   3.0500000000000000e+02  -2.5359245998312002e-01
   3.0600000000000000e+02  -6.9502758909859297e-01
   3.0700000000000000e+02  -5.4033852325456200e-01
   3.0800000000000000e+02  -9.3420909361168603e-01
   3.0900000000000000e+02  -1.3394144529111001e+00
   3.1000000000000000e+02  -1.8858295763355599e+00
   3.1100000000000000e+02  -2.4017096019652202e+00
   3.1200000000000000e+02  -3.1224131096267098e+00
   3.1300000000000000e+02  -3.6151739724703700e+00
   3.1400000000000000e+02  -3.8666145751189802e+00
   3.1500000000000000e+02  -4.3021514005859300e+00
   3.1600000000000000e+02  -4.8104665190915998e+00
   3.1700000000000000e+02  -5.5702411005713799e+00
   3.1800000000000000e+02  -5.9163236584589001e+00
   3.1900000000000000e+02  -5.8869094097198698e+00
   3.2000000000000000e+02  -6.1843301491130100e+00
   3.2100000000000000e+02  -6.5499618039233001e+00
   3.2200000000000000e+02  -6.7695513842413799e+00
   3.2300000000000000e+02  -7.0624008052576599e+00
   3.2400000000000000e+02  -7.7302519090733499e+00
   3.2500000000000000e+02  -7.6092035163190301e+00
   3.2600000000000000e+02  -8.3522815293037702e+00
   3.2700000000000000e+02  -8.5077775180557698e+00
   3.2800000000000000e+02  -8.8107476398594908e+00
   3.2900000000000000e+02  -9.7186112285410609e+00
   3.3000000000000000e+02  -1.0252291167775800e+01
   3.3100000000000000e+02  -1.0711479664130101e+01
   3.3200000000000000e+02  -1.1414136394857399e+01
   3.3300000000000000e+02  -1.1835353373400199e+01
   3.3400000000000000e+02  -1.2220387188834000e+01
   3.3500000000000000e+02  -1.2396155218211801e+01
   3.3600000000000000e+02  -1.2627170511578200e+01
   3.3700000000000000e+02  -1.2929083459460999e+01
   3.3800000000000000e+02  -1.3772343520482300e+01
   3.3900000000000000e+02  -1.4107871904706199e+01
   3.4000000000000000e+02  -1.4136571649503299e+01
   3.4100000000000000e+02  -1.4472688665133500e+01
   3.4200000000000000e+02  -1.4919237789741400e+01
   3.4300000000000000e+02  -1.5305535025455500e+01
   3.4400000000000000e+02  -1.5542920525042200e+01
   3.4500000000000000e+02  -1.5535136275977401e+01
   3.4600000000000000e+02  -1.6054729439828499e+01
   3.4700000000000000e+02  -1.6690733061086600e+01
   3.4800000000000000e+02  -1.7401296536134701e+01
   3.4900000000000000e+02  -1.7956532327132098e+01
   3.5000000000000000e+02  -1.8751645770888899e+01
   3.5100000000000000e+02  -1.9006898964327799e+01
   3.5200000000000000e+02  -1.9469021056690000e+01
   3.5300000000000000e+02  -2.0293003435443101e+01
   3.5400000000000000e+02  -2.0755867958929102e+01
   3.5500000000000000e+02  -2.1380385309300301e+01
   3.5600000000000000e+02  -2.1339684457443401e+01
   3.5700000000000000e+02  -2.2364633218282400e+01
   3.5800000000000000e+02  -2.3294635822252602e+01
   3.5900000000000000e+02  -2.3860907785827798e+01
   3.6000000000000000e+02  -2.4629532912762802e+01
   3.6100000000000000e+02  -2.5262404030879701e+01
   3.6200000000000000e+02  -2.5754629224109301e+01
   3.6300000000000000e+02  -2.6629045449046998e+01
   3.6400000000000000e+02  -2.7695058769171300e+01
   3.6500000000000000e+02  -2.8528018057936801e+01
   3.6600000000000000e+02  -2.9120025108889799e+01
   3.6700000000000000e+02  -3.0082146250327501e+01
   3.6800000000000000e+02  -3.0715145422037399e+01
   3.6900000000000000e+02  -3.1385190822446599e+01
   3.7000000000000000e+02  -3.1849601746036601e+01
   3.7100000000000000e+02  -3.2633068098950098e+01
   3.7200000000000000e+02  -3.3217652296166797e+01
   3.7300000000000000e+02  -3.3808699267878502e+01
   3.7400000000000000e+02  -3.4851508932608603e+01
   3.7500000000000000e+02  -3.5691706856290701e+01
   3.7600000000000000e+02  -3.6631320472325797e+01
   3.7700000000000000e+02  -3.7326909118954397e+01
   3.7800000000000000e+02  -3.8060098749912399e+01
   3.7900000000000000e+02  -3.8915670216381400e+01
   3.8000000000000000e+02  -3.9871562514728801e+01
   3.8100000000000000e+02  -4.0377072477248099e+01
   3.8200000000000000e+02  -4.0832946103839198e+01
   3.8300000000000000e+02  -4.1813355967188102e+01
   3.8400000000000000e+02  -4.2891091117070303e+01
   3.8500000000000000e+02  -4.3732313182043796e+01
   3.8600000000000000e+02  -4.4302147452670503e+01
   3.8700000000000000e+02  -4.5246940840331199e+01
   3.8800000000000000e+02  -4.6141826172061201e+01
   3.8900000000000000e+02  -4.6899332474874697e+01
   3.9000000000000000e+02  -4.7013332745941803e+01
   3.9100000000000000e+02  -4.7749350099809000e+01
   3.9200000000000000e+02  -4.9000645187462901e+01
   3.9300000000000000e+02  -5.0273215508262098e+01
   3.9400000000000000e+02  -5.1027761206212801e+01
   3.9500000000000000e+02  -5.1480921103519002e+01
   3.9600000000000000e+02  -5.2425839667766397e+01
   3.9700000000000000e+02  -5.3368197352712599e+01
   3.9800000000000000e+02  -5.4173406692864702e+01
   3.9900000000000000e+02  -5.5227810300620497e+01
   4.0000000000000000e+02  -5.6313441492488302e+01
   4.0100000000000000e+02  -5.7205113670878703e+01
   4.0200000000000000e+02  -5.7868228008598102e+01
   4.0300000000000000e+02  -5.8852282948432403e+01
   4.0400000000000000e+02  -5.9348191612104998e+01
   4.0500000000000000e+02  -5.9889523267060298e+01
   4.0600000000000000e+02  -6.1031867537800402e+01
   4.0700000000000000e+02  -6.2039166569744097e+01
   4.0800000000000000e+02  -6.2652140085949597e+01
   4.0900000000000000e+02  -6.3143800192188998e+01
   4.1000000000000000e+02  -6.4246731320215204e+01
   4.1100000000000000e+02  -6.5386064895460294e+01
   4.1200000000000000e+02  -6.5862987721912901e+01
   4.1300000000000000e+02  -6.6854741400335996e+01
   4.1400000000000000e+02  -6.7727081052944996e+01
   4.1500000000000000e+02  -6.8402520864887407e+01
   4.1600000000000000e+02  -6.8951991532192693e+01
   4.1700000000000000e+02  -7.0036253586811398e+01
   4.1800000000000000e+02  -6.9954777640449507e+01
   4.1900000000000000e+02  -7.0262163375867402e+01
   4.2000000000000000e+02  -7.1138125219997903e+01
   4.2100000000000000e+02  -7.1631265374316897e+01
   4.2200000000000000e+02  -7.2084484678572395e+01
   4.2300000000000000e+02  -7.1891767556816006e+01
   4.2400000000000000e+02  -7.2251711147908694e+01
   4.2500000000000000e+02  -7.3015784360460998e+01
   4.2600000000000000e+02  -7.2635951940409598e+01
   4.2700000000000000e+02  -7.3331435914709402e+01
   4.2800000000000000e+02  -7.3497232057369203e+01
   4.2900000000000000e+02  -7.3571834915455398e+01
   4.3000000000000000e+02  -7.4264423111541205e+01
   4.3100000000000000e+02  -7.4404859745798305e+01
   4.3200000000000000e+02  -7.4654103171565097e+01
   4.3300000000000000e+02  -7.5204717237748298e+01
   4.3400000000000000e+02  -7.4944184756981002e+01
   4.3500000000000000e+02  -7.5117623528436397e+01
   4.3600000000000000e+02  -7.5024548319138404e+01
   4.3700000000000000e+02  -7.4792199100466803e+01
   4.3800000000000000e+02  -7.5179918972298793e+01
   4.3900000000000000e+02  -7.5437890789963404e+01
   4.4000000000000000e+02  -7.5437984635048707e+01
   4.4100000000000000e+02  -7.6029072832301907e+01
   4.4200000000000000e+02  -7.6197243309205206e+01
   4.4300000000000000e+02  -7.6057455222648898e+01
   4.4400000000000000e+02  -7.6261773910858693e+01
   4.4500000000000000e+02  -7.6280824879342603e+01
   4.4600000000000000e+02  -7.6093144366822997e+01
   4.4700000000000000e+02  -7.5850015168966493e+01
   4.4800000000000000e+02  -7.6158519266693006e+01
   4.4900000000000000e+02  -7.6008424012835107e+01
   4.5000000000000000e+02  -7.6189182905585099e+01
   4.5100000000000000e+02  -7.6078790437222594e+01
   4.5200000000000000e+02  -7.5731351699325998e+01
   4.5300000000000000e+02  -7.5829463106658807e+01
   4.5400000000000000e+02  -7.5997770524273406e+01
   4.5500000000000000e+02  -7.5947344776160904e+01
   4.5600000000000000e+02  -7.5727535016543598e+01
   4.5700000000000000e+02  -7.5712452141010800e+01
   4.5800000000000000e+02  -7.5692840797090597e+01
   4.5900000000000000e+02  -7.5283784359699695e+01
   4.6000000000000000e+02  -7.5391379928361005e+01
   4.6100000000000000e+02  -7.4816758852772395e+01
   4.6200000000000000e+02  -7.4839329756463499e+01
   4.6300000000000000e+02  -7.4696702271149306e+01
   4.6400000000000000e+02  -7.4830943300817594e+01
   4.6500000000000000e+02  -7.4905028940956498e+01
   4.6600000000000000e+02  -7.5137869703860403e+01
   4.6700000000000000e+02  -7.5090035005550305e+01
   4.6800000000000000e+02  -7.5450352554633795e+01
   4.6900000000000000e+02  -7.5746442515078797e+01
   4.7000000000000000e+02  -7.5960706906581393e+01
   4.7100000000000000e+02  -7.6067071784398195e+01
   4.7200000000000000e+02  -7.5947049336134597e+01
   4.7300000000000000e+02  -7.6000355879918203e+01
   4.7400000000000000e+02  -7.5983302717035201e+01
   4.7500000000000000e+02  -7.5644584368556494e+01
   4.7600000000000000e+02  -7.5802505135159507e+01
   4.7700000000000000e+02  -7.6180716123032795e+01
   4.7800000000000000e+02  -7.6320564248535305e+01
   4.7900000000000000e+02  -7.6114127232103897e+01
   4.8000000000000000e+02  -7.6353771128983098e+01
   4.8100000000000000e+02  -7.6302901559142001e+01
   4.8200000000000000e+02  -7.6548637288876506e+01
   4.8300000000000000e+02  -7.6449542531307699e+01
   4.8400000000000000e+02  -7.5895418494637894e+01
   4.8500000000000000e+02  -7.5916740971486007e+01
   4.8600000000000000e+02  -7.6306506737009897e+01
   4.8700000000000000e+02  -7.6263750975239802e+01
   4.8800000000000000e+02  -7.6345846290496993e+01
   4.8900000000000000e+02  -7.6277111852101896e+01
   4.9000000000000000e+02  -7.6109687667131197e+01
   4.9100000000000000e+02  -7.5953046819076505e+01
   4.9200000000000000e+02  -7.5458158799840106e+01
   4.9300000000000000e+02  -7.6025958663258706e+01
   4.9400000000000000e+02  -7.5515939824301796e+01
   4.9500000000000000e+02  -7.5170742359200105e+01
   4.9600000000000000e+02  -7.5373231965043701e+01
   4.9700000000000000e+02  -7.5273221512520294e+01
   4.9800000000000000e+02  -7.5241896583079694e+01
   4.9900000000000000e+02  -7.5144537390165098e+01
   5.0000000000000000e+02  -7.5460074230019401e+01
   5.0100000000000000e+02  -7.5757762925587897e+01
   5.0200000000000000e+02  -7.6600527694654005e+01
   5.0300000000000000e+02  -7.6426916564673505e+01
   5.0400000000000000e+02  -7.6771472511572597e+01
   5.0500000000000000e+02  -7.6557817292355907e+01
   5.0600000000000000e+02  -7.6447387947229998e+01
   5.0700000000000000e+02  -7.6419543636456595e+01
   5.0800000000000000e+02  -7.6723420483975303e+01
   5.0900000000000000e+02  -7.6499786243916802e+01
   5.1000000000000000e+02  -7.6397306467969898e+01
   5.1100000000000000e+02  -7.6141869417080002e+01
   5.1200000000000000e+02  -7.5720241524353199e+01
   5.1300000000000000e+02  -7.5731229835619004e+01
   5.1400000000000000e+02  -7.6064379671445806e+01
   5.1500000000000000e+02  -7.6523546028059101e+01
   5.1600000000000000e+02  -7.6644900742053096e+01
   5.1700000000000000e+02  -7.6025495820231498e+01
   5.1800000000000000e+02  -7.5792900723562795e+01
   5.1900000000000000e+02  -7.5427773783710293e+01
   5.2000000000000000e+02  -7.5747863113064895e+01
   5.2100000000000000e+02  -7.5950282826978906e+01
   5.2200000000000000e+02  -7.6417390453394404e+01
   5.2300000000000000e+02  -7.6635259230722895e+01
   5.2400000000000000e+02  -7.6769595702995701e+01
   5.2500000000000000e+02  -7.6580439957016395e+01
   5.2600000000000000e+02  -7.6631989902549293e+01
   5.2700000000000000e+02  -7.7127810140055303e+01
   5.2800000000000000e+02  -7.7384159745746999e+01
   5.2900000000000000e+02  -7.7674958955061001e+01
   5.3000000000000000e+02  -7.7629718266731402e+01
   5.3100000000000000e+02  -7.7760239096657699e+01
   5.3200000000000000e+02  -7.7182678238493295e+01
   5.3300000000000000e+02  -7.7096822758782395e+01
   5.3400000000000000e+02  -7.7099425394113297e+01
   5.3500000000000000e+02  -7.6721573257967606e+01
   5.3600000000000000e+02  -7.6673484897262398e+01
   5.3700000000000000e+02  -7.6521286088751097e+01
   5.3800000000000000e+02  -7.5991750053812098e+01
   5.3900000000000000e+02  -7.5807535028023395e+01
   5.4000000000000000e+02  -7.5977716877482706e+01
   5.4100000000000000e+02  -7.5655318850938599e+01
   5.4200000000000000e+02  -7.5629485670105296e+01
   5.4300000000000000e+02  -7.5812589053939405e+01
   5.4400000000000000e+02  -7.5680612873991507e+01
   5.4500000000000000e+02  -7.5228469848223995e+01
   5.4600000000000000e+02  -7.5235751123862499e+01
   5.4700000000000000e+02  -7.5672842203336700e+01
   5.4800000000000000e+02  -7.5312892288232007e+01
   5.4900000000000000e+02  -7.5083010309265106e+01
   5.5000000000000000e+02  -7.4649903107363698e+01
   5.5100000000000000e+02  -7.4777512256398495e+01
   5.5200000000000000e+02  -7.4941617530908204e+01
   5.5300000000000000e+02  -7.4873052911669703e+01
   5.5400000000000000e+02  -7.5261633828158494e+01
   5.5500000000000000e+02  -7.5221248258990997e+01
   5.5600000000000000e+02  -7.5109911541149600e+01
   5.5700000000000000e+02  -7.5129947069969504e+01
   5.5800000000000000e+02  -7.4806886120128496e+01
   5.5900000000000000e+02  -7.4664987312462600e+01
   5.6000000000000000e+02  -7.4548807066945699e+01
   5.6100000000000000e+02  -7.4304513152842702e+01
   5.6200000000000000e+02  -7.4022882170501504e+01
   5.6300000000000000e+02  -7.3908277391927101e+01
   5.6400000000000000e+02  -7.4586466792266094e+01
   5.6500000000000000e+02  -7.5045876175671097e+01
   5.6600000000000000e+02  -7.5196550755265605e+01
   5.6700000000000000e+02  -7.5403056377815304e+01
   5.6800000000000000e+02  -7.4934178335235003e+01
   5.6900000000000000e+02  -7.5317135072511803e+01
   5.7000000000000000e+02  -7.5363347597945605e+01
   5.7100000000000000e+02  -7.5343973663667697e+01
   5.7200000000000000e+02  -7.5617877447616493e+01
   5.7300000000000000e+02  -7.5831101294011205e+01
   5.7400000000000000e+02  -7.6033435333709903e+01
   5.7500000000000000e+02  -7.6566598357506706e+01
   5.7600000000000000e+02  -7.6787616844016000e+01
   5.7700000000000000e+02  -7.6725110415732402e+01
   5.7800000000000000e+02  -7.6406162489294402e+01
   5.7900000000000000e+02  -7.6192314734653394e+01
   5.8000000000000000e+02  -7.5979424310786897e+01
   5.8100000000000000e+02  -7.6144847055354802e+01
   5.8200000000000000e+02  -7.5838523209484507e+01
   5.8300000000000000e+02  -7.5552975510032894e+01
   5.8400000000000000e+02  -7.5577128971526804e+01
   5.8500000000000000e+02  -7.5400004924419704e+01
   5.8600000000000000e+02  -7.5278953626979302e+01
   5.8700000000000000e+02  -7.5545335659863099e+01
   5.8800000000000000e+02  -7.5332081917971706e+01
   5.8900000000000000e+02  -7.4989338016178806e+01
   5.9000000000000000e+02  -7.5403277521231502e+01
   5.9100000000000000e+02  -7.5068503719409094e+01
   5.9200000000000000e+02  -7.5234203674285496e+01
   5.9300000000000000e+02  -7.5269451050295999e+01
   5.9400000000000000e+02  -7.5344573340144095e+01
   5.9500000000000000e+02  -7.5386361093187503e+01
   5.9600000000000000e+02  -7.4999877612779201e+01
   5.9700000000000000e+02  -7.4395878428312898e+01
   5.9800000000000000e+02  -7.4447495980764600e+01
   5.9900000000000000e+02  -7.4911695993375901e+01
   6.0000000000000000e+02  -7.4830305779182694e+01
   6.0100000000000000e+02  -7.4728285429238397e+01
   6.0200000000000000e+02  -7.4863640612019907e+01
   6.0300000000000000e+02  -7.4654405117829796e+01
   6.0400000000000000e+02  -7.4957618029793295e+01
   6.0500000000000000e+02  -7.5062918985951299e+01
   6.0600000000000000e+02  -7.4991891508997298e+01
   6.0700000000000000e+02  -7.4371963297705804e+01
   6.0800000000000000e+02  -7.4269604894409198e+01
   6.0900000000000000e+02  -7.3935507050839803e+01
   6.1000000000000000e+02  -7.3893276089273499e+01
   6.1100000000000000e+02  -7.3924646821319797e+01
   6.1200000000000000e+02  -7.3748827036924098e+01
   6.1300000000000000e+02  -7.4049365580330402e+01
   6.1400000000000000e+02  -7.4012521451756101e+01
   6.1500000000000000e+02  -7.3681875624149896e+01
   6.1600000000000000e+02  -7.3471275049297503e+01
   6.1700000000000000e+02  -7.3871512054622201e+01
   6.1800000000000000e+02  -7.4257761135944406e+01
   6.1900000000000000e+02  -7.4538505205036799e+01
   6.2000000000000000e+02  -7.4944675871922598e+01
   6.2100000000000000e+02  -7.4591609963815102e+01
   6.2200000000000000e+02  -7.4388239754165895e+01
   6.2300000000000000e+02  -7.4565340562598195e+01
   6.2400000000000000e+02  -7.4826991241198996e+01
   6.2500000000000000e+02  -7.4963929854239893e+01
   6.2600000000000000e+02  -7.5045194475043800e+01
   6.2700000000000000e+02  -7.4506958623953295e+01
   6.2800000000000000e+02  -7.4740603859539306e+01
   6.2900000000000000e+02  -7.5188572597539803e+01
   6.3000000000000000e+02  -7.5231630065077994e+01
   6.3100000000000000e+02  -7.4943570442791000e+01
   6.3200000000000000e+02  -7.4816685589174099e+01
   6.3300000000000000e+02  -7.4662330837281701e+01
   6.3400000000000000e+02  -7.4317263073837907e+01
   6.3500000000000000e+02  -7.4688579374489095e+01
   6.3600000000000000e+02  -7.4046277729093603e+01
   6.3700000000000000e+02  -7.4326238001558195e+01
   6.3800000000000000e+02  -7.4708413423528597e+01
   6.3900000000000000e+02  -7.4572920192194502e+01
   6.4000000000000000e+02  -7.4000760688332306e+01
   6.4100000000000000e+02  -7.3962687713334901e+01
   6.4200000000000000e+02  -7.3816368129658997e+01
   6.4300000000000000e+02  -7.4347555189858298e+01
   6.4400000000000000e+02  -7.4231068777635798e+01
   6.4500000000000000e+02  -7.4375202506302003e+01
   6.4600000000000000e+02  -7.4491676934095196e+01
   6.4700000000000000e+02  -7.4791307845539606e+01
   6.4800000000000000e+02  -7.4548596523986703e+01
   6.4900000000000000e+02  -7.5126817329925402e+01
   6.5000000000000000e+02  -7.4951083721552294e+01
   6.5100000000000000e+02  -7.5136683564015300e+01
   6.5200000000000000e+02  -7.5070806155570807e+01
   6.5300000000000000e+02  -7.5127558538332096e+01
   6.5400000000000000e+02  -7.5044926035796607e+01
   6.5500000000000000e+02  -7.5046667975785795e+01
   6.5600000000000000e+02  -7.4985758575947003e+01
   6.5700000000000000e+02  -7.5271611915403895e+01
   6.5800000000000000e+02  -7.5207932287928003e+01
   6.5900000000000000e+02  -7.5099679575790404e+01
   6.6000000000000000e+02  -7.5076020749628796e+01
   6.6100000000000000e+02  -7.4884680785227403e+01
   6.6200000000000000e+02  -7.5264261991339495e+01
   6.6300000000000000e+02  -7.5740785087555494e+01
   6.6400000000000000e+02  -7.5319265855078299e+01
   6.6500000000000000e+02  -7.5217685872117897e+01
   6.6600000000000000e+02  -7.5032984825876696e+01
   6.6700000000000000e+02  -7.5076177136884198e+01
   6.6800000000000000e+02  -7.5401540069401406e+01
   6.6900000000000000e+02  -7.5209062989801595e+01
   6.7000000000000000e+02  -7.5339256184760799e+01
   6.7100000000000000e+02  -7.5589916203836793e+01
   6.7200000000000000e+02  -7.5693258967211193e+01
   6.7300000000000000e+02  -7.5713278069806506e+01
   6.7400000000000000e+02  -7.5735587198596704e+01
   6.7500000000000000e+02  -7.5858542505666804e+01
   6.7600000000000000e+02  -7.6222982926586297e+01
   6.7700000000000000e+02  -7.5927007042649805e+01
   6.7800000000000000e+02  -7.5959689850780507e+01
   6.7900000000000000e+02  -7.6096027031192406e+01
   6.8000000000000000e+02  -7.6267263823235993e+01
   6.8100000000000000e+02  -7.5939127640765307e+01
   6.8200000000000000e+02  -7.5725340070779794e+01
   6.8300000000000000e+02  -7.5466950434014393e+01
   6.8400000000000000e+02  -7.5326764755125694e+01
   6.8500000000000000e+02  -7.5440418325374395e+01
   6.8600000000000000e+02  -7.5204883951172306e+01
   6.8700000000000000e+02  -7.5100347412192207e+01
   6.8800000000000000e+02  -7.5044477192565594e+01
   6.8900000000000000e+02  -7.5027079409886994e+01
   6.9000000000000000e+02  -7.5137915459861702e+01
   6.9100000000000000e+02  -7.5154186769720098e+01
   6.9200000000000000e+02  -7.4594294856614496e+01
   6.9300000000000000e+02  -7.4563265728462099e+01
   6.9400000000000000e+02  -7.4745049935037798e+01
   6.9500000000000000e+02  -7.4641805743424300e+01
   6.9600000000000000e+02  -7.4392600915239697e+01
   6.9700000000000000e+02  -7.3745950010629997e+01
   6.9800000000000000e+02  -7.3451457180866200e+01
   6.9900000000000000e+02  -7.3288092177424005e+01
   7.0000000000000000e+02  -7.3100744766103901e+01
   7.0100000000000000e+02  -7.3380585407971296e+01
   7.0200000000000000e+02  -7.3800447173516105e+01
   7.0300000000000000e+02  -7.3931639711571805e+01
   7.0400000000000000e+02  -7.3873393898135305e+01
   7.0500000000000000e+02  -7.3180699024490906e+01
   7.0600000000000000e+02  -7.2749424440233696e+01
   7.0700000000000000e+02  -7.2918994319220502e+01
   7.0800000000000000e+02  -7.3310399384023000e+01
   7.0900000000000000e+02  -7.3003771355821399e+01
   7.1000000000000000e+02  -7.2636346577770993e+01
   7.1100000000000000e+02  -7.2336035206722599e+01
   7.1200000000000000e+02  -7.2710980140101000e+01
   7.1300000000000000e+02  -7.2850327181224301e+01
   7.1400000000000000e+02  -7.2936761966949703e+01
   7.1500000000000000e+02  -7.2926244294619096e+01
   7.1600000000000000e+02  -7.3330280596939104e+01
   7.1700000000000000e+02  -7.3767672700864793e+01
   7.1800000000000000e+02  -7.3535081848833798e+01
   7.1900000000000000e+02  -7.3209887464954207e+01
   7.2000000000000000e+02  -7.3559688904044407e+01
   7.2100000000000000e+02  -7.3653853318780804e+01
   7.2200000000000000e+02  -7.3786567286063402e+01
   7.2300000000000000e+02  -7.3608312013352901e+01
   7.2400000000000000e+02  -7.3487805123376205e+01
   7.2500000000000000e+02  -7.3514311816514095e+01
   7.2600000000000000e+02  -7.2872362631860497e+01
   7.2700000000000000e+02  -7.3441063117655702e+01
   7.2800000000000000e+02  -7.3291545978229607e+01
   7.2900000000000000e+02  -7.3475500239055705e+01
   7.3000000000000000e+02  -7.3545394528364000e+01
   7.3100000000000000e+02  -7.3536911059269201e+01
   7.3200000000000000e+02  -7.3602916651660806e+01
   7.3300000000000000e+02  -7.3511586997058700e+01
   7.3400000000000000e+02  -7.3574179860216603e+01
   7.3500000000000000e+02  -7.4184382847736899e+01
   7.3600000000000000e+02  -7.3993024666378901e+01
   7.3700000000000000e+02  -7.3672369923855797e+01
   7.3800000000000000e+02  -7.4025542896702305e+01
   7.3900000000000000e+02  -7.3909274699043493e+01
   7.4000000000000000e+02  -7.4044587267800594e+01
   7.4100000000000000e+02  -7.4091472929807594e+01
   7.4200000000000000e+02  -7.4141858234092993e+01
   7.4300000000000000e+02  -7.3948787316028401e+01
   7.4400000000000000e+02  -7.3740361642110400e+01
   7.4500000000000000e+02  -7.3476490463155798e+01
   7.4600000000000000e+02  -7.4051755551614207e+01
   7.4700000000000000e+02  -7.4533096826694802e+01
   7.4800000000000000e+02  -7.4618030476579193e+01
   7.4900000000000000e+02  -7.4812640606834194e+01
   7.5000000000000000e+02  -7.4845725059409403e+01
   7.5100000000000000e+02  -7.5206053282600394e+01
   7.5200000000000000e+02  -7.5240438908684595e+01
   7.5300000000000000e+02  -7.4847456939511204e+01
   7.5400000000000000e+02  -7.4494764367896195e+01
   7.5500000000000000e+02  -7.4779951739655402e+01
   7.5600000000000000e+02  -7.5138394271851695e+01
   7.5700000000000000e+02  -7.5498936043371103e+01
   7.5800000000000000e+02  -7.5305833796365107e+01
   7.5900000000000000e+02  -7.5192874920497005e+01
   7.6000000000000000e+02  -7.5890419763376897e+01
   7.6100000000000000e+02  -7.5782523080070504e+01
   7.6200000000000000e+02  -7.5570441945865994e+01
   7.6300000000000000e+02  -7.5841042528589696e+01
   7.6400000000000000e+02  -7.5215829643879204e+01
   7.6500000000000000e+02  -7.5083899499742799e+01
   7.6600000000000000e+02  -7.4994439884916602e+01
   7.6700000000000000e+02  -7.5097552294309594e+01
   7.6800000000000000e+02  -7.5423358428745999e+01
   7.6900000000000000e+02  -7.6003901431808401e+01
   7.7000000000000000e+02  -7.6697693339903495e+01
   7.7100000000000000e+02  -7.6882716586831506e+01
   7.7200000000000000e+02  -7.6946243802195397e+01
   7.7300000000000000e+02  -7.6527628299818105e+01
   7.7400000000000000e+02  -7.6908398019862403e+01
   7.7500000000000000e+02  -7.7112035671492094e+01
   7.7600000000000000e+02  -7.6931008143488398e+01
   7.7700000000000000e+02  -7.6807095730644605e+01
   7.7800000000000000e+02  -7.6612371330230303e+01
   7.7900000000000000e+02  -7.6104763383333406e+01
   7.8000000000000000e+02  -7.5466278218151302e+01
   7.8100000000000000e+02  -7.5759313102844402e+01
   7.8200000000000000e+02  -7.5930992730277296e+01
   7.8300000000000000e+02  -7.5847810138581494e+01
   7.8400000000000000e+02  -7.6287212209212697e+01
   7.8500000000000000e+02  -7.6042601385486293e+01
   7.8600000000000000e+02  -7.5836382090663406e+01
   7.8700000000000000e+02  -7.5913650755002394e+01
   7.8800000000000000e+02  -7.5268390949861001e+01
   7.8900000000000000e+02  -7.5244363293503099e+01
   7.9000000000000000e+02  -7.4957325693996395e+01
   7.9100000000000000e+02  -7.5148016565058398e+01
   7.9200000000000000e+02  -7.4975821995801198e+01
   7.9300000000000000e+02  -7.5302784577361507e+01
   7.9400000000000000e+02  -7.5274631128619703e+01
   7.9500000000000000e+02  -7.4689270325820999e+01
   7.9600000000000000e+02  -7.3893325188923100e+01
   7.9700000000000000e+02  -7.3968499135643100e+01
   7.9800000000000000e+02  -7.3676058179699297e+01
   7.9900000000000000e+02  -7.3285873988269699e+01
   8.0000000000000000e+02  -7.3491235014639798e+01
   8.0100000000000000e+02  -7.3691787889562306e+01
   8.0200000000000000e+02  -7.3428658721178707e+01
   8.0300000000000000e+02  -7.3149134745343204e+01
   8.0400000000000000e+02  -7.3014022132540603e+01
   8.0500000000000000e+02  -7.3116932350513395e+01
   8.0600000000000000e+02  -7.3256643553833399e+01
   8.0700000000000000e+02  -7.3423751731399094e+01
   8.0800000000000000e+02  -7.3115584403659298e+01
   8.0900000000000000e+02  -7.3287785530354299e+01
   8.1000000000000000e+02  -7.3417611168531096e+01
   8.1100000000000000e+02  -7.3343380911513194e+01
   8.1200000000000000e+02  -7.3358726346495899e+01
   8.1300000000000000e+02  -7.2774976176803904e+01
   8.1400000000000000e+02  -7.2741189207695001e+01
   8.1500000000000000e+02  -7.2614485267727403e+01
   8.1600000000000000e+02  -7.2372026449123496e+01
   8.1700000000000000e+02  -7.2366668861959397e+01
   8.1800000000000000e+02  -7.2443613750637198e+01
   8.1900000000000000e+02  -7.3103761259449399e+01
   8.2000000000000000e+02  -7.3131743476097796e+01
   8.2100000000000000e+02  -7.2730903862897307e+01
   8.2200000000000000e+02  -7.2403485155711195e+01
   8.2300000000000000e+02  -7.2396685891188199e+01
   8.2400000000000000e+02  -7.2625135512386507e+01
   8.2500000000000000e+02  -7.2363935074208896e+01
   8.2600000000000000e+02  -7.2491659691283701e+01
   8.2700000000000000e+02  -7.2556565299846497e+01
   8.2800000000000000e+02  -7.2525647497855402e+01
   8.2900000000000000e+02  -7.2078726498830505e+01
   8.3000000000000000e+02  -7.2084976763095497e+01
   8.3100000000000000e+02  -7.2209000339916500e+01
   8.3200000000000000e+02  -7.2177339216141704e+01
   8.3300000000000000e+02  -7.1977577536190495e+01
   8.3400000000000000e+02  -7.1963634246859399e+01
   8.3500000000000000e+02  -7.1742586197336195e+01
   8.3600000000000000e+02  -7.1558350162258805e+01
   8.3700000000000000e+02  -7.1848537386405098e+01
   8.3800000000000000e+02  -7.1851669744154805e+01
   8.3900000000000000e+02  -7.2172162929920503e+01
   8.4000000000000000e+02  -7.2211149684534504e+01
   8.4100000000000000e+02  -7.1642964447543207e+01
   8.4200000000000000e+02  -7.1463590884854895e+01
   8.4300000000000000e+02  -7.1286294787072904e+01
   8.4400000000000000e+02  -7.1458629073466696e+01
   8.4500000000000000e+02  -7.1683978948857600e+01
   8.4600000000000000e+02  -7.1356406946052701e+01
   8.4700000000000000e+02  -7.1707507016983797e+01
   8.4800000000000000e+02  -7.1463702754506400e+01
   8.4900000000000000e+02  -7.1005511131013606e+01
   8.5000000000000000e+02  -7.1206921680295295e+01
   8.5100000000000000e+02  -7.1522274992191100e+01
   8.5200000000000000e+02  -7.1343665002876193e+01
   8.5300000000000000e+02  -7.1624597521265102e+01
   8.5400000000000000e+02  -7.1416877387292203e+01
   8.5500000000000000e+02  -7.1390544179557494e+01
   8.5600000000000000e+02  -7.1166200305376606e+01
   8.5700000000000000e+02  -7.1420875921956807e+01
   8.5800000000000000e+02  -7.1279390257354194e+01
   8.5900000000000000e+02  -7.1246122666716801e+01
   8.6000000000000000e+02  -7.1438796804673999e+01
   8.6100000000000000e+02  -7.1522736992527996e+01
   8.6200000000000000e+02  -7.1624312577280705e+01
   8.6300000000000000e+02  -7.1095934168979696e+01
   8.6400000000000000e+02  -7.1623885247954803e+01
   8.6500000000000000e+02  -7.1747920990126502e+01
   8.6600000000000000e+02  -7.1895580507185599e+01
   8.6700000000000000e+02  -7.1701111806703295e+01
   8.6800000000000000e+02  -7.1946152081644001e+01
   8.6900000000000000e+02  -7.2110987157477297e+01
   8.7000000000000000e+02  -7.2332696170550193e+01
   8.7100000000000000e+02  -7.1952198105835294e+01
   8.7200000000000000e+02  -7.2008286992521604e+01
   8.7300000000000000e+02  -7.1222889069729007e+01
   8.7400000000000000e+02  -7.1472060283323003e+01
   8.7500000000000000e+02  -7.1749605717250205e+01
   8.7600000000000000e+02  -7.1332786417587002e+01
   8.7700000000000000e+02  -7.1079066834437398e+01
   8.7800000000000000e+02  -7.0896244730785995e+01
   8.7900000000000000e+02  -7.1312068551958404e+01
   8.8000000000000000e+02  -7.1232242307621902e+01
   8.8100000000000000e+02  -7.1302701340820207e+01
   8.8200000000000000e+02  -7.1223930046897706e+01
   8.8300000000000000e+02  -7.1460188574954898e+01
   8.8400000000000000e+02  -7.1139852930469203e+01
   8.8500000000000000e+02  -7.1376114501462993e+01
   8.8600000000000000e+02  -7.1177342536548906e+01
   8.8700000000000000e+02  -7.1362631220913499e+01
   8.8800000000000000e+02  -7.1132378741775000e+01
   8.8900000000000000e+02  -7.1412380394589604e+01
   8.9000000000000000e+02  -7.1144688571842096e+01
   8.9100000000000000e+02  -7.1105153754715502e+01
   8.9200000000000000e+02  -7.1243275307494301e+01
   8.9300000000000000e+02  -7.0782170962899897e+01
   8.9400000000000000e+02  -7.0952954140617194e+01
   8.9500000000000000e+02  -7.0465236001883994e+01
   8.9600000000000000e+02  -7.0615238055708005e+01
   8.9700000000000000e+02  -7.0081106355684895e+01
   8.9800000000000000e+02  -7.0500399253543407e+01
   8.9900000000000000e+02  -7.0488459372118598e+01
   9.0000000000000000e+02  -7.0056053409585303e+01
   9.0100000000000000e+02  -7.0140561941152995e+01
   9.0200000000000000e+02  -7.0199545197510702e+01
   9.0300000000000000e+02  -7.0066741411338299e+01
   9.0400000000000000e+02  -7.0203514842514906e+01
   9.0500000000000000e+02  -6.9956521594833404e+01
   9.0600000000000000e+02  -6.9366433871056600e+01
   9.0700000000000000e+02  -6.9156489986736801e+01
   9.0800000000000000e+02  -6.8898798533356697e+01
   9.0900000000000000e+02  -6.8549706628506300e+01
   9.1000000000000000e+02  -6.8580157698092407e+01
   9.1100000000000000e+02  -6.8455104372880598e+01
   9.1200000000000000e+02  -6.8534160488496298e+01
   9.1300000000000000e+02  -6.8499482309584906e+01
   9.1400000000000000e+02  -6.8713621800516094e+01
   9.1500000000000000e+02  -6.8795981510800800e+01
   9.1600000000000000e+02  -6.8798513097615398e+01
   9.1700000000000000e+02  -6.8234202662424494e+01
   9.1800000000000000e+02  -6.8035730837723506e+01
   9.1900000000000000e+02  -6.7521050425208998e+01
   9.2000000000000000e+02  -6.6989372518337703e+01
   9.2100000000000000e+02  -6.6657318269455303e+01
   9.2200000000000000e+02  -6.6250919500970994e+01
   9.2300000000000000e+02  -6.5901408416365300e+01
   9.2400000000000000e+02  -6.5460702998698594e+01
   9.2500000000000000e+02  -6.5158934914643197e+01
   9.2600000000000000e+02  -6.4862357781531202e+01
   9.2700000000000000e+02  -6.4278202094200694e+01
   9.2800000000000000e+02  -6.3711922313506797e+01
   9.2900000000000000e+02  -6.3550047097203397e+01
   9.3000000000000000e+02  -6.3401342658768797e+01
   9.3100000000000000e+02  -6.2444348465514402e+01
   9.3200000000000000e+02  -6.1117638174526697e+01
   9.3300000000000000e+02  -6.0118940179816498e+01
   9.3400000000000000e+02  -5.8573408738008297e+01
   9.3500000000000000e+02  -5.5809013942816300e+01
   9.3600000000000000e+02  -5.1354815202089902e+01
   9.3700000000000000e+02  -3.7402956296268400e+01
   9.3800000000000000e+02  -1.1276393732524999e+01
