  -1.0000000000000000e+02  -7.3290049415078400e+01
  -9.9000000000000000e+01  -7.3285945026125802e+01
  -9.8000000000000000e+01  -7.3111185711083706e+01
  -9.7000000000000000e+01  -7.3476730693553407e+01
  -9.6000000000000000e+01  -7.3256174890105200e+01
  -9.5000000000000000e+01  -7.2897007447395893e+01
  -9.4000000000000000e+01  -7.2613323179852898e+01
  -9.3000000000000000e+01  -7.2301912852549805e+01
  -9.2000000000000000e+01  -7.2338871907285807e+01
  -9.1000000000000000e+01  -7.1998837979775701e+01
  -9.0000000000000000e+01  -7.1947566498067900e+01
  -8.9000000000000000e+01  -7.1674455290219697e+01
  -8.8000000000000000e+01  -7.1754802783965800e+01
  -8.7000000000000000e+01  -7.1473063743867598e+01
  -8.6000000000000000e+01  -7.1604372162487294e+01
  -8.5000000000000000e+01  -7.2050479058465598e+01
  -8.4000000000000000e+01  -7.2297185688937603e+01
  -8.3000000000000000e+01  -7.2567545390588407e+01
  -8.2000000000000000e+01  -7.2900090795304294e+01
  -8.1000000000000000e+01  -7.2391943975320700e+01
  -8.0000000000000000e+01  -7.2395894044537798e+01
  -7.9000000000000000e+01  -7.2249819973911599e+01
  -7.8000000000000000e+01  -7.2047230842250798e+01
  -7.7000000000000000e+01  -7.2197958706104700e+01
  -7.6000000000000000e+01  -7.2676464293821596e+01
  -7.5000000000000000e+01  -7.2421741456972100e+01
  -7.4000000000000000e+01  -7.2499674509929406e+01
  -7.3000000000000000e+01  -7.2044974911849593e+01
  -7.2000000000000000e+01  -7.1564956929073801e+01
  -7.1000000000000000e+01  -7.1503604916219501e+01
  -7.0000000000000000e+01  -7.0966335166058599e+01
  -6.9000000000000000e+01  -7.0273042797844795e+01
  -6.8000000000000000e+01  -7.0593325628437995e+01
  -6.7000000000000000e+01  -7.0751117861801902e+01
  -6.6000000000000000e+01  -7.0298504108564302e+01
  -6.5000000000000000e+01  -7.0246564878947396e+01
  -6.4000000000000000e+01  -6.9743197229818406e+01
  -6.3000000000000000e+01  -6.9691729420604403e+01
  -6.2000000000000000e+01  -6.9939059509149104e+01
  -6.1000000000000000e+01  -6.9435676322053396e+01
  -6.0000000000000000e+01  -6.9478006490904306e+01
  -5.9000000000000000e+01  -6.9000091938966705e+01
  -5.8000000000000000e+01  -6.9107683464056393e+01
  -5.7000000000000000e+01  -6.8937173598962204e+01
  -5.6000000000000000e+01  -6.9060768389972296e+01
  -5.5000000000000000e+01  -6.9254581439855798e+01
  -5.4000000000000000e+01  -6.9347134743499794e+01
  -5.3000000000000000e+01  -7.0053944444920205e+01
  -5.2000000000000000e+01  -7.0393115974033904e+01
  -5.1000000000000000e+01  -7.0093520487205595e+01
  -5.0000000000000000e+01  -6.9894418775641995e+01
  -4.9000000000000000e+01  -6.9538945553983197e+01
  -4.8000000000000000e+01  -6.9884023361316693e+01
  -4.7000000000000000e+01  -7.0238224132775500e+01
  -4.6000000000000000e+01  -7.0176000055800699e+01
  -4.5000000000000000e+01  -7.0215290411995397e+01
  -4.4000000000000000e+01  -7.0027363098818896e+01
  -4.3000000000000000e+01  -6.9547842001984606e+01
  -4.2000000000000000e+01  -6.9520825500731704e+01
  -4.1000000000000000e+01  -6.9974443519045195e+01
  -4.0000000000000000e+01  -6.9361974425141199e+01
  -3.9000000000000000e+01  -6.9619690290667194e+01
  -3.8000000000000000e+01  -6.9105840843125407e+01
  -3.7000000000000000e+01  -6.8807153108921995e+01
  -3.6000000000000000e+01  -6.8578148992475505e+01
  -3.5000000000000000e+01  -6.8520885824176005e+01
  -3.4000000000000000e+01  -6.8260243034755305e+01
  -3.3000000000000000e+01  -6.7713054138602203e+01
  -3.2000000000000000e+01  -6.7336923933176607e+01
  -3.1000000000000000e+01  -6.7075902029604194e+01
  -3.0000000000000000e+01  -6.7198686138796205e+01
  -2.9000000000000000e+01  -6.7486584904700393e+01
  -2.8000000000000000e+01  -6.7702170550012895e+01
  -2.7000000000000000e+01  -6.7753414522035897e+01
  -2.6000000000000000e+01  -6.7491546676691200e+01
  -2.5000000000000000e+01  -6.7811521481093706e+01
  -2.4000000000000000e+01  -6.7717724033787107e+01
  -2.3000000000000000e+01  -6.7625265034020003e+01
  -2.2000000000000000e+01  -6.7446094994880298e+01
  -2.1000000000000000e+01  -6.7435041492813298e+01
  -2.0000000000000000e+01  -6.7431024392155706e+01
  -1.9000000000000000e+01  -6.6612784533607993e+01
  -1.8000000000000000e+01  -6.6062935962922197e+01
  -1.7000000000000000e+01  -6.5364503455877497e+01
  -1.6000000000000000e+01  -6.5136456481507594e+01
  -1.5000000000000000e+01  -6.5019171758619095e+01
  -1.4000000000000000e+01  -6.4718288304943101e+01
  -1.3000000000000000e+01  -6.4518889853952601e+01
  -1.2000000000000000e+01  -6.3704723674542599e+01
  -1.1000000000000000e+01  -6.3393875841121499e+01
  -1.0000000000000000e+01  -6.2764797506076100e+01
  -9.0000000000000000e+00  -6.2597801022691101e+01
  -8.0000000000000000e+00  -6.1732259228685301e+01
  -7.0000000000000000e+00  -6.0956442403603901e+01
  -6.0000000000000000e+00  -5.9634539754930302e+01
  -5.0000000000000000e+00  -5.8500626076109000e+01
  -4.0000000000000000e+00  -5.6973369123828697e+01
  -3.0000000000000000e+00  -5.4402818912857903e+01
  -2.0000000000000000e+00  -4.9241714629343200e+01
  -1.0000000000000000e+00  -3.3722080096219599e+01
   0.0000000000000000e+00  -1.3392887636479600e+01
   1.0000000000000000e+00   3.2494885763018502e+00
   2.0000000000000000e+00   1.3908820415494301e+01
   3.0000000000000000e+00   1.9372146014026299e+01
   4.0000000000000000e+00   2.2578896508063099e+01
   5.0000000000000000e+00   2.3977738277521699e+01
   6.0000000000000000e+00   2.5105913207831701e+01
   7.0000000000000000e+00   2.5450571084039399e+01
   8.0000000000000000e+00   2.6118722494187899e+01
   9.0000000000000000e+00   2.6018513683990900e+01
   1.0000000000000000e+01   2.6384118941300599e+01
   1.1000000000000000e+01   2.6538053344018198e+01
   1.2000000000000000e+01   2.6661397041427598e+01
   1.3000000000000000e+01   2.7008031613304102e+01
   1.4000000000000000e+01   2.7023450568242399e+01
   1.5000000000000000e+01   2.7513479302935799e+01
   1.6000000000000000e+01   2.8059663540597199e+01
   1.7000000000000000e+01   2.8581799667431898e+01
   1.8000000000000000e+01   2.8696730732011801e+01
   1.9000000000000000e+01   2.8454089685286199e+01
   2.0000000000000000e+01   2.8344687785710398e+01
   2.1000000000000000e+01   2.8553436933510401e+01
   2.2000000000000000e+01   2.8842762169572300e+01
   2.3000000000000000e+01   2.8807706887997099e+01
   2.4000000000000000e+01   2.8505182072431499e+01
   2.5000000000000000e+01   2.8641457053086899e+01
   2.6000000000000000e+01   2.9455059691683001e+01
   2.7000000000000000e+01   2.9206400401629100e+01
   2.8000000000000000e+01   2.9566733527744201e+01
   2.9000000000000000e+01   2.9263198869838000e+01
   3.0000000000000000e+01   2.9045321784623901e+01
   3.1000000000000000e+01   2.9792011268105401e+01
   3.2000000000000000e+01   2.9765098602651001e+01
   3.3000000000000000e+01   2.9911280498694499e+01
   3.4000000000000000e+01   2.9715648219472399e+01
   3.5000000000000000e+01   2.9526299472078499e+01
   3.6000000000000000e+01   2.9524846257316302e+01
   3.7000000000000000e+01   2.9880754962757301e+01
   3.8000000000000000e+01   3.0130540700680800e+01
   3.9000000000000000e+01   3.0225507181479799e+01
   4.0000000000000000e+01   2.9772768963604300e+01
   4.1000000000000000e+01   2.9306639656378799e+01
   4.2000000000000000e+01   2.9146394651528599e+01
   4.3000000000000000e+01   2.9723933853161999e+01
   4.4000000000000000e+01   2.9855391144937499e+01
   4.5000000000000000e+01   2.9792698054659500e+01
   4.6000000000000000e+01   2.9850930522408799e+01
   4.7000000000000000e+01   2.9494306726306299e+01
   4.8000000000000000e+01   2.9474373259093600e+01
   4.9000000000000000e+01   3.0081223194544201e+01
   5.0000000000000000e+01   3.0063562974865501e+01
   5.1000000000000000e+01   3.0407823379803101e+01
   5.2000000000000000e+01   3.0555636116432300e+01
   5.3000000000000000e+01   3.0179688619843901e+01
   5.4000000000000000e+01   2.9957171914742201e+01
   5.5000000000000000e+01   3.0353940322688100e+01
   5.6000000000000000e+01   3.0622573883032601e+01
   5.7000000000000000e+01   3.0735274254542102e+01
   5.8000000000000000e+01   3.0690887811267501e+01
   5.9000000000000000e+01   3.1235530194504999e+01
   6.0000000000000000e+01   3.1510336222640301e+01
   6.1000000000000000e+01   3.2366683624221203e+01
   6.2000000000000000e+01   3.2061758976317201e+01
   6.3000000000000000e+01   3.1768505704471600e+01
   6.4000000000000000e+01   3.1311409713861998e+01
   6.5000000000000000e+01   3.1427080928668399e+01
   6.6000000000000000e+01   3.1665125074169602e+01
   6.7000000000000000e+01   3.1549307658876302e+01
   6.8000000000000000e+01   3.1449287692029500e+01
   6.9000000000000000e+01   3.1260042623957499e+01
   7.0000000000000000e+01   3.1514137568054100e+01
   7.1000000000000000e+01   3.1645666212167399e+01
   7.2000000000000000e+01   3.2288006205118499e+01
   7.3000000000000000e+01   3.2084332304425800e+01
   7.4000000000000000e+01   3.2616577090218698e+01
   7.5000000000000000e+01   3.3329864942507299e+01
   7.6000000000000000e+01   3.3413637984352398e+01
   7.7000000000000000e+01   3.3314329353271603e+01
   7.8000000000000000e+01   3.3239977919900902e+01
   7.9000000000000000e+01   3.3747207194897200e+01
   8.0000000000000000e+01   3.3625312687061303e+01
   8.1000000000000000e+01   3.3842710398438498e+01
   8.2000000000000000e+01   3.3982242759347201e+01
   8.3000000000000000e+01   3.4034952418579600e+01
   8.4000000000000000e+01   3.4059916825454401e+01
   8.5000000000000000e+01   3.4038273006192902e+01
   8.6000000000000000e+01   3.4069453171504399e+01
   8.7000000000000000e+01   3.3909444965946797e+01
   8.8000000000000000e+01   3.4267652961033498e+01
   8.9000000000000000e+01   3.4060316048639898e+01
   9.0000000000000000e+01   3.3548897198316503e+01
   9.1000000000000000e+01   3.3519459404223603e+01
   9.2000000000000000e+01   3.3252602920143097e+01
   9.3000000000000000e+01   3.3355260537831001e+01
   9.4000000000000000e+01   3.3439385495609599e+01
   9.5000000000000000e+01   3.3748343958423803e+01
   9.6000000000000000e+01   3.3612509802621503e+01
   9.7000000000000000e+01   3.3903128673943002e+01
   9.8000000000000000e+01   3.3752619589252703e+01
   9.9000000000000000e+01   3.3683575650901901e+01
   1.0000000000000000e+02   3.3513028386731300e+01
   1.0100000000000000e+02   3.2950558771697501e+01
   1.0200000000000000e+02   3.2978800405212503e+01
   1.0300000000000000e+02   3.2217158825644297e+01
   1.0400000000000000e+02   3.2117877274034200e+01
   1.0500000000000000e+02   3.2002367047725400e+01
   1.0600000000000000e+02   3.1925296019533999e+01
   1.0700000000000000e+02   3.1661241190753401e+01
   1.0800000000000000e+02   3.1627055607680902e+01
   1.0900000000000000e+02   3.1743172846071801e+01
   1.1000000000000000e+02   3.1398930564360100e+01
   1.1100000000000000e+02   3.1402271698328700e+01
   1.1200000000000000e+02   3.1509056266981599e+01
   1.1300000000000000e+02   3.1138902822308498e+01
   1.1400000000000000e+02   3.1127192473873400e+01
   1.1500000000000000e+02   3.1112102138523198e+01
   1.1600000000000000e+02   3.1164621268630800e+01
   1.1700000000000000e+02   3.0509538003058800e+01
   1.1800000000000000e+02   2.9914522716580400e+01
   1.1900000000000000e+02   3.0448864597314799e+01
   1.2000000000000000e+02   2.9594094582080299e+01
   1.2100000000000000e+02   2.9650939016261098e+01
   1.2200000000000000e+02   2.9552049179021299e+01
   1.2300000000000000e+02   2.9903582104104402e+01
   1.2400000000000000e+02   2.9631860539234300e+01
   1.2500000000000000e+02   2.9904686578158401e+01
   1.2600000000000000e+02   3.0404718853659102e+01
   1.2700000000000000e+02   3.0649752025602702e+01
   1.2800000000000000e+02   3.0438627324204500e+01
   1.2900000000000000e+02   3.0260690482795500e+01
   1.3000000000000000e+02   3.0319079244608300e+01
   1.3100000000000000e+02   3.0074800779979199e+01
   1.3200000000000000e+02   2.9740352522983201e+01
   1.3300000000000000e+02   2.9505260220613199e+01
   1.3400000000000000e+02   2.9709328624252102e+01
   1.3500000000000000e+02   3.0060072832697500e+01
   1.3600000000000000e+02   2.9855423292584199e+01
   1.3700000000000000e+02   3.0047458603732998e+01
   1.3800000000000000e+02   3.0050221688261601e+01
   1.3900000000000000e+02   2.9514134159455502e+01
   1.4000000000000000e+02   2.9894194389506900e+01
   1.4100000000000000e+02   3.0392636309399300e+01
   1.4200000000000000e+02   3.0544157426700199e+01
   1.4300000000000000e+02   2.9994912680623798e+01
   1.4400000000000000e+02   3.0055141321941701e+01
   1.4500000000000000e+02   2.9639696174149801e+01
   1.4600000000000000e+02   2.9215395109267600e+01
   1.4700000000000000e+02   2.9248317870728201e+01
   1.4800000000000000e+02   2.9534574218238401e+01
   1.4900000000000000e+02   2.9466707230543999e+01
   1.5000000000000000e+02   2.9419003945690800e+01
   1.5100000000000000e+02   2.9303800866498701e+01
   1.5200000000000000e+02   2.9078263930019901e+01
   1.5300000000000000e+02   2.8741216618269100e+01
   1.5400000000000000e+02   2.8159131968890001e+01
   1.5500000000000000e+02   2.7971517705291699e+01
   1.5600000000000000e+02   2.7733026429888799e+01
   1.5700000000000000e+02   2.7462500174456299e+01
   1.5800000000000000e+02   2.7270026784331300e+01
   1.5900000000000000e+02   2.7651957975540700e+01
   1.6000000000000000e+02   2.7700318032114499e+01
   1.6100000000000000e+02   2.7623042553173800e+01
   1.6200000000000000e+02   2.7586641589487801e+01
   1.6300000000000000e+02   2.7768851021538900e+01
   1.6400000000000000e+02   2.7809901685761499e+01
   1.6500000000000000e+02   2.7308205444337599e+01
   1.6600000000000000e+02   2.6924229623462899e+01
   1.6700000000000000e+02   2.6916212501869701e+01
   1.6800000000000000e+02   2.6349491983617401e+01
   1.6900000000000000e+02   2.5999559383447298e+01
   1.7000000000000000e+02   2.5778261368362500e+01
   1.7100000000000000e+02   2.5465066923314499e+01
   1.7200000000000000e+02   2.5468306534191200e+01
   1.7300000000000000e+02   2.5545568162077700e+01
   1.7400000000000000e+02   2.5331199819605899e+01
   1.7500000000000000e+02   2.4681021537036600e+01
   1.7600000000000000e+02   2.4530168080405200e+01
   1.7700000000000000e+02   2.4387767458930401e+01
   1.7800000000000000e+02   2.4487147751488799e+01
   1.7900000000000000e+02   2.4023578243744801e+01
   1.8000000000000000e+02   2.3711744301626300e+01
   1.8100000000000000e+02   2.3446980457400102e+01
   1.8200000000000000e+02   2.2985245769881502e+01
   1.8300000000000000e+02   2.2947809376175002e+01
   1.8400000000000000e+02   2.3270555939170301e+01
   1.8500000000000000e+02   2.2980869497714899e+01
   1.8600000000000000e+02   2.3138968330324602e+01
   1.8700000000000000e+02   2.3176091758765100e+01
   1.8800000000000000e+02   2.3068584188607300e+01
   1.8900000000000000e+02   2.2785378692264700e+01
   1.9000000000000000e+02   2.2662248051220100e+01
   1.9100000000000000e+02   2.1932761580451100e+01
   1.9200000000000000e+02   2.1644785288785201e+01
   1.9300000000000000e+02   2.1709711300422100e+01
   1.9400000000000000e+02   2.1729930048443101e+01
   1.9500000000000000e+02   2.1485551110079200e+01
   1.9600000000000000e+02   2.1080605766329899e+01
   1.9700000000000000e+02   2.0762098856279898e+01
   1.9800000000000000e+02   2.0742092430947402e+01
   1.9900000000000000e+02   2.0433367620557501e+01
   2.0000000000000000e+02   2.0315991921013001e+01
   2.0100000000000000e+02   2.0235937528268199e+01
   2.0200000000000000e+02   1.9968414762794701e+01
   2.0300000000000000e+02   1.9900160215328800e+01
   2.0400000000000000e+02   1.9495707547107902e+01
   2.0500000000000000e+02   1.8851289151208501e+01
   2.0600000000000000e+02   1.8749123481369701e+01
   2.0700000000000000e+02   1.8692322893981501e+01
   2.0800000000000000e+02   1.8539210569856198e+01
   2.0900000000000000e+02   1.8509085504242101e+01
   2.1000000000000000e+02   1.8316715116454802e+01
   2.1100000000000000e+02   1.8751105592411001e+01
   2.1200000000000000e+02   1.8188021200071901e+01
   2.1300000000000000e+02   1.8188365132225599e+01
   2.1400000000000000e+02   1.8700316450188598e+01
   2.1500000000000000e+02   1.8581400850164702e+01
   2.1600000000000000e+02   1.9030514512270699e+01
   2.1700000000000000e+02   1.8450828432637898e+01
   2.1800000000000000e+02   1.8233441158863599e+01
   2.1900000000000000e+02   1.7603277296978099e+01
   2.2000000000000000e+02   1.7457501423905999e+01
   2.2100000000000000e+02   1.6945699653443100e+01
   2.2200000000000000e+02   1.6467189731066000e+01
   2.2300000000000000e+02   1.6156246961928399e+01
   2.2400000000000000e+02   1.5937235465919100e+01
   2.2500000000000000e+02   1.5953035234296800e+01
   2.2600000000000000e+02   1.6257194660014498e+01
   2.2700000000000000e+02   1.6042163212538298e+01
   2.2800000000000000e+02   1.5919613260377700e+01
   2.2900000000000000e+02   1.5796574575385399e+01
   2.3000000000000000e+02   1.5733361253452800e+01
   2.3100000000000000e+02   1.5499207177941900e+01
   2.3200000000000000e+02   1.5958296052740300e+01
   2.3300000000000000e+02   1.6043192184572199e+01
   2.3400000000000000e+02   1.6341578936441898e+01
   2.3500000000000000e+02   1.5997129177171900e+01
   2.3600000000000000e+02   1.5525190194539199e+01
   2.3700000000000000e+02   1.5452583781458300e+01
   2.3800000000000000e+02   1.5187371401852900e+01
   2.3900000000000000e+02   1.4859265659533300e+01
   2.4000000000000000e+02   1.4736101855166700e+01
   2.4100000000000000e+02   1.4304265591020000e+01
   2.4200000000000000e+02   1.3931608123934399e+01
   2.4300000000000000e+02   1.3939275800233800e+01
   2.4400000000000000e+02   1.3479591918775400e+01
   2.4500000000000000e+02   1.3311806571364700e+01
   2.4600000000000000e+02   1.3361950661673999e+01
   2.4700000000000000e+02   1.3391697609282600e+01
   2.4800000000000000e+02   1.3586189362745500e+01
   2.4900000000000000e+02   1.3329500666838699e+01
   2.5000000000000000e+02   1.3029352399066600e+01
   2.5100000000000000e+02   1.2638342371052300e+01
   2.5200000000000000e+02   1.2468759663612300e+01
   2.5300000000000000e+02   1.2074955245329500e+01
   2.5400000000000000e+02   1.1598558238257100e+01
   2.5500000000000000e+02   1.1412723957246000e+01
   2.5600000000000000e+02   1.1239125834856299e+01
   2.5700000000000000e+02   1.1065828471744600e+01
   2.5800000000000000e+02   1.0885785199553901e+01
   2.5900000000000000e+02   1.0722629574219599e+01
   2.6000000000000000e+02   1.0541669674825400e+01
   2.6100000000000000e+02   1.0211571345130301e+01
   2.6200000000000000e+02   1.0074344342148200e+01
   2.6300000000000000e+02   9.9067514146307207e+00
   2.6400000000000000e+02   1.0186488025755400e+01
   2.6500000000000000e+02   9.7487467000495798e+00
   2.6600000000000000e+02   9.5608583421084994e+00
   2.6700000000000000e+02   8.7490077277489995e+00
   2.6800000000000000e+02   8.4315942725124309e+00
   2.6900000000000000e+02   8.1490455254114806e+00
   2.7000000000000000e+02   7.9188349216281599e+00
   2.7100000000000000e+02   7.8004177172476998e+00
   2.7200000000000000e+02   7.6848299190683900e+00
   2.7300000000000000e+02   7.3157501849648501e+00
   2.7400000000000000e+02   6.9646377222300897e+00
   2.7500000000000000e+02   7.0203762041468396e+00
   2.7600000000000000e+02   6.5442369955165303e+00
   2.7700000000000000e+02   6.5206084855275197e+00
   2.7800000000000000e+02   6.5231811293640201e+00
   2.7900000000000000e+02   6.2764162947639299e+00
   2.8000000000000000e+02   6.5691809563671297e+00
   2.8100000000000000e+02   6.1399795136082203e+00
   2.8200000000000000e+02   5.3385068138169602e+00
   2.8300000000000000e+02   5.0365115245446104e+00
   2.8400000000000000e+02   4.3472184449349296e+00
   2.8500000000000000e+02   4.0552548960210197e+00
   2.8600000000000000e+02   3.7045375393824198e+00
   2.8700000000000000e+02   3.5388090120525000e+00
   2.8800000000000000e+02   3.0376636044680700e+00
   2.8900000000000000e+02   3.1870032584858001e+00
   2.9000000000000000e+02   2.8037128817006201e+00
   2.9100000000000000e+02   2.0648154497713800e+00
   2.9200000000000000e+02   2.0146215014255500e+00
   2.9300000000000000e+02   1.5763418113626599e+00
   2.9400000000000000e+02   1.4744230977512200e+00
   2.9500000000000000e+02   8.4340993221797700e-01
   2.9600000000000000e+02   5.2701963035669197e-01
   2.9700000000000000e+02  -6.3796338775688100e-01
   2.9800000000000000e+02  -6.8785269694386197e-01
   2.9900000000000000e+02  -7.8894942923274103e-01
   3.0000000000000000e+02  -9.1910911388380401e-01
   3.0100000000000000e+02  -1.7651495454582700e+00
   3.0200000000000000e+02  -2.1021993580431899e+00
   3.0300000000000000e+02  -1.9313715822273001e+00
   3.0400000000000000e+02  -2.3791691827332300e+00
   3.0500000000000000e+02  -3.0430628073739601e+00
   3.0600000000000000e+02  -3.3567837899540400e+00
   3.0700000000000000e+02  -3.8200206104983900e+00
   3.0800000000000000e+02  -4.0002575017377904e+00
   3.0900000000000000e+02  -4.4297832957207097e+00
   3.1000000000000000e+02  -4.6355615847235399e+00
   3.1100000000000000e+02  -4.9620453451498898e+00
   3.1200000000000000e+02  -4.8318112818613903e+00
   3.1300000000000000e+02  -5.2270033026511804e+00
   3.1400000000000000e+02  -5.3064128094412704e+00
   3.1500000000000000e+02  -6.0611046133995599e+00
   3.1600000000000000e+02  -6.3751934351914299e+00
   3.1700000000000000e+02  -6.9215907341073901e+00
   3.1800000000000000e+02  -7.4501556238170004e+00
   3.1900000000000000e+02  -7.6611832519919503e+00
   3.2000000000000000e+02  -7.6369797989802004e+00
   3.2100000000000000e+02  -7.6071889525712404e+00
   3.2200000000000000e+02  -8.2031034233681499e+00
   3.2300000000000000e+02  -8.5256215508675304e+00
   3.2400000000000000e+02  -8.9816495186137697e+00
   3.2500000000000000e+02  -9.3826009309106801e+00
   3.2600000000000000e+02  -1.0022639741369099e+01
   3.2700000000000000e+02  -1.0257886599264999e+01
   3.2800000000000000e+02  -1.0449121322294600e+01
   3.2900000000000000e+02  -1.1340766227029899e+01
   3.3000000000000000e+02  -1.1792154612800999e+01
   3.3100000000000000e+02  -1.2499859600392799e+01
   3.3200000000000000e+02  -1.2819181087392300e+01
   3.3300000000000000e+02  -1.2669629260410900e+01
   3.3400000000000000e+02  -1.2934520474200699e+01
   3.3500000000000000e+02  -1.3394315234032900e+01
   3.3600000000000000e+02  -1.3540967007687600e+01
   3.3700000000000000e+02  -1.4045141112270899e+01
   3.3800000000000000e+02  -1.3920027286113900e+01
   3.3900000000000000e+02  -1.4643264808922400e+01
   3.4000000000000000e+02  -1.5214393505805701e+01
   3.4100000000000000e+02  -1.5833720718968500e+01
   3.4200000000000000e+02  -1.6490596470538101e+01
   3.4300000000000000e+02  -1.6292042602654298e+01
   3.4400000000000000e+02  -1.6340291215333998e+01
   3.4500000000000000e+02  -1.7437060611433900e+01
   3.4600000000000000e+02  -1.8071270106338901e+01
   3.4700000000000000e+02  -1.8635219390286800e+01
   3.4800000000000000e+02  -1.9256791825342500e+01
   3.4900000000000000e+02  -1.9614758399061301e+01
   3.5000000000000000e+02  -2.0265955629168701e+01
   3.5100000000000000e+02  -2.1068938457736600e+01
   3.5200000000000000e+02  -2.2042868471173598e+01
   3.5300000000000000e+02  -2.2685197765268398e+01
   3.5400000000000000e+02  -2.3607497630589201e+01
   3.5500000000000000e+02  -2.4729949921229601e+01
   3.5600000000000000e+02  -2.5392950633270701e+01
   3.5700000000000000e+02  -2.6044540642753400e+01
   3.5800000000000000e+02  -2.6660109163750001e+01
   3.5900000000000000e+02  -2.7824715503511200e+01
   3.6000000000000000e+02  -2.8845706060368101e+01
   3.6100000000000000e+02  -2.9990512223265601e+01
   3.6200000000000000e+02  -3.0361781385757801e+01
   3.6300000000000000e+02  -3.1243945140680999e+01
   3.6400000000000000e+02  -3.2324727977213200e+01
   3.6500000000000000e+02  -3.3024154247109102e+01
   3.6600000000000000e+02  -3.4118783638842402e+01
   3.6700000000000000e+02  -3.4699715388790104e+01
   3.6800000000000000e+02  -3.5437954320976303e+01
   3.6900000000000000e+02  -3.6588115695796297e+01
   3.7000000000000000e+02  -3.7283050312212197e+01
   3.7100000000000000e+02  -3.8002034792480700e+01
   3.7200000000000000e+02  -3.9528303451485300e+01
   3.7300000000000000e+02  -3.9957889108339103e+01
   3.7400000000000000e+02  -4.0996179047519597e+01
   3.7500000000000000e+02  -4.1746298062812699e+01
   3.7600000000000000e+02  -4.2945609137732703e+01
   3.7700000000000000e+02  -4.3802280376727197e+01
   3.7800000000000000e+02  -4.4743350420689801e+01
   3.7900000000000000e+02  -4.5592691429986900e+01
   3.8000000000000000e+02  -4.6521786403199997e+01
   3.8100000000000000e+02  -4.7540718701106400e+01
   3.8200000000000000e+02  -4.8643600204557501e+01
   3.8300000000000000e+02  -4.9575921336385100e+01
   3.8400000000000000e+02  -5.0932295265576997e+01
   3.8500000000000000e+02  -5.1407386488234799e+01
   3.8600000000000000e+02  -5.2470915764914800e+01
   3.8700000000000000e+02  -5.2872436770056296e+01
   3.8800000000000000e+02  -5.3804299352633500e+01
   3.8900000000000000e+02  -5.4836907042688502e+01
   3.9000000000000000e+02  -5.5490925606933203e+01
   3.9100000000000000e+02  -5.6801935672397200e+01
   3.9200000000000000e+02  -5.7892359282538102e+01
   3.9300000000000000e+02  -5.9203765025527197e+01
   3.9400000000000000e+02  -5.9898900368248597e+01
   3.9500000000000000e+02  -6.0646142889418400e+01
   3.9600000000000000e+02  -6.1446476050965799e+01
   3.9700000000000000e+02  -6.2433340870709202e+01
   3.9800000000000000e+02  -6.3227517324710298e+01
   3.9900000000000000e+02  -6.4183791179044803e+01
   4.0000000000000000e+02  -6.4823951512610805e+01
   4.0100000000000000e+02  -6.5170158377641997e+01
   4.0200000000000000e+02  -6.5947889365866203e+01
   4.0300000000000000e+02  -6.6719306253419106e+01
   4.0400000000000000e+02  -6.7039149324319695e+01
   4.0500000000000000e+02  -6.7794344440264396e+01
   4.0600000000000000e+02  -6.8752571769707203e+01
   4.0700000000000000e+02  -6.8946970730755297e+01
   4.0800000000000000e+02  -6.9216089451243803e+01
   4.0900000000000000e+02  -6.9574636885897803e+01
   4.1000000000000000e+02  -7.0139784920542098e+01
   4.1100000000000000e+02  -7.0609394224338004e+01
   4.1200000000000000e+02  -7.0767668996873894e+01
   4.1300000000000000e+02  -7.1406702641393196e+01
   4.1400000000000000e+02  -7.1828742342712403e+01
   4.1500000000000000e+02  -7.2644814516053501e+01
   4.1600000000000000e+02  -7.3036509440189604e+01
   4.1700000000000000e+02  -7.3105794448539399e+01
   4.1800000000000000e+02  -7.3163980143953196e+01
   4.1900000000000000e+02  -7.3575344023664798e+01
   4.2000000000000000e+02  -7.3520906526722598e+01
   4.2100000000000000e+02  -7.3425061113788104e+01
   4.2200000000000000e+02  -7.3269959181856606e+01
   4.2300000000000000e+02  -7.3723897692743293e+01
   4.2400000000000000e+02  -7.3713963564444398e+01
   4.2500000000000000e+02  -7.3623742991906596e+01
   4.2600000000000000e+02  -7.3730746313919497e+01
   4.2700000000000000e+02  -7.3921669223032396e+01
   4.2800000000000000e+02  -7.3966388259037302e+01
   4.2900000000000000e+02  -7.4139495000243798e+01
   4.3000000000000000e+02  -7.4252940963649394e+01
   4.3100000000000000e+02  -7.5129814828088001e+01
   4.3200000000000000e+02  -7.5535811248116602e+01
   4.3300000000000000e+02  -7.6070837862517806e+01
   4.3400000000000000e+02  -7.5817805238647907e+01
   4.3500000000000000e+02  -7.5636565625273505e+01
   4.3600000000000000e+02  -7.5193149011468094e+01
   4.3700000000000000e+02  -7.4841885225929900e+01
   4.3800000000000000e+02  -7.5324809397924398e+01
   4.3900000000000000e+02  -7.5260604986553801e+01
   4.4000000000000000e+02  -7.5720135489971298e+01
   4.4100000000000000e+02  -7.5293205870628697e+01
   4.4200000000000000e+02  -7.5552007437801393e+01
   4.4300000000000000e+02  -7.5680344082147300e+01
   4.4400000000000000e+02  -7.5219543029438000e+01
   4.4500000000000000e+02  -7.5440944754373803e+01
   4.4600000000000000e+02  -7.5820806002091700e+01
   4.4700000000000000e+02  -7.5538747694060206e+01
   4.4800000000000000e+02  -7.5738155011859604e+01
   4.4900000000000000e+02  -7.5691185229971794e+01
   4.5000000000000000e+02  -7.5541425997276406e+01
   4.5100000000000000e+02  -7.5457865134031294e+01
   4.5200000000000000e+02  -7.5371543357221995e+01
   4.5300000000000000e+02  -7.5174637900391204e+01
   4.5400000000000000e+02  -7.5197120593427698e+01
   4.5500000000000000e+02  -7.5111733314391898e+01
   4.5600000000000000e+02  -7.5343473071989294e+01
   4.5700000000000000e+02  -7.5301153037047698e+01
   4.5800000000000000e+02  -7.5376580711643996e+01
   4.5900000000000000e+02  -7.6101293980756594e+01
   4.6000000000000000e+02  -7.5999792470793295e+01
   4.6100000000000000e+02  -7.5934264247668494e+01
   4.6200000000000000e+02  -7.6552636168195306e+01
   4.6300000000000000e+02  -7.6292120135843604e+01
   4.6400000000000000e+02  -7.6406001544107099e+01
   4.6500000000000000e+02  -7.6440968689948505e+01
   4.6600000000000000e+02  -7.6453185036700503e+01
   4.6700000000000000e+02  -7.6579123854153806e+01
   4.6800000000000000e+02  -7.6569857409972499e+01
   4.6900000000000000e+02  -7.6503733234070097e+01
   4.7000000000000000e+02  -7.6623207441883906e+01
   4.7100000000000000e+02  -7.6628975172576204e+01
   4.7200000000000000e+02  -7.6481134389172396e+01
   4.7300000000000000e+02  -7.6399008357038497e+01
   4.7400000000000000e+02  -7.6135110106504300e+01
   4.7500000000000000e+02  -7.6001241939489503e+01
   4.7600000000000000e+02  -7.5802032373585007e+01
   4.7700000000000000e+02  -7.5266792841467506e+01
   4.7800000000000000e+02  -7.5017942634382706e+01
   4.7900000000000000e+02  -7.5027706261468495e+01
   4.8000000000000000e+02  -7.5048503198094906e+01
   4.8100000000000000e+02  -7.5040544556052694e+01
   4.8200000000000000e+02  -7.5053748856031504e+01
   4.8300000000000000e+02  -7.4954546665492103e+01
   4.8400000000000000e+02  -7.4822881201103897e+01
   4.8500000000000000e+02  -7.5163495985652901e+01
   4.8600000000000000e+02  -7.4959734300436594e+01
   4.8700000000000000e+02  -7.5206967633061893e+01
   4.8800000000000000e+02  -7.5336665726464105e+01
   4.8900000000000000e+02  -7.5421542019117297e+01
   4.9000000000000000e+02  -7.5079397844218803e+01
   4.9100000000000000e+02  -7.4793066882236403e+01
   4.9200000000000000e+02  -7.4605400886329505e+01
   4.9300000000000000e+02  -7.4721696904139606e+01
   4.9400000000000000e+02  -7.5041183518555499e+01
   4.9500000000000000e+02  -7.5465999414432204e+01
   4.9600000000000000e+02  -7.5371425930980095e+01
   4.9700000000000000e+02  -7.5102068498717898e+01
   4.9800000000000000e+02  -7.5315369894189899e+01
   4.9900000000000000e+02  -7.5449493689921596e+01
   5.0000000000000000e+02  -7.5377527664897400e+01
   5.0100000000000000e+02  -7.4931303672530206e+01
   5.0200000000000000e+02  -7.4787308393465295e+01
   5.0300000000000000e+02  -7.5089581412090396e+01
   5.0400000000000000e+02  -7.4847490459158905e+01
   5.0500000000000000e+02  -7.4301061463530203e+01
   5.0600000000000000e+02  -7.4294965608260696e+01
   5.0700000000000000e+02  -7.4196794089989993e+01
   5.0800000000000000e+02  -7.4319115375332103e+01
   5.0900000000000000e+02  -7.4307983657917006e+01
   5.1000000000000000e+02  -7.4542247391497199e+01
   5.1100000000000000e+02  -7.4518432063788495e+01
   5.1200000000000000e+02  -7.4135534696741999e+01
   5.1300000000000000e+02  -7.4804739184865298e+01
   5.1400000000000000e+02  -7.4479988575653493e+01
   5.1500000000000000e+02  -7.4528317812867499e+01
   5.1600000000000000e+02  -7.4762447147334598e+01
   5.1700000000000000e+02  -7.5059085606492104e+01
   5.1800000000000000e+02  -7.5329362477348198e+01
   5.1900000000000000e+02  -7.5353908120863295e+01
   5.2000000000000000e+02  -7.5181905355497094e+01
   5.2100000000000000e+02  -7.4972263831146293e+01
   5.2200000000000000e+02  -7.4591162500183501e+01
   5.2300000000000000e+02  -7.4708789932809097e+01
   5.2400000000000000e+02  -7.4784418308230002e+01
   5.2500000000000000e+02  -7.5117405992532099e+01
   5.2600000000000000e+02  -7.4933526611104796e+01
   5.2700000000000000e+02  -7.4925094546165695e+01
   5.2800000000000000e+02  -7.5216970636276798e+01
   5.2900000000000000e+02  -7.5332622375984101e+01
   5.3000000000000000e+02  -7.5006048374873700e+01
   5.3100000000000000e+02  -7.4887589936837102e+01
   5.3200000000000000e+02  -7.4681058084501402e+01
   5.3300000000000000e+02  -7.4348700508593893e+01
   5.3400000000000000e+02  -7.4409626434365705e+01
   5.3500000000000000e+02  -7.4317044722845594e+01
   5.3600000000000000e+02  -7.4830173620489902e+01
   5.3700000000000000e+02  -7.4860923638340296e+01
   5.3800000000000000e+02  -7.5340374100266203e+01
   5.3900000000000000e+02  -7.5338301076444907e+01
   5.4000000000000000e+02  -7.4984431781185606e+01
   5.4100000000000000e+02  -7.4857494812922795e+01
   5.4200000000000000e+02  -7.4669292645622306e+01
   5.4300000000000000e+02  -7.4816627630034105e+01
   5.4400000000000000e+02  -7.4842057659355007e+01
   5.4500000000000000e+02  -7.4680403668455796e+01
   5.4600000000000000e+02  -7.4307367593697194e+01
   5.4700000000000000e+02  -7.4098118190161799e+01
   5.4800000000000000e+02  -7.3912992752076605e+01
   5.4900000000000000e+02  -7.4145051499219406e+01
   5.5000000000000000e+02  -7.3972031587084800e+01
   5.5100000000000000e+02  -7.3966730216165701e+01
   5.5200000000000000e+02  -7.4168440192654401e+01
   5.5300000000000000e+02  -7.4117087844186003e+01
   5.5400000000000000e+02  -7.4231796228043905e+01
   5.5500000000000000e+02  -7.4290160502118098e+01
   5.5600000000000000e+02  -7.4504970288828403e+01
   5.5700000000000000e+02  -7.4693011654179102e+01
   5.5800000000000000e+02  -7.4719649255642906e+01
   5.5900000000000000e+02  -7.4810601919587597e+01
   5.6000000000000000e+02  -7.4714997341626002e+01
   5.6100000000000000e+02  -7.4567437919149299e+01
   5.6200000000000000e+02  -7.4035022994089402e+01
   5.6300000000000000e+02  -7.4457128614206098e+01
   5.6400000000000000e+02  -7.4246014742075104e+01
   5.6500000000000000e+02  -7.4193931423113497e+01
   5.6600000000000000e+02  -7.3863186508097399e+01
   5.6700000000000000e+02  -7.3977116350751899e+01
   5.6800000000000000e+02  -7.4325931400791603e+01
   5.6900000000000000e+02  -7.4074601420152305e+01
   5.7000000000000000e+02  -7.4161141591317900e+01
   5.7100000000000000e+02  -7.3880383161111894e+01
   5.7200000000000000e+02  -7.4183454014162194e+01
   5.7300000000000000e+02  -7.4381320932696497e+01
   5.7400000000000000e+02  -7.4230454473377307e+01
   5.7500000000000000e+02  -7.4188313575323605e+01
   5.7600000000000000e+02  -7.3958259953804401e+01
   5.7700000000000000e+02  -7.4302903562416404e+01
   5.7800000000000000e+02  -7.4339470551337797e+01
   5.7900000000000000e+02  -7.4830878681202805e+01
   5.8000000000000000e+02  -7.5115130061949500e+01
   5.8100000000000000e+02  -7.5009678670755505e+01
   5.8200000000000000e+02  -7.5158583758126497e+01
   5.8300000000000000e+02  -7.5322403795258595e+01
   5.8400000000000000e+02  -7.5543563587439905e+01
   5.8500000000000000e+02  -7.5579547351504800e+01
   5.8600000000000000e+02  -7.5318285266937494e+01
   5.8700000000000000e+02  -7.5688441562586405e+01
   5.8800000000000000e+02  -7.5806759082435406e+01
   5.8900000000000000e+02  -7.5670601552414695e+01
   5.9000000000000000e+02  -7.5696250525118700e+01
   5.9100000000000000e+02  -7.5467022653570695e+01
   5.9200000000000000e+02  -7.5561311254794703e+01
   5.9300000000000000e+02  -7.5264158308085101e+01
   5.9400000000000000e+02  -7.5305127089411300e+01
   5.9500000000000000e+02  -7.5111148625012305e+01
   5.9600000000000000e+02  -7.5774472729122493e+01
   5.9700000000000000e+02  -7.5523166564561095e+01
   5.9800000000000000e+02  -7.5297145813592707e+01
   5.9900000000000000e+02  -7.5656551282576203e+01
   6.0000000000000000e+02  -7.5710932245426804e+01
   6.0100000000000000e+02  -7.5792123018233895e+01
   6.0200000000000000e+02  -7.6104196162855203e+01
   6.0300000000000000e+02  -7.6254329610815702e+01
   6.0400000000000000e+02  -7.6454826223811907e+01
   6.0500000000000000e+02  -7.6388791861534003e+01
   6.0600000000000000e+02  -7.6472363078223495e+01
   6.0700000000000000e+02  -7.6462765916605605e+01
   6.0800000000000000e+02  -7.6601718348221496e+01
   6.0900000000000000e+02  -7.6494190671181400e+01
   6.1000000000000000e+02  -7.6501740394643704e+01
   6.1100000000000000e+02  -7.6212884086727399e+01
   6.1200000000000000e+02  -7.6044392207981701e+01
   6.1300000000000000e+02  -7.5594380388239202e+01
   6.1400000000000000e+02  -7.5725267262956805e+01
   6.1500000000000000e+02  -7.5748146795059995e+01
   6.1600000000000000e+02  -7.5683722723558901e+01
   6.1700000000000000e+02  -7.5353839470057906e+01
   6.1800000000000000e+02  -7.5378038869743193e+01
   6.1900000000000000e+02  -7.5462804781616697e+01
   6.2000000000000000e+02  -7.5375879803807706e+01
   6.2100000000000000e+02  -7.4784541697077699e+01
   6.2200000000000000e+02  -7.4670101833965504e+01
   6.2300000000000000e+02  -7.4765371846439194e+01
   6.2400000000000000e+02  -7.4679018258182197e+01
   6.2500000000000000e+02  -7.4765876484330605e+01
   6.2600000000000000e+02  -7.4876971560412997e+01
   6.2700000000000000e+02  -7.4519360111487103e+01
   6.2800000000000000e+02  -7.4801068227923096e+01
   6.2900000000000000e+02  -7.4629661671976706e+01
   6.3000000000000000e+02  -7.4556658618284899e+01
   6.3100000000000000e+02  -7.5164215572823394e+01
   6.3200000000000000e+02  -7.4507512454167198e+01
   6.3300000000000000e+02  -7.4023705126141493e+01
   6.3400000000000000e+02  -7.4100849928645005e+01
   6.3500000000000000e+02  -7.4421894746365396e+01
   6.3600000000000000e+02  -7.4733976483731098e+01
   6.3700000000000000e+02  -7.3937260880593300e+01
   6.3800000000000000e+02  -7.4244110409706707e+01
   6.3900000000000000e+02  -7.4932481847349905e+01
   6.4000000000000000e+02  -7.5090235848210199e+01
   6.4100000000000000e+02  -7.5208975076772205e+01
   6.4200000000000000e+02  -7.5079658718749400e+01
   6.4300000000000000e+02  -7.4835048137471304e+01
   6.4400000000000000e+02  -7.5024014223494106e+01
   6.4500000000000000e+02  -7.4393197998509905e+01
   6.4600000000000000e+02  -7.3980348333465699e+01
   6.4700000000000000e+02  -7.4124597305899897e+01
   6.4800000000000000e+02  -7.3841756180966797e+01
   6.4900000000000000e+02  -7.3567918475200202e+01
   6.5000000000000000e+02  -7.3496176402269995e+01
   6.5100000000000000e+02  -7.3587281602656503e+01
   6.5200000000000000e+02  -7.3745479185948199e+01
   6.5300000000000000e+02  -7.3933989941952802e+01
   6.5400000000000000e+02  -7.4223104190878999e+01
   6.5500000000000000e+02  -7.4520717853803703e+01
   6.5600000000000000e+02  -7.4977599751145505e+01
   6.5700000000000000e+02  -7.5358542457188506e+01
   6.5800000000000000e+02  -7.4849248048823995e+01
   6.5900000000000000e+02  -7.4559196448142302e+01
   6.6000000000000000e+02  -7.4315407105160901e+01
   6.6100000000000000e+02  -7.4851385029106495e+01
   6.6200000000000000e+02  -7.4818521824673596e+01
   6.6300000000000000e+02  -7.4904155123708705e+01
   6.6400000000000000e+02  -7.4776590678037294e+01
   6.6500000000000000e+02  -7.4877900052185097e+01
   6.6600000000000000e+02  -7.4712765053520101e+01
   6.6700000000000000e+02  -7.4860124670042097e+01
   6.6800000000000000e+02  -7.4765895257054794e+01
   6.6900000000000000e+02  -7.4755589948028600e+01
   6.7000000000000000e+02  -7.4736673197940803e+01
   6.7100000000000000e+02  -7.4943211832740801e+01
   6.7200000000000000e+02  -7.5357290846726698e+01
   6.7300000000000000e+02  -7.5840253762615205e+01
   6.7400000000000000e+02  -7.5899750827529502e+01
   6.7500000000000000e+02  -7.5532009540842395e+01
   6.7600000000000000e+02  -7.5748724502426697e+01
   6.7700000000000000e+02  -7.5254295692292601e+01
   6.7800000000000000e+02  -7.5626729702602603e+01
   6.7900000000000000e+02  -7.6006803417783104e+01
   6.8000000000000000e+02  -7.6185367738005695e+01
   6.8100000000000000e+02  -7.5709523607770507e+01
   6.8200000000000000e+02  -7.5658250273180499e+01
   6.8300000000000000e+02  -7.5293282989966002e+01
   6.8400000000000000e+02  -7.5185541096560101e+01
   6.8500000000000000e+02  -7.5562744528886498e+01
   6.8600000000000000e+02  -7.5909012339587207e+01
   6.8700000000000000e+02  -7.5267666859837604e+01
   6.8800000000000000e+02  -7.4864727499622504e+01
   6.8900000000000000e+02  -7.4855164659452100e+01
   6.9000000000000000e+02  -7.4551845829224405e+01
   6.9100000000000000e+02  -7.5118673108411201e+01
   6.9200000000000000e+02  -7.5330089114773401e+01
   6.9300000000000000e+02  -7.5606245887035001e+01
   6.9400000000000000e+02  -7.5213884859844697e+01
   6.9500000000000000e+02  -7.5148923593966003e+01
   6.9600000000000000e+02  -7.5213024660074197e+01
   6.9700000000000000e+02  -7.5193416820194997e+01
   6.9800000000000000e+02  -7.5002691453400800e+01
   6.9900000000000000e+02  -7.5524789407420997e+01
   7.0000000000000000e+02  -7.5207907016843095e+01
   7.0100000000000000e+02  -7.5481992050696107e+01
   7.0200000000000000e+02  -7.5524365015578098e+01
   7.0300000000000000e+02  -7.5615728576645395e+01
   7.0400000000000000e+02  -7.5480814256079995e+01
   7.0500000000000000e+02  -7.5497582870328600e+01
   7.0600000000000000e+02  -7.5275440227723294e+01
   7.0700000000000000e+02  -7.4725973390969600e+01
   7.0800000000000000e+02  -7.4750727991332397e+01
   7.0900000000000000e+02  -7.4618868025487998e+01
   7.1000000000000000e+02  -7.4608240383636698e+01
   7.1100000000000000e+02  -7.5096376585579804e+01
   7.1200000000000000e+02  -7.4773598984651699e+01
   7.1300000000000000e+02  -7.5099755030184497e+01
   7.1400000000000000e+02  -7.4811309053045406e+01
   7.1500000000000000e+02  -7.4757142019221703e+01
   7.1600000000000000e+02  -7.4808716632806906e+01
   7.1700000000000000e+02  -7.4659427407155206e+01
   7.1800000000000000e+02  -7.4519066283376205e+01
   7.1900000000000000e+02  -7.4172885593075506e+01
   7.2000000000000000e+02  -7.4183053950590207e+01
   7.2100000000000000e+02  -7.4176279505908497e+01
   7.2200000000000000e+02  -7.4084675090291398e+01
   7.2300000000000000e+02  -7.3993044428707805e+01
   7.2400000000000000e+02  -7.3613453355464699e+01
   7.2500000000000000e+02  -7.3892867211536895e+01
   7.2600000000000000e+02  -7.3745311950477301e+01
   7.2700000000000000e+02  -7.3861751770804503e+01
   7.2800000000000000e+02  -7.3694759572492401e+01
   7.2900000000000000e+02  -7.3168200414071507e+01
   7.3000000000000000e+02  -7.3278871602665106e+01
   7.3100000000000000e+02  -7.3187510217015699e+01
   7.3200000000000000e+02  -7.3199014521637807e+01
   7.3300000000000000e+02  -7.3383991060047606e+01
   7.3400000000000000e+02  -7.3134125439172294e+01
   7.3500000000000000e+02  -7.3120991194412198e+01
   7.3600000000000000e+02  -7.2958560866776295e+01
   7.3700000000000000e+02  -7.2924138226640594e+01
   7.3800000000000000e+02  -7.2875403035599902e+01
   7.3900000000000000e+02  -7.2807872787191101e+01
   7.4000000000000000e+02  -7.2331082931277095e+01
   7.4100000000000000e+02  -7.2497970445638998e+01
   7.4200000000000000e+02  -7.2697740853223806e+01
   7.4300000000000000e+02  -7.2402306722595000e+01
   7.4400000000000000e+02  -7.2739255765746805e+01
   7.4500000000000000e+02  -7.2255749594889593e+01
   7.4600000000000000e+02  -7.2419028236637899e+01
   7.4700000000000000e+02  -7.3091115703664698e+01
   7.4800000000000000e+02  -7.3051942888958905e+01
   7.4900000000000000e+02  -7.3464704388342795e+01
   7.5000000000000000e+02  -7.3252783785266502e+01
   7.5100000000000000e+02  -7.2931072956572905e+01
   7.5200000000000000e+02  -7.3243165396555696e+01
   7.5300000000000000e+02  -7.2945020719615101e+01
   7.5400000000000000e+02  -7.2375253448231902e+01
   7.5500000000000000e+02  -7.2369711145933607e+01
   7.5600000000000000e+02  -7.2295232968177103e+01
   7.5700000000000000e+02  -7.2464993301209603e+01
   7.5800000000000000e+02  -7.2499099129612105e+01
   7.5900000000000000e+02  -7.2027703843073098e+01
   7.6000000000000000e+02  -7.2521604009079297e+01
   7.6100000000000000e+02  -7.2839973588856495e+01
   7.6200000000000000e+02  -7.2761936917437495e+01
   7.6300000000000000e+02  -7.3408473493527794e+01
   7.6400000000000000e+02  -7.4033005669907496e+01
   7.6500000000000000e+02  -7.3868308240297907e+01
   7.6600000000000000e+02  -7.4065794117604298e+01
   7.6700000000000000e+02  -7.3963514646036600e+01
   7.6800000000000000e+02  -7.3544975423106806e+01
   7.6900000000000000e+02  -7.3425208681034604e+01
   7.7000000000000000e+02  -7.3591002609532396e+01
   7.7100000000000000e+02  -7.3153351447458107e+01
   7.7200000000000000e+02  -7.3276161357927904e+01
   7.7300000000000000e+02  -7.3661308925992500e+01
   7.7400000000000000e+02  -7.3430056099586494e+01
   7.7500000000000000e+02  -7.3278154798079399e+01
   7.7600000000000000e+02  -7.3508803972200795e+01
   7.7700000000000000e+02  -7.3786509061079300e+01
   7.7800000000000000e+02  -7.3855123172644795e+01
   7.7900000000000000e+02  -7.4075500277173703e+01
   7.8000000000000000e+02  -7.3937484825921899e+01
   7.8100000000000000e+02  -7.4036808504546201e+01
   7.8200000000000000e+02  -7.3276439166480003e+01
   7.8300000000000000e+02  -7.2850253212821499e+01
   7.8400000000000000e+02  -7.2799816694410197e+01
   7.8500000000000000e+02  -7.2897274581833898e+01
   7.8600000000000000e+02  -7.3292491455958498e+01
   7.8700000000000000e+02  -7.3335234334244802e+01
   7.8800000000000000e+02  -7.3307737554523200e+01
   7.8900000000000000e+02  -7.3430648208071503e+01
   7.9000000000000000e+02  -7.3516321017120802e+01
   7.9100000000000000e+02  -7.4196063149738407e+01
   7.9200000000000000e+02  -7.4298840208084897e+01
   7.9300000000000000e+02  -7.4527363600654795e+01
   7.9400000000000000e+02  -7.4361167950568898e+01
   7.9500000000000000e+02  -7.4520041375892404e+01
   7.9600000000000000e+02  -7.4969558975506203e+01
   7.9700000000000000e+02  -7.4461075025651297e+01
   7.9800000000000000e+02  -7.4135374233238807e+01
   7.9900000000000000e+02  -7.3979053246827405e+01
   8.0000000000000000e+02  -7.3779510012985696e+01
   8.0100000000000000e+02  -7.3459040175109706e+01
   8.0200000000000000e+02  -7.3734719638765398e+01
   8.0300000000000000e+02  -7.3321241584529702e+01
   8.0400000000000000e+02  -7.3452435438220107e+01
   8.0500000000000000e+02  -7.3472648415665304e+01
   8.0600000000000000e+02  -7.3915503230048500e+01
   8.0700000000000000e+02  -7.3683160080228106e+01
   8.0800000000000000e+02  -7.3623585855838201e+01
   8.0900000000000000e+02  -7.3508691512510396e+01
   8.1000000000000000e+02  -7.3434516083357707e+01
   8.1100000000000000e+02  -7.3308203477421898e+01
   8.1200000000000000e+02  -7.3358601220441003e+01
   8.1300000000000000e+02  -7.3446146666191297e+01
   8.1400000000000000e+02  -7.3671884724580494e+01
   8.1500000000000000e+02  -7.3843088626743096e+01
   8.1600000000000000e+02  -7.3503187528082606e+01
   8.1700000000000000e+02  -7.3492010106256103e+01
   8.1800000000000000e+02  -7.3098413439460003e+01
   8.1900000000000000e+02  -7.2909939025797300e+01
   8.2000000000000000e+02  -7.3030912360030598e+01
   8.2100000000000000e+02  -7.3025118806724507e+01
   8.2200000000000000e+02  -7.3250720118437101e+01
   8.2300000000000000e+02  -7.2922455553438596e+01
   8.2400000000000000e+02  -7.2581342320175395e+01
   8.2500000000000000e+02  -7.2332518611093505e+01
   8.2600000000000000e+02  -7.2237034400593302e+01
   8.2700000000000000e+02  -7.2382725326666105e+01
   8.2800000000000000e+02  -7.2426536268531194e+01
   8.2900000000000000e+02  -7.2411289628171005e+01
   8.3000000000000000e+02  -7.2950370393514504e+01
   8.3100000000000000e+02  -7.3103897875731903e+01
   8.3200000000000000e+02  -7.3002003350137798e+01
   8.3300000000000000e+02  -7.3126961016075398e+01
   8.3400000000000000e+02  -7.2749328836996497e+01
   8.3500000000000000e+02  -7.3043519244509795e+01
   8.3600000000000000e+02  -7.2732946116975000e+01
   8.3700000000000000e+02  -7.2561431290616895e+01
   8.3800000000000000e+02  -7.2299638388300195e+01
   8.3900000000000000e+02  -7.2717295580021698e+01
   8.4000000000000000e+02  -7.2896399811184395e+01
   8.4100000000000000e+02  -7.3082749337365897e+01
   8.4200000000000000e+02  -7.2997163378414101e+01
   8.4300000000000000e+02  -7.2783822206225196e+01
   8.4400000000000000e+02  -7.2347114079538798e+01
   8.4500000000000000e+02  -7.2214781017518206e+01
   8.4600000000000000e+02  -7.2306074007463707e+01
   8.4700000000000000e+02  -7.2348317170934806e+01
   8.4800000000000000e+02  -7.2846690614485098e+01
   8.4900000000000000e+02  -7.2737354494012706e+01
   8.5000000000000000e+02  -7.2462573459966805e+01
   8.5100000000000000e+02  -7.3094173675002097e+01
   8.5200000000000000e+02  -7.3462032970863405e+01
   8.5300000000000000e+02  -7.3121886712299400e+01
   8.5400000000000000e+02  -7.3340706579165399e+01
   8.5500000000000000e+02  -7.3641516299237196e+01
   8.5600000000000000e+02  -7.3423010353626907e+01
   8.5700000000000000e+02  -7.3639780892181506e+01
   8.5800000000000000e+02  -7.3425426824206298e+01
   8.5900000000000000e+02  -7.3172465409460898e+01
   8.6000000000000000e+02  -7.3590117388617898e+01
   8.6100000000000000e+02  -7.3517128700876796e+01
   8.6200000000000000e+02  -7.3457065926265400e+01
   8.6300000000000000e+02  -7.3856418459585598e+01
   8.6400000000000000e+02  -7.3464744579513194e+01
   8.6500000000000000e+02  -7.3475038518536195e+01
   8.6600000000000000e+02  -7.3004315885162796e+01
   8.6700000000000000e+02  -7.2636562739251104e+01
   8.6800000000000000e+02  -7.2195234386752006e+01
   8.6900000000000000e+02  -7.2096743369598698e+01
   8.7000000000000000e+02  -7.2189352339750002e+01
   8.7100000000000000e+02  -7.1967534990245994e+01
   8.7200000000000000e+02  -7.1970765193076204e+01
   8.7300000000000000e+02  -7.1959070847726096e+01
   8.7400000000000000e+02  -7.1784830740643301e+01
   8.7500000000000000e+02  -7.1795748771539706e+01
   8.7600000000000000e+02  -7.1711681283798399e+01
   8.7700000000000000e+02  -7.1916295337130407e+01
   8.7800000000000000e+02  -7.1401633385263906e+01
   8.7900000000000000e+02  -7.1198371110843098e+01
   8.8000000000000000e+02  -7.1456549167061496e+01
   8.8100000000000000e+02  -7.1244791818543007e+01
   8.8200000000000000e+02  -7.1340284559718498e+01
   8.8300000000000000e+02  -7.1481835856944301e+01
   8.8400000000000000e+02  -7.1444837092906397e+01
   8.8500000000000000e+02  -7.1476493331410197e+01
   8.8600000000000000e+02  -7.1147659177215502e+01
   8.8700000000000000e+02  -7.1082975485343198e+01
   8.8800000000000000e+02  -7.1711015320948206e+01
   8.8900000000000000e+02  -7.1868318024499999e+01
   8.9000000000000000e+02  -7.1847022086303099e+01
   8.9100000000000000e+02  -7.1562991628653904e+01
   8.9200000000000000e+02  -7.1231682999361993e+01
   8.9300000000000000e+02  -7.1584419864267005e+01
   8.9400000000000000e+02  -7.1169613531666599e+01
   8.9500000000000000e+02  -7.1158464027985303e+01
   8.9600000000000000e+02  -7.0983924568856295e+01
   8.9700000000000000e+02  -7.0417121140318898e+01
   8.9800000000000000e+02  -7.0798401666100602e+01
   8.9900000000000000e+02  -7.1098313622119605e+01
   9.0000000000000000e+02  -7.0844525572390907e+01
   9.0100000000000000e+02  -7.0959449691485304e+01
   9.0200000000000000e+02  -7.0896063051314499e+01
   9.0300000000000000e+02  -7.0765766962769206e+01
   9.0400000000000000e+02  -7.0374973427282001e+01
   9.0500000000000000e+02  -6.9601660350644494e+01
   9.0600000000000000e+02  -6.9106349084363103e+01
   9.0700000000000000e+02  -6.9035225787461400e+01
   9.0800000000000000e+02  -6.9117000084728204e+01
   9.0900000000000000e+02  -6.9005306607576998e+01
   9.1000000000000000e+02  -6.8824984671777003e+01
   9.1100000000000000e+02  -6.8572822831829896e+01
   9.1200000000000000e+02  -6.8320008001809001e+01
   9.1300000000000000e+02  -6.8379943319778903e+01
   9.1400000000000000e+02  -6.8057849485483899e+01
   9.1500000000000000e+02  -6.7131973853893300e+01
   9.1600000000000000e+02  -6.7082655827933493e+01
   9.1700000000000000e+02  -6.6901243319659102e+01
   9.1800000000000000e+02  -6.7143634560387596e+01
   9.1900000000000000e+02  -6.6763554160323693e+01
   9.2000000000000000e+02  -6.6393288510705702e+01
   9.2100000000000000e+02  -6.6350121383342795e+01
   9.2200000000000000e+02  -6.6436026056819102e+01
   9.2300000000000000e+02  -6.6557273592021005e+01
   9.2400000000000000e+02  -6.5884911334338696e+01
   9.2500000000000000e+02  -6.5858402692302207e+01
   9.2600000000000000e+02  -6.5531734156324603e+01
   9.2700000000000000e+02  -6.5262469996686093e+01
   9.2800000000000000e+02  -6.5163470418658207e+01
   9.2900000000000000e+02  -6.4656632374403102e+01
   9.3000000000000000e+02  -6.4285555485415202e+01
   9.3100000000000000e+02  -6.3694300870747398e+01
   9.3200000000000000e+02  -6.3848335477677303e+01
   9.3300000000000000e+02  -6.3180238858294501e+01
   9.3400000000000000e+02  -6.2715622101973203e+01
   9.3500000000000000e+02  -6.1906583076814499e+01
   9.3600000000000000e+02  -6.1146457985335502e+01
   9.3700000000000000e+02  -5.9900133683833097e+01
   9.3800000000000000e+02  -5.7931599307294000e+01
   9.3900000000000000e+02  -5.4463238147636702e+01
   9.4000000000000000e+02  -4.8081954143093199e+01
   9.4100000000000000e+02  -2.5069139848576800e+01
