  -1.0000000000000000e+02  -7.2583005494438694e+01
  -9.9000000000000000e+01  -7.2109068847872507e+01
  -9.8000000000000000e+01  -7.2711064426917602e+01
  -9.7000000000000000e+01  -7.2552142345547793e+01
  -9.6000000000000000e+01  -7.2371320141410706e+01
  -9.5000000000000000e+01  -7.2160892823065097e+01
  -9.4000000000000000e+01  -7.1774357603985706e+01
  -9.3000000000000000e+01  -7.1691105925004194e+01
  -9.2000000000000000e+01  -7.2006684817519300e+01
  -9.1000000000000000e+01  -7.2129480746854597e+01
  -9.0000000000000000e+01  -7.2020887271139600e+01
  -8.9000000000000000e+01  -7.1766356804101406e+01
  -8.8000000000000000e+01  -7.1573760577542103e+01
  -8.7000000000000000e+01  -7.2081488770495199e+01
  -8.6000000000000000e+01  -7.2199135947654398e+01
  -8.5000000000000000e+01  -7.2230087384058393e+01
  -8.4000000000000000e+01  -7.2290033936707800e+01
  -8.3000000000000000e+01  -7.1918402383183803e+01
  -8.2000000000000000e+01  -7.1699780926982797e+01
  -8.1000000000000000e+01  -7.1897731704152505e+01
  -8.0000000000000000e+01  -7.2173004843878502e+01
  -7.9000000000000000e+01  -7.2048840269849705e+01
  -7.8000000000000000e+01  -7.2307070996332001e+01
  -7.7000000000000000e+01  -7.2333230532100998e+01
  -7.6000000000000000e+01  -7.2451590151112597e+01
  -7.5000000000000000e+01  -7.2431386996192202e+01
  -7.4000000000000000e+01  -7.2428724312146301e+01
  -7.3000000000000000e+01  -7.2561984803072406e+01
  -7.2000000000000000e+01  -7.2436159435155901e+01
  -7.1000000000000000e+01  -7.2289983842653200e+01
  -7.0000000000000000e+01  -7.2400779954029204e+01
  -6.9000000000000000e+01  -7.2209902428835207e+01
  -6.8000000000000000e+01  -7.2197854771108993e+01
  -6.7000000000000000e+01  -7.2205212751341406e+01
  -6.6000000000000000e+01  -7.1812354816499493e+01
  -6.5000000000000000e+01  -7.1533566150851200e+01
  -6.4000000000000000e+01  -7.1789096526773506e+01
  -6.3000000000000000e+01  -7.1995207814235002e+01
  -6.2000000000000000e+01  -7.1681430479007503e+01
  -6.1000000000000000e+01  -7.1473555532084006e+01
  -6.0000000000000000e+01  -7.1172461818324194e+01
  -5.9000000000000000e+01  -7.1523081874899802e+01
  -5.8000000000000000e+01  -7.1370109046463000e+01
  -5.7000000000000000e+01  -7.1244054593416095e+01
  -5.6000000000000000e+01  -7.0809905453326294e+01
  -5.5000000000000000e+01  -7.0998655300224797e+01
  -5.4000000000000000e+01  -7.1052306107710507e+01
  -5.3000000000000000e+01  -7.1043115621485001e+01
  -5.2000000000000000e+01  -7.0903985933388000e+01
  -5.1000000000000000e+01  -7.0914765260214097e+01
  -5.0000000000000000e+01  -7.0447451271904001e+01
  -4.9000000000000000e+01  -7.0633033857746099e+01
  -4.8000000000000000e+01  -7.0268055714232503e+01
  -4.7000000000000000e+01  -7.0239174132748104e+01
  -4.6000000000000000e+01  -6.9376608172409405e+01
  -4.5000000000000000e+01  -6.9296062180683606e+01
  -4.4000000000000000e+01  -6.9132256940201600e+01
  -4.3000000000000000e+01  -6.8710283991341896e+01
  -4.2000000000000000e+01  -6.8331575705160702e+01
  -4.1000000000000000e+01  -6.8377269176447300e+01
  -4.0000000000000000e+01  -6.8013737912919396e+01
  -3.9000000000000000e+01  -6.7861253818533697e+01
  -3.8000000000000000e+01  -6.7904424632051303e+01
  -3.7000000000000000e+01  -6.7988933168041299e+01
  -3.6000000000000000e+01  -6.8025942025149405e+01
  -3.5000000000000000e+01  -6.8281909059369895e+01
  -3.4000000000000000e+01  -6.8540135077133002e+01
  -3.3000000000000000e+01  -6.8311743766407602e+01
  -3.2000000000000000e+01  -6.8323647874141599e+01
  -3.1000000000000000e+01  -6.8388877625979603e+01
  -3.0000000000000000e+01  -6.7960808916013406e+01
  -2.9000000000000000e+01  -6.7886388477763006e+01
  -2.8000000000000000e+01  -6.7572590407333493e+01
  -2.7000000000000000e+01  -6.7515353844715193e+01
  -2.6000000000000000e+01  -6.7426492010522296e+01
  -2.5000000000000000e+01  -6.7028981361746105e+01
  -2.4000000000000000e+01  -6.7771677018615094e+01
  -2.3000000000000000e+01  -6.7760957748798504e+01
  -2.2000000000000000e+01  -6.7358045107703603e+01
  -2.1000000000000000e+01  -6.7311253525288294e+01
  -2.0000000000000000e+01  -6.7074259245834995e+01
  -1.9000000000000000e+01  -6.6296237984385499e+01
  -1.8000000000000000e+01  -6.6057715701652697e+01
  -1.7000000000000000e+01  -6.6053016292900395e+01
  -1.6000000000000000e+01  -6.5500211293761893e+01
  -1.5000000000000000e+01  -6.5309492911858896e+01
  -1.4000000000000000e+01  -6.5181687948086406e+01
  -1.3000000000000000e+01  -6.4592934647762306e+01
  -1.2000000000000000e+01  -6.4360378963453599e+01
  -1.1000000000000000e+01  -6.3886464287652601e+01
  -1.0000000000000000e+01  -6.3529892981832297e+01
  -9.0000000000000000e+00  -6.2853835099967696e+01
  -8.0000000000000000e+00  -6.2140984345925098e+01
  -7.0000000000000000e+00  -6.1345771127622498e+01
  -6.0000000000000000e+00  -6.0406062868607897e+01
  -5.0000000000000000e+00  -5.9065145808928598e+01
  -4.0000000000000000e+00  -5.7554589781798697e+01
  -3.0000000000000000e+00  -5.4691063802204702e+01
  -2.0000000000000000e+00  -4.8704330723298099e+01
  -1.0000000000000000e+00  -3.0895531195606999e+01
   0.0000000000000000e+00  -1.0201534739902799e+01
   1.0000000000000000e+00   5.6784026405478496e+00
   2.0000000000000000e+00   1.5264525464485400e+01
   3.0000000000000000e+00   2.0290598768691900e+01
   4.0000000000000000e+00   2.3276323217350200e+01
   5.0000000000000000e+00   2.5041870015245301e+01
   6.0000000000000000e+00   2.5764852927865299e+01
   7.0000000000000000e+00   2.5788694885876801e+01
   8.0000000000000000e+00   2.5780903405762398e+01
   9.0000000000000000e+00   2.6172941185927701e+01
   1.0000000000000000e+01   2.6611023947194798e+01
   1.1000000000000000e+01   2.6734015368677699e+01
   1.2000000000000000e+01   2.7363347581002301e+01
   1.3000000000000000e+01   2.7636600956616199e+01
   1.4000000000000000e+01   2.7353810898531201e+01
   1.5000000000000000e+01   2.7669759296414099e+01
   1.6000000000000000e+01   2.7918530278110001e+01
   1.7000000000000000e+01   2.8149216612601201e+01
   1.8000000000000000e+01   2.8683306201148000e+01
   1.9000000000000000e+01   2.8645741867035401e+01
   2.0000000000000000e+01   2.8532380972352399e+01
   2.1000000000000000e+01   2.8177271572081700e+01
   2.2000000000000000e+01   2.8306128323931201e+01
   2.3000000000000000e+01   2.8559607948930999e+01
   2.4000000000000000e+01   2.8520622545617101e+01
   2.5000000000000000e+01   2.8624475272137900e+01
   2.6000000000000000e+01   2.8913413265465799e+01
   2.7000000000000000e+01   2.9220828243758501e+01
   2.8000000000000000e+01   2.9563903004897000e+01
   2.9000000000000000e+01   2.8861867180158999e+01
   3.0000000000000000e+01   2.8834808148327099e+01
   3.1000000000000000e+01   2.8343308762120898e+01
   3.2000000000000000e+01   2.8010240000563901e+01
   3.3000000000000000e+01   2.7439715169266002e+01
   3.4000000000000000e+01   2.7479340658112299e+01
   3.5000000000000000e+01   2.7910648918952500e+01
   3.6000000000000000e+01   2.7769376045820600e+01
   3.7000000000000000e+01   2.8250135597048502e+01
   3.8000000000000000e+01   2.8305027767168699e+01
   3.9000000000000000e+01   2.8597784288328199e+01
   4.0000000000000000e+01   2.8665416682897298e+01
   4.1000000000000000e+01   2.8661787905319699e+01
   4.2000000000000000e+01   2.8878271915533599e+01
   4.3000000000000000e+01   2.9091774065656701e+01
   4.4000000000000000e+01   2.9269954527109501e+01
   4.5000000000000000e+01   2.9902791464257302e+01
   4.6000000000000000e+01   3.0465542846629099e+01
   4.7000000000000000e+01   3.0522100781818100e+01
   4.8000000000000000e+01   3.0948537459580500e+01
   4.9000000000000000e+01   3.1293900606283700e+01
   5.0000000000000000e+01   3.1963719512527199e+01
   5.1000000000000000e+01   3.1880087876870299e+01
   5.2000000000000000e+01   3.1959293368541299e+01
   5.3000000000000000e+01   3.1802844328253901e+01
   5.4000000000000000e+01   3.2044207815335902e+01
   5.5000000000000000e+01   3.1987087029735299e+01
   5.6000000000000000e+01   3.2021585269154301e+01
   5.7000000000000000e+01   3.2259526737666100e+01
   5.8000000000000000e+01   3.2981646731177698e+01
   5.9000000000000000e+01   3.2936876937190597e+01
   6.0000000000000000e+01   3.2669805143366197e+01
   6.1000000000000000e+01   3.2854015163231999e+01
   6.2000000000000000e+01   3.3068668888901200e+01
   6.3000000000000000e+01   3.2823019002701400e+01
   6.4000000000000000e+01   3.3009146178250496e+01
   6.5000000000000000e+01   3.3178467076055902e+01
   6.6000000000000000e+01   3.3738036743555099e+01
   6.7000000000000000e+01   3.3602306324240800e+01
   6.8000000000000000e+01   3.3898214062375096e+01
   6.9000000000000000e+01   3.3677677138816797e+01
   7.0000000000000000e+01   3.3520861241670197e+01
   7.1000000000000000e+01   3.3481747188456801e+01
   7.2000000000000000e+01   3.3752835331466400e+01
   7.3000000000000000e+01   3.4325828749355303e+01
   7.4000000000000000e+01   3.4005387162356101e+01
   7.5000000000000000e+01   3.4072633057144003e+01
   7.6000000000000000e+01   3.3605985619697101e+01
   7.7000000000000000e+01   3.3593852511792797e+01
   7.8000000000000000e+01   3.3629370166413402e+01
   7.9000000000000000e+01   3.4253327472197398e+01
   8.0000000000000000e+01   3.4472431655464597e+01
   8.1000000000000000e+01   3.4203399285940002e+01
   8.2000000000000000e+01   3.4066104226900002e+01
   8.3000000000000000e+01   3.4086791093269198e+01
   8.4000000000000000e+01   3.3702971728726197e+01
   8.5000000000000000e+01   3.4167656452436198e+01
   8.6000000000000000e+01   3.4253148057909698e+01
   8.7000000000000000e+01   3.4413795020721700e+01
   8.8000000000000000e+01   3.4705436098429999e+01
   8.9000000000000000e+01   3.4690348173039503e+01
   9.0000000000000000e+01   3.4437876010293003e+01
   9.1000000000000000e+01   3.4541325392735097e+01
   9.2000000000000000e+01   3.4713705601541200e+01
   9.3000000000000000e+01   3.4036262800813397e+01
   9.4000000000000000e+01   3.3435336451215598e+01
   9.5000000000000000e+01   3.3782981215513303e+01
   9.6000000000000000e+01   3.3549455953071401e+01
   9.7000000000000000e+01   3.3539038994664701e+01
   9.8000000000000000e+01   3.3265735760571197e+01
   9.9000000000000000e+01   3.3270597905550801e+01
   1.0000000000000000e+02   3.3521770948858403e+01
   1.0100000000000000e+02   3.3029621554315199e+01
   1.0200000000000000e+02   3.2622713600372698e+01
   1.0300000000000000e+02   3.2412635471148803e+01
   1.0400000000000000e+02   3.2571235348687402e+01
   1.0500000000000000e+02   3.1936390609886800e+01
   1.0600000000000000e+02   3.2232621170872797e+01
   1.0700000000000000e+02   3.1990859592394600e+01
   1.0800000000000000e+02   3.2150291479806199e+01
   1.0900000000000000e+02   3.2115131612813997e+01
   1.1000000000000000e+02   3.2428878970818403e+01
   1.1100000000000000e+02   3.2007261046885503e+01
   1.1200000000000000e+02   3.1880850507056699e+01
   1.1300000000000000e+02   3.1780106392878199e+01
   1.1400000000000000e+02   3.1886780736153700e+01
   1.1500000000000000e+02   3.1503768675447098e+01
   1.1600000000000000e+02   3.1549396428182099e+01
   1.1700000000000000e+02   3.2184913035357098e+01
   1.1800000000000000e+02   3.2236214542150897e+01
   1.1900000000000000e+02   3.2170275752538103e+01
   1.2000000000000000e+02   3.2160151248775399e+01
   1.2100000000000000e+02   3.1726447339846700e+01
   1.2200000000000000e+02   3.1940502710994899e+01
   1.2300000000000000e+02   3.2154229822537999e+01
   1.2400000000000000e+02   3.2087807892241500e+01
   1.2500000000000000e+02   3.1658911441618201e+01
   1.2600000000000000e+02   3.1597735733185999e+01
   1.2700000000000000e+02   3.1704878125261502e+01
   1.2800000000000000e+02   3.2026535118767299e+01
   1.2900000000000000e+02   3.1952847260015101e+01
   1.3000000000000000e+02   3.2178707519951701e+01
   1.3100000000000000e+02   3.1671961444680200e+01
   1.3200000000000000e+02   3.1394422909089801e+01
   1.3300000000000000e+02   3.1312761998244799e+01
   1.3400000000000000e+02   3.1445698903375700e+01
   1.3500000000000000e+02   3.1538067480490600e+01
   1.3600000000000000e+02   3.0974759889570201e+01
   1.3700000000000000e+02   3.1151655924441400e+01
   1.3800000000000000e+02   3.1730540601447000e+01
   1.3900000000000000e+02   3.1380194069899002e+01
   1.4000000000000000e+02   3.1271438756458100e+01
   1.4100000000000000e+02   3.1466379464378900e+01
   1.4200000000000000e+02   3.1049132381113498e+01
   1.4300000000000000e+02   3.1180942723790299e+01
   1.4400000000000000e+02   3.0251772714136202e+01
   1.4500000000000000e+02   3.0064991796002900e+01
   1.4600000000000000e+02   2.9674336806365300e+01
   1.4700000000000000e+02   2.9483195970179999e+01
   1.4800000000000000e+02   2.9469129056947700e+01
   1.4900000000000000e+02   2.9446451919012301e+01
   1.5000000000000000e+02   2.9167488917357701e+01
   1.5100000000000000e+02   2.9134091390052902e+01
   1.5200000000000000e+02   2.8759003347031001e+01
   1.5300000000000000e+02   2.8552201452128799e+01
   1.5400000000000000e+02   2.8638675488478398e+01
   1.5500000000000000e+02   2.8843171566299802e+01
   1.5600000000000000e+02   2.8516988510354899e+01
   1.5700000000000000e+02   2.8350922344537899e+01
   1.5800000000000000e+02   2.8074255574561299e+01
   1.5900000000000000e+02   2.7611662877580400e+01
   1.6000000000000000e+02   2.7383206462917201e+01
   1.6100000000000000e+02   2.7378942765120499e+01
   1.6200000000000000e+02   2.7245869770867301e+01
   1.6300000000000000e+02   2.7467671371388001e+01
   1.6400000000000000e+02   2.7109111319538400e+01
   1.6500000000000000e+02   2.7132776392084001e+01
   1.6600000000000000e+02   2.6996450077340700e+01
   1.6700000000000000e+02   2.6463939760293400e+01
   1.6800000000000000e+02   2.6282926632958301e+01
   1.6900000000000000e+02   2.5979802147199099e+01
   1.7000000000000000e+02   2.5656974007917999e+01
   1.7100000000000000e+02   2.5424662918669799e+01
   1.7200000000000000e+02   2.5167685009283002e+01
   1.7300000000000000e+02   2.5020790208224401e+01
   1.7400000000000000e+02   2.5037977783996400e+01
   1.7500000000000000e+02   2.5034539338730500e+01
   1.7600000000000000e+02   2.5201560369850000e+01
   1.7700000000000000e+02   2.5301360711529099e+01
   1.7800000000000000e+02   2.5458278360243700e+01
   1.7900000000000000e+02   2.4945467415859699e+01
   1.8000000000000000e+02   2.4496210338569600e+01
   1.8100000000000000e+02   2.4404785751463500e+01
   1.8200000000000000e+02   2.4225979165474200e+01
   1.8300000000000000e+02   2.4144704862286801e+01
   1.8400000000000000e+02   2.3426131879474699e+01
   1.8500000000000000e+02   2.2582531442256499e+01
   1.8600000000000000e+02   2.3058467110356698e+01
   1.8700000000000000e+02   2.3426028677854600e+01
   1.8800000000000000e+02   2.3096633628623401e+01
   1.8900000000000000e+02   2.2811276550134199e+01
   1.9000000000000000e+02   2.3298733816572899e+01
   1.9100000000000000e+02   2.3055301039438600e+01
   1.9200000000000000e+02   2.3181659300728501e+01
   1.9300000000000000e+02   2.2711243046451902e+01
   1.9400000000000000e+02   2.3087757771416801e+01
   1.9500000000000000e+02   2.2702256733590101e+01
   1.9600000000000000e+02   2.2170122068063801e+01
   1.9700000000000000e+02   2.2390316411654499e+01
   1.9800000000000000e+02   2.2000751981880899e+01
   1.9900000000000000e+02   2.1835775872035299e+01
   2.0000000000000000e+02   2.1549796297235901e+01
   2.0100000000000000e+02   2.1394991397209299e+01
   2.0200000000000000e+02   2.1283126239798001e+01
   2.0300000000000000e+02   2.1052288588747501e+01
   2.0400000000000000e+02   2.1282393997214399e+01
   2.0500000000000000e+02   2.0591824537838900e+01
   2.0600000000000000e+02   2.0258641566774500e+01
   2.0700000000000000e+02   1.9741596977679500e+01
   2.0800000000000000e+02   1.9246522414667801e+01
   2.0900000000000000e+02   1.8847964282953900e+01
   2.1000000000000000e+02   1.8415371459832500e+01
   2.1100000000000000e+02   1.7909853090173801e+01
   2.1200000000000000e+02   1.7419987556690099e+01
   2.1300000000000000e+02   1.7183785431662798e+01
   2.1400000000000000e+02   1.7393092580464600e+01
   2.1500000000000000e+02   1.7138458089823700e+01
   2.1600000000000000e+02   1.7260333054526701e+01
   2.1700000000000000e+02   1.7452721043544500e+01
   2.1800000000000000e+02   1.6921457836610301e+01
   2.1900000000000000e+02   1.6917601248509399e+01
   2.2000000000000000e+02   1.6951950154345798e+01
   2.2100000000000000e+02   1.7057197601869099e+01
   2.2200000000000000e+02   1.6711534510223100e+01
   2.2300000000000000e+02   1.6531620174437300e+01
   2.2400000000000000e+02   1.6927458705888000e+01
   2.2500000000000000e+02   1.7035964162142001e+01
   2.2600000000000000e+02   1.6356429392452199e+01
   2.2700000000000000e+02   1.6335976100797300e+01
   2.2800000000000000e+02   1.6209953924543299e+01
   2.2900000000000000e+02   1.6246225481602700e+01
   2.3000000000000000e+02   1.6087717143052899e+01
   2.3100000000000000e+02   1.6007989017197499e+01
   2.3200000000000000e+02   1.5753309651371300e+01
   2.3300000000000000e+02   1.5546901905190699e+01
   2.3400000000000000e+02   1.5639030343854399e+01
   2.3500000000000000e+02   1.5395306931597800e+01
   2.3600000000000000e+02   1.4219717426233901e+01
   2.3700000000000000e+02   1.3828202677175801e+01
   2.3800000000000000e+02   1.3644522837192801e+01
   2.3900000000000000e+02   1.3323959783134200e+01
   2.4000000000000000e+02   1.3074835611008700e+01
   2.4100000000000000e+02   1.3267075163694001e+01
   2.4200000000000000e+02   1.2997939268543099e+01
   2.4300000000000000e+02   1.3256351147408200e+01
   2.4400000000000000e+02   1.3502931531342700e+01
   2.4500000000000000e+02   1.3513105215454900e+01
   2.4600000000000000e+02   1.3914333533983701e+01
   2.4700000000000000e+02   1.3950341569518400e+01
   2.4800000000000000e+02   1.4450354069128601e+01
   2.4900000000000000e+02   1.4071680655348100e+01
   2.5000000000000000e+02   1.3869043581839099e+01
   2.5100000000000000e+02   1.3048207595924101e+01
   2.5200000000000000e+02   1.2700307838004001e+01
   2.5300000000000000e+02   1.2133269497903900e+01
   2.5400000000000000e+02   1.1569867328285600e+01
   2.5500000000000000e+02   1.1160925612137801e+01
   2.5600000000000000e+02   1.0839901799336999e+01
   2.5700000000000000e+02   1.0417579826617700e+01
   2.5800000000000000e+02   1.0120467394341800e+01
   2.5900000000000000e+02   9.2885524846212295e+00
   2.6000000000000000e+02   8.9765786420486204e+00
   2.6100000000000000e+02   8.9000238250882298e+00
   2.6200000000000000e+02   8.2565207378811003e+00
   2.6300000000000000e+02   8.1541910888724694e+00
   2.6400000000000000e+02   7.5175911433214999e+00
   2.6500000000000000e+02   6.8713717170881301e+00
   2.6600000000000000e+02   6.7063490578166798e+00
   2.6700000000000000e+02   6.8048258522709899e+00
   2.6800000000000000e+02   6.3451684870903300e+00
   2.6900000000000000e+02   6.0406763875991203e+00
   2.7000000000000000e+02   5.6481441434605504e+00
   2.7100000000000000e+02   5.0998303163419196e+00
   2.7200000000000000e+02   5.3840860861772901e+00
   2.7300000000000000e+02   4.9127540385873996e+00
   2.7400000000000000e+02   4.9342594268825897e+00
   2.7500000000000000e+02   4.3217612603037097e+00
   2.7600000000000000e+02   4.3741377410217899e+00
   2.7700000000000000e+02   3.8202310591066899e+00
   2.7800000000000000e+02   3.4040950324449599e+00
   2.7900000000000000e+02   3.0859346218924002e+00
   2.8000000000000000e+02   2.3309162335722799e+00
   2.8100000000000000e+02   1.8700288079855900e+00
   2.8200000000000000e+02   1.2152598704394200e+00
   2.8300000000000000e+02   1.5446803509273099e+00
   2.8400000000000000e+02   1.0737893438131001e+00
   2.8500000000000000e+02   1.0092583212518000e+00
   2.8600000000000000e+02   1.0345565756382900e+00
   2.8700000000000000e+02   5.8096439658863697e-01
   2.8800000000000000e+02   6.7032373718300703e-02
   2.8900000000000000e+02  -4.0662589921852399e-01
   2.9000000000000000e+02  -3.8916625518317999e-01
   2.9100000000000000e+02  -1.1455742383435601e-01
   2.9200000000000000e+02  -2.1381207710925501e-01
   2.9300000000000000e+02  -5.8894795795247401e-01
   2.9400000000000000e+02  -7.1055013020328694e-01
   2.9500000000000000e+02  -7.2853996283772904e-01
   2.9600000000000000e+02  -1.1270438178348900e+00
   2.9700000000000000e+02  -1.3077024068987300e+00
   2.9800000000000000e+02  -1.7336906035205200e+00
   2.9900000000000000e+02  -2.2934007832211298e+00
   3.0000000000000000e+02  -2.8002858988018300e+00
   3.0100000000000000e+02  -3.8947690884332702e+00
   3.0200000000000000e+02  -3.9962798843140699e+00
   3.0300000000000000e+02  -4.0973753248598497e+00
   3.0400000000000000e+02  -4.1530464371300404e+00
   3.0500000000000000e+02  -4.2259715799637396e+00
   3.0600000000000000e+02  -4.7226301210426902e+00
   3.0700000000000000e+02  -4.8825349607669004e+00
   3.0800000000000000e+02  -5.1035193959385499e+00
   3.0900000000000000e+02  -5.3314635658096998e+00
   3.1000000000000000e+02  -5.7549706532553602e+00
   3.1100000000000000e+02  -5.6157260816393997e+00
   3.1200000000000000e+02  -6.3230497442889302e+00
   3.1300000000000000e+02  -6.3828564524601097e+00
   3.1400000000000000e+02  -6.5201212081528102e+00
   3.1500000000000000e+02  -6.9119424057359504e+00
   3.1600000000000000e+02  -7.1370479621834502e+00
   3.1700000000000000e+02  -7.6178068875896203e+00
   3.1800000000000000e+02  -8.3674870943217297e+00
   3.1900000000000000e+02  -9.0764384214256708e+00
   3.2000000000000000e+02  -8.9877773988632406e+00
   3.2100000000000000e+02  -8.9655157276480697e+00
   3.2200000000000000e+02  -9.3652552449938895e+00
   3.2300000000000000e+02  -9.7071263142883204e+00
   3.2400000000000000e+02  -1.0481494078727000e+01
   3.2500000000000000e+02  -9.9972488840210296e+00
   3.2600000000000000e+02  -1.0316455916272901e+01
   3.2700000000000000e+02  -1.0819199381855400e+01
   3.2800000000000000e+02  -1.1043061158118100e+01
   3.2900000000000000e+02  -1.1618844487532000e+01
   3.3000000000000000e+02  -1.2356989301624999e+01
   3.3100000000000000e+02  -1.2478352578847700e+01
   3.3200000000000000e+02  -1.2968507497264101e+01
   3.3300000000000000e+02  -1.3329747056164599e+01
   3.3400000000000000e+02  -1.4019426145372501e+01
   3.3500000000000000e+02  -1.4523447525639201e+01
   3.3600000000000000e+02  -1.4864269480061401e+01
   3.3700000000000000e+02  -1.5268463219215000e+01
   3.3800000000000000e+02  -1.5561982628152300e+01
   3.3900000000000000e+02  -1.5948824080866199e+01
   3.4000000000000000e+02  -1.6877216275219901e+01
   3.4100000000000000e+02  -1.7653362266776401e+01
   3.4200000000000000e+02  -1.8489244520538499e+01
   3.4300000000000000e+02  -1.8873305229707899e+01
   3.4400000000000000e+02  -1.9724668816521302e+01
   3.4500000000000000e+02  -2.0529234996138399e+01
   3.4600000000000000e+02  -2.0639447626174899e+01
   3.4700000000000000e+02  -2.1495831158910200e+01
   3.4800000000000000e+02  -2.2053987795889501e+01
   3.4900000000000000e+02  -2.2842304117319799e+01
   3.5000000000000000e+02  -2.3518478077433500e+01
   3.5100000000000000e+02  -2.3991516754125499e+01
   3.5200000000000000e+02  -2.4739453445160400e+01
   3.5300000000000000e+02  -2.5464880239425799e+01
   3.5400000000000000e+02  -2.6030911697179899e+01
   3.5500000000000000e+02  -2.7005211674253800e+01
   3.5600000000000000e+02  -2.7352388774062700e+01
   3.5700000000000000e+02  -2.8410582351146498e+01
   3.5800000000000000e+02  -2.9051771051330000e+01
   3.5900000000000000e+02  -2.9573484862433400e+01
   3.6000000000000000e+02  -3.0502744845019699e+01
   3.6100000000000000e+02  -3.1065077071367000e+01
   3.6200000000000000e+02  -3.2452204924669502e+01
   3.6300000000000000e+02  -3.3484528072417298e+01
   3.6400000000000000e+02  -3.4303399880952803e+01
   3.6500000000000000e+02  -3.5135405708703900e+01
   3.6600000000000000e+02  -3.5897152978458202e+01
   3.6700000000000000e+02  -3.6849227796961102e+01
   3.6800000000000000e+02  -3.8205455718560600e+01
   3.6900000000000000e+02  -3.9152626461488900e+01
   3.7000000000000000e+02  -4.0131406200962701e+01
   3.7100000000000000e+02  -4.1357530647976198e+01
   3.7200000000000000e+02  -4.2304327616837099e+01
   3.7300000000000000e+02  -4.2823119051093698e+01
   3.7400000000000000e+02  -4.3682912405603098e+01
   3.7500000000000000e+02  -4.4543103947157000e+01
   3.7600000000000000e+02  -4.5380920691438298e+01
   3.7700000000000000e+02  -4.6267620832797100e+01
   3.7800000000000000e+02  -4.7276822466973400e+01
   3.7900000000000000e+02  -4.7894500742563203e+01
   3.8000000000000000e+02  -4.8923543724192903e+01
   3.8100000000000000e+02  -4.9882896297537101e+01
   3.8200000000000000e+02  -5.0370059601576003e+01
   3.8300000000000000e+02  -5.1465551415807298e+01
   3.8400000000000000e+02  -5.2019132412454901e+01
   3.8500000000000000e+02  -5.3162259422140401e+01
   3.8600000000000000e+02  -5.3722146259580200e+01
   3.8700000000000000e+02  -5.4942702214195698e+01
   3.8800000000000000e+02  -5.5493721633453497e+01
   3.8900000000000000e+02  -5.6169590003155498e+01
   3.9000000000000000e+02  -5.6554201805218497e+01
   3.9100000000000000e+02  -5.7679185759785902e+01
   3.9200000000000000e+02  -5.9081187035140204e+01
   3.9300000000000000e+02  -6.0200902808346697e+01
   3.9400000000000000e+02  -6.0856431383426703e+01
   3.9500000000000000e+02  -6.1951526422655199e+01
   3.9600000000000000e+02  -6.2788706802572399e+01
   3.9700000000000000e+02  -6.3688062313403101e+01
   3.9800000000000000e+02  -6.4005685225121795e+01
   3.9900000000000000e+02  -6.4802102437816600e+01
   4.0000000000000000e+02  -6.5911556622449893e+01
   4.0100000000000000e+02  -6.6824084634799405e+01
   4.0200000000000000e+02  -6.7787441849059505e+01
   4.0300000000000000e+02  -6.8284340365206205e+01
   4.0400000000000000e+02  -6.8523052375279505e+01
   4.0500000000000000e+02  -6.9112750802457001e+01
   4.0600000000000000e+02  -6.9542864468060699e+01
   4.0700000000000000e+02  -6.9580617437072902e+01
   4.0800000000000000e+02  -6.9793763483267199e+01
   4.0900000000000000e+02  -7.0246946256757596e+01
   4.1000000000000000e+02  -7.0182133998776393e+01
   4.1100000000000000e+02  -7.0400008274867801e+01
   4.1200000000000000e+02  -7.0606200199626798e+01
   4.1300000000000000e+02  -7.0819458163503398e+01
   4.1400000000000000e+02  -7.1731624068062104e+01
   4.1500000000000000e+02  -7.2111292266110596e+01
   4.1600000000000000e+02  -7.1890002055105299e+01
   4.1700000000000000e+02  -7.1794745014402594e+01
   4.1800000000000000e+02  -7.2399829318466502e+01
   4.1900000000000000e+02  -7.2028466578505601e+01
   4.2000000000000000e+02  -7.2273806496800105e+01
   4.2100000000000000e+02  -7.2720606075112698e+01
   4.2200000000000000e+02  -7.2738205883251396e+01
   4.2300000000000000e+02  -7.2889335654442505e+01
   4.2400000000000000e+02  -7.3081391134450797e+01
   4.2500000000000000e+02  -7.4000556463292796e+01
   4.2600000000000000e+02  -7.4281740274886502e+01
   4.2700000000000000e+02  -7.4361155964978707e+01
   4.2800000000000000e+02  -7.4404073753288102e+01
   4.2900000000000000e+02  -7.4244015975984496e+01
   4.3000000000000000e+02  -7.4150182559512501e+01
   4.3100000000000000e+02  -7.4283590321221894e+01
   4.3200000000000000e+02  -7.4230568650991799e+01
   4.3300000000000000e+02  -7.4458137261089803e+01
   4.3400000000000000e+02  -7.4204399198494400e+01
   4.3500000000000000e+02  -7.4944297642779304e+01
   4.3600000000000000e+02  -7.4920377052010906e+01
   4.3700000000000000e+02  -7.5118188214394095e+01
   4.3800000000000000e+02  -7.5444653140159204e+01
   4.3900000000000000e+02  -7.5404977874227598e+01
   4.4000000000000000e+02  -7.5343544453174900e+01
   4.4100000000000000e+02  -7.5032043846247305e+01
   4.4200000000000000e+02  -7.4762117049385296e+01
   4.4300000000000000e+02  -7.4787377567719105e+01
   4.4400000000000000e+02  -7.4261581704170098e+01
   4.4500000000000000e+02  -7.4383371882163203e+01
   4.4600000000000000e+02  -7.4862256005255404e+01
   4.4700000000000000e+02  -7.4651947905730594e+01
   4.4800000000000000e+02  -7.4978193786330195e+01
   4.4900000000000000e+02  -7.4659728901854095e+01
   4.5000000000000000e+02  -7.4842052947209396e+01
   4.5100000000000000e+02  -7.4648308364999394e+01
   4.5200000000000000e+02  -7.4978466578962497e+01
   4.5300000000000000e+02  -7.5126044350700099e+01
   4.5400000000000000e+02  -7.4852626913587400e+01
   4.5500000000000000e+02  -7.4804959385397694e+01
   4.5600000000000000e+02  -7.4754684026900904e+01
   4.5700000000000000e+02  -7.4861054713300504e+01
   4.5800000000000000e+02  -7.5290020561703102e+01
   4.5900000000000000e+02  -7.5487893009144003e+01
   4.6000000000000000e+02  -7.5856916201938901e+01
   4.6100000000000000e+02  -7.5865908779303794e+01
   4.6200000000000000e+02  -7.5430684461770397e+01
   4.6300000000000000e+02  -7.5624232104693505e+01
   4.6400000000000000e+02  -7.5361408119673101e+01
   4.6500000000000000e+02  -7.5433359055981200e+01
   4.6600000000000000e+02  -7.4843089760442894e+01
   4.6700000000000000e+02  -7.5299874429943401e+01
   4.6800000000000000e+02  -7.5116974001350201e+01
   4.6900000000000000e+02  -7.4921158409614804e+01
   4.7000000000000000e+02  -7.4829432863454201e+01
   4.7100000000000000e+02  -7.4904655831408803e+01
   4.7200000000000000e+02  -7.5035594211709693e+01
   4.7300000000000000e+02  -7.5004518334161006e+01
   4.7400000000000000e+02  -7.4780371214424704e+01
   4.7500000000000000e+02  -7.4922771510266202e+01
   4.7600000000000000e+02  -7.4406353353506205e+01
   4.7700000000000000e+02  -7.4116269991430300e+01
   4.7800000000000000e+02  -7.4283788291999599e+01
   4.7900000000000000e+02  -7.4280088748116995e+01
   4.8000000000000000e+02  -7.4460921269581107e+01
   4.8100000000000000e+02  -7.4804306923633703e+01
   4.8200000000000000e+02  -7.5560292944984894e+01
   4.8300000000000000e+02  -7.5932028865575106e+01
   4.8400000000000000e+02  -7.6098470542205206e+01
   4.8500000000000000e+02  -7.5543268608048905e+01
   4.8600000000000000e+02  -7.5446633907274602e+01
   4.8700000000000000e+02  -7.5333969731263807e+01
   4.8800000000000000e+02  -7.4935874982012194e+01
   4.8900000000000000e+02  -7.4496437198842997e+01
   4.9000000000000000e+02  -7.4463807882143797e+01
   4.9100000000000000e+02  -7.3877451405587493e+01
   4.9200000000000000e+02  -7.3951421723755104e+01
   4.9300000000000000e+02  -7.3979447232253804e+01
   4.9400000000000000e+02  -7.4656954329329395e+01
   4.9500000000000000e+02  -7.4702521834385806e+01
   4.9600000000000000e+02  -7.4462494945781799e+01
   4.9700000000000000e+02  -7.3754659781019896e+01
   4.9800000000000000e+02  -7.3270748421784305e+01
   4.9900000000000000e+02  -7.3219668977535505e+01
   5.0000000000000000e+02  -7.3340587426371101e+01
   5.0100000000000000e+02  -7.3243622697376907e+01
   5.0200000000000000e+02  -7.3778735618766603e+01
   5.0300000000000000e+02  -7.4064388004174504e+01
   5.0400000000000000e+02  -7.3807044356256895e+01
   5.0500000000000000e+02  -7.3510917291282695e+01
   5.0600000000000000e+02  -7.3661125806883902e+01
   5.0700000000000000e+02  -7.3954414574078598e+01
   5.0800000000000000e+02  -7.4106829079341395e+01
   5.0900000000000000e+02  -7.3794046500152305e+01
   5.1000000000000000e+02  -7.3984194068765106e+01
   5.1100000000000000e+02  -7.3972748395871506e+01
   5.1200000000000000e+02  -7.3782271287005301e+01
   5.1300000000000000e+02  -7.3383156037509707e+01
   5.1400000000000000e+02  -7.3186162649505206e+01
   5.1500000000000000e+02  -7.3642196733410202e+01
   5.1600000000000000e+02  -7.4487185885513000e+01
   5.1700000000000000e+02  -7.4329214143751400e+01
   5.1800000000000000e+02  -7.4055404250172401e+01
   5.1900000000000000e+02  -7.3693745127231693e+01
   5.2000000000000000e+02  -7.3491930846887897e+01
   5.2100000000000000e+02  -7.3557375179555194e+01
   5.2200000000000000e+02  -7.4073828958872198e+01
   5.2300000000000000e+02  -7.4015619282384094e+01
   5.2400000000000000e+02  -7.3990514812767699e+01
   5.2500000000000000e+02  -7.3882157018201795e+01
   5.2600000000000000e+02  -7.3825173577842406e+01
   5.2700000000000000e+02  -7.3733144047489205e+01
   5.2800000000000000e+02  -7.3897376052607797e+01
   5.2900000000000000e+02  -7.4153209126011603e+01
   5.3000000000000000e+02  -7.3670581935556498e+01
   5.3100000000000000e+02  -7.3958620038938605e+01
   5.3200000000000000e+02  -7.4370952065852094e+01
   5.3300000000000000e+02  -7.4797816815454595e+01
   5.3400000000000000e+02  -7.5261060810666194e+01
   5.3500000000000000e+02  -7.5502311875068401e+01
   5.3600000000000000e+02  -7.5244740753371701e+01
   5.3700000000000000e+02  -7.4712883479467706e+01
   5.3800000000000000e+02  -7.4453814991561700e+01
   5.3900000000000000e+02  -7.4619340254259697e+01
   5.4000000000000000e+02  -7.5052690012025494e+01
   5.4100000000000000e+02  -7.4261470567697899e+01
   5.4200000000000000e+02  -7.4523314281248403e+01
   5.4300000000000000e+02  -7.4230298184483303e+01
   5.4400000000000000e+02  -7.4191418703352994e+01
   5.4500000000000000e+02  -7.3677060997124201e+01
   5.4600000000000000e+02  -7.3905651973190203e+01
   5.4700000000000000e+02  -7.3697419180842900e+01
   5.4800000000000000e+02  -7.3751497078861505e+01
   5.4900000000000000e+02  -7.4029363104170599e+01
   5.5000000000000000e+02  -7.4674898060448200e+01
   5.5100000000000000e+02  -7.4386392207940702e+01
   5.5200000000000000e+02  -7.4342822218293193e+01
   5.5300000000000000e+02  -7.4490129357276402e+01
   5.5400000000000000e+02  -7.4488365762764801e+01
   5.5500000000000000e+02  -7.4171183508447498e+01
   5.5600000000000000e+02  -7.3973329232810997e+01
   5.5700000000000000e+02  -7.3636428426367800e+01
   5.5800000000000000e+02  -7.3592737390101206e+01
   5.5900000000000000e+02  -7.3460883950727506e+01
   5.6000000000000000e+02  -7.3177668043756398e+01
   5.6100000000000000e+02  -7.3254659196472105e+01
   5.6200000000000000e+02  -7.3237157445438200e+01
   5.6300000000000000e+02  -7.3634513020462506e+01
   5.6400000000000000e+02  -7.3930844918541894e+01
   5.6500000000000000e+02  -7.3909202192610607e+01
   5.6600000000000000e+02  -7.3591250572682995e+01
   5.6700000000000000e+02  -7.4219475017395396e+01
   5.6800000000000000e+02  -7.4165742004571200e+01
   5.6900000000000000e+02  -7.4510793077745504e+01
   5.7000000000000000e+02  -7.4390875912991604e+01
   5.7100000000000000e+02  -7.4326597562091806e+01
   5.7200000000000000e+02  -7.4757570163534297e+01
   5.7300000000000000e+02  -7.4739648363876697e+01
   5.7400000000000000e+02  -7.4413186271144397e+01
   5.7500000000000000e+02  -7.4649582413137196e+01
   5.7600000000000000e+02  -7.4560366608796699e+01
   5.7700000000000000e+02  -7.4435037474120406e+01
   5.7800000000000000e+02  -7.4552836691742897e+01
   5.7900000000000000e+02  -7.4716648861940698e+01
   5.8000000000000000e+02  -7.4769075526200595e+01
   5.8100000000000000e+02  -7.4671471049687199e+01
   5.8200000000000000e+02  -7.5042559135854901e+01
   5.8300000000000000e+02  -7.5444015824064195e+01
   5.8400000000000000e+02  -7.5389645502109701e+01
   5.8500000000000000e+02  -7.4872058942226303e+01
   5.8600000000000000e+02  -7.4844123596490604e+01
   5.8700000000000000e+02  -7.5046349677720499e+01
   5.8800000000000000e+02  -7.5620021330956604e+01
   5.8900000000000000e+02  -7.6018065140336603e+01
   5.9000000000000000e+02  -7.6134337908275995e+01
   5.9100000000000000e+02  -7.6188342397335802e+01
   5.9200000000000000e+02  -7.5554303376025899e+01
   5.9300000000000000e+02  -7.5127309633014207e+01
   5.9400000000000000e+02  -7.4902517045813198e+01
   5.9500000000000000e+02  -7.4830207888298801e+01
   5.9600000000000000e+02  -7.4607606494896601e+01
   5.9700000000000000e+02  -7.4240216476517901e+01
   5.9800000000000000e+02  -7.3961410422275094e+01
   5.9900000000000000e+02  -7.3838885872402898e+01
   6.0000000000000000e+02  -7.3222961177125001e+01
   6.0100000000000000e+02  -7.3145107674639306e+01
   6.0200000000000000e+02  -7.3124900651963699e+01
   6.0300000000000000e+02  -7.3064775790523996e+01
   6.0400000000000000e+02  -7.3630958029923406e+01
   6.0500000000000000e+02  -7.3430344312241800e+01
   6.0600000000000000e+02  -7.3770797697036301e+01
   6.0700000000000000e+02  -7.3994636412399402e+01
   6.0800000000000000e+02  -7.3971041483491405e+01
   6.0900000000000000e+02  -7.4140849002295994e+01
   6.1000000000000000e+02  -7.4075251910649200e+01
   6.1100000000000000e+02  -7.4254819743556794e+01
   6.1200000000000000e+02  -7.3914968642871301e+01
   6.1300000000000000e+02  -7.3734172990961099e+01
   6.1400000000000000e+02  -7.3786663252685898e+01
   6.1500000000000000e+02  -7.3999177095998704e+01
   6.1600000000000000e+02  -7.4591241373276503e+01
   6.1700000000000000e+02  -7.4508088189362496e+01
   6.1800000000000000e+02  -7.4512331832469201e+01
   6.1900000000000000e+02  -7.4328713894280597e+01
   6.2000000000000000e+02  -7.4768189218076500e+01
   6.2100000000000000e+02  -7.5060504635879596e+01
   6.2200000000000000e+02  -7.4620221906522900e+01
   6.2300000000000000e+02  -7.4565644713797596e+01
   6.2400000000000000e+02  -7.4559150898677899e+01
   6.2500000000000000e+02  -7.4000496095429199e+01
   6.2600000000000000e+02  -7.4326545288784402e+01
   6.2700000000000000e+02  -7.4616729998017306e+01
   6.2800000000000000e+02  -7.4528487365385004e+01
   6.2900000000000000e+02  -7.4383794417001894e+01
   6.3000000000000000e+02  -7.4496297842252901e+01
   6.3100000000000000e+02  -7.4597709933138006e+01
   6.3200000000000000e+02  -7.5420371368623705e+01
   6.3300000000000000e+02  -7.5955312118144306e+01
   6.3400000000000000e+02  -7.5662592236856298e+01
   6.3500000000000000e+02  -7.5857969213381807e+01
   6.3600000000000000e+02  -7.6353734985862502e+01
   6.3700000000000000e+02  -7.6442433368102996e+01
   6.3800000000000000e+02  -7.6445582688118506e+01
   6.3900000000000000e+02  -7.6049511165183503e+01
   6.4000000000000000e+02  -7.5688049684368096e+01
   6.4100000000000000e+02  -7.5021936259041894e+01
   6.4200000000000000e+02  -7.4514654600515499e+01
   6.4300000000000000e+02  -7.4374489054121398e+01
   6.4400000000000000e+02  -7.4150804227062494e+01
   6.4500000000000000e+02  -7.4025038481366806e+01
   6.4600000000000000e+02  -7.4278506640211205e+01
   6.4700000000000000e+02  -7.4259730166656297e+01
   6.4800000000000000e+02  -7.4025545809367500e+01
   6.4900000000000000e+02  -7.4335167281225395e+01
   6.5000000000000000e+02  -7.4159030484789099e+01
   6.5100000000000000e+02  -7.4446013041340507e+01
   6.5200000000000000e+02  -7.4774776406132204e+01
   6.5300000000000000e+02  -7.5120990768701304e+01
   6.5400000000000000e+02  -7.4881283810885293e+01
   6.5500000000000000e+02  -7.5247338376037007e+01
   6.5600000000000000e+02  -7.5008701740231700e+01
   6.5700000000000000e+02  -7.4678974276667304e+01
   6.5800000000000000e+02  -7.4040287433738399e+01
   6.5900000000000000e+02  -7.4202729917002600e+01
   6.6000000000000000e+02  -7.4371354372254601e+01
   6.6100000000000000e+02  -7.4234027576759303e+01
   6.6200000000000000e+02  -7.4506611126237203e+01
   6.6300000000000000e+02  -7.4082860431878302e+01
   6.6400000000000000e+02  -7.3921527572297407e+01
   6.6500000000000000e+02  -7.3593338564361900e+01
   6.6600000000000000e+02  -7.3441969694019704e+01
   6.6700000000000000e+02  -7.3692316688807395e+01
   6.6800000000000000e+02  -7.3882397962326806e+01
   6.6900000000000000e+02  -7.4394938208870997e+01
   6.7000000000000000e+02  -7.3897075156008398e+01
   6.7100000000000000e+02  -7.3691806171387597e+01
   6.7200000000000000e+02  -7.3680299117543996e+01
   6.7300000000000000e+02  -7.3458236827762505e+01
   6.7400000000000000e+02  -7.3534683378560899e+01
   6.7500000000000000e+02  -7.4186891294172199e+01
   6.7600000000000000e+02  -7.4200162711977100e+01
   6.7700000000000000e+02  -7.4817198480623304e+01
   6.7800000000000000e+02  -7.4995231806254395e+01
   6.7900000000000000e+02  -7.4757877486715103e+01
   6.8000000000000000e+02  -7.4456349898585401e+01
   6.8100000000000000e+02  -7.4533462556940904e+01
   6.8200000000000000e+02  -7.5099458348828605e+01
   6.8300000000000000e+02  -7.5231868505521504e+01
   6.8400000000000000e+02  -7.5471635621109499e+01
   6.8500000000000000e+02  -7.5219972505982597e+01
   6.8600000000000000e+02  -7.5343526324181397e+01
   6.8700000000000000e+02  -7.5211522449169095e+01
   6.8800000000000000e+02  -7.5264995943431600e+01
   6.8900000000000000e+02  -7.4914277177289904e+01
   6.9000000000000000e+02  -7.5162104360813700e+01
   6.9100000000000000e+02  -7.4792612229242906e+01
   6.9200000000000000e+02  -7.4778464985365801e+01
   6.9300000000000000e+02  -7.4850074401583498e+01
   6.9400000000000000e+02  -7.5201247916669701e+01
   6.9500000000000000e+02  -7.5177373446378795e+01
   6.9600000000000000e+02  -7.4342195390634899e+01
   6.9700000000000000e+02  -7.4384290349974506e+01
   6.9800000000000000e+02  -7.4675041198791106e+01
   6.9900000000000000e+02  -7.4741999582421698e+01
   7.0000000000000000e+02  -7.4762887432457305e+01
   7.0100000000000000e+02  -7.5155205555959398e+01
   7.0200000000000000e+02  -7.4859548509513900e+01
   7.0300000000000000e+02  -7.4554359654591593e+01
   7.0400000000000000e+02  -7.5024892981699693e+01
   7.0500000000000000e+02  -7.4592631322121505e+01
   7.0600000000000000e+02  -7.4785838955131098e+01
   7.0700000000000000e+02  -7.4315513920864504e+01
   7.0800000000000000e+02  -7.4058455297294302e+01
   7.0900000000000000e+02  -7.4579466448806201e+01
   7.1000000000000000e+02  -7.4317844165718896e+01
   7.1100000000000000e+02  -7.4062753412957903e+01
   7.1200000000000000e+02  -7.3939715192331505e+01
   7.1300000000000000e+02  -7.4101530108809499e+01
   7.1400000000000000e+02  -7.3884630488209595e+01
   7.1500000000000000e+02  -7.3662695054539697e+01
   7.1600000000000000e+02  -7.4255848467416698e+01
   7.1700000000000000e+02  -7.3998197347594896e+01
   7.1800000000000000e+02  -7.3503727295282701e+01
   7.1900000000000000e+02  -7.3346617813556904e+01
   7.2000000000000000e+02  -7.3560943400693702e+01
   7.2100000000000000e+02  -7.3734453936886496e+01
   7.2200000000000000e+02  -7.4010067180056794e+01
   7.2300000000000000e+02  -7.4244940518493607e+01
   7.2400000000000000e+02  -7.4000801523170495e+01
   7.2500000000000000e+02  -7.3921225698597894e+01
   7.2600000000000000e+02  -7.3895778838164901e+01
   7.2700000000000000e+02  -7.3667210987961496e+01
   7.2800000000000000e+02  -7.3550730699680997e+01
   7.2900000000000000e+02  -7.4194621525795299e+01
   7.3000000000000000e+02  -7.3685519108539594e+01
   7.3100000000000000e+02  -7.3430139140705904e+01
   7.3200000000000000e+02  -7.3593770853542594e+01
   7.3300000000000000e+02  -7.3673497458931195e+01
   7.3400000000000000e+02  -7.3606906354978804e+01
   7.3500000000000000e+02  -7.4301693764450803e+01
   7.3600000000000000e+02  -7.4302393749445301e+01
   7.3700000000000000e+02  -7.4099901417192797e+01
   7.3800000000000000e+02  -7.3937749373808202e+01
   7.3900000000000000e+02  -7.3740303223491694e+01
   7.4000000000000000e+02  -7.3640789025163400e+01
   7.4100000000000000e+02  -7.3589618277399794e+01
   7.4200000000000000e+02  -7.4209566167945596e+01
   7.4300000000000000e+02  -7.3901688489176706e+01
   7.4400000000000000e+02  -7.4043622524648100e+01
   7.4500000000000000e+02  -7.3942025379459807e+01
   7.4600000000000000e+02  -7.3703115775765596e+01
   7.4700000000000000e+02  -7.4117105197681298e+01
   7.4800000000000000e+02  -7.3768806045560794e+01
   7.4900000000000000e+02  -7.3898195885494403e+01
   7.5000000000000000e+02  -7.3953068389210003e+01
   7.5100000000000000e+02  -7.3959236979887393e+01
   7.5200000000000000e+02  -7.3517519375562500e+01
   7.5300000000000000e+02  -7.3669582354213006e+01
   7.5400000000000000e+02  -7.3484897640580698e+01
   7.5500000000000000e+02  -7.2827396612452304e+01
   7.5600000000000000e+02  -7.3410380615101403e+01
   7.5700000000000000e+02  -7.2829863098172495e+01
   7.5800000000000000e+02  -7.2729140381912899e+01
   7.5900000000000000e+02  -7.2810691762576894e+01
   7.6000000000000000e+02  -7.2776970597605498e+01
   7.6100000000000000e+02  -7.2694576811325007e+01
   7.6200000000000000e+02  -7.2625889667383404e+01
   7.6300000000000000e+02  -7.2393368919976396e+01
   7.6400000000000000e+02  -7.2727994713205007e+01
   7.6500000000000000e+02  -7.1993139393652697e+01
   7.6600000000000000e+02  -7.2273493197164896e+01
   7.6700000000000000e+02  -7.2338583656278701e+01
   7.6800000000000000e+02  -7.1602172989461593e+01
   7.6900000000000000e+02  -7.1677579917515800e+01
   7.7000000000000000e+02  -7.1629764977067396e+01
   7.7100000000000000e+02  -7.1145414826594106e+01
   7.7200000000000000e+02  -7.1327113720327304e+01
   7.7300000000000000e+02  -7.0874872448477404e+01
   7.7400000000000000e+02  -7.0598640782084104e+01
   7.7500000000000000e+02  -7.1139761962443202e+01
   7.7600000000000000e+02  -7.1140878820833095e+01
   7.7700000000000000e+02  -7.1054674267376100e+01
   7.7800000000000000e+02  -7.1212190916711805e+01
   7.7900000000000000e+02  -7.1469816403872798e+01
   7.8000000000000000e+02  -7.1327954514184697e+01
   7.8100000000000000e+02  -7.1136549612137102e+01
   7.8200000000000000e+02  -7.0625803788537098e+01
   7.8300000000000000e+02  -7.0627143821665101e+01
   7.8400000000000000e+02  -7.0785559997579199e+01
   7.8500000000000000e+02  -7.0867658991584307e+01
   7.8600000000000000e+02  -7.0668719566839101e+01
   7.8700000000000000e+02  -7.0657045762522301e+01
   7.8800000000000000e+02  -7.0590696135631205e+01
   7.8900000000000000e+02  -7.0679458545465593e+01
   7.9000000000000000e+02  -7.0425786793335902e+01
   7.9100000000000000e+02  -7.0314079078300097e+01
   7.9200000000000000e+02  -7.0450821391815197e+01
   7.9300000000000000e+02  -7.0458422840750103e+01
   7.9400000000000000e+02  -6.9991585950366897e+01
   7.9500000000000000e+02  -7.0334872232948300e+01
   7.9600000000000000e+02  -6.9828141187166906e+01
   7.9700000000000000e+02  -7.0206708845115998e+01
   7.9800000000000000e+02  -7.0051292856769507e+01
   7.9900000000000000e+02  -7.0490367312523603e+01
   8.0000000000000000e+02  -7.0438574150264998e+01
   8.0100000000000000e+02  -6.9815170478077206e+01
   8.0200000000000000e+02  -6.9778749308254405e+01
   8.0300000000000000e+02  -6.9242290011579797e+01
   8.0400000000000000e+02  -6.9635579914001397e+01
   8.0500000000000000e+02  -6.9772283042823801e+01
   8.0600000000000000e+02  -6.9767433262817306e+01
   8.0700000000000000e+02  -6.9512970205032204e+01
   8.0800000000000000e+02  -6.9600828472258598e+01
   8.0900000000000000e+02  -6.9238241710159997e+01
   8.1000000000000000e+02  -6.8849460404438801e+01
   8.1100000000000000e+02  -6.8937071071783805e+01
   8.1200000000000000e+02  -6.8801180996412697e+01
   8.1300000000000000e+02  -6.8664753993153198e+01
   8.1400000000000000e+02  -6.8459953047382996e+01
   8.1500000000000000e+02  -6.8599760404552399e+01
   8.1600000000000000e+02  -6.8752734162577596e+01
   8.1700000000000000e+02  -6.8712449154941197e+01
   8.1800000000000000e+02  -6.8689026830470596e+01
   8.1900000000000000e+02  -6.8069259322174304e+01
   8.2000000000000000e+02  -6.7911910551001299e+01
   8.2100000000000000e+02  -6.7737126694099700e+01
   8.2200000000000000e+02  -6.7613247424498397e+01
   8.2300000000000000e+02  -6.7931306077339897e+01
   8.2400000000000000e+02  -6.7951189975077000e+01
   8.2500000000000000e+02  -6.7613979372419095e+01
   8.2600000000000000e+02  -6.7226554649945300e+01
   8.2700000000000000e+02  -6.7441978507600297e+01
   8.2800000000000000e+02  -6.7476099522107106e+01
   8.2900000000000000e+02  -6.7735422584323601e+01
   8.3000000000000000e+02  -6.7641817195655406e+01
   8.3100000000000000e+02  -6.7518880193803199e+01
   8.3200000000000000e+02  -6.7938653828646096e+01
   8.3300000000000000e+02  -6.8209942745880696e+01
   8.3400000000000000e+02  -6.8703205608775804e+01
   8.3500000000000000e+02  -6.8611013494264498e+01
   8.3600000000000000e+02  -6.8707443984736202e+01
   8.3700000000000000e+02  -6.9107557506732505e+01
   8.3800000000000000e+02  -6.8941540177392000e+01
   8.3900000000000000e+02  -6.9418370668082900e+01
   8.4000000000000000e+02  -7.0120585350577102e+01
   8.4100000000000000e+02  -6.9888419339102100e+01
   8.4200000000000000e+02  -7.0142098969501802e+01
   8.4300000000000000e+02  -6.9983170158623594e+01
   8.4400000000000000e+02  -7.0237304971911598e+01
   8.4500000000000000e+02  -7.0238746351659302e+01
   8.4600000000000000e+02  -7.0226134709282803e+01
   8.4700000000000000e+02  -6.9610614439484806e+01
   8.4800000000000000e+02  -6.9477091922598305e+01
   8.4900000000000000e+02  -6.9044566605986205e+01
   8.5000000000000000e+02  -6.9697929479110201e+01
   8.5100000000000000e+02  -6.9286024231472595e+01
   8.5200000000000000e+02  -6.9453157980184500e+01
   8.5300000000000000e+02  -6.9607896481640495e+01
   8.5400000000000000e+02  -7.0098845425721606e+01
   8.5500000000000000e+02  -6.9326568675748604e+01
   8.5600000000000000e+02  -6.9052522041529201e+01
   8.5700000000000000e+02  -6.9208138737913302e+01
   8.5800000000000000e+02  -6.9165241572722195e+01
   8.5900000000000000e+02  -6.8903300006782501e+01
   8.6000000000000000e+02  -6.9176490520897204e+01
   8.6100000000000000e+02  -6.9174729049644498e+01
   8.6200000000000000e+02  -6.9449772975421794e+01
   8.6300000000000000e+02  -6.9736841233672095e+01
   8.6400000000000000e+02  -6.9737253674173303e+01
   8.6500000000000000e+02  -6.9471152509323403e+01
   8.6600000000000000e+02  -6.9140965477392498e+01
   8.6700000000000000e+02  -6.9379189378898005e+01
   8.6800000000000000e+02  -6.9366825593693406e+01
   8.6900000000000000e+02  -6.9784048779983706e+01
   8.7000000000000000e+02  -6.9742027047685198e+01
   8.7100000000000000e+02  -7.0093953178774399e+01
   8.7200000000000000e+02  -7.0104092951519306e+01
   8.7300000000000000e+02  -6.9914527767159001e+01
   8.7400000000000000e+02  -6.9998441681069394e+01
   8.7500000000000000e+02  -7.0394615638547904e+01
   8.7600000000000000e+02  -7.0158725781891803e+01
   8.7700000000000000e+02  -6.9686181765746397e+01
   8.7800000000000000e+02  -6.9966765475706495e+01
   8.7900000000000000e+02  -6.9767065501740703e+01
   8.8000000000000000e+02  -6.9699781762212396e+01
   8.8100000000000000e+02  -6.9704862684073802e+01
   8.8200000000000000e+02  -6.9256408136700799e+01
   8.8300000000000000e+02  -6.9951362758000201e+01
   8.8400000000000000e+02  -7.0301793313211704e+01
   8.8500000000000000e+02  -7.0212050927576797e+01
   8.8600000000000000e+02  -7.0123980783296702e+01
   8.8700000000000000e+02  -7.0334912605076894e+01
   8.8800000000000000e+02  -7.0749096705137404e+01
   8.8900000000000000e+02  -7.0936619344069996e+01
   8.9000000000000000e+02  -7.0923020601660795e+01
   8.9100000000000000e+02  -7.0526828695097805e+01
   8.9200000000000000e+02  -7.0210094560939396e+01
   8.9300000000000000e+02  -6.9548048729901794e+01
   8.9400000000000000e+02  -6.9680806352003700e+01
   8.9500000000000000e+02  -6.9527715313211999e+01
   8.9600000000000000e+02  -6.9609121401605293e+01
   8.9700000000000000e+02  -6.9734471516277793e+01
   8.9800000000000000e+02  -6.9633143831055307e+01
   8.9900000000000000e+02  -7.0306434062657004e+01
   9.0000000000000000e+02  -7.0056461656704499e+01
   9.0100000000000000e+02  -7.0020020056326302e+01
   9.0200000000000000e+02  -7.0052954332917196e+01
   9.0300000000000000e+02  -6.9797101631760597e+01
   9.0400000000000000e+02  -6.9740164154700906e+01
   9.0500000000000000e+02  -6.9575372200692101e+01
   9.0600000000000000e+02  -6.9350307395982995e+01
   9.0700000000000000e+02  -6.9517150402906907e+01
   9.0800000000000000e+02  -6.9702956846601694e+01
   9.0900000000000000e+02  -6.9276476577093803e+01
   9.1000000000000000e+02  -6.8831818275550503e+01
   9.1100000000000000e+02  -6.8496686121025405e+01
   9.1200000000000000e+02  -6.8655777211037801e+01
   9.1300000000000000e+02  -6.8564115544887301e+01
   9.1400000000000000e+02  -6.8110325131208299e+01
   9.1500000000000000e+02  -6.8123383710419901e+01
   9.1600000000000000e+02  -6.7664575794804094e+01
   9.1700000000000000e+02  -6.7923747961215000e+01
   9.1800000000000000e+02  -6.7975916270885307e+01
   9.1900000000000000e+02  -6.8060450701686904e+01
   9.2000000000000000e+02  -6.8606732067361094e+01
   9.2100000000000000e+02  -6.8221980500179697e+01
   9.2200000000000000e+02  -6.8269085642913595e+01
   9.2300000000000000e+02  -6.8252086551268505e+01
   9.2400000000000000e+02  -6.8146838722526198e+01
   9.2500000000000000e+02  -6.8028471879278698e+01
   9.2600000000000000e+02  -6.8365334523518200e+01
   9.2700000000000000e+02  -6.8402462280703105e+01
   9.2800000000000000e+02  -6.8287775444090897e+01
   9.2900000000000000e+02  -6.7967386466579399e+01
   9.3000000000000000e+02  -6.7580397018915306e+01
   9.3100000000000000e+02  -6.7638753444125200e+01
   9.3200000000000000e+02  -6.7702029448928897e+01
   9.3300000000000000e+02  -6.7557953459016105e+01
   9.3400000000000000e+02  -6.7623198048145397e+01
   9.3500000000000000e+02  -6.7454750151373403e+01
   9.3600000000000000e+02  -6.6778511906104896e+01
   9.3700000000000000e+02  -6.6294760263391794e+01
   9.3800000000000000e+02  -6.5942541242991993e+01
   9.3900000000000000e+02  -6.5609384492205095e+01
   9.4000000000000000e+02  -6.5111846948666795e+01
   9.4100000000000000e+02  -6.4573578597546401e+01
   9.4200000000000000e+02  -6.4513393036513406e+01
   9.4300000000000000e+02  -6.4546470679584601e+01
   9.4400000000000000e+02  -6.3798906571973703e+01
   9.4500000000000000e+02  -6.2791529052454202e+01
   9.4600000000000000e+02  -6.2348648542290697e+01
   9.4700000000000000e+02  -6.2130548315627301e+01
   9.4800000000000000e+02  -6.1192520793051500e+01
   9.4900000000000000e+02  -6.0674623767479801e+01
   9.5000000000000000e+02  -5.9098275350546103e+01
   9.5100000000000000e+02  -5.7516820733338903e+01
   9.5200000000000000e+02  -5.4832225509110501e+01
   9.5300000000000000e+02  -4.8884499842340297e+01
   9.5400000000000000e+02  -3.0409578698960900e+01
   9.5500000000000000e+02  -8.6179049302430393e+00
