  -1.0000000000000000e+02  -7.3978708101580594e+01
  -9.9000000000000000e+01  -7.4110736327341399e+01
  -9.8000000000000000e+01  -7.4861769582266803e+01
  -9.7000000000000000e+01  -7.3970478216222105e+01
  -9.6000000000000000e+01  -7.4339418143571905e+01
  -9.5000000000000000e+01  -7.3984837504439298e+01
  -9.4000000000000000e+01  -7.4493161296650101e+01
  -9.3000000000000000e+01  -7.4444272721335594e+01
  -9.2000000000000000e+01  -7.4476470386185696e+01
  -9.1000000000000000e+01  -7.4643003300454097e+01
  -9.0000000000000000e+01  -7.4452213775781601e+01
  -8.9000000000000000e+01  -7.4380293503719898e+01
  -8.8000000000000000e+01  -7.4524354827007798e+01
  -8.7000000000000000e+01  -7.3735352119809505e+01
  -8.6000000000000000e+01  -7.2904695684713701e+01
  -8.5000000000000000e+01  -7.2946092049338702e+01
  -8.4000000000000000e+01  -7.2611138242547895e+01
  -8.3000000000000000e+01  -7.2483564842925304e+01
  -8.2000000000000000e+01  -7.2567293056551193e+01
  -8.1000000000000000e+01  -7.2501722788753796e+01
  -8.0000000000000000e+01  -7.2707564551516896e+01
  -7.9000000000000000e+01  -7.3303889538751505e+01
  -7.8000000000000000e+01  -7.3492516753452193e+01
  -7.7000000000000000e+01  -7.3620233032684595e+01
  -7.6000000000000000e+01  -7.3989947688721600e+01
  -7.5000000000000000e+01  -7.4242268176891599e+01
  -7.4000000000000000e+01  -7.4023752702479797e+01
  -7.3000000000000000e+01  -7.4317492087981194e+01
  -7.2000000000000000e+01  -7.4660866052517903e+01
  -7.1000000000000000e+01  -7.4272446887561898e+01
  -7.0000000000000000e+01  -7.3997172260277594e+01
  -6.9000000000000000e+01  -7.3823443688290496e+01
  -6.8000000000000000e+01  -7.3499670348112403e+01
  -6.7000000000000000e+01  -7.3590204760985998e+01
  -6.6000000000000000e+01  -7.3085000587575806e+01
  -6.5000000000000000e+01  -7.3043123079141296e+01
  -6.4000000000000000e+01  -7.2836403445575101e+01
  -6.3000000000000000e+01  -7.2847938028657296e+01
  -6.2000000000000000e+01  -7.2827322781426403e+01
  -6.1000000000000000e+01  -7.2289060406411394e+01
  -6.0000000000000000e+01  -7.1660559276205603e+01
  -5.9000000000000000e+01  -7.1963504902420894e+01
  -5.8000000000000000e+01  -7.2038712899678202e+01
  -5.7000000000000000e+01  -7.1885542820575395e+01
  -5.6000000000000000e+01  -7.1509782509114700e+01
  -5.5000000000000000e+01  -7.1737610181732293e+01
  -5.4000000000000000e+01  -7.1398327658913601e+01
  -5.3000000000000000e+01  -7.1255488267924903e+01
  -5.2000000000000000e+01  -7.1649660024585302e+01
  -5.1000000000000000e+01  -7.1668340159347295e+01
  -5.0000000000000000e+01  -7.1733961474778297e+01
  -4.9000000000000000e+01  -7.1692734213036701e+01
  -4.8000000000000000e+01  -7.1226734227656905e+01
  -4.7000000000000000e+01  -7.1582807247400495e+01
  -4.6000000000000000e+01  -7.1782839131574804e+01
  -4.5000000000000000e+01  -7.1960422516424003e+01
  -4.4000000000000000e+01  -7.2028445034418397e+01
  -4.3000000000000000e+01  -7.1339232189087099e+01
  -4.2000000000000000e+01  -7.0927751812873893e+01
  -4.1000000000000000e+01  -7.1202356996366007e+01
  -4.0000000000000000e+01  -7.0878569631477106e+01
  -3.9000000000000000e+01  -7.1314929016575206e+01
  -3.8000000000000000e+01  -7.1040821956393998e+01
  -3.7000000000000000e+01  -7.0808835716863598e+01
  -3.6000000000000000e+01  -7.1071362045234295e+01
  -3.5000000000000000e+01  -7.1140367643890400e+01
  -3.4000000000000000e+01  -7.0799943626550700e+01
  -3.3000000000000000e+01  -7.0911857608191994e+01
  -3.2000000000000000e+01  -7.0688882229595706e+01
  -3.1000000000000000e+01  -7.0892657137744905e+01
  -3.0000000000000000e+01  -7.0252327194536804e+01
  -2.9000000000000000e+01  -6.9996854015372193e+01
  -2.8000000000000000e+01  -6.9980982318694501e+01
  -2.7000000000000000e+01  -7.0307833242097999e+01
  -2.6000000000000000e+01  -6.9950490338472306e+01
  -2.5000000000000000e+01  -7.0087093561396301e+01
  -2.4000000000000000e+01  -7.0042253039540896e+01
  -2.3000000000000000e+01  -6.9281322863724000e+01
  -2.2000000000000000e+01  -6.9280084077205501e+01
  -2.1000000000000000e+01  -6.8708994158921897e+01
  -2.0000000000000000e+01  -6.8400354216170300e+01
  -1.9000000000000000e+01  -6.8092467978211303e+01
  -1.8000000000000000e+01  -6.7903865906300396e+01
  -1.7000000000000000e+01  -6.7255423992506906e+01
  -1.6000000000000000e+01  -6.7121155990724901e+01
  -1.5000000000000000e+01  -6.7181853351060596e+01
  -1.4000000000000000e+01  -6.6645693773031198e+01
  -1.3000000000000000e+01  -6.6110603750565204e+01
  -1.2000000000000000e+01  -6.6331710660610796e+01
  -1.1000000000000000e+01  -6.6050407740240502e+01
  -1.0000000000000000e+01  -6.5829564768910103e+01
  -9.0000000000000000e+00  -6.4870864871691595e+01
  -8.0000000000000000e+00  -6.4156400947201803e+01
  -7.0000000000000000e+00  -6.3686506028374801e+01
  -6.0000000000000000e+00  -6.2905731916834000e+01
  -5.0000000000000000e+00  -6.2154187231934500e+01
  -4.0000000000000000e+00  -6.0705067005888800e+01
  -3.0000000000000000e+00  -5.8805707285657903e+01
  -2.0000000000000000e+00  -5.5566395890702999e+01
  -1.0000000000000000e+00  -4.8611958819389500e+01
   0.0000000000000000e+00  -2.0753721263881001e+01
   1.0000000000000000e+00   1.5813634232400200e+00
   2.0000000000000000e+00   1.4674294219797000e+01
   3.0000000000000000e+00   2.0854592645168101e+01
   4.0000000000000000e+00   2.4454492365304599e+01
   5.0000000000000000e+00   2.6345961554201601e+01
   6.0000000000000000e+00   2.7326311121012498e+01
   7.0000000000000000e+00   2.7400034497320100e+01
   8.0000000000000000e+00   2.7614374551661800e+01
   9.0000000000000000e+00   2.8059708579141301e+01
   1.0000000000000000e+01   2.8355699236270599e+01
   1.1000000000000000e+01   2.8965065190959699e+01
   1.2000000000000000e+01   2.9367091201842300e+01
   1.3000000000000000e+01   2.9269430587131900e+01
   1.4000000000000000e+01   2.9620718360116399e+01
   1.5000000000000000e+01   3.0071534650498300e+01
   1.6000000000000000e+01   3.0420573129846701e+01
   1.7000000000000000e+01   3.0759090779889899e+01
   1.8000000000000000e+01   3.0852465164737101e+01
   1.9000000000000000e+01   3.1074821919805000e+01
   2.0000000000000000e+01   3.1171437000865101e+01
   2.1000000000000000e+01   3.1176627866766601e+01
   2.2000000000000000e+01   3.1501871759572602e+01
   2.3000000000000000e+01   3.1437635187964901e+01
   2.4000000000000000e+01   3.1540048906356901e+01
   2.5000000000000000e+01   3.1296977996411702e+01
   2.6000000000000000e+01   3.0971202813386000e+01
   2.7000000000000000e+01   3.1142394669826999e+01
   2.8000000000000000e+01   3.1579247102762100e+01
   2.9000000000000000e+01   3.1464265993012098e+01
   3.0000000000000000e+01   3.1774050250462100e+01
   3.1000000000000000e+01   3.1194588788695100e+01
   3.2000000000000000e+01   3.1224885005228501e+01
   3.3000000000000000e+01   3.1683057072287699e+01
   3.4000000000000000e+01   3.1409153997614300e+01
   3.5000000000000000e+01   3.1168305725658200e+01
   3.6000000000000000e+01   3.0910186418947902e+01
   3.7000000000000000e+01   3.0688599382298499e+01
   3.8000000000000000e+01   3.0738005529697801e+01
   3.9000000000000000e+01   3.1273573654461700e+01
   4.0000000000000000e+01   3.1288609861490801e+01
   4.1000000000000000e+01   3.1307914302733799e+01
   4.2000000000000000e+01   3.1832615007358701e+01
   4.3000000000000000e+01   3.1593982028200099e+01
   4.4000000000000000e+01   3.2102578262551198e+01
   4.5000000000000000e+01   3.1815036516555200e+01
   4.6000000000000000e+01   3.2180484920305098e+01
   4.7000000000000000e+01   3.2149528294195697e+01
   4.8000000000000000e+01   3.2054102062720098e+01
   4.9000000000000000e+01   3.1827152611002901e+01
   5.0000000000000000e+01   3.1695242482737399e+01
   5.1000000000000000e+01   3.1836157223585001e+01
   5.2000000000000000e+01   3.2287323507369102e+01
   5.3000000000000000e+01   3.2861436074043397e+01
   5.4000000000000000e+01   3.2969894342250200e+01
   5.5000000000000000e+01   3.3059926887138900e+01
   5.6000000000000000e+01   3.3396701788081202e+01
   5.7000000000000000e+01   3.3884401897405802e+01
   5.8000000000000000e+01   3.3934714363180298e+01
   5.9000000000000000e+01   3.4641817301417902e+01
   6.0000000000000000e+01   3.4769046756532397e+01
   6.1000000000000000e+01   3.5286065087786397e+01
   6.2000000000000000e+01   3.5409822107465800e+01
   6.3000000000000000e+01   3.5624801159396696e+01
   6.4000000000000000e+01   3.5778005838029301e+01
   6.5000000000000000e+01   3.5316319294054701e+01
   6.6000000000000000e+01   3.4640005413453203e+01
   6.7000000000000000e+01   3.4959556003468698e+01
   6.8000000000000000e+01   3.5162311444139398e+01
   6.9000000000000000e+01   3.4810246446074402e+01
   7.0000000000000000e+01   3.4134885797575599e+01
   7.1000000000000000e+01   3.4136047016484000e+01
   7.2000000000000000e+01   3.4492663488658600e+01
   7.3000000000000000e+01   3.4438201062822401e+01
   7.4000000000000000e+01   3.4172920183073700e+01
   7.5000000000000000e+01   3.3417401750949402e+01
   7.6000000000000000e+01   3.3153435759926403e+01
   7.7000000000000000e+01   3.3216120610047497e+01
   7.8000000000000000e+01   3.3822742155845198e+01
   7.9000000000000000e+01   3.4064004697062401e+01
   8.0000000000000000e+01   3.4539670523878101e+01
   8.1000000000000000e+01   3.4284132284785699e+01
   8.2000000000000000e+01   3.4345988329349296e+01
   8.3000000000000000e+01   3.4436382049494298e+01
   8.4000000000000000e+01   3.4421151186684199e+01
   8.5000000000000000e+01   3.4301962464185600e+01
   8.6000000000000000e+01   3.4793396781940103e+01
   8.7000000000000000e+01   3.4928881621127601e+01
   8.8000000000000000e+01   3.4721086293723602e+01
   8.9000000000000000e+01   3.4558706123425800e+01
   9.0000000000000000e+01   3.4697718014941202e+01
   9.1000000000000000e+01   3.4730379325422099e+01
   9.2000000000000000e+01   3.5000749808011797e+01
   9.3000000000000000e+01   3.5434819964336199e+01
   9.4000000000000000e+01   3.5497419093771903e+01
   9.5000000000000000e+01   3.4944830806629000e+01
   9.6000000000000000e+01   3.5555402184648500e+01
   9.7000000000000000e+01   3.6136035417772597e+01
   9.8000000000000000e+01   3.6225635364794400e+01
   9.9000000000000000e+01   3.5778503855293899e+01
   1.0000000000000000e+02   3.5770857788145101e+01
   1.0100000000000000e+02   3.5798461635064299e+01
   1.0200000000000000e+02   3.5661577666132203e+01
   1.0300000000000000e+02   3.5618046140861800e+01
   1.0400000000000000e+02   3.5138409254507401e+01
   1.0500000000000000e+02   3.5102651908407601e+01
   1.0600000000000000e+02   3.4968075265637502e+01
   1.0700000000000000e+02   3.5299307126972700e+01
   1.0800000000000000e+02   3.5226664376552101e+01
   1.0900000000000000e+02   3.5413786739277903e+01
   1.1000000000000000e+02   3.5295258766811898e+01
   1.1100000000000000e+02   3.5335000421290403e+01
   1.1200000000000000e+02   3.5427693420659800e+01
   1.1300000000000000e+02   3.5206824900287003e+01
   1.1400000000000000e+02   3.4687806302225397e+01
   1.1500000000000000e+02   3.4268647110159598e+01
   1.1600000000000000e+02   3.4198658826638500e+01
   1.1700000000000000e+02   3.3883261035644097e+01
   1.1800000000000000e+02   3.4101351804387100e+01
   1.1900000000000000e+02   3.3758407564189397e+01
   1.2000000000000000e+02   3.3637634316813902e+01
   1.2100000000000000e+02   3.3703687321782901e+01
   1.2200000000000000e+02   3.3317798886629902e+01
   1.2300000000000000e+02   3.3226785543214397e+01
   1.2400000000000000e+02   3.3252274394267502e+01
   1.2500000000000000e+02   3.3136630490957998e+01
   1.2600000000000000e+02   3.2622401295303000e+01
   1.2700000000000000e+02   3.2638179898004601e+01
   1.2800000000000000e+02   3.2699371979246202e+01
   1.2900000000000000e+02   3.2672032852987400e+01
   1.3000000000000000e+02   3.2609165049930901e+01
   1.3100000000000000e+02   3.2467794136876599e+01
   1.3200000000000000e+02   3.2366719755615300e+01
   1.3300000000000000e+02   3.2048999713073002e+01
   1.3400000000000000e+02   3.1936761936153999e+01
   1.3500000000000000e+02   3.1807842396463400e+01
   1.3600000000000000e+02   3.1785347937857299e+01
   1.3700000000000000e+02   3.1792128043412500e+01
   1.3800000000000000e+02   3.1685686626039601e+01
   1.3900000000000000e+02   3.1631630505262301e+01
   1.4000000000000000e+02   3.1332927478120801e+01
   1.4100000000000000e+02   3.1389486412951300e+01
   1.4200000000000000e+02   3.1123548052883802e+01
   1.4300000000000000e+02   3.0915674079370401e+01
   1.4400000000000000e+02   3.0978457470928500e+01
   1.4500000000000000e+02   3.0394796795488499e+01
   1.4600000000000000e+02   3.0523558187106801e+01
   1.4700000000000000e+02   2.9942537420372901e+01
   1.4800000000000000e+02   2.9412453355170900e+01
   1.4900000000000000e+02   2.9221750794207502e+01
   1.5000000000000000e+02   2.9013059928536901e+01
   1.5100000000000000e+02   2.8885543084250401e+01
   1.5200000000000000e+02   2.8220386631365901e+01
   1.5300000000000000e+02   2.8230595402153000e+01
   1.5400000000000000e+02   2.8556807529364502e+01
   1.5500000000000000e+02   2.8444730778703299e+01
   1.5600000000000000e+02   2.7995279489096099e+01
   1.5700000000000000e+02   2.7572591021771800e+01
   1.5800000000000000e+02   2.7511330529352200e+01
   1.5900000000000000e+02   2.7729476532374900e+01
   1.6000000000000000e+02   2.7702896831765202e+01
   1.6100000000000000e+02   2.7727500325503900e+01
   1.6200000000000000e+02   2.7847058558012101e+01
   1.6300000000000000e+02   2.7239830030424500e+01
   1.6400000000000000e+02   2.6951822945018101e+01
   1.6500000000000000e+02   2.6878733536427202e+01
   1.6600000000000000e+02   2.6698232317233401e+01
   1.6700000000000000e+02   2.6909110246808300e+01
   1.6800000000000000e+02   2.7488761770960998e+01
   1.6900000000000000e+02   2.7144403559018901e+01
   1.7000000000000000e+02   2.6432030145483498e+01
   1.7100000000000000e+02   2.6556848783994798e+01
   1.7200000000000000e+02   2.6758586419082700e+01
   1.7300000000000000e+02   2.6088522050937701e+01
   1.7400000000000000e+02   2.5258287861216800e+01
   1.7500000000000000e+02   2.5399455642121101e+01
   1.7600000000000000e+02   2.4875899902030401e+01
   1.7700000000000000e+02   2.4755327924959200e+01
   1.7800000000000000e+02   2.4294677755550602e+01
   1.7900000000000000e+02   2.3871182033274501e+01
   1.8000000000000000e+02   2.3705821863946600e+01
   1.8100000000000000e+02   2.3437858787027199e+01
   1.8200000000000000e+02   2.3019854812632801e+01
   1.8300000000000000e+02   2.3726323084313002e+01
   1.8400000000000000e+02   2.3189869766632398e+01
   1.8500000000000000e+02   2.3221643404764400e+01
   1.8600000000000000e+02   2.2723762607933800e+01
   1.8700000000000000e+02   2.2797784739270899e+01
   1.8800000000000000e+02   2.2154253854958899e+01
   1.8900000000000000e+02   2.1899842504377901e+01
   1.9000000000000000e+02   2.2270833377464601e+01
   1.9100000000000000e+02   2.2053037824268500e+01
   1.9200000000000000e+02   2.1975554331590800e+01
   1.9300000000000000e+02   2.1934663684165400e+01
   1.9400000000000000e+02   2.1659825098024800e+01
   1.9500000000000000e+02   2.1789379329077700e+01
   1.9600000000000000e+02   2.1822086477265401e+01
   1.9700000000000000e+02   2.1409161776261399e+01
   1.9800000000000000e+02   2.1679715982776401e+01
   1.9900000000000000e+02   2.1603962558955800e+01
   2.0000000000000000e+02   2.1373943939431800e+01
   2.0100000000000000e+02   2.0852239192102999e+01
   2.0200000000000000e+02   2.0661658435851798e+01
   2.0300000000000000e+02   2.0330731474302102e+01
   2.0400000000000000e+02   1.9769711776658600e+01
   2.0500000000000000e+02   1.9449155586170399e+01
   2.0600000000000000e+02   1.9832442283152002e+01
   2.0700000000000000e+02   1.9370553291310198e+01
   2.0800000000000000e+02   1.9012013335691201e+01
   2.0900000000000000e+02   1.8605321782486101e+01
   2.1000000000000000e+02   1.8698920768779399e+01
   2.1100000000000000e+02   1.8169814080866399e+01
   2.1200000000000000e+02   1.7902731907105199e+01
   2.1300000000000000e+02   1.7385661805653299e+01
   2.1400000000000000e+02   1.6778737940382101e+01
   2.1500000000000000e+02   1.6426657199678701e+01
   2.1600000000000000e+02   1.6264138909315299e+01
   2.1700000000000000e+02   1.6335746459412000e+01
   2.1800000000000000e+02   1.5913036835709301e+01
   2.1900000000000000e+02   1.6027516020275598e+01
   2.2000000000000000e+02   1.5987844041783701e+01
   2.2100000000000000e+02   1.6192335885578299e+01
   2.2200000000000000e+02   1.6279233842381100e+01
   2.2300000000000000e+02   1.5690025697931800e+01
   2.2400000000000000e+02   1.5806358204679499e+01
   2.2500000000000000e+02   1.5884705391661100e+01
   2.2600000000000000e+02   1.5527090440640000e+01
   2.2700000000000000e+02   1.5782153952362300e+01
   2.2800000000000000e+02   1.5497175587364600e+01
   2.2900000000000000e+02   1.4937544061911099e+01
   2.3000000000000000e+02   1.5113820060561700e+01
   2.3100000000000000e+02   1.4821539075241800e+01
   2.3200000000000000e+02   1.5298575475258399e+01
   2.3300000000000000e+02   1.4808695931533901e+01
   2.3400000000000000e+02   1.5003541305088600e+01
   2.3500000000000000e+02   1.4732356445611700e+01
   2.3600000000000000e+02   1.4370476351214201e+01
   2.3700000000000000e+02   1.4500803203146200e+01
   2.3800000000000000e+02   1.4987395609301100e+01
   2.3900000000000000e+02   1.5149774760151200e+01
   2.4000000000000000e+02   1.4740592202177201e+01
   2.4100000000000000e+02   1.4338395307556601e+01
   2.4200000000000000e+02   1.4768772791624800e+01
   2.4300000000000000e+02   1.4382579511312800e+01
   2.4400000000000000e+02   1.3908263085955200e+01
   2.4500000000000000e+02   1.3833123775640100e+01
   2.4600000000000000e+02   1.3646543370245601e+01
   2.4700000000000000e+02   1.3423283201865800e+01
   2.4800000000000000e+02   1.3506635049684700e+01
   2.4900000000000000e+02   1.3346623318853300e+01
   2.5000000000000000e+02   1.3189934979554200e+01
   2.5100000000000000e+02   1.2466343061000201e+01
   2.5200000000000000e+02   1.2527440242168501e+01
   2.5300000000000000e+02   1.2388913540039001e+01
   2.5400000000000000e+02   1.2570918817162299e+01
   2.5500000000000000e+02   1.2750772936948801e+01
   2.5600000000000000e+02   1.2375584426593999e+01
   2.5700000000000000e+02   1.2639419014426700e+01
   2.5800000000000000e+02   1.1686683192752501e+01
   2.5900000000000000e+02   1.0991896820379999e+01
   2.6000000000000000e+02   1.0854221656741800e+01
   2.6100000000000000e+02   1.0721489639001300e+01
   2.6200000000000000e+02   1.0566865863449300e+01
   2.6300000000000000e+02   1.0035468428532500e+01
   2.6400000000000000e+02   1.0206175472468500e+01
   2.6500000000000000e+02   1.0687281210542199e+01
   2.6600000000000000e+02   1.1059695070539600e+01
   2.6700000000000000e+02   1.0988625800215800e+01
   2.6800000000000000e+02   1.0821209876957600e+01
   2.6900000000000000e+02   1.0352747932147899e+01
   2.7000000000000000e+02   9.8384103058388401e+00
   2.7100000000000000e+02   9.6974626977649798e+00
   2.7200000000000000e+02   9.2426426417223002e+00
   2.7300000000000000e+02   8.7201942810393600e+00
   2.7400000000000000e+02   8.8861726511873194e+00
   2.7500000000000000e+02   8.1865090958579003e+00
   2.7600000000000000e+02   7.7695404906552898e+00
   2.7700000000000000e+02   7.5276216963136600e+00
   2.7800000000000000e+02   7.4951698284500603e+00
   2.7900000000000000e+02   7.2937170263149804e+00
   2.8000000000000000e+02   6.9637759626704598e+00
   2.8100000000000000e+02   6.4689400873714202e+00
   2.8200000000000000e+02   6.5141864921185801e+00
   2.8300000000000000e+02   6.2760500728691797e+00
   2.8400000000000000e+02   5.8629535848987100e+00
   2.8500000000000000e+02   6.0979712266414499e+00
   2.8600000000000000e+02   5.7218772357434702e+00
   2.8700000000000000e+02   5.3885337364953001e+00
   2.8800000000000000e+02   5.4786329907943401e+00
   2.8900000000000000e+02   5.8756126269616402e+00
   2.9000000000000000e+02   5.5807332496192403e+00
   2.9100000000000000e+02   5.5865867773264402e+00
   2.9200000000000000e+02   5.4828590077588499e+00
   2.9300000000000000e+02   5.7139933678819297e+00
   2.9400000000000000e+02   5.3268552162986600e+00
   2.9500000000000000e+02   4.8856300891978099e+00
   2.9600000000000000e+02   4.5969402964814003e+00
   2.9700000000000000e+02   5.1898387689810503e+00
   2.9800000000000000e+02   5.0321215783981703e+00
   2.9900000000000000e+02   5.1823017060208398e+00
   3.0000000000000000e+02   4.5549495143766796e+00
   3.0100000000000000e+02   3.7861990726790098e+00
   3.0200000000000000e+02   3.9017708553440298e+00
   3.0300000000000000e+02   3.5266668187182901e+00
   3.0400000000000000e+02   2.8021747846624399e+00
   3.0500000000000000e+02   2.4627363286044499e+00
   3.0600000000000000e+02   2.2921365099327300e+00
   3.0700000000000000e+02   1.1368282320162200e+00
   3.0800000000000000e+02   1.2168899637575801e+00
   3.0900000000000000e+02   4.9351751479809602e-01
   3.1000000000000000e+02  -4.7978668114705397e-03
   3.1100000000000000e+02  -1.7800224846007900e-01
   3.1200000000000000e+02   1.5735296512689002e-02
   3.1300000000000000e+02  -3.8715518345941702e-01
   3.1400000000000000e+02  -8.3709326033566500e-01
   3.1500000000000000e+02  -1.1220947978628899e+00
   3.1600000000000000e+02  -1.2084563162794399e+00
   3.1700000000000000e+02  -1.3748555243356699e+00
   3.1800000000000000e+02  -1.6361771781121399e+00
   3.1900000000000000e+02  -1.8645808569425100e+00
   3.2000000000000000e+02  -2.2105131075285200e+00
   3.2100000000000000e+02  -2.9199251081411601e+00
   3.2200000000000000e+02  -3.0432663454253199e+00
   3.2300000000000000e+02  -3.0282181265193100e+00
   3.2400000000000000e+02  -2.9076045980013201e+00
   3.2500000000000000e+02  -3.2515227150010100e+00
   3.2600000000000000e+02  -3.8655816731655399e+00
   3.2700000000000000e+02  -4.2399305258631204e+00
   3.2800000000000000e+02  -4.5820082339436903e+00
   3.2900000000000000e+02  -4.1699509236079297e+00
   3.3000000000000000e+02  -4.3194106004646997e+00
   3.3100000000000000e+02  -4.9001821405704202e+00
   3.3200000000000000e+02  -5.2403219770782101e+00
   3.3300000000000000e+02  -5.1845416032637504e+00
   3.3400000000000000e+02  -5.8749126378963998e+00
   3.3500000000000000e+02  -6.0224515988135998e+00
   3.3600000000000000e+02  -5.8820722423545799e+00
   3.3700000000000000e+02  -5.9648532420756197e+00
   3.3800000000000000e+02  -6.4277548469447501e+00
   3.3900000000000000e+02  -6.7924175620722398e+00
   3.4000000000000000e+02  -7.3321343307270403e+00
   3.4100000000000000e+02  -7.8963598016157199e+00
   3.4200000000000000e+02  -8.8996376451490704e+00
   3.4300000000000000e+02  -9.2977872319731905e+00
   3.4400000000000000e+02  -1.0040936058807500e+01
   3.4500000000000000e+02  -9.8460634902469604e+00
   3.4600000000000000e+02  -9.9704888385866699e+00
   3.4700000000000000e+02  -1.0277927378830300e+01
   3.4800000000000000e+02  -1.1071494178684601e+01
   3.4900000000000000e+02  -1.1069970805824701e+01
   3.5000000000000000e+02  -1.1227869673091000e+01
   3.5100000000000000e+02  -1.1699535930729200e+01
   3.5200000000000000e+02  -1.1749637923825301e+01
   3.5300000000000000e+02  -1.2452780268155200e+01
   3.5400000000000000e+02  -1.3401056375045400e+01
   3.5500000000000000e+02  -1.4040519135669600e+01
   3.5600000000000000e+02  -1.4343180301622899e+01
   3.5700000000000000e+02  -1.4209660991764800e+01
   3.5800000000000000e+02  -1.4350581965299201e+01
   3.5900000000000000e+02  -1.4622984135499900e+01
   3.6000000000000000e+02  -1.5318247938438899e+01
   3.6100000000000000e+02  -1.5642900101413000e+01
   3.6200000000000000e+02  -1.6314488075554198e+01
   3.6300000000000000e+02  -1.7321898337606601e+01
   3.6400000000000000e+02  -1.8404776496401698e+01
   3.6500000000000000e+02  -1.8441591226654900e+01
   3.6600000000000000e+02  -1.9018202862851599e+01
   3.6700000000000000e+02  -1.9679905973714099e+01
   3.6800000000000000e+02  -2.0201474975385100e+01
   3.6900000000000000e+02  -2.0866350040058300e+01
   3.7000000000000000e+02  -2.1210421792648699e+01
   3.7100000000000000e+02  -2.1660542376163701e+01
   3.7200000000000000e+02  -2.2675931273254900e+01
   3.7300000000000000e+02  -2.2807068283328999e+01
   3.7400000000000000e+02  -2.3562129116073301e+01
   3.7500000000000000e+02  -2.3877051045510299e+01
   3.7600000000000000e+02  -2.4707382641455901e+01
   3.7700000000000000e+02  -2.5450972278036801e+01
   3.7800000000000000e+02  -2.6365881114888900e+01
   3.7900000000000000e+02  -2.6878702087661200e+01
   3.8000000000000000e+02  -2.7811549852761299e+01
   3.8100000000000000e+02  -2.8119826473999002e+01
   3.8200000000000000e+02  -2.8757543852903499e+01
   3.8300000000000000e+02  -2.9251072565964300e+01
   3.8400000000000000e+02  -3.0416692509781601e+01
   3.8500000000000000e+02  -3.1053246176799600e+01
   3.8600000000000000e+02  -3.2121474656904603e+01
   3.8700000000000000e+02  -3.2903633774817003e+01
   3.8800000000000000e+02  -3.3169508365101400e+01
   3.8900000000000000e+02  -3.4703309444145802e+01
   3.9000000000000000e+02  -3.5329258606437698e+01
   3.9100000000000000e+02  -3.6208151975030397e+01
   3.9200000000000000e+02  -3.6555246020094998e+01
   3.9300000000000000e+02  -3.6841177988879302e+01
   3.9400000000000000e+02  -3.8090341506463602e+01
   3.9500000000000000e+02  -3.8959415399992999e+01
   3.9600000000000000e+02  -4.0115907287605602e+01
   3.9700000000000000e+02  -4.0847611079407301e+01
   3.9800000000000000e+02  -4.2333522053926202e+01
   3.9900000000000000e+02  -4.3502315245716197e+01
   4.0000000000000000e+02  -4.4061040212870900e+01
   4.0100000000000000e+02  -4.5189908202582899e+01
   4.0200000000000000e+02  -4.6115448502102197e+01
   4.0300000000000000e+02  -4.7143824345582701e+01
   4.0400000000000000e+02  -4.8114362562333902e+01
   4.0500000000000000e+02  -4.8703124763078698e+01
   4.0600000000000000e+02  -4.9032917838377898e+01
   4.0700000000000000e+02  -4.9487117307915398e+01
   4.0800000000000000e+02  -5.0404913410504797e+01
   4.0900000000000000e+02  -5.1123623665768797e+01
   4.1000000000000000e+02  -5.2392218148554598e+01
   4.1100000000000000e+02  -5.3067169646493397e+01
   4.1200000000000000e+02  -5.3602386526320103e+01
   4.1300000000000000e+02  -5.4379877066854498e+01
   4.1400000000000000e+02  -5.5325619215483201e+01
   4.1500000000000000e+02  -5.5899488558566098e+01
   4.1600000000000000e+02  -5.6796847132547299e+01
   4.1700000000000000e+02  -5.7391182780660600e+01
   4.1800000000000000e+02  -5.8592878394659600e+01
   4.1900000000000000e+02  -5.9773177813889603e+01
   4.2000000000000000e+02  -6.0337947833646297e+01
   4.2100000000000000e+02  -6.0911817107172801e+01
   4.2200000000000000e+02  -6.1999239827067903e+01
   4.2300000000000000e+02  -6.3223651085906802e+01
   4.2400000000000000e+02  -6.4275874431291001e+01
   4.2500000000000000e+02  -6.4777705520640893e+01
   4.2600000000000000e+02  -6.5324014628386294e+01
   4.2700000000000000e+02  -6.5626063400691507e+01
   4.2800000000000000e+02  -6.5897599776329699e+01
   4.2900000000000000e+02  -6.6501316281030796e+01
   4.3000000000000000e+02  -6.7001287077067303e+01
   4.3100000000000000e+02  -6.7330564071380095e+01
   4.3200000000000000e+02  -6.7782117389922306e+01
   4.3300000000000000e+02  -6.8481440823791104e+01
   4.3400000000000000e+02  -6.8571005461903795e+01
   4.3500000000000000e+02  -6.9494771441298596e+01
   4.3600000000000000e+02  -7.0320975052785897e+01
   4.3700000000000000e+02  -7.0794925383109998e+01
   4.3800000000000000e+02  -7.0880884784900999e+01
   4.3900000000000000e+02  -7.1544003413738494e+01
   4.4000000000000000e+02  -7.2330875657899597e+01
   4.4100000000000000e+02  -7.2560360296148303e+01
   4.4200000000000000e+02  -7.2953284465289798e+01
   4.4300000000000000e+02  -7.3188610466599897e+01
   4.4400000000000000e+02  -7.3393408855927703e+01
   4.4500000000000000e+02  -7.3214561256397104e+01
   4.4600000000000000e+02  -7.3293432857740001e+01
   4.4700000000000000e+02  -7.3908117661726607e+01
   4.4800000000000000e+02  -7.3910920243114603e+01
   4.4900000000000000e+02  -7.4176788599919504e+01
   4.5000000000000000e+02  -7.4814395857706998e+01
   4.5100000000000000e+02  -7.4501013367440294e+01
   4.5200000000000000e+02  -7.4464986061877894e+01
   4.5300000000000000e+02  -7.4372283449603103e+01
   4.5400000000000000e+02  -7.4377567355201904e+01
   4.5500000000000000e+02  -7.5050316906308893e+01
   4.5600000000000000e+02  -7.5601946606609502e+01
   4.5700000000000000e+02  -7.5249884496459600e+01
   4.5800000000000000e+02  -7.4697688202677398e+01
   4.5900000000000000e+02  -7.4716753134865300e+01
   4.6000000000000000e+02  -7.4139712870419103e+01
   4.6100000000000000e+02  -7.3959019916125598e+01
   4.6200000000000000e+02  -7.4193182989275201e+01
   4.6300000000000000e+02  -7.3455472128443006e+01
   4.6400000000000000e+02  -7.3404798227433602e+01
   4.6500000000000000e+02  -7.3321716564183205e+01
   4.6600000000000000e+02  -7.3171456081574803e+01
   4.6700000000000000e+02  -7.3096286606208594e+01
   4.6800000000000000e+02  -7.2643013299033598e+01
   4.6900000000000000e+02  -7.2258230660755103e+01
   4.7000000000000000e+02  -7.2420354913911893e+01
   4.7100000000000000e+02  -7.2720590898314398e+01
   4.7200000000000000e+02  -7.2887921757494894e+01
   4.7300000000000000e+02  -7.3147735506769905e+01
   4.7400000000000000e+02  -7.3113764535993099e+01
   4.7500000000000000e+02  -7.3325044331927401e+01
   4.7600000000000000e+02  -7.3622303734235103e+01
   4.7700000000000000e+02  -7.3606027243161606e+01
   4.7800000000000000e+02  -7.4260308735397203e+01
   4.7900000000000000e+02  -7.4604279950879004e+01
   4.8000000000000000e+02  -7.4243168380429296e+01
   4.8100000000000000e+02  -7.4650387559275202e+01
   4.8200000000000000e+02  -7.4578373173180495e+01
   4.8300000000000000e+02  -7.4575831974455298e+01
   4.8400000000000000e+02  -7.4604921662793004e+01
   4.8500000000000000e+02  -7.4666058569276402e+01
   4.8600000000000000e+02  -7.4721894000817500e+01
   4.8700000000000000e+02  -7.4130990336614303e+01
   4.8800000000000000e+02  -7.4083513344835893e+01
   4.8900000000000000e+02  -7.4203773438161903e+01
   4.9000000000000000e+02  -7.3930910656082006e+01
   4.9100000000000000e+02  -7.3878933801898398e+01
   4.9200000000000000e+02  -7.4270816811008004e+01
   4.9300000000000000e+02  -7.5079520382731900e+01
   4.9400000000000000e+02  -7.5673520776518700e+01
   4.9500000000000000e+02  -7.5288249857052307e+01
   4.9600000000000000e+02  -7.4917968221181894e+01
   4.9700000000000000e+02  -7.4868663459468095e+01
   4.9800000000000000e+02  -7.4212496383802502e+01
   4.9900000000000000e+02  -7.4263091658659604e+01
   5.0000000000000000e+02  -7.4683993438371701e+01
   5.0100000000000000e+02  -7.4329486149089405e+01
   5.0200000000000000e+02  -7.3935150970944093e+01
   5.0300000000000000e+02  -7.4171287037165897e+01
   5.0400000000000000e+02  -7.4521430213382502e+01
   5.0500000000000000e+02  -7.4465517764720602e+01
   5.0600000000000000e+02  -7.4375169549477405e+01
   5.0700000000000000e+02  -7.4903318854344803e+01
   5.0800000000000000e+02  -7.4866573009182702e+01
   5.0900000000000000e+02  -7.5091223039092995e+01
   5.1000000000000000e+02  -7.5727182935011996e+01
   5.1100000000000000e+02  -7.5571139152861406e+01
   5.1200000000000000e+02  -7.5891648352036597e+01
   5.1300000000000000e+02  -7.5042031430565302e+01
   5.1400000000000000e+02  -7.4472508487526497e+01
   5.1500000000000000e+02  -7.4435502246002201e+01
   5.1600000000000000e+02  -7.4245542123335497e+01
   5.1700000000000000e+02  -7.4415732441431899e+01
   5.1800000000000000e+02  -7.4906646387876606e+01
   5.1900000000000000e+02  -7.5608263464365706e+01
   5.2000000000000000e+02  -7.5654091018189504e+01
   5.2100000000000000e+02  -7.5278337846948304e+01
   5.2200000000000000e+02  -7.5655370692909997e+01
   5.2300000000000000e+02  -7.5760497785811097e+01
   5.2400000000000000e+02  -7.5420285688912699e+01
   5.2500000000000000e+02  -7.5389986118875100e+01
   5.2600000000000000e+02  -7.5520332848947703e+01
   5.2700000000000000e+02  -7.5233458233963901e+01
   5.2800000000000000e+02  -7.5455490246890704e+01
   5.2900000000000000e+02  -7.5978644679240006e+01
   5.3000000000000000e+02  -7.6027214722923802e+01
   5.3100000000000000e+02  -7.5993796890494096e+01
   5.3200000000000000e+02  -7.5448419965256207e+01
   5.3300000000000000e+02  -7.5142995546248599e+01
   5.3400000000000000e+02  -7.5659358887651607e+01
   5.3500000000000000e+02  -7.5749416251663803e+01
   5.3600000000000000e+02  -7.6166031419693198e+01
   5.3700000000000000e+02  -7.6085706487100893e+01
   5.3800000000000000e+02  -7.6461027510846606e+01
   5.3900000000000000e+02  -7.6083970198795001e+01
   5.4000000000000000e+02  -7.5932714543034805e+01
   5.4100000000000000e+02  -7.5536870941684498e+01
   5.4200000000000000e+02  -7.5707942059086307e+01
   5.4300000000000000e+02  -7.5761049701606595e+01
   5.4400000000000000e+02  -7.5737932912618007e+01
   5.4500000000000000e+02  -7.6129497224296898e+01
   5.4600000000000000e+02  -7.6406461802951000e+01
   5.4700000000000000e+02  -7.6279680509636293e+01
   5.4800000000000000e+02  -7.6070963683999196e+01
   5.4900000000000000e+02  -7.6058080266001099e+01
   5.5000000000000000e+02  -7.6351105131184497e+01
   5.5100000000000000e+02  -7.5918255778043601e+01
   5.5200000000000000e+02  -7.6081559208913902e+01
   5.5300000000000000e+02  -7.5879864137354403e+01
   5.5400000000000000e+02  -7.5688517087258205e+01
   5.5500000000000000e+02  -7.5720591388868002e+01
   5.5600000000000000e+02  -7.5913100274350199e+01
   5.5700000000000000e+02  -7.5920348760871804e+01
   5.5800000000000000e+02  -7.5637424360847504e+01
   5.5900000000000000e+02  -7.5458436997512607e+01
   5.6000000000000000e+02  -7.5542469665071494e+01
   5.6100000000000000e+02  -7.5855509046224995e+01
   5.6200000000000000e+02  -7.6166285776742598e+01
   5.6300000000000000e+02  -7.6060372632610694e+01
   5.6400000000000000e+02  -7.6321915021235597e+01
   5.6500000000000000e+02  -7.6418824521411494e+01
   5.6600000000000000e+02  -7.6770948599767706e+01
   5.6700000000000000e+02  -7.6712877091914706e+01
   5.6800000000000000e+02  -7.6382067280868895e+01
   5.6900000000000000e+02  -7.6212669249837802e+01
   5.7000000000000000e+02  -7.6154931921035299e+01
   5.7100000000000000e+02  -7.6137768165714903e+01
   5.7200000000000000e+02  -7.5967638274435998e+01
   5.7300000000000000e+02  -7.6152276379629896e+01
   5.7400000000000000e+02  -7.7025295268221399e+01
   5.7500000000000000e+02  -7.7370104555886101e+01
   5.7600000000000000e+02  -7.7449520425093695e+01
   5.7700000000000000e+02  -7.7317556325196094e+01
   5.7800000000000000e+02  -7.6793154799279904e+01
   5.7900000000000000e+02  -7.6842743993464794e+01
   5.8000000000000000e+02  -7.6846452028482005e+01
   5.8100000000000000e+02  -7.6968118330744304e+01
   5.8200000000000000e+02  -7.6498136770914201e+01
   5.8300000000000000e+02  -7.6284840391644494e+01
   5.8400000000000000e+02  -7.6143476994799002e+01
   5.8500000000000000e+02  -7.6243775613191303e+01
   5.8600000000000000e+02  -7.5458764629279898e+01
   5.8700000000000000e+02  -7.5566583773009697e+01
   5.8800000000000000e+02  -7.5402896302494796e+01
   5.8900000000000000e+02  -7.5501095459914893e+01
   5.9000000000000000e+02  -7.5257566145260697e+01
   5.9100000000000000e+02  -7.5471487698019203e+01
   5.9200000000000000e+02  -7.5585846945895000e+01
   5.9300000000000000e+02  -7.5065766528918999e+01
   5.9400000000000000e+02  -7.5713840169739896e+01
   5.9500000000000000e+02  -7.5760641564991104e+01
   5.9600000000000000e+02  -7.5824074743786099e+01
   5.9700000000000000e+02  -7.5630785608270799e+01
   5.9800000000000000e+02  -7.5697635028677794e+01
   5.9900000000000000e+02  -7.5479701928951599e+01
   6.0000000000000000e+02  -7.5112478580481294e+01
   6.0100000000000000e+02  -7.4906577037350701e+01
   6.0200000000000000e+02  -7.4782603679725099e+01
   6.0300000000000000e+02  -7.4998533519791494e+01
   6.0400000000000000e+02  -7.4855070349313493e+01
   6.0500000000000000e+02  -7.4913904860463802e+01
   6.0600000000000000e+02  -7.4668649000933200e+01
   6.0700000000000000e+02  -7.5024492735619603e+01
   6.0800000000000000e+02  -7.4949775440087294e+01
   6.0900000000000000e+02  -7.5212948736572997e+01
   6.1000000000000000e+02  -7.4887124810592098e+01
   6.1100000000000000e+02  -7.4813507690454500e+01
   6.1200000000000000e+02  -7.4189487752063300e+01
   6.1300000000000000e+02  -7.4331632293790804e+01
   6.1400000000000000e+02  -7.4560619997106102e+01
   6.1500000000000000e+02  -7.4559335364420306e+01
   6.1600000000000000e+02  -7.5115777332121993e+01
   6.1700000000000000e+02  -7.4999711574382999e+01
   6.1800000000000000e+02  -7.5127516788064895e+01
   6.1900000000000000e+02  -7.5264387947136896e+01
   6.2000000000000000e+02  -7.5073592189445307e+01
   6.2100000000000000e+02  -7.4966908724981707e+01
   6.2200000000000000e+02  -7.5064567952688094e+01
   6.2300000000000000e+02  -7.5315981007595795e+01
   6.2400000000000000e+02  -7.5485427366818698e+01
   6.2500000000000000e+02  -7.5646561172715707e+01
   6.2600000000000000e+02  -7.5901421013681301e+01
   6.2700000000000000e+02  -7.5377529563665306e+01
   6.2800000000000000e+02  -7.5226422302987601e+01
   6.2900000000000000e+02  -7.5444865450306395e+01
   6.3000000000000000e+02  -7.5059574843445503e+01
   6.3100000000000000e+02  -7.5041432334981195e+01
   6.3200000000000000e+02  -7.5034673922039900e+01
   6.3300000000000000e+02  -7.4888561215344296e+01
   6.3400000000000000e+02  -7.5338137649472003e+01
   6.3500000000000000e+02  -7.5140244875048495e+01
   6.3600000000000000e+02  -7.5458887084912107e+01
   6.3700000000000000e+02  -7.5685607088903694e+01
   6.3800000000000000e+02  -7.5577498916753896e+01
   6.3900000000000000e+02  -7.4789674019166000e+01
   6.4000000000000000e+02  -7.4768445506119406e+01
   6.4100000000000000e+02  -7.4843820682092002e+01
   6.4200000000000000e+02  -7.4762639522810005e+01
   6.4300000000000000e+02  -7.4722184117993294e+01
   6.4400000000000000e+02  -7.4824508769430807e+01
   6.4500000000000000e+02  -7.4825052856501102e+01
   6.4600000000000000e+02  -7.4567944118170502e+01
   6.4700000000000000e+02  -7.4570378728509795e+01
   6.4800000000000000e+02  -7.4753870586086293e+01
   6.4900000000000000e+02  -7.4614464076679695e+01
   6.5000000000000000e+02  -7.5457842686548204e+01
   6.5100000000000000e+02  -7.5672566138352195e+01
   6.5200000000000000e+02  -7.5673925116515207e+01
   6.5300000000000000e+02  -7.5641842067792894e+01
   6.5400000000000000e+02  -7.5610755445804500e+01
   6.5500000000000000e+02  -7.5929068484558201e+01
   6.5600000000000000e+02  -7.5892977881060006e+01
   6.5700000000000000e+02  -7.6375444882307704e+01
   6.5800000000000000e+02  -7.6592443632573705e+01
   6.5900000000000000e+02  -7.6212779406607396e+01
   6.6000000000000000e+02  -7.6137333987580305e+01
   6.6100000000000000e+02  -7.5951954387192899e+01
   6.6200000000000000e+02  -7.5510447006438298e+01
   6.6300000000000000e+02  -7.5528108108191702e+01
   6.6400000000000000e+02  -7.5183411811519093e+01
   6.6500000000000000e+02  -7.5211656274825202e+01
   6.6600000000000000e+02  -7.5525041285706195e+01
   6.6700000000000000e+02  -7.4997680332418398e+01
   6.6800000000000000e+02  -7.5080317728864202e+01
   6.6900000000000000e+02  -7.4903612746373796e+01
   6.7000000000000000e+02  -7.5290874535793407e+01
   6.7100000000000000e+02  -7.5209000966007494e+01
   6.7200000000000000e+02  -7.5145672771328606e+01
   6.7300000000000000e+02  -7.4872786907639906e+01
   6.7400000000000000e+02  -7.4772486295337501e+01
   6.7500000000000000e+02  -7.5290254850692193e+01
   6.7600000000000000e+02  -7.5090895046393300e+01
   6.7700000000000000e+02  -7.5122756277545705e+01
   6.7800000000000000e+02  -7.5075726402911101e+01
   6.7900000000000000e+02  -7.5488142036763705e+01
   6.8000000000000000e+02  -7.5554747105235293e+01
   6.8100000000000000e+02  -7.5994392367691205e+01
   6.8200000000000000e+02  -7.5714299540603605e+01
   6.8300000000000000e+02  -7.5974866783574399e+01
   6.8400000000000000e+02  -7.6134912375362305e+01
   6.8500000000000000e+02  -7.6125414865523595e+01
   6.8600000000000000e+02  -7.5550363824837007e+01
   6.8700000000000000e+02  -7.5546223415286306e+01
   6.8800000000000000e+02  -7.5266376936656798e+01
   6.8900000000000000e+02  -7.4993168775335405e+01
   6.9000000000000000e+02  -7.4949079968535997e+01
   6.9100000000000000e+02  -7.4852448303559996e+01
   6.9200000000000000e+02  -7.5057739251586995e+01
   6.9300000000000000e+02  -7.4804685641325094e+01
   6.9400000000000000e+02  -7.4689383719801299e+01
   6.9500000000000000e+02  -7.4307921446589603e+01
   6.9600000000000000e+02  -7.4416791062326794e+01
   6.9700000000000000e+02  -7.3987980928072105e+01
   6.9800000000000000e+02  -7.4527544031501293e+01
   6.9900000000000000e+02  -7.4571702385765704e+01
   7.0000000000000000e+02  -7.4058206195015899e+01
   7.0100000000000000e+02  -7.3820936930511905e+01
   7.0200000000000000e+02  -7.3954537589023204e+01
   7.0300000000000000e+02  -7.3746195523555897e+01
   7.0400000000000000e+02  -7.4064660156174099e+01
   7.0500000000000000e+02  -7.3968683053450604e+01
   7.0600000000000000e+02  -7.4021692217534493e+01
   7.0700000000000000e+02  -7.4397907027343805e+01
   7.0800000000000000e+02  -7.3924818431745393e+01
   7.0900000000000000e+02  -7.3648427054476301e+01
   7.1000000000000000e+02  -7.3682675692750195e+01
   7.1100000000000000e+02  -7.3664564316884594e+01
   7.1200000000000000e+02  -7.3398263100303396e+01
   7.1300000000000000e+02  -7.3302767613066806e+01
   7.1400000000000000e+02  -7.3060278269923501e+01
   7.1500000000000000e+02  -7.2492729617179293e+01
   7.1600000000000000e+02  -7.2411461129905007e+01
   7.1700000000000000e+02  -7.2426150980138402e+01
   7.1800000000000000e+02  -7.2843903320911707e+01
   7.1900000000000000e+02  -7.3193195002390695e+01
   7.2000000000000000e+02  -7.3390623568933805e+01
   7.2100000000000000e+02  -7.3786064511248298e+01
   7.2200000000000000e+02  -7.4135142914582502e+01
   7.2300000000000000e+02  -7.3887792070344204e+01
   7.2400000000000000e+02  -7.4229057822978106e+01
   7.2500000000000000e+02  -7.4467800241647893e+01
   7.2600000000000000e+02  -7.4415617560302195e+01
   7.2700000000000000e+02  -7.4123944036923902e+01
   7.2800000000000000e+02  -7.4064770011974204e+01
   7.2900000000000000e+02  -7.4669957882226697e+01
   7.3000000000000000e+02  -7.4836591492852705e+01
   7.3100000000000000e+02  -7.4671241912586595e+01
   7.3200000000000000e+02  -7.4087834108449300e+01
   7.3300000000000000e+02  -7.4501055124533906e+01
   7.3400000000000000e+02  -7.4377769372605499e+01
   7.3500000000000000e+02  -7.4509161668329796e+01
   7.3600000000000000e+02  -7.4225733362235502e+01
   7.3700000000000000e+02  -7.5341681354570497e+01
   7.3800000000000000e+02  -7.5237056639171499e+01
   7.3900000000000000e+02  -7.5126426371016805e+01
   7.4000000000000000e+02  -7.5587358035379495e+01
   7.4100000000000000e+02  -7.5127118614318306e+01
   7.4200000000000000e+02  -7.5257942949612399e+01
   7.4300000000000000e+02  -7.5119374241300903e+01
   7.4400000000000000e+02  -7.4870447239692297e+01
   7.4500000000000000e+02  -7.4675675661917197e+01
   7.4600000000000000e+02  -7.4392252483559702e+01
   7.4700000000000000e+02  -7.4063190958201602e+01
   7.4800000000000000e+02  -7.4042323656823996e+01
   7.4900000000000000e+02  -7.4170314963930906e+01
   7.5000000000000000e+02  -7.3599884855320497e+01
   7.5100000000000000e+02  -7.3746478120419894e+01
   7.5200000000000000e+02  -7.3219754651152797e+01
   7.5300000000000000e+02  -7.3377733693958504e+01
   7.5400000000000000e+02  -7.3589885183912997e+01
   7.5500000000000000e+02  -7.3543997670519701e+01
   7.5600000000000000e+02  -7.3862923683099794e+01
   7.5700000000000000e+02  -7.3995170835641702e+01
   7.5800000000000000e+02  -7.4320660645690495e+01
   7.5900000000000000e+02  -7.4165328277504699e+01
   7.6000000000000000e+02  -7.4531340167068294e+01
   7.6100000000000000e+02  -7.4633976717137998e+01
   7.6200000000000000e+02  -7.4700579545586606e+01
   7.6300000000000000e+02  -7.4627178310328006e+01
   7.6400000000000000e+02  -7.4245281291785304e+01
   7.6500000000000000e+02  -7.4020394047241993e+01
   7.6600000000000000e+02  -7.3872756737127503e+01
   7.6700000000000000e+02  -7.3407369500958296e+01
   7.6800000000000000e+02  -7.3946968763655605e+01
   7.6900000000000000e+02  -7.4021125492134701e+01
   7.7000000000000000e+02  -7.3788471291979704e+01
   7.7100000000000000e+02  -7.3897568639221603e+01
   7.7200000000000000e+02  -7.3787416372683495e+01
   7.7300000000000000e+02  -7.3950627452498594e+01
   7.7400000000000000e+02  -7.4065417865345907e+01
   7.7500000000000000e+02  -7.3584551566521498e+01
   7.7600000000000000e+02  -7.3453825456142596e+01
   7.7700000000000000e+02  -7.3779561184614593e+01
   7.7800000000000000e+02  -7.4171786554846705e+01
   7.7900000000000000e+02  -7.3881429445018099e+01
   7.8000000000000000e+02  -7.4156798322530307e+01
   7.8100000000000000e+02  -7.3952867805026401e+01
   7.8200000000000000e+02  -7.3764159821806103e+01
   7.8300000000000000e+02  -7.3758986147398005e+01
   7.8400000000000000e+02  -7.4022682504399697e+01
   7.8500000000000000e+02  -7.4059173016644905e+01
   7.8600000000000000e+02  -7.4464138349174306e+01
   7.8700000000000000e+02  -7.3951242406710904e+01
   7.8800000000000000e+02  -7.3716976884919006e+01
   7.8900000000000000e+02  -7.4050012381007093e+01
   7.9000000000000000e+02  -7.4273184737794793e+01
   7.9100000000000000e+02  -7.4287354039398906e+01
   7.9200000000000000e+02  -7.4747086932491399e+01
   7.9300000000000000e+02  -7.4469397979261998e+01
   7.9400000000000000e+02  -7.4164704285189600e+01
   7.9500000000000000e+02  -7.3984687218701197e+01
   7.9600000000000000e+02  -7.3425267629215497e+01
   7.9700000000000000e+02  -7.3403712528987299e+01
   7.9800000000000000e+02  -7.3652317795148903e+01
   7.9900000000000000e+02  -7.3081950507328898e+01
   8.0000000000000000e+02  -7.2534451812617604e+01
   8.0100000000000000e+02  -7.2197668040663203e+01
   8.0200000000000000e+02  -7.1843336970589704e+01
   8.0300000000000000e+02  -7.1863081614475007e+01
   8.0400000000000000e+02  -7.2257889118950303e+01
   8.0500000000000000e+02  -7.2304198899827895e+01
   8.0600000000000000e+02  -7.2233607304000003e+01
   8.0700000000000000e+02  -7.2178465252241296e+01
   8.0800000000000000e+02  -7.2221693373117901e+01
   8.0900000000000000e+02  -7.2382293683491099e+01
   8.1000000000000000e+02  -7.2021241628703706e+01
   8.1100000000000000e+02  -7.1700938454784193e+01
   8.1200000000000000e+02  -7.1585514142815001e+01
   8.1300000000000000e+02  -7.1927520004435394e+01
   8.1400000000000000e+02  -7.1756278372491394e+01
   8.1500000000000000e+02  -7.2343115618828406e+01
   8.1600000000000000e+02  -7.2504671883949598e+01
   8.1700000000000000e+02  -7.2261546238639895e+01
   8.1800000000000000e+02  -7.2349838742542303e+01
   8.1900000000000000e+02  -7.2502473287892300e+01
   8.2000000000000000e+02  -7.2407126945988196e+01
   8.2100000000000000e+02  -7.2108153393526194e+01
   8.2200000000000000e+02  -7.2422126546445597e+01
   8.2300000000000000e+02  -7.1854050202395598e+01
   8.2400000000000000e+02  -7.1968552881036402e+01
   8.2500000000000000e+02  -7.2178668665553005e+01
   8.2600000000000000e+02  -7.1583035653545394e+01
   8.2700000000000000e+02  -7.1421718567599996e+01
   8.2800000000000000e+02  -7.1121899785558895e+01
   8.2900000000000000e+02  -7.0954345850175798e+01
   8.3000000000000000e+02  -7.1199748449129800e+01
   8.3100000000000000e+02  -7.1130306767588806e+01
   8.3200000000000000e+02  -7.1027188444372200e+01
   8.3300000000000000e+02  -7.1339490788838901e+01
   8.3400000000000000e+02  -7.1620105270791697e+01
   8.3500000000000000e+02  -7.1857915034776298e+01
   8.3600000000000000e+02  -7.1429829807376194e+01
   8.3700000000000000e+02  -7.1554653913401495e+01
   8.3800000000000000e+02  -7.1288806514968400e+01
   8.3900000000000000e+02  -7.1296728141483797e+01
   8.4000000000000000e+02  -7.1270963283503903e+01
   8.4100000000000000e+02  -7.1764511886876505e+01
   8.4200000000000000e+02  -7.0938666928610303e+01
   8.4300000000000000e+02  -7.1268186118229593e+01
   8.4400000000000000e+02  -7.1077450728612504e+01
   8.4500000000000000e+02  -7.2001590040888402e+01
   8.4600000000000000e+02  -7.2097731276515503e+01
   8.4700000000000000e+02  -7.2111624001575393e+01
   8.4800000000000000e+02  -7.2533985920233604e+01
   8.4900000000000000e+02  -7.3018195874669104e+01
   8.5000000000000000e+02  -7.2583458488089903e+01
   8.5100000000000000e+02  -7.2842280155403301e+01
   8.5200000000000000e+02  -7.2504017499977493e+01
   8.5300000000000000e+02  -7.2713062153465401e+01
   8.5400000000000000e+02  -7.2709452175081594e+01
   8.5500000000000000e+02  -7.3003217410839397e+01
   8.5600000000000000e+02  -7.3118834048189200e+01
   8.5700000000000000e+02  -7.3172835804614905e+01
   8.5800000000000000e+02  -7.3489811120714194e+01
   8.5900000000000000e+02  -7.4219466405210994e+01
   8.6000000000000000e+02  -7.4456434648553397e+01
   8.6100000000000000e+02  -7.5081650807112297e+01
   8.6200000000000000e+02  -7.4879182167726299e+01
   8.6300000000000000e+02  -7.4585368740413102e+01
   8.6400000000000000e+02  -7.4796642515730596e+01
   8.6500000000000000e+02  -7.4589007421079998e+01
   8.6600000000000000e+02  -7.4529281139097606e+01
   8.6700000000000000e+02  -7.4574750562486003e+01
   8.6800000000000000e+02  -7.4705994001735107e+01
   8.6900000000000000e+02  -7.4824337402654294e+01
   8.7000000000000000e+02  -7.4850529261604805e+01
   8.7100000000000000e+02  -7.5335962081237000e+01
   8.7200000000000000e+02  -7.5160491470157496e+01
   8.7300000000000000e+02  -7.5815517903973401e+01
   8.7400000000000000e+02  -7.5415016834756301e+01
   8.7500000000000000e+02  -7.5199650750332196e+01
   8.7600000000000000e+02  -7.4840685397243405e+01
   8.7700000000000000e+02  -7.4150839444266595e+01
   8.7800000000000000e+02  -7.3999374472839094e+01
   8.7900000000000000e+02  -7.4411024887273598e+01
   8.8000000000000000e+02  -7.3871460431633693e+01
   8.8100000000000000e+02  -7.4462143046068306e+01
   8.8200000000000000e+02  -7.3739866305416896e+01
   8.8300000000000000e+02  -7.3327006809738407e+01
   8.8400000000000000e+02  -7.3017856477592602e+01
   8.8500000000000000e+02  -7.3215762746961900e+01
   8.8600000000000000e+02  -7.3516370504828402e+01
   8.8700000000000000e+02  -7.3565056641820803e+01
   8.8800000000000000e+02  -7.3245265539650404e+01
   8.8900000000000000e+02  -7.3392213877721801e+01
   8.9000000000000000e+02  -7.3694172064732101e+01
   8.9100000000000000e+02  -7.4088769479342005e+01
   8.9200000000000000e+02  -7.3609493602032998e+01
   8.9300000000000000e+02  -7.3756840082387299e+01
   8.9400000000000000e+02  -7.4151950833560306e+01
   8.9500000000000000e+02  -7.4127633355155993e+01
   8.9600000000000000e+02  -7.4115540858679594e+01
   8.9700000000000000e+02  -7.4752284565503999e+01
   8.9800000000000000e+02  -7.4780594326187995e+01
   8.9900000000000000e+02  -7.5140409461692499e+01
   9.0000000000000000e+02  -7.4350356399712695e+01
   9.0100000000000000e+02  -7.3954778775032594e+01
   9.0200000000000000e+02  -7.3543797474258994e+01
   9.0300000000000000e+02  -7.3331850963024905e+01
   9.0400000000000000e+02  -7.3356185670128298e+01
   9.0500000000000000e+02  -7.3110154868496394e+01
   9.0600000000000000e+02  -7.2957423288361994e+01
   9.0700000000000000e+02  -7.3168093027246698e+01
   9.0800000000000000e+02  -7.3048670162495497e+01
   9.0900000000000000e+02  -7.2862921985411106e+01
   9.1000000000000000e+02  -7.2674181457002803e+01
   9.1100000000000000e+02  -7.2554858075382398e+01
   9.1200000000000000e+02  -7.2593153104235498e+01
   9.1300000000000000e+02  -7.2924538128514598e+01
   9.1400000000000000e+02  -7.3214335119761600e+01
   9.1500000000000000e+02  -7.3556181204733704e+01
   9.1600000000000000e+02  -7.3258280645752706e+01
   9.1700000000000000e+02  -7.3801369807550898e+01
   9.1800000000000000e+02  -7.3307406078692594e+01
   9.1900000000000000e+02  -7.3273004449549902e+01
   9.2000000000000000e+02  -7.3538923985437506e+01
   9.2100000000000000e+02  -7.3402700538711201e+01
   9.2200000000000000e+02  -7.3036865701826400e+01
   9.2300000000000000e+02  -7.2908412863156002e+01
   9.2400000000000000e+02  -7.3132100729971398e+01
   9.2500000000000000e+02  -7.2507817991956500e+01
   9.2600000000000000e+02  -7.2400821731925006e+01
   9.2700000000000000e+02  -7.1905738933647498e+01
   9.2800000000000000e+02  -7.1485499247963602e+01
   9.2900000000000000e+02  -7.1871983189650507e+01
   9.3000000000000000e+02  -7.2017163475417604e+01
   9.3100000000000000e+02  -7.2083597519495299e+01
   9.3200000000000000e+02  -7.1900793460534103e+01
   9.3300000000000000e+02  -7.1822463617003194e+01
   9.3400000000000000e+02  -7.1406240842823095e+01
   9.3500000000000000e+02  -7.1274341533524705e+01
   9.3600000000000000e+02  -7.1469582770270804e+01
   9.3700000000000000e+02  -7.0934592915151498e+01
   9.3800000000000000e+02  -7.0563579152902804e+01
   9.3900000000000000e+02  -7.0006299494560693e+01
   9.4000000000000000e+02  -6.9639243688760999e+01
   9.4100000000000000e+02  -6.9371294628667698e+01
   9.4200000000000000e+02  -6.8978745881519501e+01
   9.4300000000000000e+02  -6.8953884094946403e+01
   9.4400000000000000e+02  -6.8938962467118003e+01
   9.4500000000000000e+02  -6.8752912790150205e+01
   9.4600000000000000e+02  -6.9217002151645701e+01
   9.4700000000000000e+02  -6.8747486126420995e+01
   9.4800000000000000e+02  -6.8725801083166203e+01
   9.4900000000000000e+02  -6.8712910356275799e+01
   9.5000000000000000e+02  -6.8165628605604596e+01
   9.5100000000000000e+02  -6.7919709423479006e+01
   9.5200000000000000e+02  -6.7450473566783600e+01
   9.5300000000000000e+02  -6.6839012246951199e+01
   9.5400000000000000e+02  -6.6414711837320397e+01
   9.5500000000000000e+02  -6.6196348394088005e+01
   9.5600000000000000e+02  -6.5983088963672500e+01
   9.5700000000000000e+02  -6.5892358748900094e+01
   9.5800000000000000e+02  -6.5965928750188198e+01
   9.5900000000000000e+02  -6.5305641683594004e+01
   9.6000000000000000e+02  -6.4739406706504496e+01
   9.6100000000000000e+02  -6.4818953876748196e+01
   9.6200000000000000e+02  -6.4528818382831204e+01
   9.6300000000000000e+02  -6.4042048765698894e+01
   9.6400000000000000e+02  -6.3548394362765201e+01
   9.6500000000000000e+02  -6.2782238935904900e+01
   9.6600000000000000e+02  -6.2078783526686401e+01
   9.6700000000000000e+02  -6.1847400728621800e+01
   9.6800000000000000e+02  -6.0707068256190396e+01
   9.6900000000000000e+02  -6.0066680924542403e+01
   9.7000000000000000e+02  -5.8236509351290103e+01
   9.7100000000000000e+02  -5.5709335904013102e+01
   9.7200000000000000e+02  -5.0836299497155700e+01
   9.7300000000000000e+02  -3.4643731032061403e+01
   9.7400000000000000e+02  -8.9584141691526593e+00
