  -1.0000000000000000e+02  -7.1416911060195503e+01
  -9.9000000000000000e+01  -7.1035815887581705e+01
  -9.8000000000000000e+01  -7.1290521324045798e+01
  -9.7000000000000000e+01  -7.1474537773082105e+01
  -9.6000000000000000e+01  -7.1737308825120095e+01
  -9.5000000000000000e+01  -7.1739847911971694e+01
  -9.4000000000000000e+01  -7.2108233212000101e+01
  -9.3000000000000000e+01  -7.2030261991618701e+01
  -9.2000000000000000e+01  -7.2357801355973095e+01
  -9.1000000000000000e+01  -7.1565961651069202e+01
  -9.0000000000000000e+01  -7.1577164987948905e+01
  -8.9000000000000000e+01  -7.1967259033807295e+01
  -8.8000000000000000e+01  -7.1753321514098502e+01
  -8.7000000000000000e+01  -7.1562279454419098e+01
  -8.6000000000000000e+01  -7.1926664389241196e+01
  -8.5000000000000000e+01  -7.1755464630747895e+01
  -8.4000000000000000e+01  -7.1536788207887398e+01
  -8.3000000000000000e+01  -7.1431827739918006e+01
  -8.2000000000000000e+01  -7.0981253616643500e+01
  -8.1000000000000000e+01  -7.1166165084587902e+01
  -8.0000000000000000e+01  -7.0819506960486706e+01
  -7.9000000000000000e+01  -7.0515468240817498e+01
  -7.8000000000000000e+01  -7.1162356013970097e+01
  -7.7000000000000000e+01  -7.1012872640354303e+01
  -7.6000000000000000e+01  -7.0917001591168003e+01
  -7.5000000000000000e+01  -7.0940984824533700e+01
  -7.4000000000000000e+01  -7.0751124781523302e+01
  -7.3000000000000000e+01  -7.0476882864280100e+01
  -7.2000000000000000e+01  -7.0314674319328702e+01
  -7.1000000000000000e+01  -6.9677694644086102e+01
  -7.0000000000000000e+01  -7.0182461995956004e+01
  -6.9000000000000000e+01  -6.9876852198967597e+01
  -6.8000000000000000e+01  -7.0757041095679597e+01
  -6.7000000000000000e+01  -7.0973715855819904e+01
  -6.6000000000000000e+01  -7.1032722274793898e+01
  -6.5000000000000000e+01  -7.0871121005442404e+01
  -6.4000000000000000e+01  -7.0841799748599598e+01
  -6.3000000000000000e+01  -7.0975375174949207e+01
  -6.2000000000000000e+01  -7.1024568013047698e+01
  -6.1000000000000000e+01  -7.0696793343302403e+01
  -6.0000000000000000e+01  -7.0547645797310395e+01
  -5.9000000000000000e+01  -7.0296864697444803e+01
  -5.8000000000000000e+01  -7.0241701385275505e+01
  -5.7000000000000000e+01  -7.0073913482556407e+01
  -5.6000000000000000e+01  -6.9997252942413894e+01
  -5.5000000000000000e+01  -7.0000165012815700e+01
  -5.4000000000000000e+01  -7.0122521313976804e+01
  -5.3000000000000000e+01  -7.0099094833305401e+01
  -5.2000000000000000e+01  -7.0579391260368695e+01
  -5.1000000000000000e+01  -7.0571415529910198e+01
  -5.0000000000000000e+01  -7.0301405601821301e+01
  -4.9000000000000000e+01  -7.0617797938328096e+01
  -4.8000000000000000e+01  -7.0266577183000095e+01
  -4.7000000000000000e+01  -6.9864122755044505e+01
  -4.6000000000000000e+01  -6.9699830320243905e+01
  -4.5000000000000000e+01  -7.0099908237380603e+01
  -4.4000000000000000e+01  -7.0173757498702798e+01
  -4.3000000000000000e+01  -7.0339832376230603e+01
  -4.2000000000000000e+01  -7.0166470209652203e+01
  -4.1000000000000000e+01  -6.9960172834497499e+01
  -4.0000000000000000e+01  -7.0404192509919596e+01
  -3.9000000000000000e+01  -7.0529635664515794e+01
  -3.8000000000000000e+01  -7.0120185922304302e+01
  -3.7000000000000000e+01  -6.9854317159098997e+01
  -3.6000000000000000e+01  -6.9744880308793697e+01
  -3.5000000000000000e+01  -6.9729274156863298e+01
  -3.4000000000000000e+01  -6.9501655240122801e+01
  -3.3000000000000000e+01  -6.9382789480085506e+01
  -3.2000000000000000e+01  -6.9168939334900500e+01
  -3.1000000000000000e+01  -6.8976221747566598e+01
  -3.0000000000000000e+01  -6.8879995833956002e+01
  -2.9000000000000000e+01  -6.8766295228860002e+01
  -2.8000000000000000e+01  -6.8806488483499905e+01
  -2.7000000000000000e+01  -6.9066861075270396e+01
  -2.6000000000000000e+01  -6.8717884177052198e+01
  -2.5000000000000000e+01  -6.8304448264081600e+01
  -2.4000000000000000e+01  -6.8024955398515004e+01
  -2.3000000000000000e+01  -6.8264159178499597e+01
  -2.2000000000000000e+01  -6.7686812455650198e+01
  -2.1000000000000000e+01  -6.7519347751901506e+01
  -2.0000000000000000e+01  -6.6961088009914107e+01
  -1.9000000000000000e+01  -6.6888821706605896e+01
  -1.8000000000000000e+01  -6.6462091883006394e+01
  -1.7000000000000000e+01  -6.6136533054526097e+01
  -1.6000000000000000e+01  -6.5989040165421699e+01
  -1.5000000000000000e+01  -6.5312987196743293e+01
  -1.4000000000000000e+01  -6.4882522596218294e+01
  -1.3000000000000000e+01  -6.4437903533193307e+01
  -1.2000000000000000e+01  -6.4350974078016407e+01
  -1.1000000000000000e+01  -6.3948060800702599e+01
  -1.0000000000000000e+01  -6.3590359223482302e+01
  -9.0000000000000000e+00  -6.3095541494105497e+01
  -8.0000000000000000e+00  -6.3042193667389299e+01
  -7.0000000000000000e+00  -6.2607258846036203e+01
  -6.0000000000000000e+00  -6.1967063191521298e+01
  -5.0000000000000000e+00  -6.1220067434422504e+01
  -4.0000000000000000e+00  -5.9851551941843297e+01
  -3.0000000000000000e+00  -5.7457770461569297e+01
  -2.0000000000000000e+00  -5.4392777459384497e+01
  -1.0000000000000000e+00  -4.6772332250740199e+01
   0.0000000000000000e+00  -1.9571401243891099e+01
   1.0000000000000000e+00   3.5450142801843798e-01
   2.0000000000000000e+00   1.3509346189292900e+01
   3.0000000000000000e+00   2.0100849428205599e+01
   4.0000000000000000e+00   2.4117480093002900e+01
   5.0000000000000000e+00   2.5988377564826902e+01
   6.0000000000000000e+00   2.7153821442365199e+01
   7.0000000000000000e+00   2.7581609471183601e+01
   8.0000000000000000e+00   2.7304003099031402e+01
   9.0000000000000000e+00   2.7765965627150798e+01
   1.0000000000000000e+01   2.8210956818710599e+01
   1.1000000000000000e+01   2.8449958319143100e+01
   1.2000000000000000e+01   2.8734971524916901e+01
   1.3000000000000000e+01   2.9346906837196101e+01
   1.4000000000000000e+01   2.9697226915237898e+01
   1.5000000000000000e+01   2.9977360082173401e+01
   1.6000000000000000e+01   3.0571935921497801e+01
   1.7000000000000000e+01   3.0766802382901801e+01
   1.8000000000000000e+01   3.1178437758390402e+01
   1.9000000000000000e+01   3.1210535347657899e+01
   2.0000000000000000e+01   3.1327175703304199e+01
   2.1000000000000000e+01   3.1438278746543400e+01
   2.2000000000000000e+01   3.1778554690728502e+01
   2.3000000000000000e+01   3.1533593324726901e+01
   2.4000000000000000e+01   3.1941596897553499e+01
   2.5000000000000000e+01   3.0931323150749101e+01
   2.6000000000000000e+01   3.0993572431424901e+01
   2.7000000000000000e+01   3.0852426636872501e+01
   2.8000000000000000e+01   3.1110372510240801e+01
   2.9000000000000000e+01   3.1322769965496398e+01
   3.0000000000000000e+01   3.1353102490846400e+01
   3.1000000000000000e+01   3.1802461784343201e+01
   3.2000000000000000e+01   3.1782939827380300e+01
   3.3000000000000000e+01   3.1132867325215500e+01
   3.4000000000000000e+01   3.1081056340682402e+01
   3.5000000000000000e+01   3.0354312887913899e+01
   3.6000000000000000e+01   3.0578697248505399e+01
   3.7000000000000000e+01   3.0914071816610399e+01
   3.8000000000000000e+01   3.1634527605093201e+01
   3.9000000000000000e+01   3.1793126888522199e+01
   4.0000000000000000e+01   3.1666470142157099e+01
   4.1000000000000000e+01   3.1929935124999801e+01
   4.2000000000000000e+01   3.1791034281675000e+01
   4.3000000000000000e+01   3.1771483216184901e+01
   4.4000000000000000e+01   3.1854925264384502e+01
   4.5000000000000000e+01   3.2142828816129096e+01
   4.6000000000000000e+01   3.2907684961797102e+01
   4.7000000000000000e+01   3.2723533951572300e+01
   4.8000000000000000e+01   3.2927293119138398e+01
   4.9000000000000000e+01   3.3160661365126899e+01
   5.0000000000000000e+01   3.3019104545926702e+01
   5.1000000000000000e+01   3.3354627292794198e+01
   5.2000000000000000e+01   3.3573196411672598e+01
   5.3000000000000000e+01   3.3809138150129201e+01
   5.4000000000000000e+01   3.3576797219016797e+01
   5.5000000000000000e+01   3.3710972819015304e+01
   5.6000000000000000e+01   3.4092399939662400e+01
   5.7000000000000000e+01   3.4643022392451499e+01
   5.8000000000000000e+01   3.4841081524571898e+01
   5.9000000000000000e+01   3.4855333577588297e+01
   6.0000000000000000e+01   3.5014859127184401e+01
   6.1000000000000000e+01   3.4808590582751798e+01
   6.2000000000000000e+01   3.5084593270916699e+01
   6.3000000000000000e+01   3.4967508177924401e+01
   6.4000000000000000e+01   3.5260285727688000e+01
   6.5000000000000000e+01   3.5421108631546801e+01
   6.6000000000000000e+01   3.6129243970794597e+01
   6.7000000000000000e+01   3.6509008160038803e+01
   6.8000000000000000e+01   3.6716502617808601e+01
   6.9000000000000000e+01   3.7310301943882003e+01
   7.0000000000000000e+01   3.7110839071067502e+01
   7.1000000000000000e+01   3.6798811925493702e+01
   7.2000000000000000e+01   3.6809524188424902e+01
   7.3000000000000000e+01   3.7183686635760203e+01
   7.4000000000000000e+01   3.6906733635354499e+01
   7.5000000000000000e+01   3.6873153380889597e+01
   7.6000000000000000e+01   3.6556893616271800e+01
   7.7000000000000000e+01   3.6801871907678198e+01
   7.8000000000000000e+01   3.6529183993218702e+01
   7.9000000000000000e+01   3.6283369172363500e+01
   8.0000000000000000e+01   3.6208311804568098e+01
   8.1000000000000000e+01   3.6651243161363901e+01
   8.2000000000000000e+01   3.6443814684082803e+01
   8.3000000000000000e+01   3.6151413547265001e+01
   8.4000000000000000e+01   3.6548920805149500e+01
   8.5000000000000000e+01   3.5789835328386701e+01
   8.6000000000000000e+01   3.5759125328893496e+01
   8.7000000000000000e+01   3.6353262318668698e+01
   8.8000000000000000e+01   3.6270246635340200e+01
   8.9000000000000000e+01   3.6516062410048697e+01
   9.0000000000000000e+01   3.6619707581925901e+01
   9.1000000000000000e+01   3.6995933167297800e+01
   9.2000000000000000e+01   3.6147978645171200e+01
   9.3000000000000000e+01   3.6203655438070300e+01
   9.4000000000000000e+01   3.6440499846731399e+01
   9.5000000000000000e+01   3.6261818788552702e+01
   9.6000000000000000e+01   3.6638637694008501e+01
   9.7000000000000000e+01   3.6659002361933602e+01
   9.8000000000000000e+01   3.6966622466947101e+01
   9.9000000000000000e+01   3.6458221123850997e+01
   1.0000000000000000e+02   3.6670949522961102e+01
   1.0100000000000000e+02   3.6583445631243798e+01
   1.0200000000000000e+02   3.6613788036678301e+01
   1.0300000000000000e+02   3.6675766499166599e+01
   1.0400000000000000e+02   3.6629117871271298e+01
   1.0500000000000000e+02   3.6818867335599101e+01
   1.0600000000000000e+02   3.6662415418507102e+01
   1.0700000000000000e+02   3.6899819901185502e+01
   1.0800000000000000e+02   3.6899370063171901e+01
   1.0900000000000000e+02   3.6866740127637499e+01
   1.1000000000000000e+02   3.6753144606452302e+01
   1.1100000000000000e+02   3.6545396010314803e+01
   1.1200000000000000e+02   3.6424682177498198e+01
   1.1300000000000000e+02   3.5960384001383098e+01
   1.1400000000000000e+02   3.5909017181949402e+01
   1.1500000000000000e+02   3.5769239682306100e+01
   1.1600000000000000e+02   3.5565206054050002e+01
   1.1700000000000000e+02   3.5008893029205197e+01
   1.1800000000000000e+02   3.4699295475275598e+01
   1.1900000000000000e+02   3.4753084137033099e+01
   1.2000000000000000e+02   3.5072515491836597e+01
   1.2100000000000000e+02   3.5125730622667298e+01
   1.2200000000000000e+02   3.4970222039538100e+01
   1.2300000000000000e+02   3.4767308172188997e+01
   1.2400000000000000e+02   3.4367479231581001e+01
   1.2500000000000000e+02   3.3963497038184997e+01
   1.2600000000000000e+02   3.4278135343306097e+01
   1.2700000000000000e+02   3.4757303454967001e+01
   1.2800000000000000e+02   3.4320113053372303e+01
   1.2900000000000000e+02   3.3938564547606397e+01
   1.3000000000000000e+02   3.3605547660563701e+01
   1.3100000000000000e+02   3.3732986056448198e+01
   1.3200000000000000e+02   3.4310272903077298e+01
   1.3300000000000000e+02   3.3833631212706301e+01
   1.3400000000000000e+02   3.3912323673228300e+01
   1.3500000000000000e+02   3.3859841516741000e+01
   1.3600000000000000e+02   3.3728965304268499e+01
   1.3700000000000000e+02   3.3897244817382301e+01
   1.3800000000000000e+02   3.3713030127004700e+01
   1.3900000000000000e+02   3.3855989309885501e+01
   1.4000000000000000e+02   3.3944454013727700e+01
   1.4100000000000000e+02   3.4010274204051498e+01
   1.4200000000000000e+02   3.3882355844286600e+01
   1.4300000000000000e+02   3.4333805382454599e+01
   1.4400000000000000e+02   3.4400640973797799e+01
   1.4500000000000000e+02   3.4370155647459200e+01
   1.4600000000000000e+02   3.4564664675428503e+01
   1.4700000000000000e+02   3.4493771216402003e+01
   1.4800000000000000e+02   3.4501198525042000e+01
   1.4900000000000000e+02   3.4895777783525403e+01
   1.5000000000000000e+02   3.4917524499982903e+01
   1.5100000000000000e+02   3.5402787002663700e+01
   1.5200000000000000e+02   3.5244953127071497e+01
   1.5300000000000000e+02   3.4848480969097302e+01
   1.5400000000000000e+02   3.4770319493483100e+01
   1.5500000000000000e+02   3.4574795674192501e+01
   1.5600000000000000e+02   3.4840147689867599e+01
   1.5700000000000000e+02   3.4572789646003500e+01
   1.5800000000000000e+02   3.3939015520456003e+01
   1.5900000000000000e+02   3.4321254471418897e+01
   1.6000000000000000e+02   3.4445740481243199e+01
   1.6100000000000000e+02   3.4207344090951203e+01
   1.6200000000000000e+02   3.3594781217103602e+01
   1.6300000000000000e+02   3.3493843046038698e+01
   1.6400000000000000e+02   3.3343211167107100e+01
   1.6500000000000000e+02   3.2709294008229399e+01
   1.6600000000000000e+02   3.2847626763328002e+01
   1.6700000000000000e+02   3.2593332458591597e+01
   1.6800000000000000e+02   3.2328454074611997e+01
   1.6900000000000000e+02   3.1979083787328701e+01
   1.7000000000000000e+02   3.1801448572155799e+01
   1.7100000000000000e+02   3.1681429271971801e+01
   1.7200000000000000e+02   3.1447586742875799e+01
   1.7300000000000000e+02   3.1051676073803499e+01
   1.7400000000000000e+02   3.1130768420232400e+01
   1.7500000000000000e+02   3.1015440776304700e+01
   1.7600000000000000e+02   3.0593712067902800e+01
   1.7700000000000000e+02   2.9612571167720400e+01
   1.7800000000000000e+02   2.9153549929651199e+01
   1.7900000000000000e+02   2.8592203132611399e+01
   1.8000000000000000e+02   2.8810636283607700e+01
   1.8100000000000000e+02   2.8563078224824501e+01
   1.8200000000000000e+02   2.7800728296710400e+01
   1.8300000000000000e+02   2.7992441755276200e+01
   1.8400000000000000e+02   2.7323319596404200e+01
   1.8500000000000000e+02   2.6895491293627401e+01
   1.8600000000000000e+02   2.6870840062126899e+01
   1.8700000000000000e+02   2.6465310102080501e+01
   1.8800000000000000e+02   2.6698561478303599e+01
   1.8900000000000000e+02   2.6686303464606802e+01
   1.9000000000000000e+02   2.6657261362202600e+01
   1.9100000000000000e+02   2.6970108174724398e+01
   1.9200000000000000e+02   2.6771475567018001e+01
   1.9300000000000000e+02   2.6285599290847699e+01
   1.9400000000000000e+02   2.6300283177093998e+01
   1.9500000000000000e+02   2.6812451048221600e+01
   1.9600000000000000e+02   2.6993887729471101e+01
   1.9700000000000000e+02   2.6579159907793201e+01
   1.9800000000000000e+02   2.6391806068791499e+01
   1.9900000000000000e+02   2.6662249445612400e+01
   2.0000000000000000e+02   2.6596718739673801e+01
   2.0100000000000000e+02   2.6845027034881600e+01
   2.0200000000000000e+02   2.6911419504698401e+01
   2.0300000000000000e+02   2.6847473385802900e+01
   2.0400000000000000e+02   2.6611563532178302e+01
   2.0500000000000000e+02   2.6923909618596898e+01
   2.0600000000000000e+02   2.7318458744568400e+01
   2.0700000000000000e+02   2.7358663287439601e+01
   2.0800000000000000e+02   2.6740967128384899e+01
   2.0900000000000000e+02   2.6635978385028199e+01
   2.1000000000000000e+02   2.6374036603747498e+01
   2.1100000000000000e+02   2.6248540756039599e+01
   2.1200000000000000e+02   2.6194876551493600e+01
   2.1300000000000000e+02   2.6224641764121099e+01
   2.1400000000000000e+02   2.6553770573184298e+01
   2.1500000000000000e+02   2.6200276306723701e+01
   2.1600000000000000e+02   2.6178219489434401e+01
   2.1700000000000000e+02   2.5856553838274099e+01
   2.1800000000000000e+02   2.5543710964650099e+01
   2.1900000000000000e+02   2.5457091645784299e+01
   2.2000000000000000e+02   2.5250003768026900e+01
   2.2100000000000000e+02   2.5472145055311501e+01
   2.2200000000000000e+02   2.5400176135394599e+01
   2.2300000000000000e+02   2.5597196878832602e+01
   2.2400000000000000e+02   2.5477356714042301e+01
   2.2500000000000000e+02   2.5562318765683901e+01
   2.2600000000000000e+02   2.5004484665174999e+01
   2.2700000000000000e+02   2.4497547553011501e+01
   2.2800000000000000e+02   2.4229463125097599e+01
   2.2900000000000000e+02   2.4405050352567901e+01
   2.3000000000000000e+02   2.4286093486300700e+01
   2.3100000000000000e+02   2.3459629712835699e+01
   2.3200000000000000e+02   2.3504065782721899e+01
   2.3300000000000000e+02   2.3627375005016500e+01
   2.3400000000000000e+02   2.3157290331898899e+01
   2.3500000000000000e+02   2.3584057073470099e+01
   2.3600000000000000e+02   2.3507461293774000e+01
   2.3700000000000000e+02   2.3235574635756102e+01
   2.3800000000000000e+02   2.3264964202923402e+01
   2.3900000000000000e+02   2.2963940552652499e+01
   2.4000000000000000e+02   2.2825959087310000e+01
   2.4100000000000000e+02   2.2715630815082800e+01
   2.4200000000000000e+02   2.2795072864894902e+01
   2.4300000000000000e+02   2.2773979024973301e+01
   2.4400000000000000e+02   2.2661887793973801e+01
   2.4500000000000000e+02   2.2301793945181299e+01
   2.4600000000000000e+02   2.2356417876541801e+01
   2.4700000000000000e+02   2.2503742904354201e+01
   2.4800000000000000e+02   2.2488613286917101e+01
   2.4900000000000000e+02   2.2368918418394600e+01
   2.5000000000000000e+02   2.2465195232486401e+01
   2.5100000000000000e+02   2.1898857084446501e+01
   2.5200000000000000e+02   2.1357799334097901e+01
   2.5300000000000000e+02   2.1610567705063598e+01
   2.5400000000000000e+02   2.1769985825552901e+01
   2.5500000000000000e+02   2.1843495503630201e+01
   2.5600000000000000e+02   2.1476925477468399e+01
   2.5700000000000000e+02   2.0963290435911599e+01
   2.5800000000000000e+02   2.0681608391304199e+01
   2.5900000000000000e+02   2.0296476538014701e+01
   2.6000000000000000e+02   1.9990421711579899e+01
   2.6100000000000000e+02   1.9779666806006301e+01
   2.6200000000000000e+02   2.0155122780830499e+01
   2.6300000000000000e+02   2.0679743812862199e+01
   2.6400000000000000e+02   2.0306115961453500e+01
   2.6500000000000000e+02   2.0585186679870802e+01
   2.6600000000000000e+02   2.0546239973915501e+01
   2.6700000000000000e+02   2.1208662953374802e+01
   2.6800000000000000e+02   2.1135606588688901e+01
   2.6900000000000000e+02   2.1085136926335100e+01
   2.7000000000000000e+02   2.0873803349934999e+01
   2.7100000000000000e+02   2.0493006987720101e+01
   2.7200000000000000e+02   2.0756635910565699e+01
   2.7300000000000000e+02   2.0967592449490901e+01
   2.7400000000000000e+02   2.0713584149472201e+01
   2.7500000000000000e+02   2.0778592879660401e+01
   2.7600000000000000e+02   2.0298874489234400e+01
   2.7700000000000000e+02   2.0488735694355501e+01
   2.7800000000000000e+02   2.0181641011552198e+01
   2.7900000000000000e+02   2.0196190315975500e+01
   2.8000000000000000e+02   2.0525074379789999e+01
   2.8100000000000000e+02   2.0594308797076199e+01
   2.8200000000000000e+02   2.0337388014042300e+01
   2.8300000000000000e+02   2.0229218211724401e+01
   2.8400000000000000e+02   1.9623213222913801e+01
   2.8500000000000000e+02   1.9564025562824401e+01
   2.8600000000000000e+02   1.8949951780569901e+01
   2.8700000000000000e+02   1.8464669793546001e+01
   2.8800000000000000e+02   1.8656844218254601e+01
   2.8900000000000000e+02   1.9099066223548100e+01
   2.9000000000000000e+02   1.9218919567785999e+01
   2.9100000000000000e+02   1.9360371755888501e+01
   2.9200000000000000e+02   1.9085335072478301e+01
   2.9300000000000000e+02   1.8817318058015701e+01
   2.9400000000000000e+02   1.9349929685181600e+01
   2.9500000000000000e+02   1.9441946403752699e+01
   2.9600000000000000e+02   1.9240919752677399e+01
   2.9700000000000000e+02   1.9133808705767301e+01
   2.9800000000000000e+02   1.8880139984670599e+01
   2.9900000000000000e+02   1.8438597251419701e+01
   3.0000000000000000e+02   1.8384636791465901e+01
   3.0100000000000000e+02   1.8568042967747999e+01
   3.0200000000000000e+02   1.8829239044206201e+01
   3.0300000000000000e+02   1.8591010902922498e+01
   3.0400000000000000e+02   1.8930928441427699e+01
   3.0500000000000000e+02   1.8978057236345801e+01
   3.0600000000000000e+02   1.8893777406879099e+01
   3.0700000000000000e+02   1.8716564850816098e+01
   3.0800000000000000e+02   1.8602195027979999e+01
   3.0900000000000000e+02   1.8330011014303000e+01
   3.1000000000000000e+02   1.8240632866549099e+01
   3.1100000000000000e+02   1.8294351062935998e+01
   3.1200000000000000e+02   1.7762404459601001e+01
   3.1300000000000000e+02   1.7523314566908802e+01
   3.1400000000000000e+02   1.7568403007565500e+01
   3.1500000000000000e+02   1.7309197115736499e+01
   3.1600000000000000e+02   1.6926251262864302e+01
   3.1700000000000000e+02   1.6306718773471299e+01
   3.1800000000000000e+02   1.5995241250427901e+01
   3.1900000000000000e+02   1.6063587216851300e+01
   3.2000000000000000e+02   1.5881435061545099e+01
   3.2100000000000000e+02   1.6113883706813098e+01
   3.2200000000000000e+02   1.5797893101209199e+01
   3.2300000000000000e+02   1.5475200200433900e+01
   3.2400000000000000e+02   1.5544408082894201e+01
   3.2500000000000000e+02   1.5202723557406500e+01
   3.2600000000000000e+02   1.4834233475889100e+01
   3.2700000000000000e+02   1.4903141281322100e+01
   3.2800000000000000e+02   1.4832541179865601e+01
   3.2900000000000000e+02   1.4701872278698200e+01
   3.3000000000000000e+02   1.4482570380656000e+01
   3.3100000000000000e+02   1.4929175095473600e+01
   3.3200000000000000e+02   1.5073079497765001e+01
   3.3300000000000000e+02   1.4807595865667899e+01
   3.3400000000000000e+02   1.4461741867221500e+01
   3.3500000000000000e+02   1.3973529885947400e+01
   3.3600000000000000e+02   1.4241247712790001e+01
   3.3700000000000000e+02   1.3999402132721800e+01
   3.3800000000000000e+02   1.4079470749534099e+01
   3.3900000000000000e+02   1.4478429251958501e+01
   3.4000000000000000e+02   1.4189333115321300e+01
   3.4100000000000000e+02   1.4244041698958100e+01
   3.4200000000000000e+02   1.3774430188535900e+01
   3.4300000000000000e+02   1.3274758006068900e+01
   3.4400000000000000e+02   1.2533168826354400e+01
   3.4500000000000000e+02   1.2336723650601201e+01
   3.4600000000000000e+02   1.1933281009677399e+01
   3.4700000000000000e+02   1.2039063255770801e+01
   3.4800000000000000e+02   1.2305427366113200e+01
   3.4900000000000000e+02   1.1485996175005001e+01
   3.5000000000000000e+02   1.1481471784716000e+01
   3.5100000000000000e+02   1.1074013146921001e+01
   3.5200000000000000e+02   1.0802988638804900e+01
   3.5300000000000000e+02   1.1014837427144300e+01
   3.5400000000000000e+02   1.1168635791766500e+01
   3.5500000000000000e+02   1.1068855194110700e+01
   3.5600000000000000e+02   1.1009681442468199e+01
   3.5700000000000000e+02   1.1067045520251700e+01
   3.5800000000000000e+02   1.0875715720854000e+01
   3.5900000000000000e+02   1.0743299887207600e+01
   3.6000000000000000e+02   1.0506240513692600e+01
   3.6100000000000000e+02   1.0507975198911300e+01
   3.6200000000000000e+02   1.0202660450450001e+01
   3.6300000000000000e+02   9.8537883676092708e+00
   3.6400000000000000e+02   9.8769538095158200e+00
   3.6500000000000000e+02   9.2705139306867093e+00
   3.6600000000000000e+02   8.5312712824718808e+00
   3.6700000000000000e+02   8.7466007162182997e+00
   3.6800000000000000e+02   8.7180687203316705e+00
   3.6900000000000000e+02   8.3712305114273402e+00
   3.7000000000000000e+02   8.4800636799826794e+00
   3.7100000000000000e+02   8.6229764075656803e+00
   3.7200000000000000e+02   8.7987160712423496e+00
   3.7300000000000000e+02   8.2608546610371896e+00
   3.7400000000000000e+02   7.9541838742109103e+00
   3.7500000000000000e+02   7.8497899472757497e+00
   3.7600000000000000e+02   7.7005829178230902e+00
   3.7700000000000000e+02   7.2463937569391401e+00
   3.7800000000000000e+02   7.3172213547705898e+00
   3.7900000000000000e+02   7.1798362913540004e+00
   3.8000000000000000e+02   7.4129304054573799e+00
   3.8100000000000000e+02   7.1624256683342802e+00
   3.8200000000000000e+02   6.9139028632443900e+00
   3.8300000000000000e+02   6.6859585039438496e+00
   3.8400000000000000e+02   6.3263364699766704e+00
   3.8500000000000000e+02   5.8511392874026704e+00
   3.8600000000000000e+02   5.3715518192242797e+00
   3.8700000000000000e+02   5.1878531643189403e+00
   3.8800000000000000e+02   4.3260692222048798e+00
   3.8900000000000000e+02   4.1370815292726304e+00
   3.9000000000000000e+02   3.5397063755634099e+00
   3.9100000000000000e+02   3.4902526850152098e+00
   3.9200000000000000e+02   3.3432292419512399e+00
   3.9300000000000000e+02   3.7638157865190101e+00
   3.9400000000000000e+02   4.0186364383017796e+00
   3.9500000000000000e+02   3.4285549590455902e+00
   3.9600000000000000e+02   2.9376875197612402e+00
   3.9700000000000000e+02   2.5965348963224000e+00
   3.9800000000000000e+02   2.3639656699320302e+00
   3.9900000000000000e+02   2.3210878327665498e+00
   4.0000000000000000e+02   1.8495647854038300e+00
   4.0100000000000000e+02   1.1603436846246900e+00
   4.0200000000000000e+02   1.0530190648549300e+00
   4.0300000000000000e+02   1.2635498510684200e+00
   4.0400000000000000e+02   1.0227484606579800e+00
   4.0500000000000000e+02   6.1959382192586399e-01
   4.0600000000000000e+02   2.2354422484200301e-01
   4.0700000000000000e+02  -5.7599734618401000e-01
   4.0800000000000000e+02  -1.0165172731120400e+00
   4.0900000000000000e+02  -1.3344053765285100e+00
   4.1000000000000000e+02  -1.7604342888926501e+00
   4.1100000000000000e+02  -2.0719574014119502e+00
   4.1200000000000000e+02  -2.6977080955340398e+00
   4.1300000000000000e+02  -3.2903535169299398e+00
   4.1400000000000000e+02  -3.5697286990534600e+00
   4.1500000000000000e+02  -4.0475493515647800e+00
   4.1600000000000000e+02  -4.1235269792192000e+00
   4.1700000000000000e+02  -4.1736137525583201e+00
   4.1800000000000000e+02  -4.1956470052187402e+00
   4.1900000000000000e+02  -4.6420192333461596e+00
   4.2000000000000000e+02  -5.0133441911293701e+00
   4.2100000000000000e+02  -4.9451906671127102e+00
   4.2200000000000000e+02  -5.3751381461196504e+00
   4.2300000000000000e+02  -5.8900970504948598e+00
   4.2400000000000000e+02  -6.2488352890381602e+00
   4.2500000000000000e+02  -6.9155053780007103e+00
   4.2600000000000000e+02  -6.5301663349162400e+00
   4.2700000000000000e+02  -6.8070097466510999e+00
   4.2800000000000000e+02  -6.8649897089094596e+00
   4.2900000000000000e+02  -7.0726846984749798e+00
   4.3000000000000000e+02  -7.3400254343368498e+00
   4.3100000000000000e+02  -7.7846443807646502e+00
   4.3200000000000000e+02  -8.1118997687957002e+00
   4.3300000000000000e+02  -8.1193287092911302e+00
   4.3400000000000000e+02  -8.8255029816126100e+00
   4.3500000000000000e+02  -9.1776921865562908e+00
   4.3600000000000000e+02  -8.8033462679367194e+00
   4.3700000000000000e+02  -9.2053516241277098e+00
   4.3800000000000000e+02  -9.8503936975225894e+00
   4.3900000000000000e+02  -9.8780933916080400e+00
   4.4000000000000000e+02  -1.0536098281444101e+01
   4.4100000000000000e+02  -1.0892824588336900e+01
   4.4200000000000000e+02  -1.1162581165066401e+01
   4.4300000000000000e+02  -1.1427209358792799e+01
   4.4400000000000000e+02  -1.1273927308121699e+01
   4.4500000000000000e+02  -1.2172572137219801e+01
   4.4600000000000000e+02  -1.2210441837607400e+01
   4.4700000000000000e+02  -1.2386517672998901e+01
   4.4800000000000000e+02  -1.2387627510850500e+01
   4.4900000000000000e+02  -1.3344353774467301e+01
   4.5000000000000000e+02  -1.3864505985769300e+01
   4.5100000000000000e+02  -1.4296965220480400e+01
   4.5200000000000000e+02  -1.4888589219566400e+01
   4.5300000000000000e+02  -1.5634691797132600e+01
   4.5400000000000000e+02  -1.5912684287223300e+01
   4.5500000000000000e+02  -1.5835745321839701e+01
   4.5600000000000000e+02  -1.6163325596122000e+01
   4.5700000000000000e+02  -1.7033928489946799e+01
   4.5800000000000000e+02  -1.7632704237073298e+01
   4.5900000000000000e+02  -1.8192959804418699e+01
   4.6000000000000000e+02  -1.8239368464395799e+01
   4.6100000000000000e+02  -1.8770989467189501e+01
   4.6200000000000000e+02  -1.9513054815150898e+01
   4.6300000000000000e+02  -1.9726550437738300e+01
   4.6400000000000000e+02  -1.9784646418921501e+01
   4.6500000000000000e+02  -2.0131130947773698e+01
   4.6600000000000000e+02  -2.0041363754433998e+01
   4.6700000000000000e+02  -2.0529867297997601e+01
   4.6800000000000000e+02  -2.0661433742603901e+01
   4.6900000000000000e+02  -2.0965719527034999e+01
   4.7000000000000000e+02  -2.1774234116687300e+01
   4.7100000000000000e+02  -2.1731058067216100e+01
   4.7200000000000000e+02  -2.2211403738349699e+01
   4.7300000000000000e+02  -2.3671317705437701e+01
   4.7400000000000000e+02  -2.3837481503949501e+01
   4.7500000000000000e+02  -2.4002492556943800e+01
   4.7600000000000000e+02  -2.4720084935966199e+01
   4.7700000000000000e+02  -2.4954572802211000e+01
   4.7800000000000000e+02  -2.5111856526418698e+01
   4.7900000000000000e+02  -2.5263742058781101e+01
   4.8000000000000000e+02  -2.5516969426864598e+01
   4.8100000000000000e+02  -2.5661797641027800e+01
   4.8200000000000000e+02  -2.6051696448760101e+01
   4.8300000000000000e+02  -2.6598686913117099e+01
   4.8400000000000000e+02  -2.6929384485115900e+01
   4.8500000000000000e+02  -2.7541042728472799e+01
   4.8600000000000000e+02  -2.7714945884871000e+01
   4.8700000000000000e+02  -2.8158821866603500e+01
   4.8800000000000000e+02  -2.9024038951947301e+01
   4.8900000000000000e+02  -2.9527067271652999e+01
   4.9000000000000000e+02  -3.0361354097005002e+01
   4.9100000000000000e+02  -3.1087942894525199e+01
   4.9200000000000000e+02  -3.1739331959052102e+01
   4.9300000000000000e+02  -3.2357163507577098e+01
   4.9400000000000000e+02  -3.2983738216415901e+01
   4.9500000000000000e+02  -3.3954264875308098e+01
   4.9600000000000000e+02  -3.4800259986542898e+01
   4.9700000000000000e+02  -3.4962960793652400e+01
   4.9800000000000000e+02  -3.5251160731589600e+01
   4.9900000000000000e+02  -3.6067005003872403e+01
   5.0000000000000000e+02  -3.6607792071781397e+01
   5.0100000000000000e+02  -3.7529291632829903e+01
   5.0200000000000000e+02  -3.7458347172192497e+01
   5.0300000000000000e+02  -3.7901702948944603e+01
   5.0400000000000000e+02  -3.8087891699387399e+01
   5.0500000000000000e+02  -3.8813139912175103e+01
   5.0600000000000000e+02  -3.9188350264476298e+01
   5.0700000000000000e+02  -4.0017056845477398e+01
   5.0800000000000000e+02  -4.0382047478726598e+01
   5.0900000000000000e+02  -4.0288924633297903e+01
   5.1000000000000000e+02  -4.1126058191048003e+01
   5.1100000000000000e+02  -4.1260656560564698e+01
   5.1200000000000000e+02  -4.1647599928717398e+01
   5.1300000000000000e+02  -4.1523320744938502e+01
   5.1400000000000000e+02  -4.1455643021479801e+01
   5.1500000000000000e+02  -4.1410707479419997e+01
   5.1600000000000000e+02  -4.1886022072824602e+01
   5.1700000000000000e+02  -4.2754217874331701e+01
   5.1800000000000000e+02  -4.3684960361313003e+01
   5.1900000000000000e+02  -4.4395726687839201e+01
   5.2000000000000000e+02  -4.4616089946529101e+01
   5.2100000000000000e+02  -4.4748672894655499e+01
   5.2200000000000000e+02  -4.4723964819859901e+01
   5.2300000000000000e+02  -4.5023516722778503e+01
   5.2400000000000000e+02  -4.5622296065107399e+01
   5.2500000000000000e+02  -4.5566075005250397e+01
   5.2600000000000000e+02  -4.6287058367047003e+01
   5.2700000000000000e+02  -4.6986049186053897e+01
   5.2800000000000000e+02  -4.7168597543329703e+01
   5.2900000000000000e+02  -4.7861013513198500e+01
   5.3000000000000000e+02  -4.8198596908056601e+01
   5.3100000000000000e+02  -4.7941728778659197e+01
   5.3200000000000000e+02  -4.8854862156624897e+01
   5.3300000000000000e+02  -4.8532394012442097e+01
   5.3400000000000000e+02  -4.9011691411333899e+01
   5.3500000000000000e+02  -4.9063446266725798e+01
   5.3600000000000000e+02  -4.9352301686688001e+01
   5.3700000000000000e+02  -5.0117410757284198e+01
   5.3800000000000000e+02  -5.0097523346488799e+01
   5.3900000000000000e+02  -5.0465270153012803e+01
   5.4000000000000000e+02  -5.0778838867128101e+01
   5.4100000000000000e+02  -5.1185149079810500e+01
   5.4200000000000000e+02  -5.1437649098677703e+01
   5.4300000000000000e+02  -5.1801642665651499e+01
   5.4400000000000000e+02  -5.1628810071536499e+01
   5.4500000000000000e+02  -5.1619304668979602e+01
   5.4600000000000000e+02  -5.1881303267828798e+01
   5.4700000000000000e+02  -5.1995669691475399e+01
   5.4800000000000000e+02  -5.2198939468311103e+01
   5.4900000000000000e+02  -5.2295367203435603e+01
   5.5000000000000000e+02  -5.2720506405290202e+01
   5.5100000000000000e+02  -5.3670527265725802e+01
   5.5200000000000000e+02  -5.4289765382524600e+01
   5.5300000000000000e+02  -5.4679821873486603e+01
   5.5400000000000000e+02  -5.5024493243017503e+01
   5.5500000000000000e+02  -5.4990157814916600e+01
   5.5600000000000000e+02  -5.5707652930743897e+01
   5.5700000000000000e+02  -5.6375840084923396e+01
   5.5800000000000000e+02  -5.6434218525875501e+01
   5.5900000000000000e+02  -5.6805709725894602e+01
   5.6000000000000000e+02  -5.7505006412059799e+01
   5.6100000000000000e+02  -5.8124058757931401e+01
   5.6200000000000000e+02  -5.8861517138207297e+01
   5.6300000000000000e+02  -5.9455251942928300e+01
   5.6400000000000000e+02  -5.9776289652813801e+01
   5.6500000000000000e+02  -6.0671969534582800e+01
   5.6600000000000000e+02  -6.1379063983657197e+01
   5.6700000000000000e+02  -6.2286898669684597e+01
   5.6800000000000000e+02  -6.2961772671771200e+01
   5.6900000000000000e+02  -6.3037780805092098e+01
   5.7000000000000000e+02  -6.3314483211494398e+01
   5.7100000000000000e+02  -6.3906335103065800e+01
   5.7200000000000000e+02  -6.4224626046312906e+01
   5.7300000000000000e+02  -6.5013022546859702e+01
   5.7400000000000000e+02  -6.5418401067510700e+01
   5.7500000000000000e+02  -6.5934337832813199e+01
   5.7600000000000000e+02  -6.6309725293745203e+01
   5.7700000000000000e+02  -6.6624859109590901e+01
   5.7800000000000000e+02  -6.7185108714321601e+01
   5.7900000000000000e+02  -6.7355596480063895e+01
   5.8000000000000000e+02  -6.8186135237398304e+01
   5.8100000000000000e+02  -6.8450624295180901e+01
   5.8200000000000000e+02  -6.9258156137721400e+01
   5.8300000000000000e+02  -6.9810220967861198e+01
   5.8400000000000000e+02  -7.0037504548182199e+01
   5.8500000000000000e+02  -7.0588899817049196e+01
   5.8600000000000000e+02  -7.0799640221164196e+01
   5.8700000000000000e+02  -7.1068184248586206e+01
   5.8800000000000000e+02  -7.0924145010988497e+01
   5.8900000000000000e+02  -7.1272192176045806e+01
   5.9000000000000000e+02  -7.1553264133274197e+01
   5.9100000000000000e+02  -7.1738258022504496e+01
   5.9200000000000000e+02  -7.1993616543277398e+01
   5.9300000000000000e+02  -7.1956351832549302e+01
   5.9400000000000000e+02  -7.2156640646791601e+01
   5.9500000000000000e+02  -7.2475052803116697e+01
   5.9600000000000000e+02  -7.2912497764269602e+01
   5.9700000000000000e+02  -7.2618657231833595e+01
   5.9800000000000000e+02  -7.2580166117659701e+01
   5.9900000000000000e+02  -7.2271819600875602e+01
   6.0000000000000000e+02  -7.2494992690337099e+01
   6.0100000000000000e+02  -7.3075360507370206e+01
   6.0200000000000000e+02  -7.3283771258540995e+01
   6.0300000000000000e+02  -7.3727543992368993e+01
   6.0400000000000000e+02  -7.3911821702788899e+01
   6.0500000000000000e+02  -7.3810880902012897e+01
   6.0600000000000000e+02  -7.4173900560345700e+01
   6.0700000000000000e+02  -7.4060492384078003e+01
   6.0800000000000000e+02  -7.4232310891176795e+01
   6.0900000000000000e+02  -7.3892369756633897e+01
   6.1000000000000000e+02  -7.3971194456341806e+01
   6.1100000000000000e+02  -7.3990036271222195e+01
   6.1200000000000000e+02  -7.4114851525515206e+01
   6.1300000000000000e+02  -7.4352127138282995e+01
   6.1400000000000000e+02  -7.3932182930829299e+01
   6.1500000000000000e+02  -7.3878656784252499e+01
   6.1600000000000000e+02  -7.3488495640245105e+01
   6.1700000000000000e+02  -7.3357907549782695e+01
   6.1800000000000000e+02  -7.2820487878317493e+01
   6.1900000000000000e+02  -7.2569322090923606e+01
   6.2000000000000000e+02  -7.3001291752343306e+01
   6.2100000000000000e+02  -7.3196668575858794e+01
   6.2200000000000000e+02  -7.2990991751986201e+01
   6.2300000000000000e+02  -7.3234546045624199e+01
   6.2400000000000000e+02  -7.3564288322951498e+01
   6.2500000000000000e+02  -7.4014655080977306e+01
   6.2600000000000000e+02  -7.4530298928181693e+01
   6.2700000000000000e+02  -7.4825386993605406e+01
   6.2800000000000000e+02  -7.5004975097194901e+01
   6.2900000000000000e+02  -7.5392757548790698e+01
   6.3000000000000000e+02  -7.5570954697117102e+01
   6.3100000000000000e+02  -7.5833281293493599e+01
   6.3200000000000000e+02  -7.5456980779359199e+01
   6.3300000000000000e+02  -7.5295058259928993e+01
   6.3400000000000000e+02  -7.5276074705669899e+01
   6.3500000000000000e+02  -7.5581654959627301e+01
   6.3600000000000000e+02  -7.5804676326179006e+01
   6.3700000000000000e+02  -7.5882237361467801e+01
   6.3800000000000000e+02  -7.5706929012937096e+01
   6.3900000000000000e+02  -7.5991068671834796e+01
   6.4000000000000000e+02  -7.5937076705995395e+01
   6.4100000000000000e+02  -7.5968018269119000e+01
   6.4200000000000000e+02  -7.5812302638480602e+01
   6.4300000000000000e+02  -7.6064085131318606e+01
   6.4400000000000000e+02  -7.6131976548742202e+01
   6.4500000000000000e+02  -7.6238876158632607e+01
   6.4600000000000000e+02  -7.6184778928990795e+01
   6.4700000000000000e+02  -7.6177145457666896e+01
   6.4800000000000000e+02  -7.6509748786113605e+01
   6.4900000000000000e+02  -7.6515560776110704e+01
   6.5000000000000000e+02  -7.6591251346744500e+01
   6.5100000000000000e+02  -7.6480018133443707e+01
   6.5200000000000000e+02  -7.6743191110875401e+01
   6.5300000000000000e+02  -7.6602307126653002e+01
   6.5400000000000000e+02  -7.6318565639739603e+01
   6.5500000000000000e+02  -7.6468726344563393e+01
   6.5600000000000000e+02  -7.6506019517937801e+01
   6.5700000000000000e+02  -7.7193411652848496e+01
   6.5800000000000000e+02  -7.7306934456628696e+01
   6.5900000000000000e+02  -7.7347691189271899e+01
   6.6000000000000000e+02  -7.7466792291384394e+01
   6.6100000000000000e+02  -7.6857137237978307e+01
   6.6200000000000000e+02  -7.7112946247448093e+01
   6.6300000000000000e+02  -7.7362066577152603e+01
   6.6400000000000000e+02  -7.7708147944874497e+01
   6.6500000000000000e+02  -7.7546641883107895e+01
   6.6600000000000000e+02  -7.7875504467786897e+01
   6.6700000000000000e+02  -7.7933221817054999e+01
   6.6800000000000000e+02  -7.8012575510410898e+01
   6.6900000000000000e+02  -7.7666438888476705e+01
   6.7000000000000000e+02  -7.7636432438644405e+01
   6.7100000000000000e+02  -7.7173478064482694e+01
   6.7200000000000000e+02  -7.7243420619352605e+01
   6.7300000000000000e+02  -7.7087410755509396e+01
   6.7400000000000000e+02  -7.7272642471710199e+01
   6.7500000000000000e+02  -7.7456362749112003e+01
   6.7600000000000000e+02  -7.7423006092115997e+01
   6.7700000000000000e+02  -7.7981529023996302e+01
   6.7800000000000000e+02  -7.8244427036356100e+01
   6.7900000000000000e+02  -7.8214904085804207e+01
   6.8000000000000000e+02  -7.8213753180194402e+01
   6.8100000000000000e+02  -7.8109702786260300e+01
   6.8200000000000000e+02  -7.8393153342354097e+01
   6.8300000000000000e+02  -7.8332044103163497e+01
   6.8400000000000000e+02  -7.7970429740992998e+01
   6.8500000000000000e+02  -7.7305506404013201e+01
   6.8600000000000000e+02  -7.7226332217194198e+01
   6.8700000000000000e+02  -7.7397928969427397e+01
   6.8800000000000000e+02  -7.7507949291560493e+01
   6.8900000000000000e+02  -7.7521859371466306e+01
   6.9000000000000000e+02  -7.7700232164247097e+01
   6.9100000000000000e+02  -7.7351289735933804e+01
   6.9200000000000000e+02  -7.7354961621278605e+01
   6.9300000000000000e+02  -7.6995750001661506e+01
   6.9400000000000000e+02  -7.7079811537344099e+01
   6.9500000000000000e+02  -7.6997469609091098e+01
   6.9600000000000000e+02  -7.6717921461171301e+01
   6.9700000000000000e+02  -7.7270660500401505e+01
   6.9800000000000000e+02  -7.7429811689549297e+01
   6.9900000000000000e+02  -7.7544020624285693e+01
   7.0000000000000000e+02  -7.7172904691726302e+01
   7.0100000000000000e+02  -7.7656100045699603e+01
   7.0200000000000000e+02  -7.8095645311783002e+01
   7.0300000000000000e+02  -7.7595440446278502e+01
   7.0400000000000000e+02  -7.7547225669550897e+01
   7.0500000000000000e+02  -7.7366762816715294e+01
   7.0600000000000000e+02  -7.7571703582397305e+01
   7.0700000000000000e+02  -7.7492338755387394e+01
   7.0800000000000000e+02  -7.7792121905889204e+01
   7.0900000000000000e+02  -7.8343623408498800e+01
   7.1000000000000000e+02  -7.8218703997148296e+01
   7.1100000000000000e+02  -7.8161916621962206e+01
   7.1200000000000000e+02  -7.8322134830900595e+01
   7.1300000000000000e+02  -7.8452090340465602e+01
   7.1400000000000000e+02  -7.8420165465907601e+01
   7.1500000000000000e+02  -7.8042277260481200e+01
   7.1600000000000000e+02  -7.7631299861045093e+01
   7.1700000000000000e+02  -7.7866893530606006e+01
   7.1800000000000000e+02  -7.7668787697409698e+01
   7.1900000000000000e+02  -7.8073378628579107e+01
   7.2000000000000000e+02  -7.7609150859639797e+01
   7.2100000000000000e+02  -7.7297270356134803e+01
   7.2200000000000000e+02  -7.6789015800019499e+01
   7.2300000000000000e+02  -7.6923021753362406e+01
   7.2400000000000000e+02  -7.6883692172841705e+01
   7.2500000000000000e+02  -7.6712156671533094e+01
   7.2600000000000000e+02  -7.7012452782566996e+01
   7.2700000000000000e+02  -7.7104102131672903e+01
   7.2800000000000000e+02  -7.6688633126912805e+01
   7.2900000000000000e+02  -7.6514958443906906e+01
   7.3000000000000000e+02  -7.6662936171264107e+01
   7.3100000000000000e+02  -7.6068930651051204e+01
   7.3200000000000000e+02  -7.6227608068724706e+01
   7.3300000000000000e+02  -7.5961810546540804e+01
   7.3400000000000000e+02  -7.5862901297702805e+01
   7.3500000000000000e+02  -7.5846916166084696e+01
   7.3600000000000000e+02  -7.6070128847373397e+01
   7.3700000000000000e+02  -7.6535451370410399e+01
   7.3800000000000000e+02  -7.6495934803673904e+01
   7.3900000000000000e+02  -7.6534034017299803e+01
   7.4000000000000000e+02  -7.6357803427578006e+01
   7.4100000000000000e+02  -7.5819157329070904e+01
   7.4200000000000000e+02  -7.6096724781296203e+01
   7.4300000000000000e+02  -7.5798392188788398e+01
   7.4400000000000000e+02  -7.5979512020270207e+01
   7.4500000000000000e+02  -7.6078783864242496e+01
   7.4600000000000000e+02  -7.6112837942161704e+01
   7.4700000000000000e+02  -7.5787171098284503e+01
   7.4800000000000000e+02  -7.5744880851318996e+01
   7.4900000000000000e+02  -7.6049194875839902e+01
   7.5000000000000000e+02  -7.5535324946191295e+01
   7.5100000000000000e+02  -7.5657470412577595e+01
   7.5200000000000000e+02  -7.5699198990446206e+01
   7.5300000000000000e+02  -7.6014675909747993e+01
   7.5400000000000000e+02  -7.5814578694781105e+01
   7.5500000000000000e+02  -7.5599161328667705e+01
   7.5600000000000000e+02  -7.4883013631653199e+01
   7.5700000000000000e+02  -7.4893108700916002e+01
   7.5800000000000000e+02  -7.4824984034617799e+01
   7.5900000000000000e+02  -7.4874109216065804e+01
   7.6000000000000000e+02  -7.5073690743710102e+01
   7.6100000000000000e+02  -7.4929988676831002e+01
   7.6200000000000000e+02  -7.4945809347946494e+01
   7.6300000000000000e+02  -7.5008995553993302e+01
   7.6400000000000000e+02  -7.5630639215673099e+01
   7.6500000000000000e+02  -7.5679018949181994e+01
   7.6600000000000000e+02  -7.5011194432003805e+01
   7.6700000000000000e+02  -7.5024382815183500e+01
   7.6800000000000000e+02  -7.4885161517735099e+01
   7.6900000000000000e+02  -7.4913001883773902e+01
   7.7000000000000000e+02  -7.4772956102670904e+01
   7.7100000000000000e+02  -7.5174676670116796e+01
   7.7200000000000000e+02  -7.4965153747256494e+01
   7.7300000000000000e+02  -7.4949039886925107e+01
   7.7400000000000000e+02  -7.5197872956915006e+01
   7.7500000000000000e+02  -7.5628414482819295e+01
   7.7600000000000000e+02  -7.5695188167499694e+01
   7.7700000000000000e+02  -7.5781195776695796e+01
   7.7800000000000000e+02  -7.5990223051317301e+01
   7.7900000000000000e+02  -7.5908125854357607e+01
   7.8000000000000000e+02  -7.5373849246884205e+01
   7.8100000000000000e+02  -7.5581627112655099e+01
   7.8200000000000000e+02  -7.5379572941205197e+01
   7.8300000000000000e+02  -7.4962307562282803e+01
   7.8400000000000000e+02  -7.4966117070390993e+01
   7.8500000000000000e+02  -7.4604649634619406e+01
   7.8600000000000000e+02  -7.4699071106306306e+01
   7.8700000000000000e+02  -7.4980700409903307e+01
   7.8800000000000000e+02  -7.5026186933768798e+01
   7.8900000000000000e+02  -7.5021993514079696e+01
   7.9000000000000000e+02  -7.5075236940697494e+01
   7.9100000000000000e+02  -7.5381826057605593e+01
   7.9200000000000000e+02  -7.5574923162191396e+01
   7.9300000000000000e+02  -7.5455412153025307e+01
   7.9400000000000000e+02  -7.5484007749184002e+01
   7.9500000000000000e+02  -7.5861197424313502e+01
   7.9600000000000000e+02  -7.5344397731240804e+01
   7.9700000000000000e+02  -7.5209037265647794e+01
   7.9800000000000000e+02  -7.5360864912975501e+01
   7.9900000000000000e+02  -7.4959266527579203e+01
   8.0000000000000000e+02  -7.5039835632028996e+01
   8.0100000000000000e+02  -7.5774448724589803e+01
   8.0200000000000000e+02  -7.5442728631636001e+01
   8.0300000000000000e+02  -7.4947081926506101e+01
   8.0400000000000000e+02  -7.5137122874355498e+01
   8.0500000000000000e+02  -7.5078316722778098e+01
   8.0600000000000000e+02  -7.5132618521290397e+01
   8.0700000000000000e+02  -7.4828231606652494e+01
   8.0800000000000000e+02  -7.4856839711244305e+01
   8.0900000000000000e+02  -7.4678345386581199e+01
   8.1000000000000000e+02  -7.4112806972653999e+01
   8.1100000000000000e+02  -7.3993031388006301e+01
   8.1200000000000000e+02  -7.4187281410831005e+01
   8.1300000000000000e+02  -7.4739257889016102e+01
   8.1400000000000000e+02  -7.4917754978866000e+01
   8.1500000000000000e+02  -7.5000770335806706e+01
   8.1600000000000000e+02  -7.5100996313878994e+01
   8.1700000000000000e+02  -7.5363205773730598e+01
   8.1800000000000000e+02  -7.5523323793603595e+01
   8.1900000000000000e+02  -7.5245784804144506e+01
   8.2000000000000000e+02  -7.5497767428306005e+01
   8.2100000000000000e+02  -7.5191480909826794e+01
   8.2200000000000000e+02  -7.5293377534063893e+01
   8.2300000000000000e+02  -7.4892249501835494e+01
   8.2400000000000000e+02  -7.4735967016781998e+01
   8.2500000000000000e+02  -7.4857963121816098e+01
   8.2600000000000000e+02  -7.4375564477500205e+01
   8.2700000000000000e+02  -7.4326285939969694e+01
   8.2800000000000000e+02  -7.4243271379628098e+01
   8.2900000000000000e+02  -7.3997126955096604e+01
   8.3000000000000000e+02  -7.3447264226560307e+01
   8.3100000000000000e+02  -7.3466649145209701e+01
   8.3200000000000000e+02  -7.3689690962309101e+01
   8.3300000000000000e+02  -7.3868227494830606e+01
   8.3400000000000000e+02  -7.4031692650269505e+01
   8.3500000000000000e+02  -7.3161613310203506e+01
   8.3600000000000000e+02  -7.3125889477305506e+01
   8.3700000000000000e+02  -7.3268540643760502e+01
   8.3800000000000000e+02  -7.3285376868459693e+01
   8.3900000000000000e+02  -7.2596353313857804e+01
   8.4000000000000000e+02  -7.2834584540442194e+01
   8.4100000000000000e+02  -7.3138298095334306e+01
   8.4200000000000000e+02  -7.3040536335318095e+01
   8.4300000000000000e+02  -7.3294670890806003e+01
   8.4400000000000000e+02  -7.3610759052259397e+01
   8.4500000000000000e+02  -7.3703283286320200e+01
   8.4600000000000000e+02  -7.3509068143457597e+01
   8.4700000000000000e+02  -7.3785439856159101e+01
   8.4800000000000000e+02  -7.4125209203445607e+01
   8.4900000000000000e+02  -7.3818209310933497e+01
   8.5000000000000000e+02  -7.3764865659899897e+01
   8.5100000000000000e+02  -7.3803286875666203e+01
   8.5200000000000000e+02  -7.3163451199091298e+01
   8.5300000000000000e+02  -7.3793167589583902e+01
   8.5400000000000000e+02  -7.3793590921856804e+01
   8.5500000000000000e+02  -7.3885606941387906e+01
   8.5600000000000000e+02  -7.3946173798694105e+01
   8.5700000000000000e+02  -7.4084455071166403e+01
   8.5800000000000000e+02  -7.3571996999975795e+01
   8.5900000000000000e+02  -7.3845693782309795e+01
   8.6000000000000000e+02  -7.3752632387818593e+01
   8.6100000000000000e+02  -7.3710233713726495e+01
   8.6200000000000000e+02  -7.3820259560081695e+01
   8.6300000000000000e+02  -7.3763861826339607e+01
   8.6400000000000000e+02  -7.3926525748245595e+01
   8.6500000000000000e+02  -7.3619221950010498e+01
   8.6600000000000000e+02  -7.3521745029617904e+01
   8.6700000000000000e+02  -7.3964544829565000e+01
   8.6800000000000000e+02  -7.3921574740519006e+01
   8.6900000000000000e+02  -7.4376988359906804e+01
   8.7000000000000000e+02  -7.4840040623343100e+01
   8.7100000000000000e+02  -7.5927501011759205e+01
   8.7200000000000000e+02  -7.6305984639914200e+01
   8.7300000000000000e+02  -7.6062281694290405e+01
   8.7400000000000000e+02  -7.6471819429856794e+01
   8.7500000000000000e+02  -7.6737751458768201e+01
   8.7600000000000000e+02  -7.7035481925246302e+01
   8.7700000000000000e+02  -7.7311109148882693e+01
   8.7800000000000000e+02  -7.7186668146874794e+01
   8.7900000000000000e+02  -7.7029850669027397e+01
   8.8000000000000000e+02  -7.7321543496641198e+01
   8.8100000000000000e+02  -7.7406216466556401e+01
   8.8200000000000000e+02  -7.7203140668374203e+01
   8.8300000000000000e+02  -7.7478033096722100e+01
   8.8400000000000000e+02  -7.7782753212319705e+01
   8.8500000000000000e+02  -7.7618123754993107e+01
   8.8600000000000000e+02  -7.7430694662392895e+01
   8.8700000000000000e+02  -7.7690101361343494e+01
   8.8800000000000000e+02  -7.7600188306091198e+01
   8.8900000000000000e+02  -7.7296025429175103e+01
   8.9000000000000000e+02  -7.7358859481867000e+01
   8.9100000000000000e+02  -7.6868555941018201e+01
   8.9200000000000000e+02  -7.6449689573616297e+01
   8.9300000000000000e+02  -7.6450217929629105e+01
   8.9400000000000000e+02  -7.6569001790094902e+01
   8.9500000000000000e+02  -7.6002329833661406e+01
   8.9600000000000000e+02  -7.5634436375958302e+01
   8.9700000000000000e+02  -7.5936644106854004e+01
   8.9800000000000000e+02  -7.5772502756473898e+01
   8.9900000000000000e+02  -7.6293668490672303e+01
   9.0000000000000000e+02  -7.5952580206416897e+01
   9.0100000000000000e+02  -7.5340323758777799e+01
   9.0200000000000000e+02  -7.4985294267619196e+01
   9.0300000000000000e+02  -7.5431126212175599e+01
   9.0400000000000000e+02  -7.5568898252945900e+01
   9.0500000000000000e+02  -7.5561413147327897e+01
   9.0600000000000000e+02  -7.5397615005079601e+01
   9.0700000000000000e+02  -7.5511601437660602e+01
   9.0800000000000000e+02  -7.5537361815490797e+01
   9.0900000000000000e+02  -7.5269747131011599e+01
   9.1000000000000000e+02  -7.5349876354829803e+01
   9.1100000000000000e+02  -7.5662014818179301e+01
   9.1200000000000000e+02  -7.5354456212995501e+01
   9.1300000000000000e+02  -7.5087978765418399e+01
   9.1400000000000000e+02  -7.5282342318640701e+01
   9.1500000000000000e+02  -7.5757099260088694e+01
   9.1600000000000000e+02  -7.6073099662306603e+01
   9.1700000000000000e+02  -7.5678637353713000e+01
   9.1800000000000000e+02  -7.5520498722448394e+01
   9.1900000000000000e+02  -7.5440929195353505e+01
   9.2000000000000000e+02  -7.5464941250789494e+01
   9.2100000000000000e+02  -7.5178979277883300e+01
   9.2200000000000000e+02  -7.4843122367661195e+01
   9.2300000000000000e+02  -7.4747311052286705e+01
   9.2400000000000000e+02  -7.4565847222581297e+01
   9.2500000000000000e+02  -7.4586232627197802e+01
   9.2600000000000000e+02  -7.4817568096378693e+01
   9.2700000000000000e+02  -7.5056605487004802e+01
   9.2800000000000000e+02  -7.5049815445012996e+01
   9.2900000000000000e+02  -7.5812457415498500e+01
   9.3000000000000000e+02  -7.5707061305433896e+01
   9.3100000000000000e+02  -7.5611801616413203e+01
   9.3200000000000000e+02  -7.5682598050167698e+01
   9.3300000000000000e+02  -7.5827785732625600e+01
   9.3400000000000000e+02  -7.5913894943065600e+01
   9.3500000000000000e+02  -7.5282014632051997e+01
   9.3600000000000000e+02  -7.5099199088535698e+01
   9.3700000000000000e+02  -7.4394207635860695e+01
   9.3800000000000000e+02  -7.4756580910159897e+01
   9.3900000000000000e+02  -7.4901863720193305e+01
   9.4000000000000000e+02  -7.4376491265374199e+01
   9.4100000000000000e+02  -7.4430709565845305e+01
   9.4200000000000000e+02  -7.4133650656674504e+01
   9.4300000000000000e+02  -7.4093344519063507e+01
   9.4400000000000000e+02  -7.3541293732872703e+01
   9.4500000000000000e+02  -7.3599087891856698e+01
   9.4600000000000000e+02  -7.3315209317720601e+01
   9.4700000000000000e+02  -7.3359990864308102e+01
   9.4800000000000000e+02  -7.3297350424781598e+01
   9.4900000000000000e+02  -7.3143084779425294e+01
   9.5000000000000000e+02  -7.3381868234884806e+01
   9.5100000000000000e+02  -7.3771693048562696e+01
   9.5200000000000000e+02  -7.3867244745506099e+01
   9.5300000000000000e+02  -7.4115240822101001e+01
   9.5400000000000000e+02  -7.4078660129746794e+01
   9.5500000000000000e+02  -7.4661210720172605e+01
   9.5600000000000000e+02  -7.4507852711482798e+01
   9.5700000000000000e+02  -7.4568468209712194e+01
   9.5800000000000000e+02  -7.4516182851428198e+01
   9.5900000000000000e+02  -7.4460619901366101e+01
   9.6000000000000000e+02  -7.4928646552117698e+01
   9.6100000000000000e+02  -7.4467598932150494e+01
   9.6200000000000000e+02  -7.4587381118566299e+01
   9.6300000000000000e+02  -7.4726895600004895e+01
   9.6400000000000000e+02  -7.4650757093186698e+01
   9.6500000000000000e+02  -7.4642246417873693e+01
   9.6600000000000000e+02  -7.4643571099551096e+01
   9.6700000000000000e+02  -7.4507282465453500e+01
   9.6800000000000000e+02  -7.4607360286414803e+01
   9.6900000000000000e+02  -7.5080864930753293e+01
   9.7000000000000000e+02  -7.5013622330279503e+01
   9.7100000000000000e+02  -7.5147969022368599e+01
   9.7200000000000000e+02  -7.5448394909549904e+01
   9.7300000000000000e+02  -7.5589992544004502e+01
   9.7400000000000000e+02  -7.5711213290108802e+01
   9.7500000000000000e+02  -7.6365249077032203e+01
   9.7600000000000000e+02  -7.6399552115866996e+01
   9.7700000000000000e+02  -7.6398046539060402e+01
   9.7800000000000000e+02  -7.6544160786582097e+01
   9.7900000000000000e+02  -7.6568251862756000e+01
   9.8000000000000000e+02  -7.6262159863977601e+01
   9.8100000000000000e+02  -7.6219147066688905e+01
   9.8200000000000000e+02  -7.6376350644805996e+01
   9.8300000000000000e+02  -7.6335389839273802e+01
   9.8400000000000000e+02  -7.6422719819045099e+01
   9.8500000000000000e+02  -7.6854812071558499e+01
   9.8600000000000000e+02  -7.6880553451430103e+01
   9.8700000000000000e+02  -7.6991828138362493e+01
   9.8800000000000000e+02  -7.7108520679503698e+01
   9.8900000000000000e+02  -7.6858129555015196e+01
   9.9000000000000000e+02  -7.7207809931468304e+01
   9.9100000000000000e+02  -7.6955491233827203e+01
   9.9200000000000000e+02  -7.7109555025786506e+01
   9.9300000000000000e+02  -7.7506813070489102e+01
   9.9400000000000000e+02  -7.7608006185597802e+01
   9.9500000000000000e+02  -7.7445642893892398e+01
   9.9600000000000000e+02  -7.7522711199022297e+01
   9.9700000000000000e+02  -7.6758736249126002e+01
   9.9800000000000000e+02  -7.6550448385522202e+01
   9.9900000000000000e+02  -7.6003729929941102e+01
   1.0000000000000000e+03  -7.5895967443723904e+01
   1.0010000000000000e+03  -7.5342779709875700e+01
   1.0020000000000000e+03  -7.4696924022286396e+01
   1.0030000000000000e+03  -7.4369650478043098e+01
   1.0040000000000000e+03  -7.4392896901065200e+01
   1.0050000000000000e+03  -7.4529281238194599e+01
   1.0060000000000000e+03  -7.4080865808576306e+01
   1.0070000000000000e+03  -7.3932038536151396e+01
   1.0080000000000000e+03  -7.4151416762410093e+01
   1.0090000000000000e+03  -7.4070888472453504e+01
   1.0100000000000000e+03  -7.4175890284903204e+01
   1.0110000000000000e+03  -7.4065879010070503e+01
   1.0120000000000000e+03  -7.3762736027530096e+01
   1.0130000000000000e+03  -7.4253713655546093e+01
   1.0140000000000000e+03  -7.4293993532471305e+01
   1.0150000000000000e+03  -7.3688580718164602e+01
   1.0160000000000000e+03  -7.3798558708390999e+01
   1.0170000000000000e+03  -7.3850510363105698e+01
   1.0180000000000000e+03  -7.3719400900576701e+01
   1.0190000000000000e+03  -7.3225997692859707e+01
   1.0200000000000000e+03  -7.3068840477061897e+01
   1.0210000000000000e+03  -7.3226798083520293e+01
   1.0220000000000000e+03  -7.3677455339227507e+01
   1.0230000000000000e+03  -7.3494974377407900e+01
   1.0240000000000000e+03  -7.2662726103766502e+01
   1.0250000000000000e+03  -7.2495163325010793e+01
   1.0260000000000000e+03  -7.2613570948632997e+01
   1.0270000000000000e+03  -7.2211928654953795e+01
   1.0280000000000000e+03  -7.1849744057944605e+01
   1.0290000000000000e+03  -7.1935498640151906e+01
   1.0300000000000000e+03  -7.2239274761941203e+01
   1.0310000000000000e+03  -7.2228182505442305e+01
   1.0320000000000000e+03  -7.2116049568763302e+01
   1.0330000000000000e+03  -7.1793735147425906e+01
   1.0340000000000000e+03  -7.1942995015201305e+01
   1.0350000000000000e+03  -7.1698792566885402e+01
   1.0360000000000000e+03  -7.1759877182046907e+01
   1.0370000000000000e+03  -7.1757879411379903e+01
   1.0380000000000000e+03  -7.2367989822870101e+01
   1.0390000000000000e+03  -7.2465736279067002e+01
   1.0400000000000000e+03  -7.2684942795552402e+01
   1.0410000000000000e+03  -7.2740484021345694e+01
   1.0420000000000000e+03  -7.2558507531585704e+01
   1.0430000000000000e+03  -7.2266400595613007e+01
   1.0440000000000000e+03  -7.2186281206927603e+01
   1.0450000000000000e+03  -7.1862412764257797e+01
   1.0460000000000000e+03  -7.1398231538127604e+01
   1.0470000000000000e+03  -7.1267741582915306e+01
   1.0480000000000000e+03  -7.1494106749819906e+01
   1.0490000000000000e+03  -7.1894188298388102e+01
   1.0500000000000000e+03  -7.1600898741810298e+01
   1.0510000000000000e+03  -7.1677185677567707e+01
   1.0520000000000000e+03  -7.1742709960498402e+01
   1.0530000000000000e+03  -7.1942199835671602e+01
   1.0540000000000000e+03  -7.1954213786759198e+01
   1.0550000000000000e+03  -7.1826799207945399e+01
   1.0560000000000000e+03  -7.1438709633366202e+01
   1.0570000000000000e+03  -7.1421807674313698e+01
   1.0580000000000000e+03  -7.1024628489715596e+01
   1.0590000000000000e+03  -7.0877118034783294e+01
   1.0600000000000000e+03  -7.1020022834340296e+01
