  -1.0000000000000000e+02  -7.5443558149394207e+01
  -9.9000000000000000e+01  -7.5525975240608204e+01
  -9.8000000000000000e+01  -7.5902011869271604e+01
  -9.7000000000000000e+01  -7.6191440916583502e+01
  -9.6000000000000000e+01  -7.5619846254900196e+01
  -9.5000000000000000e+01  -7.5757820118486194e+01
  -9.4000000000000000e+01  -7.5420813401935803e+01
  -9.3000000000000000e+01  -7.5109160760728599e+01
  -9.2000000000000000e+01  -7.5307319600075900e+01
  -9.1000000000000000e+01  -7.5811527317851201e+01
  -9.0000000000000000e+01  -7.5826142285562000e+01
  -8.9000000000000000e+01  -7.5709842140724405e+01
  -8.8000000000000000e+01  -7.5889097441820297e+01
  -8.7000000000000000e+01  -7.5652959875101800e+01
  -8.6000000000000000e+01  -7.5313162112846399e+01
  -8.5000000000000000e+01  -7.5472234306569305e+01
  -8.4000000000000000e+01  -7.5081545833414907e+01
  -8.3000000000000000e+01  -7.5104123138265606e+01
  -8.2000000000000000e+01  -7.4937394099681200e+01
  -8.1000000000000000e+01  -7.4781376133306196e+01
  -8.0000000000000000e+01  -7.4195785049214507e+01
  -7.9000000000000000e+01  -7.3775919473558602e+01
  -7.8000000000000000e+01  -7.3217922067323997e+01
  -7.7000000000000000e+01  -7.3476477550385198e+01
  -7.6000000000000000e+01  -7.3583575139293600e+01
  -7.5000000000000000e+01  -7.3198420841583896e+01
  -7.4000000000000000e+01  -7.3209629276061804e+01
  -7.3000000000000000e+01  -7.2934382363237503e+01
  -7.2000000000000000e+01  -7.3165357310276903e+01
  -7.1000000000000000e+01  -7.3085597921723803e+01
  -7.0000000000000000e+01  -7.3882478036088401e+01
  -6.9000000000000000e+01  -7.4204411911097793e+01
  -6.8000000000000000e+01  -7.4254661258069902e+01
  -6.7000000000000000e+01  -7.4388172537863696e+01
  -6.6000000000000000e+01  -7.4140923888821206e+01
  -6.5000000000000000e+01  -7.4106398454473705e+01
  -6.4000000000000000e+01  -7.4104416795184903e+01
  -6.3000000000000000e+01  -7.4084179552369903e+01
  -6.2000000000000000e+01  -7.3721796723824198e+01
  -6.1000000000000000e+01  -7.3532778972551796e+01
  -6.0000000000000000e+01  -7.3062025555768798e+01
  -5.9000000000000000e+01  -7.3079891400408002e+01
  -5.8000000000000000e+01  -7.3285367883903703e+01
  -5.7000000000000000e+01  -7.3001387072888093e+01
  -5.6000000000000000e+01  -7.2923329344183998e+01
  -5.5000000000000000e+01  -7.2856773472707104e+01
  -5.4000000000000000e+01  -7.2935105438685000e+01
  -5.3000000000000000e+01  -7.2981098464633106e+01
  -5.2000000000000000e+01  -7.2917803258445502e+01
  -5.1000000000000000e+01  -7.2403702972445501e+01
  -5.0000000000000000e+01  -7.2294430508142497e+01
  -4.9000000000000000e+01  -7.1721680189824795e+01
  -4.8000000000000000e+01  -7.2055264965691507e+01
  -4.7000000000000000e+01  -7.2218903694348597e+01
  -4.6000000000000000e+01  -7.2161712859057005e+01
  -4.5000000000000000e+01  -7.2110892193122794e+01
  -4.4000000000000000e+01  -7.1753009725869006e+01
  -4.3000000000000000e+01  -7.1740305018171298e+01
  -4.2000000000000000e+01  -7.2085783033495005e+01
  -4.1000000000000000e+01  -7.1703088548875300e+01
  -4.0000000000000000e+01  -7.1434879066738205e+01
  -3.9000000000000000e+01  -7.1302700938332507e+01
  -3.8000000000000000e+01  -7.1026810073902496e+01
  -3.7000000000000000e+01  -7.0878769042119004e+01
  -3.6000000000000000e+01  -7.0102033970736301e+01
  -3.5000000000000000e+01  -7.0231786252713505e+01
  -3.4000000000000000e+01  -7.0136910801255695e+01
  -3.3000000000000000e+01  -6.9942477399798904e+01
  -3.2000000000000000e+01  -6.9708974909077000e+01
  -3.1000000000000000e+01  -6.9597082751128596e+01
  -3.0000000000000000e+01  -6.9272790324541205e+01
  -2.9000000000000000e+01  -6.9216392704655902e+01
  -2.8000000000000000e+01  -6.9468222092153198e+01
  -2.7000000000000000e+01  -6.9188580629946600e+01
  -2.6000000000000000e+01  -6.9407745689820501e+01
  -2.5000000000000000e+01  -6.9196588479720106e+01
  -2.4000000000000000e+01  -6.9105776296117099e+01
  -2.3000000000000000e+01  -6.9084020215578704e+01
  -2.2000000000000000e+01  -6.9234001610492697e+01
  -2.1000000000000000e+01  -6.8413335864719002e+01
  -2.0000000000000000e+01  -6.8433562985395497e+01
  -1.9000000000000000e+01  -6.7952839068868101e+01
  -1.8000000000000000e+01  -6.7541564759678707e+01
  -1.7000000000000000e+01  -6.7078657201264903e+01
  -1.6000000000000000e+01  -6.6394845955541399e+01
  -1.5000000000000000e+01  -6.5937980114905599e+01
  -1.4000000000000000e+01  -6.5612743908233696e+01
  -1.3000000000000000e+01  -6.5147911389068497e+01
  -1.2000000000000000e+01  -6.4963495910325705e+01
  -1.1000000000000000e+01  -6.4397872339748204e+01
  -1.0000000000000000e+01  -6.4039955111518907e+01
  -9.0000000000000000e+00  -6.4254712943494496e+01
  -8.0000000000000000e+00  -6.3613382644418500e+01
  -7.0000000000000000e+00  -6.2975207465398498e+01
  -6.0000000000000000e+00  -6.1947357218074004e+01
  -5.0000000000000000e+00  -6.0942843489843398e+01
  -4.0000000000000000e+00  -5.9338619919021298e+01
  -3.0000000000000000e+00  -5.6575582802242401e+01
  -2.0000000000000000e+00  -5.2420648335215198e+01
  -1.0000000000000000e+00  -3.8491260365013098e+01
   0.0000000000000000e+00  -8.6347922327624502e+00
   1.0000000000000000e+00   8.3722707567110195e+00
   2.0000000000000000e+00   1.7877532035860600e+01
   3.0000000000000000e+00   2.2852354005681899e+01
   4.0000000000000000e+00   2.5263793931189198e+01
   5.0000000000000000e+00   2.6320235422479300e+01
   6.0000000000000000e+00   2.7032348409583602e+01
   7.0000000000000000e+00   2.7351996212213599e+01
   8.0000000000000000e+00   2.7604860802837699e+01
   9.0000000000000000e+00   2.7924303563261098e+01
   1.0000000000000000e+01   2.8055096268452399e+01
   1.1000000000000000e+01   2.8482716562518501e+01
   1.2000000000000000e+01   2.8340650827700198e+01
   1.3000000000000000e+01   2.8410140611071100e+01
   1.4000000000000000e+01   2.9235287124828801e+01
   1.5000000000000000e+01   3.0003732632026502e+01
   1.6000000000000000e+01   2.9997644614897801e+01
   1.7000000000000000e+01   3.0190578089589501e+01
   1.8000000000000000e+01   3.0510572690132800e+01
   1.9000000000000000e+01   3.0964558713946499e+01
   2.0000000000000000e+01   3.0890816412211102e+01
   2.1000000000000000e+01   3.1387737855083699e+01
   2.2000000000000000e+01   3.1633377644524298e+01
   2.3000000000000000e+01   3.1605547448556202e+01
   2.4000000000000000e+01   3.1807031942672101e+01
   2.5000000000000000e+01   3.2112345116059700e+01
   2.6000000000000000e+01   3.2080915611565899e+01
   2.7000000000000000e+01   3.1721679370516199e+01
   2.8000000000000000e+01   3.2206388509787097e+01
   2.9000000000000000e+01   3.2227046930698499e+01
   3.0000000000000000e+01   3.1806358448338599e+01
   3.1000000000000000e+01   3.1713819046128499e+01
   3.2000000000000000e+01   3.1223270956573600e+01
   3.3000000000000000e+01   3.1328576477446902e+01
   3.4000000000000000e+01   3.1505045407940099e+01
   3.5000000000000000e+01   3.1272371576416699e+01
   3.6000000000000000e+01   3.1060757051425899e+01
   3.7000000000000000e+01   3.0653288632541798e+01
   3.8000000000000000e+01   3.0797834920434099e+01
   3.9000000000000000e+01   3.1028528442290401e+01
   4.0000000000000000e+01   3.1239914894893701e+01
   4.1000000000000000e+01   3.1091308553206002e+01
   4.2000000000000000e+01   3.1257886142169198e+01
   4.3000000000000000e+01   3.1331950068863701e+01
   4.4000000000000000e+01   3.1819337661988001e+01
   4.5000000000000000e+01   3.2115479291746503e+01
   4.6000000000000000e+01   3.2321736443202497e+01
   4.7000000000000000e+01   3.2344140216763201e+01
   4.8000000000000000e+01   3.2197778840701403e+01
   4.9000000000000000e+01   3.2571177036326297e+01
   5.0000000000000000e+01   3.2063371066572799e+01
   5.1000000000000000e+01   3.2457428137958800e+01
   5.2000000000000000e+01   3.3220594331349297e+01
   5.3000000000000000e+01   3.2623204643452802e+01
   5.4000000000000000e+01   3.2671894220827198e+01
   5.5000000000000000e+01   3.3216245789260199e+01
   5.6000000000000000e+01   3.3439565516143801e+01
   5.7000000000000000e+01   3.3453838246206402e+01
   5.8000000000000000e+01   3.3731525729770198e+01
   5.9000000000000000e+01   3.3926424480139900e+01
   6.0000000000000000e+01   3.3496876590559097e+01
   6.1000000000000000e+01   3.3540220880003901e+01
   6.2000000000000000e+01   3.3905967962511902e+01
   6.3000000000000000e+01   3.3556532919475700e+01
   6.4000000000000000e+01   3.3867475724223503e+01
   6.5000000000000000e+01   3.3960257797359198e+01
   6.6000000000000000e+01   3.4368329966044399e+01
   6.7000000000000000e+01   3.4780446973619597e+01
   6.8000000000000000e+01   3.5159045459137403e+01
   6.9000000000000000e+01   3.5201196004707000e+01
   7.0000000000000000e+01   3.5044218823967697e+01
   7.1000000000000000e+01   3.5222084111850400e+01
   7.2000000000000000e+01   3.5490142170796801e+01
   7.3000000000000000e+01   3.5158642758592997e+01
   7.4000000000000000e+01   3.4851521296132802e+01
   7.5000000000000000e+01   3.4592946555591404e+01
   7.6000000000000000e+01   3.5208942743543801e+01
   7.7000000000000000e+01   3.5339644462805602e+01
   7.8000000000000000e+01   3.5421660226930797e+01
   7.9000000000000000e+01   3.5498480814192597e+01
   8.0000000000000000e+01   3.5185482037728796e+01
   8.1000000000000000e+01   3.5162190820013997e+01
   8.2000000000000000e+01   3.5793106456603503e+01
   8.3000000000000000e+01   3.6056454327752000e+01
   8.4000000000000000e+01   3.6165364705326297e+01
   8.5000000000000000e+01   3.6735076458940497e+01
   8.6000000000000000e+01   3.6496962683116998e+01
   8.7000000000000000e+01   3.6066407382385201e+01
   8.8000000000000000e+01   3.6069708782454100e+01
   8.9000000000000000e+01   3.6280411644994203e+01
   9.0000000000000000e+01   3.6433855149939397e+01
   9.1000000000000000e+01   3.6497304364029603e+01
   9.2000000000000000e+01   3.6751079052801998e+01
   9.3000000000000000e+01   3.6874802831193101e+01
   9.4000000000000000e+01   3.7002098192151500e+01
   9.5000000000000000e+01   3.6931233119099701e+01
   9.6000000000000000e+01   3.6741386018686697e+01
   9.7000000000000000e+01   3.7150032785739803e+01
   9.8000000000000000e+01   3.6905621373386097e+01
   9.9000000000000000e+01   3.6356754302355000e+01
   1.0000000000000000e+02   3.6754476291434599e+01
   1.0100000000000000e+02   3.6928316334990299e+01
   1.0200000000000000e+02   3.6795042331000502e+01
   1.0300000000000000e+02   3.6794155804294299e+01
   1.0400000000000000e+02   3.6289788728194097e+01
   1.0500000000000000e+02   3.5794620963143501e+01
   1.0600000000000000e+02   3.5482612863835101e+01
   1.0700000000000000e+02   3.5980331605718902e+01
   1.0800000000000000e+02   3.6225967694510999e+01
   1.0900000000000000e+02   3.6318306508616999e+01
   1.1000000000000000e+02   3.6336488840254098e+01
   1.1100000000000000e+02   3.5874685563224801e+01
   1.1200000000000000e+02   3.5595516393066198e+01
   1.1300000000000000e+02   3.5684466393664003e+01
   1.1400000000000000e+02   3.6009054611973703e+01
   1.1500000000000000e+02   3.5852699547306401e+01
   1.1600000000000000e+02   3.5708634517948099e+01
   1.1700000000000000e+02   3.5659108605119698e+01
   1.1800000000000000e+02   3.5368886055887302e+01
   1.1900000000000000e+02   3.5569451527775598e+01
   1.2000000000000000e+02   3.5705869304215497e+01
   1.2100000000000000e+02   3.4978615591526001e+01
   1.2200000000000000e+02   3.5021638636289097e+01
   1.2300000000000000e+02   3.5106420517585100e+01
   1.2400000000000000e+02   3.5221785202337401e+01
   1.2500000000000000e+02   3.4860003077054898e+01
   1.2600000000000000e+02   3.4955641424999001e+01
   1.2700000000000000e+02   3.4547978712233203e+01
   1.2800000000000000e+02   3.4517379181855901e+01
   1.2900000000000000e+02   3.4374573451475399e+01
   1.3000000000000000e+02   3.4303265163518901e+01
   1.3100000000000000e+02   3.4103238623342598e+01
   1.3200000000000000e+02   3.4085378382565501e+01
   1.3300000000000000e+02   3.4585243003928099e+01
   1.3400000000000000e+02   3.4703895509543500e+01
   1.3500000000000000e+02   3.3756622988051603e+01
   1.3600000000000000e+02   3.3726962911696397e+01
   1.3700000000000000e+02   3.3540783716297703e+01
   1.3800000000000000e+02   3.3380439094797403e+01
   1.3900000000000000e+02   3.3145949144090899e+01
   1.4000000000000000e+02   3.3196848738996799e+01
   1.4100000000000000e+02   3.2967797959529300e+01
   1.4200000000000000e+02   3.2479589670110300e+01
   1.4300000000000000e+02   3.2664145042686002e+01
   1.4400000000000000e+02   3.2486625261901800e+01
   1.4500000000000000e+02   3.2773243140108100e+01
   1.4600000000000000e+02   3.2079479043345302e+01
   1.4700000000000000e+02   3.2495111895873798e+01
   1.4800000000000000e+02   3.2413602067390997e+01
   1.4900000000000000e+02   3.2721056914508701e+01
   1.5000000000000000e+02   3.3046875544286003e+01
   1.5100000000000000e+02   3.3034199790312599e+01
   1.5200000000000000e+02   3.2858519677456698e+01
   1.5300000000000000e+02   3.2861352920286798e+01
   1.5400000000000000e+02   3.3018731370301403e+01
   1.5500000000000000e+02   3.2947944713067201e+01
   1.5600000000000000e+02   3.2994615188262102e+01
   1.5700000000000000e+02   3.3019257660118100e+01
   1.5800000000000000e+02   3.2656873240869899e+01
   1.5900000000000000e+02   3.2625422673128497e+01
   1.6000000000000000e+02   3.2466440982807001e+01
   1.6100000000000000e+02   3.2079181312495898e+01
   1.6200000000000000e+02   3.2175764649657602e+01
   1.6300000000000000e+02   3.2301174057736802e+01
   1.6400000000000000e+02   3.1899229748506901e+01
   1.6500000000000000e+02   3.1532120205013602e+01
   1.6600000000000000e+02   3.1544316595810901e+01
   1.6700000000000000e+02   3.1417665969513902e+01
   1.6800000000000000e+02   3.1714079372128300e+01
   1.6900000000000000e+02   3.2119229108491503e+01
   1.7000000000000000e+02   3.2123168650995197e+01
   1.7100000000000000e+02   3.2451281616963598e+01
   1.7200000000000000e+02   3.2194469543368200e+01
   1.7300000000000000e+02   3.2115081474223501e+01
   1.7400000000000000e+02   3.2384720854991699e+01
   1.7500000000000000e+02   3.2278920241527501e+01
   1.7600000000000000e+02   3.1933026089086699e+01
   1.7700000000000000e+02   3.2519039968254702e+01
   1.7800000000000000e+02   3.2514261827395003e+01
   1.7900000000000000e+02   3.2019771988173702e+01
   1.8000000000000000e+02   3.1893501443375399e+01
   1.8100000000000000e+02   3.1814399163512999e+01
   1.8200000000000000e+02   3.1803002360243301e+01
   1.8300000000000000e+02   3.1839454483361500e+01
   1.8400000000000000e+02   3.1536443608898502e+01
   1.8500000000000000e+02   3.0948555732153800e+01
   1.8600000000000000e+02   3.0132059329756601e+01
   1.8700000000000000e+02   2.9827008851274201e+01
   1.8800000000000000e+02   2.9805385513939498e+01
   1.8900000000000000e+02   2.9161384289158701e+01
   1.9000000000000000e+02   2.9203734020049598e+01
   1.9100000000000000e+02   2.9179938962758101e+01
   1.9200000000000000e+02   2.9286760444204500e+01
   1.9300000000000000e+02   2.8964621713744599e+01
   1.9400000000000000e+02   2.8846833709646400e+01
   1.9500000000000000e+02   2.8593379672339701e+01
   1.9600000000000000e+02   2.8979773983423499e+01
   1.9700000000000000e+02   2.8707502859727001e+01
   1.9800000000000000e+02   2.9029581392398001e+01
   1.9900000000000000e+02   2.8682797454757502e+01
   2.0000000000000000e+02   2.8854239951631499e+01
   2.0100000000000000e+02   2.8925526751170501e+01
   2.0200000000000000e+02   2.9174640357964901e+01
   2.0300000000000000e+02   2.8940225739251801e+01
   2.0400000000000000e+02   2.8358056850529799e+01
   2.0500000000000000e+02   2.8427653849657201e+01
   2.0600000000000000e+02   2.8783730751460599e+01
   2.0700000000000000e+02   2.9013908658422199e+01
   2.0800000000000000e+02   2.8803272173461700e+01
   2.0900000000000000e+02   2.9032748576800401e+01
   2.1000000000000000e+02   2.8651928114994600e+01
   2.1100000000000000e+02   2.8444418964605699e+01
   2.1200000000000000e+02   2.8157337100952098e+01
   2.1300000000000000e+02   2.8028355861339399e+01
   2.1400000000000000e+02   2.7896656116466801e+01
   2.1500000000000000e+02   2.7491454491910300e+01
   2.1600000000000000e+02   2.7564344430805601e+01
   2.1700000000000000e+02   2.7788402418129898e+01
   2.1800000000000000e+02   2.7159086594662199e+01
   2.1900000000000000e+02   2.6584790127602599e+01
   2.2000000000000000e+02   2.6550994016884101e+01
   2.2100000000000000e+02   2.6271152015483999e+01
   2.2200000000000000e+02   2.5985602885393700e+01
   2.2300000000000000e+02   2.6146365711116200e+01
   2.2400000000000000e+02   2.5686466674383599e+01
   2.2500000000000000e+02   2.5888499840361000e+01
   2.2600000000000000e+02   2.5848958785765799e+01
   2.2700000000000000e+02   2.5919219356034699e+01
   2.2800000000000000e+02   2.5860771896626499e+01
   2.2900000000000000e+02   2.5525310959027500e+01
   2.3000000000000000e+02   2.5468096243433401e+01
   2.3100000000000000e+02   2.5640004335189900e+01
   2.3200000000000000e+02   2.5626816278499899e+01
   2.3300000000000000e+02   2.5765600454460401e+01
   2.3400000000000000e+02   2.6048783268721699e+01
   2.3500000000000000e+02   2.5830935770880799e+01
   2.3600000000000000e+02   2.5763030297668799e+01
   2.3700000000000000e+02   2.5659750125765200e+01
   2.3800000000000000e+02   2.6429202050816201e+01
   2.3900000000000000e+02   2.6295077501922300e+01
   2.4000000000000000e+02   2.6546539027088301e+01
   2.4100000000000000e+02   2.6373149734809701e+01
   2.4200000000000000e+02   2.6788173255811301e+01
   2.4300000000000000e+02   2.6327088662753301e+01
   2.4400000000000000e+02   2.5907112361358500e+01
   2.4500000000000000e+02   2.6029355965158398e+01
   2.4600000000000000e+02   2.5886818421520701e+01
   2.4700000000000000e+02   2.5963898698444499e+01
   2.4800000000000000e+02   2.5857120188386201e+01
   2.4900000000000000e+02   2.5631081222723999e+01
   2.5000000000000000e+02   2.4925741417327000e+01
   2.5100000000000000e+02   2.4838351962666099e+01
   2.5200000000000000e+02   2.4400646588241798e+01
   2.5300000000000000e+02   2.4087277547289400e+01
   2.5400000000000000e+02   2.3765073308487100e+01
   2.5500000000000000e+02   2.4206549389437399e+01
   2.5600000000000000e+02   2.3926883368915501e+01
   2.5700000000000000e+02   2.3680077586369801e+01
   2.5800000000000000e+02   2.3535725749460600e+01
   2.5900000000000000e+02   2.3102288829393899e+01
   2.6000000000000000e+02   2.2959151447265100e+01
   2.6100000000000000e+02   2.2780899882244999e+01
   2.6200000000000000e+02   2.2897979712415601e+01
   2.6300000000000000e+02   2.2799231807626601e+01
   2.6400000000000000e+02   2.2447503522007899e+01
   2.6500000000000000e+02   2.1857129182651100e+01
   2.6600000000000000e+02   2.1942325509203201e+01
   2.6700000000000000e+02   2.2079339396642698e+01
   2.6800000000000000e+02   2.1767418368904401e+01
   2.6900000000000000e+02   2.1785336833515501e+01
   2.7000000000000000e+02   2.1307908525663201e+01
   2.7100000000000000e+02   2.0182589025766202e+01
   2.7200000000000000e+02   2.0019137075325499e+01
   2.7300000000000000e+02   1.9948872294607501e+01
   2.7400000000000000e+02   1.9736563241279502e+01
   2.7500000000000000e+02   1.9815600178298400e+01
   2.7600000000000000e+02   1.9749675676166401e+01
   2.7700000000000000e+02   1.9630608664366399e+01
   2.7800000000000000e+02   1.9250209446172800e+01
   2.7900000000000000e+02   1.9398190751754900e+01
   2.8000000000000000e+02   1.9335918827939999e+01
   2.8100000000000000e+02   1.9454306759730098e+01
   2.8200000000000000e+02   1.9501332839316799e+01
   2.8300000000000000e+02   1.9948755675240601e+01
   2.8400000000000000e+02   2.0220000041088600e+01
   2.8500000000000000e+02   2.0280786888034601e+01
   2.8600000000000000e+02   2.0217455263685899e+01
   2.8700000000000000e+02   1.9922739979330700e+01
   2.8800000000000000e+02   1.9542445914315401e+01
   2.8900000000000000e+02   1.9496396960170902e+01
   2.9000000000000000e+02   1.9402050027286400e+01
   2.9100000000000000e+02   1.9551810635904999e+01
   2.9200000000000000e+02   1.9161686465448600e+01
   2.9300000000000000e+02   1.9027026869478700e+01
   2.9400000000000000e+02   1.8978288741438600e+01
   2.9500000000000000e+02   1.8296566472790101e+01
   2.9600000000000000e+02   1.7527277013096001e+01
   2.9700000000000000e+02   1.7691662895708301e+01
   2.9800000000000000e+02   1.7592284860500900e+01
   2.9900000000000000e+02   1.7445780221946102e+01
   3.0000000000000000e+02   1.7654199664450999e+01
   3.0100000000000000e+02   1.8232101714332199e+01
   3.0200000000000000e+02   1.7760512678703801e+01
   3.0300000000000000e+02   1.7349796193391199e+01
   3.0400000000000000e+02   1.7225960462947000e+01
   3.0500000000000000e+02   1.7129419812019801e+01
   3.0600000000000000e+02   1.6450845350808301e+01
   3.0700000000000000e+02   1.6823080398833199e+01
   3.0800000000000000e+02   1.6538103329396002e+01
   3.0900000000000000e+02   1.6205733887723198e+01
   3.1000000000000000e+02   1.5974450653280700e+01
   3.1100000000000000e+02   1.5856358840258800e+01
   3.1200000000000000e+02   1.5699073646126100e+01
   3.1300000000000000e+02   1.5758162622146800e+01
   3.1400000000000000e+02   1.5595690943124000e+01
   3.1500000000000000e+02   1.5094160346405500e+01
   3.1600000000000000e+02   1.4918105295992300e+01
   3.1700000000000000e+02   1.4514661931156599e+01
   3.1800000000000000e+02   1.4934177293553200e+01
   3.1900000000000000e+02   1.5101695821529900e+01
   3.2000000000000000e+02   1.5113249024657900e+01
   3.2100000000000000e+02   1.4617719455109899e+01
   3.2200000000000000e+02   1.4386972858168900e+01
   3.2300000000000000e+02   1.4157831658242200e+01
   3.2400000000000000e+02   1.3972844596033701e+01
   3.2500000000000000e+02   1.3592522499294301e+01
   3.2600000000000000e+02   1.3134014586972199e+01
   3.2700000000000000e+02   1.3098224423971400e+01
   3.2800000000000000e+02   1.3042901404811101e+01
   3.2900000000000000e+02   1.2609347913349501e+01
   3.3000000000000000e+02   1.2000999017584499e+01
   3.3100000000000000e+02   1.1564526802607700e+01
   3.3200000000000000e+02   1.0943136306333800e+01
   3.3300000000000000e+02   9.9205641016508892e+00
   3.3400000000000000e+02   1.0048417133545501e+01
   3.3500000000000000e+02   9.7674207551352197e+00
   3.3600000000000000e+02   9.5922876612173607e+00
   3.3700000000000000e+02   8.9388886524290108e+00
   3.3800000000000000e+02   9.3422611450037802e+00
   3.3900000000000000e+02   9.5988052516344897e+00
   3.4000000000000000e+02   9.3738129085848598e+00
   3.4100000000000000e+02   9.2598089707530704e+00
   3.4200000000000000e+02   9.0821508470571004e+00
   3.4300000000000000e+02   8.7737315399931592e+00
   3.4400000000000000e+02   8.7925133915787299e+00
   3.4500000000000000e+02   8.4074426587354392e+00
   3.4600000000000000e+02   8.5688686786559707e+00
   3.4700000000000000e+02   8.2225890065839895e+00
   3.4800000000000000e+02   8.9342515280364196e+00
   3.4900000000000000e+02   8.9962711999021892e+00
   3.5000000000000000e+02   8.5296060835754606e+00
   3.5100000000000000e+02   8.9323486873488491e+00
   3.5200000000000000e+02   8.4178843181390608e+00
   3.5300000000000000e+02   8.2566331989108299e+00
   3.5400000000000000e+02   8.0559655627068594e+00
   3.5500000000000000e+02   7.8511838675089098e+00
   3.5600000000000000e+02   7.4830016184572798e+00
   3.5700000000000000e+02   7.3747530149097900e+00
   3.5800000000000000e+02   7.0298619348036500e+00
   3.5900000000000000e+02   6.7380782385038200e+00
   3.6000000000000000e+02   6.3575579276164698e+00
   3.6100000000000000e+02   6.3462257457885700e+00
   3.6200000000000000e+02   5.9891015078135901e+00
   3.6300000000000000e+02   5.8342925317298304e+00
   3.6400000000000000e+02   5.3632768689929096e+00
   3.6500000000000000e+02   5.7169205573365600e+00
   3.6600000000000000e+02   5.5191735362896397e+00
   3.6700000000000000e+02   5.5201598773570204e+00
   3.6800000000000000e+02   5.3716482240785801e+00
   3.6900000000000000e+02   5.0012322370765503e+00
   3.7000000000000000e+02   4.5875482106749299e+00
   3.7100000000000000e+02   4.2559211152611498e+00
   3.7200000000000000e+02   3.8309219919287698e+00
   3.7300000000000000e+02   3.5780325792707401e+00
   3.7400000000000000e+02   3.7423271010921799e+00
   3.7500000000000000e+02   3.6227661215929499e+00
   3.7600000000000000e+02   3.0661107820264002e+00
   3.7700000000000000e+02   3.1243819957527399e+00
   3.7800000000000000e+02   2.5041688957274300e+00
   3.7900000000000000e+02   2.5967507492952100e+00
   3.8000000000000000e+02   2.3468843858299300e+00
   3.8100000000000000e+02   2.3745302962209500e+00
   3.8200000000000000e+02   1.9759043777381400e+00
   3.8300000000000000e+02   1.7294357835485701e+00
   3.8400000000000000e+02   1.1450021674807200e+00
   3.8500000000000000e+02   1.3499871198471300e+00
   3.8600000000000000e+02   1.5891841540564600e+00
   3.8700000000000000e+02   1.3388020805612899e+00
   3.8800000000000000e+02   1.1271516049490200e+00
   3.8900000000000000e+02   8.4465953284373996e-01
   3.9000000000000000e+02   8.5117589613277700e-02
   3.9100000000000000e+02  -4.8906996184693502e-01
   3.9200000000000000e+02  -4.7394375548578299e-01
   3.9300000000000000e+02  -6.5338820205561599e-01
   3.9400000000000000e+02  -1.4362734895450899e+00
   3.9500000000000000e+02  -1.4272881933287700e+00
   3.9600000000000000e+02  -1.3512326456128900e+00
   3.9700000000000000e+02  -1.8980496664160500e+00
   3.9800000000000000e+02  -2.0010358361873899e+00
   3.9900000000000000e+02  -2.5157284336204899e+00
   4.0000000000000000e+02  -2.8693623834348698e+00
   4.0100000000000000e+02  -3.0290890650682498e+00
   4.0200000000000000e+02  -3.3219216446624800e+00
   4.0300000000000000e+02  -4.1882384323232502e+00
   4.0400000000000000e+02  -4.4583120891644699e+00
   4.0500000000000000e+02  -5.1406395027715703e+00
   4.0600000000000000e+02  -5.5437145855340697e+00
   4.0700000000000000e+02  -5.6022247802709497e+00
   4.0800000000000000e+02  -6.1445969503944102e+00
   4.0900000000000000e+02  -6.4191240136035903e+00
   4.1000000000000000e+02  -7.0432009534600102e+00
   4.1100000000000000e+02  -7.2912211288421602e+00
   4.1200000000000000e+02  -8.0639491261035801e+00
   4.1300000000000000e+02  -8.3705339478563108e+00
   4.1400000000000000e+02  -8.6096567840017304e+00
   4.1500000000000000e+02  -9.0320292587425808e+00
   4.1600000000000000e+02  -9.1487117172493502e+00
   4.1700000000000000e+02  -9.4474140156401205e+00
   4.1800000000000000e+02  -9.1111550355503006e+00
   4.1900000000000000e+02  -9.1939629291531304e+00
   4.2000000000000000e+02  -9.4017649074697491e+00
   4.2100000000000000e+02  -9.7338449111531595e+00
   4.2200000000000000e+02  -9.2002247907894201e+00
   4.2300000000000000e+02  -9.6829809128419893e+00
   4.2400000000000000e+02  -9.6338327327566393e+00
   4.2500000000000000e+02  -9.9544900452206395e+00
   4.2600000000000000e+02  -1.0539827417198000e+01
   4.2700000000000000e+02  -1.0568549555506900e+01
   4.2800000000000000e+02  -1.1123142218726001e+01
   4.2900000000000000e+02  -1.1321547330593701e+01
   4.3000000000000000e+02  -1.1623810938342800e+01
   4.3100000000000000e+02  -1.1715630258358299e+01
   4.3200000000000000e+02  -1.2337728489096300e+01
   4.3300000000000000e+02  -1.2698795585256100e+01
   4.3400000000000000e+02  -1.2583238560003300e+01
   4.3500000000000000e+02  -1.3140016711212899e+01
   4.3600000000000000e+02  -1.3160410972122801e+01
   4.3700000000000000e+02  -1.3460910118243000e+01
   4.3800000000000000e+02  -1.3466358778663800e+01
   4.3900000000000000e+02  -1.3838593633323500e+01
   4.4000000000000000e+02  -1.4234949748136399e+01
   4.4100000000000000e+02  -1.4660751557570800e+01
   4.4200000000000000e+02  -1.4285321646827301e+01
   4.4300000000000000e+02  -1.4165940066020100e+01
   4.4400000000000000e+02  -1.4629959004564800e+01
   4.4500000000000000e+02  -1.4962944204346400e+01
   4.4600000000000000e+02  -1.5575259059661899e+01
   4.4700000000000000e+02  -1.6288690110435301e+01
   4.4800000000000000e+02  -1.7038718589935101e+01
   4.4900000000000000e+02  -1.7021839209244298e+01
   4.5000000000000000e+02  -1.7560752931811201e+01
   4.5100000000000000e+02  -1.7828747289045701e+01
   4.5200000000000000e+02  -1.8923068611828800e+01
   4.5300000000000000e+02  -1.9361111955561000e+01
   4.5400000000000000e+02  -1.9507179271512200e+01
   4.5500000000000000e+02  -2.0096697084678500e+01
   4.5600000000000000e+02  -2.0454777160311600e+01
   4.5700000000000000e+02  -2.0318622565922801e+01
   4.5800000000000000e+02  -2.0205235354809400e+01
   4.5900000000000000e+02  -2.1018633908962300e+01
   4.6000000000000000e+02  -2.1116575194799800e+01
   4.6100000000000000e+02  -2.1433088652929801e+01
   4.6200000000000000e+02  -2.1733027858765102e+01
   4.6300000000000000e+02  -2.2473813390962398e+01
   4.6400000000000000e+02  -2.2640155815765500e+01
   4.6500000000000000e+02  -2.2498689849491900e+01
   4.6600000000000000e+02  -2.3019490916564202e+01
   4.6700000000000000e+02  -2.2867815190433600e+01
   4.6800000000000000e+02  -2.3786197633257100e+01
   4.6900000000000000e+02  -2.4236050895234200e+01
   4.7000000000000000e+02  -2.4452240031366902e+01
   4.7100000000000000e+02  -2.4815819598107499e+01
   4.7200000000000000e+02  -2.5479332555366700e+01
   4.7300000000000000e+02  -2.5985138267580599e+01
   4.7400000000000000e+02  -2.6317794613349299e+01
   4.7500000000000000e+02  -2.6976411652363598e+01
   4.7600000000000000e+02  -2.7628560360760900e+01
   4.7700000000000000e+02  -2.7830871950064601e+01
   4.7800000000000000e+02  -2.8271380916414198e+01
   4.7900000000000000e+02  -2.9666107909101001e+01
   4.8000000000000000e+02  -3.0382452873037298e+01
   4.8100000000000000e+02  -3.0828944504171901e+01
   4.8200000000000000e+02  -3.1696713652696101e+01
   4.8300000000000000e+02  -3.2653237748276403e+01
   4.8400000000000000e+02  -3.3019262226354897e+01
   4.8500000000000000e+02  -3.3464194301582403e+01
   4.8600000000000000e+02  -3.3716466706730600e+01
   4.8700000000000000e+02  -3.3496456747938097e+01
   4.8800000000000000e+02  -3.3928401113425899e+01
   4.8900000000000000e+02  -3.3885528655352601e+01
   4.9000000000000000e+02  -3.4364011906595202e+01
   4.9100000000000000e+02  -3.5559706821350403e+01
   4.9200000000000000e+02  -3.6034780313952801e+01
   4.9300000000000000e+02  -3.6540178345634700e+01
   4.9400000000000000e+02  -3.6683551834737997e+01
   4.9500000000000000e+02  -3.7439890166842602e+01
   4.9600000000000000e+02  -3.7558675360374600e+01
   4.9700000000000000e+02  -3.8714476461650300e+01
   4.9800000000000000e+02  -3.9076892266556001e+01
   4.9900000000000000e+02  -3.9280946223941797e+01
   5.0000000000000000e+02  -3.9837238016328300e+01
   5.0100000000000000e+02  -4.0201283287792798e+01
   5.0200000000000000e+02  -4.1142781187794398e+01
   5.0300000000000000e+02  -4.1279034840748103e+01
   5.0400000000000000e+02  -4.1797918039056903e+01
   5.0500000000000000e+02  -4.2817291507002601e+01
   5.0600000000000000e+02  -4.3688465117603997e+01
   5.0700000000000000e+02  -4.4433686793824798e+01
   5.0800000000000000e+02  -4.4577703175597001e+01
   5.0900000000000000e+02  -4.5397917714239597e+01
   5.1000000000000000e+02  -4.6023273031426100e+01
   5.1100000000000000e+02  -4.5910539992943697e+01
   5.1200000000000000e+02  -4.6495310155032897e+01
   5.1300000000000000e+02  -4.6676553415241202e+01
   5.1400000000000000e+02  -4.6983480367572298e+01
   5.1500000000000000e+02  -4.6877144567357398e+01
   5.1600000000000000e+02  -4.7788044551747802e+01
   5.1700000000000000e+02  -4.8185429499165103e+01
   5.1800000000000000e+02  -4.8521682028063601e+01
   5.1900000000000000e+02  -4.8257393746944800e+01
   5.2000000000000000e+02  -4.8812046861146200e+01
   5.2100000000000000e+02  -4.8998730608254299e+01
   5.2200000000000000e+02  -4.8833008946767997e+01
   5.2300000000000000e+02  -4.9194412583422597e+01
   5.2400000000000000e+02  -4.9461317600712199e+01
   5.2500000000000000e+02  -4.9782594819401602e+01
   5.2600000000000000e+02  -5.0726401082545799e+01
   5.2700000000000000e+02  -5.1597418654051197e+01
   5.2800000000000000e+02  -5.1581601068686297e+01
   5.2900000000000000e+02  -5.2204030262935397e+01
   5.3000000000000000e+02  -5.2721237709245003e+01
   5.3100000000000000e+02  -5.2903882493865702e+01
   5.3200000000000000e+02  -5.3186984812003800e+01
   5.3300000000000000e+02  -5.3549087693235698e+01
   5.3400000000000000e+02  -5.4264594563553800e+01
   5.3500000000000000e+02  -5.4736870850316699e+01
   5.3600000000000000e+02  -5.4863929030591102e+01
   5.3700000000000000e+02  -5.5458047996456997e+01
   5.3800000000000000e+02  -5.5868507791900200e+01
   5.3900000000000000e+02  -5.6460423975218099e+01
   5.4000000000000000e+02  -5.7048006047466600e+01
   5.4100000000000000e+02  -5.7978761693319598e+01
   5.4200000000000000e+02  -5.7979855072323403e+01
   5.4300000000000000e+02  -5.8742702555608801e+01
   5.4400000000000000e+02  -5.8882268849002898e+01
   5.4500000000000000e+02  -5.9420390384577999e+01
   5.4600000000000000e+02  -6.0472669137765699e+01
   5.4700000000000000e+02  -6.0910504432716003e+01
   5.4800000000000000e+02  -6.1402127304397503e+01
   5.4900000000000000e+02  -6.1353680415033800e+01
   5.5000000000000000e+02  -6.1444485363493797e+01
   5.5100000000000000e+02  -6.2100690187633397e+01
   5.5200000000000000e+02  -6.2398930487542998e+01
   5.5300000000000000e+02  -6.3429264443082999e+01
   5.5400000000000000e+02  -6.4129180093093595e+01
   5.5500000000000000e+02  -6.4932207928024596e+01
   5.5600000000000000e+02  -6.5552970140032500e+01
   5.5700000000000000e+02  -6.5720848212505103e+01
   5.5800000000000000e+02  -6.5580522172134906e+01
   5.5900000000000000e+02  -6.6310368099948903e+01
   5.6000000000000000e+02  -6.6541119841209607e+01
   5.6100000000000000e+02  -6.7264801623633801e+01
   5.6200000000000000e+02  -6.7693559835766806e+01
   5.6300000000000000e+02  -6.8061637978223700e+01
   5.6400000000000000e+02  -6.8757537012637997e+01
   5.6500000000000000e+02  -6.8807132913253497e+01
   5.6600000000000000e+02  -6.9142829555167197e+01
   5.6700000000000000e+02  -6.9761195056768003e+01
   5.6800000000000000e+02  -7.0007773995175398e+01
   5.6900000000000000e+02  -6.9545079490428293e+01
   5.7000000000000000e+02  -7.0070867074752996e+01
   5.7100000000000000e+02  -7.0278452054506502e+01
   5.7200000000000000e+02  -7.0662980316220199e+01
   5.7300000000000000e+02  -7.0637668616023703e+01
   5.7400000000000000e+02  -7.0684931861893901e+01
   5.7500000000000000e+02  -7.0827279105015904e+01
   5.7600000000000000e+02  -7.1000508892360401e+01
   5.7700000000000000e+02  -7.1197156994924896e+01
   5.7800000000000000e+02  -7.1888675546917497e+01
   5.7900000000000000e+02  -7.1826000551805805e+01
   5.8000000000000000e+02  -7.2096632484642797e+01
   5.8100000000000000e+02  -7.2170640366553599e+01
   5.8200000000000000e+02  -7.2431890676067098e+01
   5.8300000000000000e+02  -7.2964011884773299e+01
   5.8400000000000000e+02  -7.3318535423361396e+01
   5.8500000000000000e+02  -7.3395603525399096e+01
   5.8600000000000000e+02  -7.3200344925654505e+01
   5.8700000000000000e+02  -7.3548962261553399e+01
   5.8800000000000000e+02  -7.4129717792575207e+01
   5.8900000000000000e+02  -7.3861398668835093e+01
   5.9000000000000000e+02  -7.4137670455337201e+01
   5.9100000000000000e+02  -7.4193347930280098e+01
   5.9200000000000000e+02  -7.4368746693197807e+01
   5.9300000000000000e+02  -7.3770411158474701e+01
   5.9400000000000000e+02  -7.3167745827196399e+01
   5.9500000000000000e+02  -7.3242910615285098e+01
   5.9600000000000000e+02  -7.3805359850515700e+01
   5.9700000000000000e+02  -7.4089106136911198e+01
   5.9800000000000000e+02  -7.4530418780288400e+01
   5.9900000000000000e+02  -7.4613080866875293e+01
   6.0000000000000000e+02  -7.4791110356357194e+01
   6.0100000000000000e+02  -7.4756458398427895e+01
   6.0200000000000000e+02  -7.4610134046182793e+01
   6.0300000000000000e+02  -7.4446945788895604e+01
   6.0400000000000000e+02  -7.4509451698649400e+01
   6.0500000000000000e+02  -7.4582202509699101e+01
   6.0600000000000000e+02  -7.4303276929861099e+01
   6.0700000000000000e+02  -7.4436002270097504e+01
   6.0800000000000000e+02  -7.4067142702014607e+01
   6.0900000000000000e+02  -7.3895439286628601e+01
   6.1000000000000000e+02  -7.3736797200626498e+01
   6.1100000000000000e+02  -7.3926498070628497e+01
   6.1200000000000000e+02  -7.3590052723387302e+01
   6.1300000000000000e+02  -7.3764666693040695e+01
   6.1400000000000000e+02  -7.3723190589047206e+01
   6.1500000000000000e+02  -7.3925061388548997e+01
   6.1600000000000000e+02  -7.4163947650360399e+01
   6.1700000000000000e+02  -7.3927497793404001e+01
   6.1800000000000000e+02  -7.4223857666301797e+01
   6.1900000000000000e+02  -7.3832647004042698e+01
   6.2000000000000000e+02  -7.3967135126239000e+01
   6.2100000000000000e+02  -7.3858230012216396e+01
   6.2200000000000000e+02  -7.4080027387270903e+01
   6.2300000000000000e+02  -7.3711205088354006e+01
   6.2400000000000000e+02  -7.3609100130949003e+01
   6.2500000000000000e+02  -7.3802411885376898e+01
   6.2600000000000000e+02  -7.3810145569004703e+01
   6.2700000000000000e+02  -7.3876496648087397e+01
   6.2800000000000000e+02  -7.3439593622855099e+01
   6.2900000000000000e+02  -7.3023397937746594e+01
   6.3000000000000000e+02  -7.3409782388488395e+01
   6.3100000000000000e+02  -7.3507729803143206e+01
   6.3200000000000000e+02  -7.3741711965344095e+01
   6.3300000000000000e+02  -7.4141658842997700e+01
   6.3400000000000000e+02  -7.4410756632739904e+01
   6.3500000000000000e+02  -7.4507232796104901e+01
   6.3600000000000000e+02  -7.3980924108417895e+01
   6.3700000000000000e+02  -7.4710935702537896e+01
   6.3800000000000000e+02  -7.5209817534834698e+01
   6.3900000000000000e+02  -7.5081647175099604e+01
   6.4000000000000000e+02  -7.5216929713430602e+01
   6.4100000000000000e+02  -7.5601588294374395e+01
   6.4200000000000000e+02  -7.5725738762704495e+01
   6.4300000000000000e+02  -7.5915662337447998e+01
   6.4400000000000000e+02  -7.5451566289799601e+01
   6.4500000000000000e+02  -7.5881548125531296e+01
   6.4600000000000000e+02  -7.6155074216947298e+01
   6.4700000000000000e+02  -7.6172720758931902e+01
   6.4800000000000000e+02  -7.6334683885474504e+01
   6.4900000000000000e+02  -7.6394382594248995e+01
   6.5000000000000000e+02  -7.5827612036366105e+01
   6.5100000000000000e+02  -7.5993989415974795e+01
   6.5200000000000000e+02  -7.5664953140814902e+01
   6.5300000000000000e+02  -7.5721300655239105e+01
   6.5400000000000000e+02  -7.6132361305581000e+01
   6.5500000000000000e+02  -7.6118890226766993e+01
   6.5600000000000000e+02  -7.6207332305419101e+01
   6.5700000000000000e+02  -7.6404767456338504e+01
   6.5800000000000000e+02  -7.5860094983631697e+01
   6.5900000000000000e+02  -7.5828097559636802e+01
   6.6000000000000000e+02  -7.5480898955952100e+01
   6.6100000000000000e+02  -7.5305421502360403e+01
   6.6200000000000000e+02  -7.5460369698222706e+01
   6.6300000000000000e+02  -7.4982682417175397e+01
   6.6400000000000000e+02  -7.5696919327985697e+01
   6.6500000000000000e+02  -7.5959987828883598e+01
   6.6600000000000000e+02  -7.6120054313238896e+01
   6.6700000000000000e+02  -7.6470727952600001e+01
   6.6800000000000000e+02  -7.6715078608454405e+01
   6.6900000000000000e+02  -7.6796125769559296e+01
   6.7000000000000000e+02  -7.6929265109098793e+01
   6.7100000000000000e+02  -7.6769306917570105e+01
   6.7200000000000000e+02  -7.6617169445199707e+01
   6.7300000000000000e+02  -7.6265758675555205e+01
   6.7400000000000000e+02  -7.6264570095556493e+01
   6.7500000000000000e+02  -7.6122774084812704e+01
   6.7600000000000000e+02  -7.6767537974479794e+01
   6.7700000000000000e+02  -7.6617055665333993e+01
   6.7800000000000000e+02  -7.6340295210835095e+01
   6.7900000000000000e+02  -7.6425092755800705e+01
   6.8000000000000000e+02  -7.6609125882266895e+01
   6.8100000000000000e+02  -7.6081923410429496e+01
   6.8200000000000000e+02  -7.6272704484611495e+01
   6.8300000000000000e+02  -7.6319044465944799e+01
   6.8400000000000000e+02  -7.6076484275602596e+01
   6.8500000000000000e+02  -7.6006262850179695e+01
   6.8600000000000000e+02  -7.5912666488438802e+01
   6.8700000000000000e+02  -7.5673857523781393e+01
   6.8800000000000000e+02  -7.5749657198476896e+01
   6.8900000000000000e+02  -7.5804015846587006e+01
   6.9000000000000000e+02  -7.5512810103492200e+01
   6.9100000000000000e+02  -7.5368532174673007e+01
   6.9200000000000000e+02  -7.5850042474207100e+01
   6.9300000000000000e+02  -7.5716843210723397e+01
   6.9400000000000000e+02  -7.6183298467769305e+01
   6.9500000000000000e+02  -7.6314034811911199e+01
   6.9600000000000000e+02  -7.5878801551458906e+01
   6.9700000000000000e+02  -7.6108680270306294e+01
   6.9800000000000000e+02  -7.5935538364507806e+01
   6.9900000000000000e+02  -7.5666604688551203e+01
   7.0000000000000000e+02  -7.5704576686504396e+01
   7.0100000000000000e+02  -7.6190344282568205e+01
   7.0200000000000000e+02  -7.6573850419822904e+01
   7.0300000000000000e+02  -7.6881201255879901e+01
   7.0400000000000000e+02  -7.6744084963050895e+01
   7.0500000000000000e+02  -7.7104812138016896e+01
   7.0600000000000000e+02  -7.6627508156576297e+01
   7.0700000000000000e+02  -7.6557480038214393e+01
   7.0800000000000000e+02  -7.6937010450014398e+01
   7.0900000000000000e+02  -7.6435104209030698e+01
   7.1000000000000000e+02  -7.6705966450732205e+01
   7.1100000000000000e+02  -7.6541912569256795e+01
   7.1200000000000000e+02  -7.6174825952847598e+01
   7.1300000000000000e+02  -7.5939934635894502e+01
   7.1400000000000000e+02  -7.5396820694863806e+01
   7.1500000000000000e+02  -7.4658631975946406e+01
   7.1600000000000000e+02  -7.4619494506738704e+01
   7.1700000000000000e+02  -7.4878800718307602e+01
   7.1800000000000000e+02  -7.5015921957794703e+01
   7.1900000000000000e+02  -7.4629917851983507e+01
   7.2000000000000000e+02  -7.4509662756592405e+01
   7.2100000000000000e+02  -7.4841791261610396e+01
   7.2200000000000000e+02  -7.5251615171517102e+01
   7.2300000000000000e+02  -7.5520900523091100e+01
   7.2400000000000000e+02  -7.5901418926058994e+01
   7.2500000000000000e+02  -7.6238305797672098e+01
   7.2600000000000000e+02  -7.5797954179041298e+01
   7.2700000000000000e+02  -7.5710829266562797e+01
   7.2800000000000000e+02  -7.6287954281135995e+01
   7.2900000000000000e+02  -7.6547380009922804e+01
   7.3000000000000000e+02  -7.6748844182054697e+01
   7.3100000000000000e+02  -7.6519443941153796e+01
   7.3200000000000000e+02  -7.6619265119621303e+01
   7.3300000000000000e+02  -7.6703001735305406e+01
   7.3400000000000000e+02  -7.6790585752087296e+01
   7.3500000000000000e+02  -7.6510120403371999e+01
   7.3600000000000000e+02  -7.6226967906214000e+01
   7.3700000000000000e+02  -7.6248360963773095e+01
   7.3800000000000000e+02  -7.6088912604887497e+01
   7.3900000000000000e+02  -7.6168122729006100e+01
   7.4000000000000000e+02  -7.6151620200180304e+01
   7.4100000000000000e+02  -7.5749287558244106e+01
   7.4200000000000000e+02  -7.5716642331852299e+01
   7.4300000000000000e+02  -7.5455259141031902e+01
   7.4400000000000000e+02  -7.5438182385367696e+01
   7.4500000000000000e+02  -7.5393239578345302e+01
   7.4600000000000000e+02  -7.5354088938054502e+01
   7.4700000000000000e+02  -7.5402004997127193e+01
   7.4800000000000000e+02  -7.4873072077967507e+01
   7.4900000000000000e+02  -7.5132174097308393e+01
   7.5000000000000000e+02  -7.5326961515378201e+01
   7.5100000000000000e+02  -7.5740729836016499e+01
   7.5200000000000000e+02  -7.6201471077255704e+01
   7.5300000000000000e+02  -7.6816485495281199e+01
   7.5400000000000000e+02  -7.6433912776712504e+01
   7.5500000000000000e+02  -7.6351337085115503e+01
   7.5600000000000000e+02  -7.6636271644826195e+01
   7.5700000000000000e+02  -7.6705494009977897e+01
   7.5800000000000000e+02  -7.6683631664336900e+01
   7.5900000000000000e+02  -7.6996162583868596e+01
   7.6000000000000000e+02  -7.7445988448706302e+01
   7.6100000000000000e+02  -7.7541303701960004e+01
   7.6200000000000000e+02  -7.7810464578920005e+01
   7.6300000000000000e+02  -7.7574988676312898e+01
   7.6400000000000000e+02  -7.7154569725899606e+01
   7.6500000000000000e+02  -7.7403667146595794e+01
   7.6600000000000000e+02  -7.7259052776790796e+01
   7.6700000000000000e+02  -7.7767561206151200e+01
   7.6800000000000000e+02  -7.8030769081023394e+01
   7.6900000000000000e+02  -7.7554209352020905e+01
   7.7000000000000000e+02  -7.7229467506236801e+01
   7.7100000000000000e+02  -7.8122220475868005e+01
   7.7200000000000000e+02  -7.8224483959930794e+01
   7.7300000000000000e+02  -7.8321331465463103e+01
   7.7400000000000000e+02  -7.8111295640517895e+01
   7.7500000000000000e+02  -7.8025512599212306e+01
   7.7600000000000000e+02  -7.8130905536432707e+01
   7.7700000000000000e+02  -7.8269875286617705e+01
   7.7800000000000000e+02  -7.8601409041159400e+01
   7.7900000000000000e+02  -7.9051978857048397e+01
   7.8000000000000000e+02  -7.8872072515213304e+01
   7.8100000000000000e+02  -7.8805403544184898e+01
   7.8200000000000000e+02  -7.8599139364076706e+01
   7.8300000000000000e+02  -7.8611133804170507e+01
   7.8400000000000000e+02  -7.8391559150884305e+01
   7.8500000000000000e+02  -7.7979451107322205e+01
   7.8600000000000000e+02  -7.7816176386748495e+01
   7.8700000000000000e+02  -7.7766669677626396e+01
   7.8800000000000000e+02  -7.7101417898621094e+01
   7.8900000000000000e+02  -7.6821481024514000e+01
   7.9000000000000000e+02  -7.6429888952655602e+01
   7.9100000000000000e+02  -7.6437134258473193e+01
   7.9200000000000000e+02  -7.6609645331152905e+01
   7.9300000000000000e+02  -7.6509146711190795e+01
   7.9400000000000000e+02  -7.6120402332787094e+01
   7.9500000000000000e+02  -7.6037949481388907e+01
   7.9600000000000000e+02  -7.6172982565988406e+01
   7.9700000000000000e+02  -7.6000119787575400e+01
   7.9800000000000000e+02  -7.5539138138198894e+01
   7.9900000000000000e+02  -7.5317986279800607e+01
   8.0000000000000000e+02  -7.5040423065364493e+01
   8.0100000000000000e+02  -7.5335934448379604e+01
   8.0200000000000000e+02  -7.5006092381665496e+01
   8.0300000000000000e+02  -7.5444091302797901e+01
   8.0400000000000000e+02  -7.5134817757433296e+01
   8.0500000000000000e+02  -7.5359203084556199e+01
   8.0600000000000000e+02  -7.5926166861052096e+01
   8.0700000000000000e+02  -7.6133190704684196e+01
   8.0800000000000000e+02  -7.5101513700056799e+01
   8.0900000000000000e+02  -7.5274472377657702e+01
   8.1000000000000000e+02  -7.5009083679304396e+01
   8.1100000000000000e+02  -7.5824865518917207e+01
   8.1200000000000000e+02  -7.6120083403288703e+01
   8.1300000000000000e+02  -7.6062157857407300e+01
   8.1400000000000000e+02  -7.6132649357030900e+01
   8.1500000000000000e+02  -7.6352943472946194e+01
   8.1600000000000000e+02  -7.6190276055816298e+01
   8.1700000000000000e+02  -7.6010263211781293e+01
   8.1800000000000000e+02  -7.5740959171475794e+01
   8.1900000000000000e+02  -7.5775030439773204e+01
   8.2000000000000000e+02  -7.5730566829726598e+01
   8.2100000000000000e+02  -7.5833470709094101e+01
   8.2200000000000000e+02  -7.6250847602055700e+01
   8.2300000000000000e+02  -7.6093755068722402e+01
   8.2400000000000000e+02  -7.6093000829205593e+01
   8.2500000000000000e+02  -7.6223522304710897e+01
   8.2600000000000000e+02  -7.6268155666169804e+01
   8.2700000000000000e+02  -7.6310759566914598e+01
   8.2800000000000000e+02  -7.6840191487373005e+01
   8.2900000000000000e+02  -7.6674258358755495e+01
   8.3000000000000000e+02  -7.7036985926699700e+01
   8.3100000000000000e+02  -7.7060456824097699e+01
   8.3200000000000000e+02  -7.6952166013150801e+01
   8.3300000000000000e+02  -7.7483005328198601e+01
   8.3400000000000000e+02  -7.7267684123097695e+01
   8.3500000000000000e+02  -7.6895083257806505e+01
   8.3600000000000000e+02  -7.6721302214821307e+01
   8.3700000000000000e+02  -7.6847998541476102e+01
   8.3800000000000000e+02  -7.6711987618713806e+01
   8.3900000000000000e+02  -7.6558987671540194e+01
   8.4000000000000000e+02  -7.6417728661728901e+01
   8.4100000000000000e+02  -7.6082938479184094e+01
   8.4200000000000000e+02  -7.5848990678812498e+01
   8.4300000000000000e+02  -7.6260164569400601e+01
   8.4400000000000000e+02  -7.6190784369702001e+01
   8.4500000000000000e+02  -7.6611958031604701e+01
   8.4600000000000000e+02  -7.6294305562180796e+01
   8.4700000000000000e+02  -7.6137763365984995e+01
   8.4800000000000000e+02  -7.5949321907999803e+01
   8.4900000000000000e+02  -7.5810060550584197e+01
   8.5000000000000000e+02  -7.5806709157068497e+01
   8.5100000000000000e+02  -7.5932309889090106e+01
   8.5200000000000000e+02  -7.5891833532769894e+01
   8.5300000000000000e+02  -7.5374600572162805e+01
   8.5400000000000000e+02  -7.5480177937661097e+01
   8.5500000000000000e+02  -7.5310440727853205e+01
   8.5600000000000000e+02  -7.5508386803034497e+01
   8.5700000000000000e+02  -7.5192949739769205e+01
   8.5800000000000000e+02  -7.5009052681485400e+01
   8.5900000000000000e+02  -7.4752749115561997e+01
   8.6000000000000000e+02  -7.4449216283376103e+01
   8.6100000000000000e+02  -7.4201512716258307e+01
   8.6200000000000000e+02  -7.4540555892039606e+01
   8.6300000000000000e+02  -7.4544257205103705e+01
   8.6400000000000000e+02  -7.4369573753563103e+01
   8.6500000000000000e+02  -7.4292311031298098e+01
   8.6600000000000000e+02  -7.3996703964291896e+01
   8.6700000000000000e+02  -7.4125008530603296e+01
   8.6800000000000000e+02  -7.3889055982958894e+01
   8.6900000000000000e+02  -7.4078915177922994e+01
   8.7000000000000000e+02  -7.3915494215564095e+01
   8.7100000000000000e+02  -7.3741786464056602e+01
   8.7200000000000000e+02  -7.3068478913623807e+01
   8.7300000000000000e+02  -7.3107849536016403e+01
   8.7400000000000000e+02  -7.3180830534828800e+01
   8.7500000000000000e+02  -7.3233025162416197e+01
   8.7600000000000000e+02  -7.2863320473905304e+01
   8.7700000000000000e+02  -7.3417739172439894e+01
   8.7800000000000000e+02  -7.2971724939842105e+01
   8.7900000000000000e+02  -7.3073045262796597e+01
   8.8000000000000000e+02  -7.3367035179314897e+01
   8.8100000000000000e+02  -7.3948973270397801e+01
   8.8200000000000000e+02  -7.3975564394746200e+01
   8.8300000000000000e+02  -7.4608269532010695e+01
   8.8400000000000000e+02  -7.4070594318358403e+01
   8.8500000000000000e+02  -7.3882823726149795e+01
   8.8600000000000000e+02  -7.3341992932033904e+01
   8.8700000000000000e+02  -7.3052303555734497e+01
   8.8800000000000000e+02  -7.2911155489991202e+01
   8.8900000000000000e+02  -7.2059884788728596e+01
   8.9000000000000000e+02  -7.2076137738588500e+01
   8.9100000000000000e+02  -7.1854877731239995e+01
   8.9200000000000000e+02  -7.1973805115051505e+01
   8.9300000000000000e+02  -7.2166375325689202e+01
   8.9400000000000000e+02  -7.2159140366071696e+01
   8.9500000000000000e+02  -7.1603908800895496e+01
   8.9600000000000000e+02  -7.1659673648806702e+01
   8.9700000000000000e+02  -7.1747439337128100e+01
   8.9800000000000000e+02  -7.1679116476293402e+01
   8.9900000000000000e+02  -7.2019590392837699e+01
   9.0000000000000000e+02  -7.2402555239873493e+01
   9.0100000000000000e+02  -7.2098954080769602e+01
   9.0200000000000000e+02  -7.2810117085936298e+01
   9.0300000000000000e+02  -7.2758767716444297e+01
   9.0400000000000000e+02  -7.3144733289681298e+01
   9.0500000000000000e+02  -7.3353679207343703e+01
   9.0600000000000000e+02  -7.3512974618257203e+01
   9.0700000000000000e+02  -7.3715444067754206e+01
   9.0800000000000000e+02  -7.3894141406489993e+01
   9.0900000000000000e+02  -7.3706310718381900e+01
   9.1000000000000000e+02  -7.3978454004827100e+01
   9.1100000000000000e+02  -7.3468992888421894e+01
   9.1200000000000000e+02  -7.3337782846683893e+01
   9.1300000000000000e+02  -7.3602549143432199e+01
   9.1400000000000000e+02  -7.3541676625237400e+01
   9.1500000000000000e+02  -7.3702669095342401e+01
   9.1600000000000000e+02  -7.4175817492959197e+01
   9.1700000000000000e+02  -7.3842779491547702e+01
   9.1800000000000000e+02  -7.3694407028307694e+01
   9.1900000000000000e+02  -7.3184820556843306e+01
   9.2000000000000000e+02  -7.3409489003523404e+01
   9.2100000000000000e+02  -7.3137616234121097e+01
   9.2200000000000000e+02  -7.3121575311367806e+01
   9.2300000000000000e+02  -7.2817284308981698e+01
   9.2400000000000000e+02  -7.2891514797831107e+01
   9.2500000000000000e+02  -7.3204856719638798e+01
   9.2600000000000000e+02  -7.3041683556454501e+01
   9.2700000000000000e+02  -7.3604007974805597e+01
   9.2800000000000000e+02  -7.4258662811473698e+01
   9.2900000000000000e+02  -7.4185001299522298e+01
   9.3000000000000000e+02  -7.4050682082837696e+01
   9.3100000000000000e+02  -7.3161519082908001e+01
   9.3200000000000000e+02  -7.2971409562754005e+01
   9.3300000000000000e+02  -7.3051999630191901e+01
   9.3400000000000000e+02  -7.2913271263307806e+01
   9.3500000000000000e+02  -7.2870721132696303e+01
   9.3600000000000000e+02  -7.3177552734567598e+01
   9.3700000000000000e+02  -7.3133427362878294e+01
   9.3800000000000000e+02  -7.2464217813583105e+01
   9.3900000000000000e+02  -7.2280171368544899e+01
   9.4000000000000000e+02  -7.2517693142715899e+01
   9.4100000000000000e+02  -7.1970551269591894e+01
   9.4200000000000000e+02  -7.1408631890154496e+01
   9.4300000000000000e+02  -7.1540992024458504e+01
   9.4400000000000000e+02  -7.1476067618634104e+01
   9.4500000000000000e+02  -7.1943400170672206e+01
   9.4600000000000000e+02  -7.1946637174309799e+01
   9.4700000000000000e+02  -7.1416249208833406e+01
   9.4800000000000000e+02  -7.1369543277238805e+01
   9.4900000000000000e+02  -7.1021458686991593e+01
   9.5000000000000000e+02  -7.1383980574234400e+01
   9.5100000000000000e+02  -7.1598221600649595e+01
   9.5200000000000000e+02  -7.1352179356134201e+01
   9.5300000000000000e+02  -7.1029156299044303e+01
   9.5400000000000000e+02  -7.1246341839874901e+01
   9.5500000000000000e+02  -7.1158458669749095e+01
   9.5600000000000000e+02  -7.1155194054366902e+01
   9.5700000000000000e+02  -7.0954653589089901e+01
   9.5800000000000000e+02  -7.1310837989903405e+01
   9.5900000000000000e+02  -7.1516452373153996e+01
   9.6000000000000000e+02  -7.1362906779323097e+01
   9.6100000000000000e+02  -7.1187218245105100e+01
   9.6200000000000000e+02  -7.1441657629800702e+01
   9.6300000000000000e+02  -7.1581607419452197e+01
   9.6400000000000000e+02  -7.1362906334667997e+01
   9.6500000000000000e+02  -7.1227640042328701e+01
   9.6600000000000000e+02  -7.1390128559619200e+01
   9.6700000000000000e+02  -7.1885601065185398e+01
   9.6800000000000000e+02  -7.1433537485448994e+01
   9.6900000000000000e+02  -7.1094436639749802e+01
   9.7000000000000000e+02  -7.1376831179839897e+01
   9.7100000000000000e+02  -7.1145002706507796e+01
   9.7200000000000000e+02  -7.1083750135125300e+01
   9.7300000000000000e+02  -7.0814221255080795e+01
   9.7400000000000000e+02  -7.0542984780732198e+01
   9.7500000000000000e+02  -7.0711083606129193e+01
   9.7600000000000000e+02  -7.0103933690836200e+01
   9.7700000000000000e+02  -7.0360249585901201e+01
   9.7800000000000000e+02  -7.0083272012831799e+01
   9.7900000000000000e+02  -6.9650286695730998e+01
   9.8000000000000000e+02  -6.9877549799990902e+01
   9.8100000000000000e+02  -6.9458907131963500e+01
   9.8200000000000000e+02  -6.9314283693080597e+01
   9.8300000000000000e+02  -6.9391773279817201e+01
   9.8400000000000000e+02  -6.9652362971000898e+01
   9.8500000000000000e+02  -6.9099375466526794e+01
   9.8600000000000000e+02  -6.8877542877958007e+01
   9.8700000000000000e+02  -6.8557329499030502e+01
   9.8800000000000000e+02  -6.7613078264709202e+01
   9.8900000000000000e+02  -6.7019438619887197e+01
   9.9000000000000000e+02  -6.6494195822275003e+01
   9.9100000000000000e+02  -6.6386398352520402e+01
   9.9200000000000000e+02  -6.6078248861367697e+01
   9.9300000000000000e+02  -6.5943359108670705e+01
   9.9400000000000000e+02  -6.5676077117998602e+01
   9.9500000000000000e+02  -6.5019345202607298e+01
   9.9600000000000000e+02  -6.4793938786553696e+01
   9.9700000000000000e+02  -6.4240556122576294e+01
   9.9800000000000000e+02  -6.3528630449355902e+01
   9.9900000000000000e+02  -6.2862885918576701e+01
   1.0000000000000000e+03  -6.2579703670821502e+01
   1.0010000000000000e+03  -6.1781099699400897e+01
   1.0020000000000000e+03  -6.0521319140170597e+01
   1.0030000000000000e+03  -5.9477936937968600e+01
   1.0040000000000000e+03  -5.7943369195155697e+01
