  -1.0000000000000000e+02  -7.5794117304424304e+01
  -9.9000000000000000e+01  -7.5522383578063199e+01
  -9.8000000000000000e+01  -7.4833936002198001e+01
  -9.7000000000000000e+01  -7.4752314257566795e+01
  -9.6000000000000000e+01  -7.5106742491728895e+01
  -9.5000000000000000e+01  -7.4765408396491907e+01
  -9.4000000000000000e+01  -7.5260679441432004e+01
  -9.3000000000000000e+01  -7.5127280550600403e+01
  -9.2000000000000000e+01  -7.5499582606877198e+01
  -9.1000000000000000e+01  -7.5336393126981406e+01
  -9.0000000000000000e+01  -7.5652445248014601e+01
  -8.9000000000000000e+01  -7.5451919516949800e+01
  -8.8000000000000000e+01  -7.6034951213226805e+01
  -8.7000000000000000e+01  -7.6014278639690602e+01
  -8.6000000000000000e+01  -7.5774084115550394e+01
  -8.5000000000000000e+01  -7.5608735338205406e+01
  -8.4000000000000000e+01  -7.5700365974029097e+01
  -8.3000000000000000e+01  -7.6006886855646997e+01
  -8.2000000000000000e+01  -7.5453094492352605e+01
  -8.1000000000000000e+01  -7.5508180323764194e+01
  -8.0000000000000000e+01  -7.5132496601955907e+01
  -7.9000000000000000e+01  -7.5272744356490506e+01
  -7.8000000000000000e+01  -7.5182749575495194e+01
  -7.7000000000000000e+01  -7.5182105098445902e+01
  -7.6000000000000000e+01  -7.4779258951367495e+01
  -7.5000000000000000e+01  -7.4143085064628295e+01
  -7.4000000000000000e+01  -7.4027586942600493e+01
  -7.3000000000000000e+01  -7.4022144039845500e+01
  -7.2000000000000000e+01  -7.4352044184214094e+01
  -7.1000000000000000e+01  -7.4268208681608996e+01
  -7.0000000000000000e+01  -7.4091544308008096e+01
  -6.9000000000000000e+01  -7.3649392816720805e+01
  -6.8000000000000000e+01  -7.3501095682341500e+01
  -6.7000000000000000e+01  -7.3544872807034494e+01
  -6.6000000000000000e+01  -7.3389370167678607e+01
  -6.5000000000000000e+01  -7.3984635738290805e+01
  -6.4000000000000000e+01  -7.3934661541312707e+01
  -6.3000000000000000e+01  -7.3547265198677195e+01
  -6.2000000000000000e+01  -7.2843297672450504e+01
  -6.1000000000000000e+01  -7.2650095369517004e+01
  -6.0000000000000000e+01  -7.2339438203814893e+01
  -5.9000000000000000e+01  -7.2539513856657706e+01
  -5.8000000000000000e+01  -7.1869019455736094e+01
  -5.7000000000000000e+01  -7.1344433853954399e+01
  -5.6000000000000000e+01  -7.2057885727057396e+01
  -5.5000000000000000e+01  -7.2101523157958496e+01
  -5.4000000000000000e+01  -7.1856637700133604e+01
  -5.3000000000000000e+01  -7.1494645985588093e+01
  -5.2000000000000000e+01  -7.1734190856268995e+01
  -5.1000000000000000e+01  -7.1196313627442606e+01
  -5.0000000000000000e+01  -7.0986670566597496e+01
  -4.9000000000000000e+01  -7.0891151542701905e+01
  -4.8000000000000000e+01  -7.0454809010512193e+01
  -4.7000000000000000e+01  -7.0584213216391703e+01
  -4.6000000000000000e+01  -7.0380432510858000e+01
  -4.5000000000000000e+01  -6.9770742007668900e+01
  -4.4000000000000000e+01  -6.9638304559742494e+01
  -4.3000000000000000e+01  -7.0045616978716097e+01
  -4.2000000000000000e+01  -6.9912236398621602e+01
  -4.1000000000000000e+01  -6.9851875849868804e+01
  -4.0000000000000000e+01  -6.9595643125713593e+01
  -3.9000000000000000e+01  -6.9586501758200399e+01
  -3.8000000000000000e+01  -6.9173085165539504e+01
  -3.7000000000000000e+01  -6.8857233535697802e+01
  -3.6000000000000000e+01  -6.8646653322549994e+01
  -3.5000000000000000e+01  -6.8798145245060198e+01
  -3.4000000000000000e+01  -6.8664257208013197e+01
  -3.3000000000000000e+01  -6.8353494882776999e+01
  -3.2000000000000000e+01  -6.7674574926308097e+01
  -3.1000000000000000e+01  -6.7931646635189097e+01
  -3.0000000000000000e+01  -6.7562903471100498e+01
  -2.9000000000000000e+01  -6.8083492240219599e+01
  -2.8000000000000000e+01  -6.7591590226926797e+01
  -2.7000000000000000e+01  -6.8150724011309507e+01
  -2.6000000000000000e+01  -6.8226265439027799e+01
  -2.5000000000000000e+01  -6.8452348257821797e+01
  -2.4000000000000000e+01  -6.8429209816439695e+01
  -2.3000000000000000e+01  -6.8206233974595094e+01
  -2.2000000000000000e+01  -6.8265501406323196e+01
  -2.1000000000000000e+01  -6.7994074823546100e+01
  -2.0000000000000000e+01  -6.7497230288311897e+01
  -1.9000000000000000e+01  -6.6810692779491305e+01
  -1.8000000000000000e+01  -6.6771577415478106e+01
  -1.7000000000000000e+01  -6.6222634165989504e+01
  -1.6000000000000000e+01  -6.6312161640447997e+01
  -1.5000000000000000e+01  -6.6230431473154098e+01
  -1.4000000000000000e+01  -6.5983654639479099e+01
  -1.3000000000000000e+01  -6.5526084465397702e+01
  -1.2000000000000000e+01  -6.4844073520975599e+01
  -1.1000000000000000e+01  -6.4662617426386703e+01
  -1.0000000000000000e+01  -6.4571768462769001e+01
  -9.0000000000000000e+00  -6.4506404092141196e+01
  -8.0000000000000000e+00  -6.3399740908347901e+01
  -7.0000000000000000e+00  -6.2662767495403301e+01
  -6.0000000000000000e+00  -6.1726252847014401e+01
  -5.0000000000000000e+00  -6.1063578889619997e+01
  -4.0000000000000000e+00  -5.9657410088550300e+01
  -3.0000000000000000e+00  -5.7096045950293899e+01
  -2.0000000000000000e+00  -5.4010825158659401e+01
  -1.0000000000000000e+00  -4.5780923603289700e+01
   0.0000000000000000e+00  -2.1104361742470001e+01
   1.0000000000000000e+00  -2.5001998005240100e+00
   2.0000000000000000e+00   1.0740948951379400e+01
   3.0000000000000000e+00   1.7995886986102200e+01
   4.0000000000000000e+00   2.1946064960334802e+01
   5.0000000000000000e+00   2.4043509516613199e+01
   6.0000000000000000e+00   2.5425950822907101e+01
   7.0000000000000000e+00   2.5901742104671801e+01
   8.0000000000000000e+00   2.6048302258577099e+01
   9.0000000000000000e+00   2.5665103130765001e+01
   1.0000000000000000e+01   2.5815086205408100e+01
   1.1000000000000000e+01   2.6325340874291800e+01
   1.2000000000000000e+01   2.6839598964269499e+01
   1.3000000000000000e+01   2.7232510051922901e+01
   1.4000000000000000e+01   2.7190220318147801e+01
   1.5000000000000000e+01   2.8048168737464401e+01
   1.6000000000000000e+01   2.8099925248262402e+01
   1.7000000000000000e+01   2.8608367675776201e+01
   1.8000000000000000e+01   2.8354431571055301e+01
   1.9000000000000000e+01   2.8686617390837501e+01
   2.0000000000000000e+01   2.8993128165764599e+01
   2.1000000000000000e+01   2.8903461915480801e+01
   2.2000000000000000e+01   2.9149401677855298e+01
   2.3000000000000000e+01   2.9333560576225800e+01
   2.4000000000000000e+01   2.9790444877463401e+01
   2.5000000000000000e+01   3.0080816658534399e+01
   2.6000000000000000e+01   3.0135794211418901e+01
   2.7000000000000000e+01   3.0393776057195300e+01
   2.8000000000000000e+01   3.0638944451503502e+01
   2.9000000000000000e+01   3.1155738193591599e+01
   3.0000000000000000e+01   3.1261524374414801e+01
   3.1000000000000000e+01   3.1073409390731101e+01
   3.2000000000000000e+01   3.0551914755045100e+01
   3.3000000000000000e+01   3.0485695034355398e+01
   3.4000000000000000e+01   3.0607483329158800e+01
   3.5000000000000000e+01   3.0813975475569499e+01
   3.6000000000000000e+01   3.0740471743953702e+01
   3.7000000000000000e+01   3.1223315988268499e+01
   3.8000000000000000e+01   3.1340664460098601e+01
   3.9000000000000000e+01   3.0771584545524998e+01
   4.0000000000000000e+01   3.1198887138084700e+01
   4.1000000000000000e+01   3.1438855002010101e+01
   4.2000000000000000e+01   3.1088715693597099e+01
   4.3000000000000000e+01   3.1574940348727502e+01
   4.4000000000000000e+01   3.1806741979010500e+01
   4.5000000000000000e+01   3.1709648164123699e+01
   4.6000000000000000e+01   3.2259954434918001e+01
   4.7000000000000000e+01   3.1766849131621900e+01
   4.8000000000000000e+01   3.1556719826595899e+01
   4.9000000000000000e+01   3.1692585358106498e+01
   5.0000000000000000e+01   3.1322358579955800e+01
   5.1000000000000000e+01   3.2006607287203899e+01
   5.2000000000000000e+01   3.2423414865270701e+01
   5.3000000000000000e+01   3.2915723989780901e+01
   5.4000000000000000e+01   3.2781147988666802e+01
   5.5000000000000000e+01   3.2452616276656101e+01
   5.6000000000000000e+01   3.3097804366413200e+01
   5.7000000000000000e+01   3.3058484630929101e+01
   5.8000000000000000e+01   3.3293235545180700e+01
   5.9000000000000000e+01   3.2855487052496997e+01
   6.0000000000000000e+01   3.2768347737507099e+01
   6.1000000000000000e+01   3.3074432107822901e+01
   6.2000000000000000e+01   3.3313035195027503e+01
   6.3000000000000000e+01   3.3727619125021597e+01
   6.4000000000000000e+01   3.3579428987261302e+01
   6.5000000000000000e+01   3.3785452077435899e+01
   6.6000000000000000e+01   3.3497274505422901e+01
   6.7000000000000000e+01   3.3526294023066498e+01
   6.8000000000000000e+01   3.3884493801484901e+01
   6.9000000000000000e+01   3.3536781200191797e+01
   7.0000000000000000e+01   3.4148802018517898e+01
   7.1000000000000000e+01   3.4245837914223500e+01
   7.2000000000000000e+01   3.4862572393589502e+01
   7.3000000000000000e+01   3.4869028026008401e+01
   7.4000000000000000e+01   3.5240770462869300e+01
   7.5000000000000000e+01   3.5508932983858898e+01
   7.6000000000000000e+01   3.5439682057626399e+01
   7.7000000000000000e+01   3.5260092778435400e+01
   7.8000000000000000e+01   3.5164584280014601e+01
   7.9000000000000000e+01   3.5237026468319399e+01
   8.0000000000000000e+01   3.6105473117117299e+01
   8.1000000000000000e+01   3.6103260340841501e+01
   8.2000000000000000e+01   3.5804420812049102e+01
   8.3000000000000000e+01   3.6027935805332604e+01
   8.4000000000000000e+01   3.5435268100023897e+01
   8.5000000000000000e+01   3.5823731112186103e+01
   8.6000000000000000e+01   3.5564406925657799e+01
   8.7000000000000000e+01   3.5428221381229399e+01
   8.8000000000000000e+01   3.5701713608175702e+01
   8.9000000000000000e+01   3.5601264307719703e+01
   9.0000000000000000e+01   3.5485324710991399e+01
   9.1000000000000000e+01   3.5523170240963402e+01
   9.2000000000000000e+01   3.5464188510700900e+01
   9.3000000000000000e+01   3.5315921726429899e+01
   9.4000000000000000e+01   3.5619971292405502e+01
   9.5000000000000000e+01   3.5957704463653101e+01
   9.6000000000000000e+01   3.5677019350602897e+01
   9.7000000000000000e+01   3.5800100689902898e+01
   9.8000000000000000e+01   3.5731608822401498e+01
   9.9000000000000000e+01   3.5591809868108697e+01
   1.0000000000000000e+02   3.5904185765382103e+01
   1.0100000000000000e+02   3.5734867014098697e+01
   1.0200000000000000e+02   3.5782794575142702e+01
   1.0300000000000000e+02   3.5786268211643602e+01
   1.0400000000000000e+02   3.5708093236819302e+01
   1.0500000000000000e+02   3.5797017107071198e+01
   1.0600000000000000e+02   3.5774808379618598e+01
   1.0700000000000000e+02   3.5694528603442997e+01
   1.0800000000000000e+02   3.6162393283497003e+01
   1.0900000000000000e+02   3.5921061714835503e+01
   1.1000000000000000e+02   3.5564081880312798e+01
   1.1100000000000000e+02   3.5772157149688503e+01
   1.1200000000000000e+02   3.5813073864057799e+01
   1.1300000000000000e+02   3.6142729536519496e+01
   1.1400000000000000e+02   3.6530352111565897e+01
   1.1500000000000000e+02   3.6366635590515202e+01
   1.1600000000000000e+02   3.6015180994285501e+01
   1.1700000000000000e+02   3.5935024010547203e+01
   1.1800000000000000e+02   3.5838698869505599e+01
   1.1900000000000000e+02   3.5683568245924100e+01
   1.2000000000000000e+02   3.5590947532855402e+01
   1.2100000000000000e+02   3.5244722684505099e+01
   1.2200000000000000e+02   3.5339657443086701e+01
   1.2300000000000000e+02   3.4875779808701800e+01
   1.2400000000000000e+02   3.4703513341726897e+01
   1.2500000000000000e+02   3.4229327235628503e+01
   1.2600000000000000e+02   3.4403954035220799e+01
   1.2700000000000000e+02   3.4534001142637798e+01
   1.2800000000000000e+02   3.4859507388668497e+01
   1.2900000000000000e+02   3.4729533054959902e+01
   1.3000000000000000e+02   3.4646722765988699e+01
   1.3100000000000000e+02   3.4359333909021700e+01
   1.3200000000000000e+02   3.4668094506765499e+01
   1.3300000000000000e+02   3.5077027503768200e+01
   1.3400000000000000e+02   3.4888735043988802e+01
   1.3500000000000000e+02   3.4186662348599299e+01
   1.3600000000000000e+02   3.3991298690391602e+01
   1.3700000000000000e+02   3.3741940046536598e+01
   1.3800000000000000e+02   3.4085292172458900e+01
   1.3900000000000000e+02   3.4571139056377902e+01
   1.4000000000000000e+02   3.3807294241779204e+01
   1.4100000000000000e+02   3.3568377830588901e+01
   1.4200000000000000e+02   3.3454315543342098e+01
   1.4300000000000000e+02   3.3512691136417097e+01
   1.4400000000000000e+02   3.3343471549112301e+01
   1.4500000000000000e+02   3.2954427904251801e+01
   1.4600000000000000e+02   3.2735300792113399e+01
   1.4700000000000000e+02   3.2761267852608803e+01
   1.4800000000000000e+02   3.2888762519821299e+01
   1.4900000000000000e+02   3.2780680401828299e+01
   1.5000000000000000e+02   3.2789394155603603e+01
   1.5100000000000000e+02   3.2689354794900503e+01
   1.5200000000000000e+02   3.3289397810891998e+01
   1.5300000000000000e+02   3.2825675753894501e+01
   1.5400000000000000e+02   3.2655132510247000e+01
   1.5500000000000000e+02   3.2859231881104400e+01
   1.5600000000000000e+02   3.2756971765323200e+01
   1.5700000000000000e+02   3.2732372531273903e+01
   1.5800000000000000e+02   3.2504165910209601e+01
   1.5900000000000000e+02   3.2567939473824403e+01
   1.6000000000000000e+02   3.2352481794962102e+01
   1.6100000000000000e+02   3.2289480581871203e+01
   1.6200000000000000e+02   3.2167644544432797e+01
   1.6300000000000000e+02   3.1653074130373000e+01
   1.6400000000000000e+02   3.0733688292644601e+01
   1.6500000000000000e+02   3.0713995507847802e+01
   1.6600000000000000e+02   3.1103825205987999e+01
   1.6700000000000000e+02   3.1213262267526300e+01
   1.6800000000000000e+02   3.0693884003024301e+01
   1.6900000000000000e+02   3.0750779264865798e+01
   1.7000000000000000e+02   3.0333431338445902e+01
   1.7100000000000000e+02   3.0867976054016900e+01
   1.7200000000000000e+02   3.0580609794661299e+01
   1.7300000000000000e+02   3.0713788372574300e+01
   1.7400000000000000e+02   3.0800733070005599e+01
   1.7500000000000000e+02   3.0695953611494801e+01
   1.7600000000000000e+02   3.0922203091072600e+01
   1.7700000000000000e+02   3.1139105953106601e+01
   1.7800000000000000e+02   3.0747984687988701e+01
   1.7900000000000000e+02   3.0616191763796500e+01
   1.8000000000000000e+02   3.0422560044053899e+01
   1.8100000000000000e+02   3.0671034636223400e+01
   1.8200000000000000e+02   3.0518042792053301e+01
   1.8300000000000000e+02   3.0249659685237202e+01
   1.8400000000000000e+02   3.0019962879891999e+01
   1.8500000000000000e+02   2.9350560435654899e+01
   1.8600000000000000e+02   2.9220303144885399e+01
   1.8700000000000000e+02   2.8727435367702601e+01
   1.8800000000000000e+02   2.8647447395706902e+01
   1.8900000000000000e+02   2.8585762662457000e+01
   1.9000000000000000e+02   2.8469398109547100e+01
   1.9100000000000000e+02   2.9184486612663100e+01
   1.9200000000000000e+02   2.9410226936164300e+01
   1.9300000000000000e+02   2.9116955722122601e+01
   1.9400000000000000e+02   2.9399696645456800e+01
   1.9500000000000000e+02   2.9165120561218700e+01
   1.9600000000000000e+02   2.8950961934460000e+01
   1.9700000000000000e+02   2.8888040249385199e+01
   1.9800000000000000e+02   2.9124892343132299e+01
   1.9900000000000000e+02   2.9308814561640599e+01
   2.0000000000000000e+02   2.9346924001431301e+01
   2.0100000000000000e+02   2.8848261723583800e+01
   2.0200000000000000e+02   2.8371336625826402e+01
   2.0300000000000000e+02   2.8011255737218200e+01
   2.0400000000000000e+02   2.7831397989912499e+01
   2.0500000000000000e+02   2.7721225450571399e+01
   2.0600000000000000e+02   2.7271788330110500e+01
   2.0700000000000000e+02   2.7436743533611399e+01
   2.0800000000000000e+02   2.7425595817634601e+01
   2.0900000000000000e+02   2.7201917118529799e+01
   2.1000000000000000e+02   2.6818599199453001e+01
   2.1100000000000000e+02   2.6526448543682498e+01
   2.1200000000000000e+02   2.6526155980458999e+01
   2.1300000000000000e+02   2.6546675674815798e+01
   2.1400000000000000e+02   2.6635495025458400e+01
   2.1500000000000000e+02   2.6573438811402699e+01
   2.1600000000000000e+02   2.6245686215731101e+01
   2.1700000000000000e+02   2.6464424879205499e+01
   2.1800000000000000e+02   2.6353746900184600e+01
   2.1900000000000000e+02   2.6577273708191498e+01
   2.2000000000000000e+02   2.6582565721315099e+01
   2.2100000000000000e+02   2.6795180308001601e+01
   2.2200000000000000e+02   2.6943159169887899e+01
   2.2300000000000000e+02   2.7265789969152500e+01
   2.2400000000000000e+02   2.7483686925342099e+01
   2.2500000000000000e+02   2.7359345784521899e+01
   2.2600000000000000e+02   2.7486622794684202e+01
   2.2700000000000000e+02   2.7133806026536199e+01
   2.2800000000000000e+02   2.6514983871560201e+01
   2.2900000000000000e+02   2.6292981338710799e+01
   2.3000000000000000e+02   2.6355530987613999e+01
   2.3100000000000000e+02   2.6417807068661499e+01
   2.3200000000000000e+02   2.6317219534497099e+01
   2.3300000000000000e+02   2.6229705024586799e+01
   2.3400000000000000e+02   2.5961237195705699e+01
   2.3500000000000000e+02   2.5338526945891800e+01
   2.3600000000000000e+02   2.5058849975454699e+01
   2.3700000000000000e+02   2.4962338863568601e+01
   2.3800000000000000e+02   2.5032312252010801e+01
   2.3900000000000000e+02   2.4846271557982199e+01
   2.4000000000000000e+02   2.4404204224403099e+01
   2.4100000000000000e+02   2.4477031027715199e+01
   2.4200000000000000e+02   2.4362936646830800e+01
   2.4300000000000000e+02   2.4068057383642699e+01
   2.4400000000000000e+02   2.3815465147216401e+01
   2.4500000000000000e+02   2.3082737919841101e+01
   2.4600000000000000e+02   2.2509179931443299e+01
   2.4700000000000000e+02   2.2465215179843401e+01
   2.4800000000000000e+02   2.1724664184085398e+01
   2.4900000000000000e+02   2.1850769745986600e+01
   2.5000000000000000e+02   2.1626797808675100e+01
   2.5100000000000000e+02   2.0900796755739201e+01
   2.5200000000000000e+02   2.1123021659917502e+01
   2.5300000000000000e+02   2.1231795525512101e+01
   2.5400000000000000e+02   2.1281876282043999e+01
   2.5500000000000000e+02   2.1568581140593000e+01
   2.5600000000000000e+02   2.1376585145830401e+01
   2.5700000000000000e+02   2.1512161964333401e+01
   2.5800000000000000e+02   2.0934418255044498e+01
   2.5900000000000000e+02   2.0593089621192298e+01
   2.6000000000000000e+02   2.0757100087851700e+01
   2.6100000000000000e+02   2.0931129184159499e+01
   2.6200000000000000e+02   2.0737849628782399e+01
   2.6300000000000000e+02   2.0911849062143101e+01
   2.6400000000000000e+02   2.0725277467402201e+01
   2.6500000000000000e+02   2.0363710427102198e+01
   2.6600000000000000e+02   2.0355465189762999e+01
   2.6700000000000000e+02   1.9484282650994700e+01
   2.6800000000000000e+02   1.8786312359058702e+01
   2.6900000000000000e+02   1.8410882478629301e+01
   2.7000000000000000e+02   1.7827818606512000e+01
   2.7100000000000000e+02   1.7518306074825801e+01
   2.7200000000000000e+02   1.7205130094922701e+01
   2.7300000000000000e+02   1.7125664714456899e+01
   2.7400000000000000e+02   1.6777464526258999e+01
   2.7500000000000000e+02   1.6429685701946401e+01
   2.7600000000000000e+02   1.6580811004368101e+01
   2.7700000000000000e+02   1.6749808878451500e+01
   2.7800000000000000e+02   1.6430671542844301e+01
   2.7900000000000000e+02   1.7022890535794101e+01
   2.8000000000000000e+02   1.7016221010978999e+01
   2.8100000000000000e+02   1.6937383286001001e+01
   2.8200000000000000e+02   1.6405506696307999e+01
   2.8300000000000000e+02   1.6423079885771099e+01
   2.8400000000000000e+02   1.6416004930507199e+01
   2.8500000000000000e+02   1.6296548387743002e+01
   2.8600000000000000e+02   1.6318809473070001e+01
   2.8700000000000000e+02   1.6243856170629002e+01
   2.8800000000000000e+02   1.5870743496067000e+01
   2.8900000000000000e+02   1.5445018038417400e+01
   2.9000000000000000e+02   1.5640933221311901e+01
   2.9100000000000000e+02   1.5404905261905100e+01
   2.9200000000000000e+02   1.5265818882367100e+01
   2.9300000000000000e+02   1.4918620225639501e+01
   2.9400000000000000e+02   1.4448426473317600e+01
   2.9500000000000000e+02   1.4370875342729599e+01
   2.9600000000000000e+02   1.4345827640097999e+01
   2.9700000000000000e+02   1.3843595261388399e+01
   2.9800000000000000e+02   1.3530645933150501e+01
   2.9900000000000000e+02   1.3229799551096900e+01
   3.0000000000000000e+02   1.3806618212119201e+01
   3.0100000000000000e+02   1.3276324763946700e+01
   3.0200000000000000e+02   1.2943604579243100e+01
   3.0300000000000000e+02   1.2858923915653399e+01
   3.0400000000000000e+02   1.2313641727531900e+01
   3.0500000000000000e+02   1.1922606270792199e+01
   3.0600000000000000e+02   1.1652143766772801e+01
   3.0700000000000000e+02   1.1441038240048901e+01
   3.0800000000000000e+02   1.1426647247029599e+01
   3.0900000000000000e+02   1.1323885942627800e+01
   3.1000000000000000e+02   1.1179210689399600e+01
   3.1100000000000000e+02   1.1227795078833500e+01
   3.1200000000000000e+02   1.0962996119611001e+01
   3.1300000000000000e+02   1.0414160553663599e+01
   3.1400000000000000e+02   1.0134922093348600e+01
   3.1500000000000000e+02   9.9027753396273308e+00
   3.1600000000000000e+02   9.0277154306030791e+00
   3.1700000000000000e+02   8.7378747198301596e+00
   3.1800000000000000e+02   8.5585262848131407e+00
   3.1900000000000000e+02   8.6742315318772594e+00
   3.2000000000000000e+02   8.8299177282281800e+00
   3.2100000000000000e+02   8.3511877608358702e+00
   3.2200000000000000e+02   8.2609167486516295e+00
   3.2300000000000000e+02   8.4829669582658500e+00
   3.2400000000000000e+02   8.1916659325029304e+00
   3.2500000000000000e+02   7.7071844396075102e+00
   3.2600000000000000e+02   7.0544511849951803e+00
   3.2700000000000000e+02   6.9586566359009998e+00
   3.2800000000000000e+02   7.0043957615450498e+00
   3.2900000000000000e+02   6.1231935907898096e+00
   3.3000000000000000e+02   6.1148581704686302e+00
   3.3100000000000000e+02   6.0271177702277203e+00
   3.3200000000000000e+02   6.0893010151454803e+00
   3.3300000000000000e+02   5.7585473623164303e+00
   3.3400000000000000e+02   5.0597059440320100e+00
   3.3500000000000000e+02   4.8491646972195399e+00
   3.3600000000000000e+02   4.5240445939241596e+00
   3.3700000000000000e+02   4.2704319707189304e+00
   3.3800000000000000e+02   3.8697791507012398e+00
   3.3900000000000000e+02   3.8290689953205401e+00
   3.4000000000000000e+02   3.7822588397672798e+00
   3.4100000000000000e+02   3.7226214882813200e+00
   3.4200000000000000e+02   3.7809300699366699e+00
   3.4300000000000000e+02   3.2931786515518202e+00
   3.4400000000000000e+02   3.0041129578487098e+00
   3.4500000000000000e+02   2.9179504958407501e+00
   3.4600000000000000e+02   2.8024851840687899e+00
   3.4700000000000000e+02   2.6428282054132501e+00
   3.4800000000000000e+02   2.2632004640020900e+00
   3.4900000000000000e+02   1.5889197710559300e+00
   3.5000000000000000e+02   1.8177273375194201e+00
   3.5100000000000000e+02   2.0458816943179898e+00
   3.5200000000000000e+02   1.7737537298296100e+00
   3.5300000000000000e+02   2.0687823874855402e+00
   3.5400000000000000e+02   2.2309756197977699e+00
   3.5500000000000000e+02   2.3094305489601701e+00
   3.5600000000000000e+02   1.4434099582642099e+00
   3.5700000000000000e+02   1.1851920845215800e+00
   3.5800000000000000e+02   1.0254878486748400e+00
   3.5900000000000000e+02   8.1507676798612405e-01
   3.6000000000000000e+02   5.7875342443744704e-01
   3.6100000000000000e+02   1.8355812828450899e-01
   3.6200000000000000e+02  -3.7514416681049501e-01
   3.6300000000000000e+02  -5.7815275101520103e-01
   3.6400000000000000e+02  -9.2619006022459605e-01
   3.6500000000000000e+02  -1.3866067601416900e+00
   3.6600000000000000e+02  -1.6092811451458200e+00
   3.6700000000000000e+02  -1.5418959796055101e+00
   3.6800000000000000e+02  -1.2305180606530299e+00
   3.6900000000000000e+02  -1.1764273225055499e+00
   3.7000000000000000e+02  -2.0422010820317098e+00
   3.7100000000000000e+02  -2.5773529783360800e+00
   3.7200000000000000e+02  -2.8581511780767799e+00
   3.7300000000000000e+02  -2.7551415512791499e+00
   3.7400000000000000e+02  -3.0586172708647701e+00
   3.7500000000000000e+02  -3.0038922506439700e+00
   3.7600000000000000e+02  -3.3466914345129299e+00
   3.7700000000000000e+02  -3.1878455827694601e+00
   3.7800000000000000e+02  -3.0980566165583201e+00
   3.7900000000000000e+02  -3.1476758922712000e+00
   3.8000000000000000e+02  -3.2758547803383200e+00
   3.8100000000000000e+02  -3.4179626219267099e+00
   3.8200000000000000e+02  -3.5733941917457401e+00
   3.8300000000000000e+02  -4.5758799705777902e+00
   3.8400000000000000e+02  -5.3749172182598901e+00
   3.8500000000000000e+02  -5.8370981157112096e+00
   3.8600000000000000e+02  -6.0962937425315902e+00
   3.8700000000000000e+02  -6.2618680108961202e+00
   3.8800000000000000e+02  -6.4838432269028603e+00
   3.8900000000000000e+02  -7.0895172076623600e+00
   3.9000000000000000e+02  -7.4762761671197397e+00
   3.9100000000000000e+02  -7.9058654428930097e+00
   3.9200000000000000e+02  -8.4952397549809806e+00
   3.9300000000000000e+02  -8.8842237899964704e+00
   3.9400000000000000e+02  -9.4510410322742509e+00
   3.9500000000000000e+02  -9.5559640976362399e+00
   3.9600000000000000e+02  -1.0346003461569699e+01
   3.9700000000000000e+02  -1.0844614089537799e+01
   3.9800000000000000e+02  -1.0516247346146599e+01
   3.9900000000000000e+02  -1.1163575023283800e+01
   4.0000000000000000e+02  -1.0821593939373100e+01
   4.0100000000000000e+02  -1.1442714852800000e+01
   4.0200000000000000e+02  -1.1573295308182900e+01
   4.0300000000000000e+02  -1.1846431874889300e+01
   4.0400000000000000e+02  -1.2046353804832201e+01
   4.0500000000000000e+02  -1.2188371569895500e+01
   4.0600000000000000e+02  -1.2537511965270800e+01
   4.0700000000000000e+02  -1.3274597026355700e+01
   4.0800000000000000e+02  -1.3211792422595201e+01
   4.0900000000000000e+02  -1.3362024002132401e+01
   4.1000000000000000e+02  -1.3492291592280100e+01
   4.1100000000000000e+02  -1.3364452352107000e+01
   4.1200000000000000e+02  -1.3743150490681000e+01
   4.1300000000000000e+02  -1.4091402859843100e+01
   4.1400000000000000e+02  -1.4353962238649700e+01
   4.1500000000000000e+02  -1.4406170945585799e+01
   4.1600000000000000e+02  -1.4873427223171101e+01
   4.1700000000000000e+02  -1.5517907251928500e+01
   4.1800000000000000e+02  -1.5800811363447000e+01
   4.1900000000000000e+02  -1.6354079762469599e+01
   4.2000000000000000e+02  -1.6427055805468601e+01
   4.2100000000000000e+02  -1.7048376002296699e+01
   4.2200000000000000e+02  -1.7162498016647302e+01
   4.2300000000000000e+02  -1.7414005007653600e+01
   4.2400000000000000e+02  -1.7747171000565601e+01
   4.2500000000000000e+02  -1.8293916233500600e+01
   4.2600000000000000e+02  -1.8260213159414800e+01
   4.2700000000000000e+02  -1.8831289833859099e+01
   4.2800000000000000e+02  -1.9174297212458399e+01
   4.2900000000000000e+02  -1.9474052528583400e+01
   4.3000000000000000e+02  -2.0138048815974400e+01
   4.3100000000000000e+02  -2.0315444557042699e+01
   4.3200000000000000e+02  -2.1190089084542699e+01
   4.3300000000000000e+02  -2.1415595706028800e+01
   4.3400000000000000e+02  -2.1529831577837001e+01
   4.3500000000000000e+02  -2.1914785910260001e+01
   4.3600000000000000e+02  -2.2327034995749099e+01
   4.3700000000000000e+02  -2.2359402161767299e+01
   4.3800000000000000e+02  -2.2088485810238200e+01
   4.3900000000000000e+02  -2.2745945375621499e+01
   4.4000000000000000e+02  -2.3183934645619800e+01
   4.4100000000000000e+02  -2.3393024656434399e+01
   4.4200000000000000e+02  -2.3823547373570001e+01
   4.4300000000000000e+02  -2.4381690117035902e+01
   4.4400000000000000e+02  -2.5133028656498901e+01
   4.4500000000000000e+02  -2.5598643343367900e+01
   4.4600000000000000e+02  -2.6342594349592801e+01
   4.4700000000000000e+02  -2.6524529802864400e+01
   4.4800000000000000e+02  -2.6630062411084801e+01
   4.4900000000000000e+02  -2.7469626773042400e+01
   4.5000000000000000e+02  -2.7756926724264002e+01
   4.5100000000000000e+02  -2.8383657796159000e+01
   4.5200000000000000e+02  -2.8530129669230199e+01
   4.5300000000000000e+02  -2.8892598369095701e+01
   4.5400000000000000e+02  -2.9408323536907101e+01
   4.5500000000000000e+02  -3.0101827566930400e+01
   4.5600000000000000e+02  -2.9946429010299301e+01
   4.5700000000000000e+02  -3.0407110274606900e+01
   4.5800000000000000e+02  -3.0690974800806899e+01
   4.5900000000000000e+02  -3.1008363905885300e+01
   4.6000000000000000e+02  -3.1709437794657301e+01
   4.6100000000000000e+02  -3.2151112815155400e+01
   4.6200000000000000e+02  -3.2503403041349799e+01
   4.6300000000000000e+02  -3.3147785431204902e+01
   4.6400000000000000e+02  -3.3305279296570603e+01
   4.6500000000000000e+02  -3.3796825381312097e+01
   4.6600000000000000e+02  -3.3842846176136703e+01
   4.6700000000000000e+02  -3.4187315262530703e+01
   4.6800000000000000e+02  -3.4425645154567199e+01
   4.6900000000000000e+02  -3.4802126028196199e+01
   4.7000000000000000e+02  -3.5294374944462199e+01
   4.7100000000000000e+02  -3.5976310279903799e+01
   4.7200000000000000e+02  -3.6347074520476703e+01
   4.7300000000000000e+02  -3.6678380136560598e+01
   4.7400000000000000e+02  -3.6766193915678201e+01
   4.7500000000000000e+02  -3.7020691046073303e+01
   4.7600000000000000e+02  -3.6816466798617597e+01
   4.7700000000000000e+02  -3.7541424197889803e+01
   4.7800000000000000e+02  -3.7760366986887298e+01
   4.7900000000000000e+02  -3.8187065688979203e+01
   4.8000000000000000e+02  -3.8530755553790300e+01
   4.8100000000000000e+02  -3.9114573674952503e+01
   4.8200000000000000e+02  -3.9466578378911898e+01
   4.8300000000000000e+02  -4.0037716998350497e+01
   4.8400000000000000e+02  -4.0347728180455498e+01
   4.8500000000000000e+02  -4.0193423323121998e+01
   4.8600000000000000e+02  -4.1238840248291702e+01
   4.8700000000000000e+02  -4.1695688050248300e+01
   4.8800000000000000e+02  -4.2794496616133401e+01
   4.8900000000000000e+02  -4.3717865098100702e+01
   4.9000000000000000e+02  -4.4452101408371803e+01
   4.9100000000000000e+02  -4.4561078521027497e+01
   4.9200000000000000e+02  -4.5460034332645201e+01
   4.9300000000000000e+02  -4.5730764212430998e+01
   4.9400000000000000e+02  -4.6250853805978302e+01
   4.9500000000000000e+02  -4.6916660803286902e+01
   4.9600000000000000e+02  -4.7464041625526498e+01
   4.9700000000000000e+02  -4.8228573575151103e+01
   4.9800000000000000e+02  -4.8466257228401197e+01
   4.9900000000000000e+02  -4.9380896026807498e+01
   5.0000000000000000e+02  -4.9509822866930300e+01
   5.0100000000000000e+02  -4.9970882464130803e+01
   5.0200000000000000e+02  -5.0670140539826498e+01
   5.0300000000000000e+02  -5.0910982500154198e+01
   5.0400000000000000e+02  -5.1783240378023798e+01
   5.0500000000000000e+02  -5.1625482716964399e+01
   5.0600000000000000e+02  -5.1664295279005003e+01
   5.0700000000000000e+02  -5.1779565826202997e+01
   5.0800000000000000e+02  -5.2325210903956503e+01
   5.0900000000000000e+02  -5.2423436891743798e+01
   5.1000000000000000e+02  -5.3252062011795097e+01
   5.1100000000000000e+02  -5.3853678414937598e+01
   5.1200000000000000e+02  -5.4352320063411803e+01
   5.1300000000000000e+02  -5.4584529090804899e+01
   5.1400000000000000e+02  -5.5147208463186303e+01
   5.1500000000000000e+02  -5.5514838299163003e+01
   5.1600000000000000e+02  -5.5764409711189799e+01
   5.1700000000000000e+02  -5.6015883231428603e+01
   5.1800000000000000e+02  -5.6462364371246501e+01
   5.1900000000000000e+02  -5.7276112689441199e+01
   5.2000000000000000e+02  -5.7492487220635297e+01
   5.2100000000000000e+02  -5.7238254175198399e+01
   5.2200000000000000e+02  -5.7526313557526301e+01
   5.2300000000000000e+02  -5.7667252726031002e+01
   5.2400000000000000e+02  -5.8541002619910202e+01
   5.2500000000000000e+02  -5.8909037356651602e+01
   5.2600000000000000e+02  -5.9518494954784302e+01
   5.2700000000000000e+02  -6.0248303958880498e+01
   5.2800000000000000e+02  -6.0575633683281097e+01
   5.2900000000000000e+02  -6.1417686606386901e+01
   5.3000000000000000e+02  -6.1933782288050701e+01
   5.3100000000000000e+02  -6.2606218231466897e+01
   5.3200000000000000e+02  -6.3052211804824303e+01
   5.3300000000000000e+02  -6.3107791085365200e+01
   5.3400000000000000e+02  -6.3451362589412497e+01
   5.3500000000000000e+02  -6.2949436685179300e+01
   5.3600000000000000e+02  -6.3691404248416198e+01
   5.3700000000000000e+02  -6.4010823127786395e+01
   5.3800000000000000e+02  -6.4235327485827796e+01
   5.3900000000000000e+02  -6.4880890857054297e+01
   5.4000000000000000e+02  -6.5386528556923693e+01
   5.4100000000000000e+02  -6.5824718941406800e+01
   5.4200000000000000e+02  -6.6207131248127595e+01
   5.4300000000000000e+02  -6.6627207554017204e+01
   5.4400000000000000e+02  -6.7238922122000105e+01
   5.4500000000000000e+02  -6.7883646918516604e+01
   5.4600000000000000e+02  -6.8327492987582303e+01
   5.4700000000000000e+02  -6.9139433437039401e+01
   5.4800000000000000e+02  -6.9040499859479695e+01
   5.4900000000000000e+02  -6.9449144609254006e+01
   5.5000000000000000e+02  -6.9652632138350796e+01
   5.5100000000000000e+02  -6.9960878508965394e+01
   5.5200000000000000e+02  -7.1004224492229895e+01
   5.5300000000000000e+02  -7.0989964725352294e+01
   5.5400000000000000e+02  -7.1613984189214605e+01
   5.5500000000000000e+02  -7.1867985793800301e+01
   5.5600000000000000e+02  -7.2400483211722801e+01
   5.5700000000000000e+02  -7.2247542566446995e+01
   5.5800000000000000e+02  -7.2472885121457097e+01
   5.5900000000000000e+02  -7.2612406605985598e+01
   5.6000000000000000e+02  -7.3048825491044099e+01
   5.6100000000000000e+02  -7.3063858805305301e+01
   5.6200000000000000e+02  -7.3334326782585705e+01
   5.6300000000000000e+02  -7.3434407995300603e+01
   5.6400000000000000e+02  -7.3663499499112703e+01
   5.6500000000000000e+02  -7.3202173892063598e+01
   5.6600000000000000e+02  -7.3505212779178194e+01
   5.6700000000000000e+02  -7.4138081210020800e+01
   5.6800000000000000e+02  -7.3696353348448000e+01
   5.6900000000000000e+02  -7.4085131464891703e+01
   5.7000000000000000e+02  -7.4316071631419405e+01
   5.7100000000000000e+02  -7.4428032066509203e+01
   5.7200000000000000e+02  -7.3903694242381306e+01
   5.7300000000000000e+02  -7.3784237692992406e+01
   5.7400000000000000e+02  -7.4130765941584599e+01
   5.7500000000000000e+02  -7.3909609003853902e+01
   5.7600000000000000e+02  -7.4069927198343194e+01
   5.7700000000000000e+02  -7.3678658107745093e+01
   5.7800000000000000e+02  -7.3925751246262607e+01
   5.7900000000000000e+02  -7.4084401172316205e+01
   5.8000000000000000e+02  -7.4052210185431704e+01
   5.8100000000000000e+02  -7.4419977778245297e+01
   5.8200000000000000e+02  -7.4146143849260795e+01
   5.8300000000000000e+02  -7.3574343169419393e+01
   5.8400000000000000e+02  -7.4396459845658896e+01
   5.8500000000000000e+02  -7.4154588421966807e+01
   5.8600000000000000e+02  -7.4369788476030905e+01
   5.8700000000000000e+02  -7.4297447406753406e+01
   5.8800000000000000e+02  -7.4468656159228004e+01
   5.8900000000000000e+02  -7.4984451188212702e+01
   5.9000000000000000e+02  -7.5465330587340802e+01
   5.9100000000000000e+02  -7.6018591934277097e+01
   5.9200000000000000e+02  -7.6296698135232504e+01
   5.9300000000000000e+02  -7.6128327145100599e+01
   5.9400000000000000e+02  -7.6293317639038605e+01
   5.9500000000000000e+02  -7.6116285419112302e+01
   5.9600000000000000e+02  -7.6476603595695494e+01
   5.9700000000000000e+02  -7.6663215262964002e+01
   5.9800000000000000e+02  -7.6366654087623104e+01
   5.9900000000000000e+02  -7.7196350670666106e+01
   6.0000000000000000e+02  -7.7059964219763501e+01
   6.0100000000000000e+02  -7.6596126944996200e+01
   6.0200000000000000e+02  -7.6676548185277994e+01
   6.0300000000000000e+02  -7.6667418035678594e+01
   6.0400000000000000e+02  -7.7721754380134399e+01
   6.0500000000000000e+02  -7.7761647518612705e+01
   6.0600000000000000e+02  -7.8109765329892895e+01
   6.0700000000000000e+02  -7.8498617423395103e+01
   6.0800000000000000e+02  -7.8543623392052893e+01
   6.0900000000000000e+02  -7.8257557467371001e+01
   6.1000000000000000e+02  -7.7554503998263002e+01
   6.1100000000000000e+02  -7.7706661338651898e+01
   6.1200000000000000e+02  -7.7627331491339405e+01
   6.1300000000000000e+02  -7.7460630822688003e+01
   6.1400000000000000e+02  -7.7815263221248202e+01
   6.1500000000000000e+02  -7.8040409589359498e+01
   6.1600000000000000e+02  -7.8202857901758705e+01
   6.1700000000000000e+02  -7.8308255742542102e+01
   6.1800000000000000e+02  -7.8042976062442406e+01
   6.1900000000000000e+02  -7.7378481370621600e+01
   6.2000000000000000e+02  -7.7278833713204705e+01
   6.2100000000000000e+02  -7.6944252309660897e+01
   6.2200000000000000e+02  -7.7097227505698399e+01
   6.2300000000000000e+02  -7.6644656268284393e+01
   6.2400000000000000e+02  -7.6749433590991401e+01
   6.2500000000000000e+02  -7.6924710364363605e+01
   6.2600000000000000e+02  -7.6750349146383996e+01
   6.2700000000000000e+02  -7.6201158700753396e+01
   6.2800000000000000e+02  -7.6425396914080594e+01
   6.2900000000000000e+02  -7.6634268654100794e+01
   6.3000000000000000e+02  -7.6833249031258802e+01
   6.3100000000000000e+02  -7.6545862269020404e+01
   6.3200000000000000e+02  -7.6518607654710294e+01
   6.3300000000000000e+02  -7.6427233352222402e+01
   6.3400000000000000e+02  -7.6136038437246796e+01
   6.3500000000000000e+02  -7.5853603635084099e+01
   6.3600000000000000e+02  -7.6064746777606103e+01
   6.3700000000000000e+02  -7.6168730289919097e+01
   6.3800000000000000e+02  -7.5510292460439601e+01
   6.3900000000000000e+02  -7.5801615925582894e+01
   6.4000000000000000e+02  -7.6010183882923897e+01
   6.4100000000000000e+02  -7.6384196494033603e+01
   6.4200000000000000e+02  -7.5888967608940305e+01
   6.4300000000000000e+02  -7.5850156402422300e+01
   6.4400000000000000e+02  -7.5779471181672704e+01
   6.4500000000000000e+02  -7.5820045725726899e+01
   6.4600000000000000e+02  -7.5709981871693898e+01
   6.4700000000000000e+02  -7.5530414864686705e+01
   6.4800000000000000e+02  -7.5462562120425801e+01
   6.4900000000000000e+02  -7.5905662068656198e+01
   6.5000000000000000e+02  -7.5726893565366893e+01
   6.5100000000000000e+02  -7.5706866394674805e+01
   6.5200000000000000e+02  -7.6004425300579101e+01
   6.5300000000000000e+02  -7.5368666736805395e+01
   6.5400000000000000e+02  -7.5177101747803505e+01
   6.5500000000000000e+02  -7.4905389392273904e+01
   6.5600000000000000e+02  -7.4755445127025695e+01
   6.5700000000000000e+02  -7.4978623636439494e+01
   6.5800000000000000e+02  -7.4828959883728501e+01
   6.5900000000000000e+02  -7.5308066315332994e+01
   6.6000000000000000e+02  -7.5238667057121503e+01
   6.6100000000000000e+02  -7.4935559195203098e+01
   6.6200000000000000e+02  -7.4848892351453401e+01
   6.6300000000000000e+02  -7.4582415495763499e+01
   6.6400000000000000e+02  -7.4409148399649396e+01
   6.6500000000000000e+02  -7.4647850897238101e+01
   6.6600000000000000e+02  -7.4424051100312894e+01
   6.6700000000000000e+02  -7.4077414223025997e+01
   6.6800000000000000e+02  -7.4176095624987298e+01
   6.6900000000000000e+02  -7.4824130047819295e+01
   6.7000000000000000e+02  -7.4966226566849400e+01
   6.7100000000000000e+02  -7.5226632387321104e+01
   6.7200000000000000e+02  -7.5141538619723093e+01
   6.7300000000000000e+02  -7.5340265528706297e+01
   6.7400000000000000e+02  -7.5579957040990095e+01
   6.7500000000000000e+02  -7.5145503239835605e+01
   6.7600000000000000e+02  -7.5604891782669299e+01
   6.7700000000000000e+02  -7.5712414051624904e+01
   6.7800000000000000e+02  -7.5707017664681601e+01
   6.7900000000000000e+02  -7.5516223826683799e+01
   6.8000000000000000e+02  -7.5163946870318796e+01
   6.8100000000000000e+02  -7.5486300904756007e+01
   6.8200000000000000e+02  -7.5815734011738002e+01
   6.8300000000000000e+02  -7.6138838335810306e+01
   6.8400000000000000e+02  -7.6300436164737107e+01
   6.8500000000000000e+02  -7.6518206466644102e+01
   6.8600000000000000e+02  -7.6248582705082100e+01
   6.8700000000000000e+02  -7.6295510481336905e+01
   6.8800000000000000e+02  -7.6813894105266897e+01
   6.8900000000000000e+02  -7.7062768115422102e+01
   6.9000000000000000e+02  -7.7323437539949097e+01
   6.9100000000000000e+02  -7.7156349935909802e+01
   6.9200000000000000e+02  -7.7264545603020494e+01
   6.9300000000000000e+02  -7.7086085622884696e+01
   6.9400000000000000e+02  -7.6819984102272500e+01
   6.9500000000000000e+02  -7.6903981820327402e+01
   6.9600000000000000e+02  -7.7059363566746995e+01
   6.9700000000000000e+02  -7.6811032994819101e+01
   6.9800000000000000e+02  -7.7338949954756998e+01
   6.9900000000000000e+02  -7.6951405979800896e+01
   7.0000000000000000e+02  -7.6252262403044298e+01
   7.0100000000000000e+02  -7.6212390895607598e+01
   7.0200000000000000e+02  -7.6017580328916196e+01
   7.0300000000000000e+02  -7.5791742469429295e+01
   7.0400000000000000e+02  -7.5573861550154703e+01
   7.0500000000000000e+02  -7.5242847157022098e+01
   7.0600000000000000e+02  -7.5079943091149005e+01
   7.0700000000000000e+02  -7.4957973223456307e+01
   7.0800000000000000e+02  -7.4329239693210994e+01
   7.0900000000000000e+02  -7.4396614674440499e+01
   7.1000000000000000e+02  -7.3874640906215902e+01
   7.1100000000000000e+02  -7.3934607673870104e+01
   7.1200000000000000e+02  -7.4475196703158005e+01
   7.1300000000000000e+02  -7.4484437050086996e+01
   7.1400000000000000e+02  -7.4255306830445093e+01
   7.1500000000000000e+02  -7.4328468989147495e+01
   7.1600000000000000e+02  -7.4690208194432799e+01
   7.1700000000000000e+02  -7.4572125555284899e+01
   7.1800000000000000e+02  -7.4898176856814203e+01
   7.1900000000000000e+02  -7.4903514530258093e+01
   7.2000000000000000e+02  -7.5114888991765895e+01
   7.2100000000000000e+02  -7.4764407674099203e+01
   7.2200000000000000e+02  -7.5169620074547197e+01
   7.2300000000000000e+02  -7.5421632668847707e+01
   7.2400000000000000e+02  -7.5521232657135201e+01
   7.2500000000000000e+02  -7.5644077315703001e+01
   7.2600000000000000e+02  -7.5621202033899493e+01
   7.2700000000000000e+02  -7.5449011227161193e+01
   7.2800000000000000e+02  -7.5507256481572298e+01
   7.2900000000000000e+02  -7.5084036980012698e+01
   7.3000000000000000e+02  -7.5073416261055499e+01
   7.3100000000000000e+02  -7.4837288225766599e+01
   7.3200000000000000e+02  -7.5129262541081602e+01
   7.3300000000000000e+02  -7.4948511420985795e+01
   7.3400000000000000e+02  -7.4900852790504004e+01
   7.3500000000000000e+02  -7.5462829546421105e+01
   7.3600000000000000e+02  -7.5682700849776097e+01
   7.3700000000000000e+02  -7.5524635693736997e+01
   7.3800000000000000e+02  -7.5657545144976396e+01
   7.3900000000000000e+02  -7.5621745937925894e+01
   7.4000000000000000e+02  -7.6403888416196395e+01
   7.4100000000000000e+02  -7.5676966685384301e+01
   7.4200000000000000e+02  -7.5466859468043793e+01
   7.4300000000000000e+02  -7.5725644180444803e+01
   7.4400000000000000e+02  -7.5888007965983306e+01
   7.4500000000000000e+02  -7.6442258209937293e+01
   7.4600000000000000e+02  -7.6418070175405703e+01
   7.4700000000000000e+02  -7.6264819574759997e+01
   7.4800000000000000e+02  -7.6464455906555202e+01
   7.4900000000000000e+02  -7.6872294323405796e+01
   7.5000000000000000e+02  -7.6784674941143606e+01
   7.5100000000000000e+02  -7.6711288812750993e+01
   7.5200000000000000e+02  -7.6861494119342495e+01
   7.5300000000000000e+02  -7.6607340860123600e+01
   7.5400000000000000e+02  -7.6595451503202398e+01
   7.5500000000000000e+02  -7.6914151747622299e+01
   7.5600000000000000e+02  -7.6383371989647799e+01
   7.5700000000000000e+02  -7.5788374625524099e+01
   7.5800000000000000e+02  -7.5871789014249302e+01
   7.5900000000000000e+02  -7.6105719750492199e+01
   7.6000000000000000e+02  -7.6591237468000301e+01
   7.6100000000000000e+02  -7.6345532269768199e+01
   7.6200000000000000e+02  -7.5977666261032894e+01
   7.6300000000000000e+02  -7.5601530906959198e+01
   7.6400000000000000e+02  -7.5628529869893200e+01
   7.6500000000000000e+02  -7.5414742365149706e+01
   7.6600000000000000e+02  -7.5736932290614803e+01
   7.6700000000000000e+02  -7.6044118860145602e+01
   7.6800000000000000e+02  -7.6157008699545898e+01
   7.6900000000000000e+02  -7.6723767405895899e+01
   7.7000000000000000e+02  -7.6429020252634700e+01
   7.7100000000000000e+02  -7.6738942560313006e+01
   7.7200000000000000e+02  -7.6631424774122294e+01
   7.7300000000000000e+02  -7.6445525423975994e+01
   7.7400000000000000e+02  -7.6572699334909501e+01
   7.7500000000000000e+02  -7.6172848099343199e+01
   7.7600000000000000e+02  -7.5889216849720896e+01
   7.7700000000000000e+02  -7.5817026392522905e+01
   7.7800000000000000e+02  -7.5425690211534004e+01
   7.7900000000000000e+02  -7.5534161584967194e+01
   7.8000000000000000e+02  -7.5261954780464905e+01
   7.8100000000000000e+02  -7.4772748211142002e+01
   7.8200000000000000e+02  -7.4501749826686194e+01
   7.8300000000000000e+02  -7.4000860468640994e+01
   7.8400000000000000e+02  -7.4363402947338699e+01
   7.8500000000000000e+02  -7.4405931465512495e+01
   7.8600000000000000e+02  -7.4250717601956694e+01
   7.8700000000000000e+02  -7.4281478817823299e+01
   7.8800000000000000e+02  -7.3981654777004195e+01
   7.8900000000000000e+02  -7.4086980238720201e+01
   7.9000000000000000e+02  -7.4793450478875698e+01
   7.9100000000000000e+02  -7.5089918907030395e+01
   7.9200000000000000e+02  -7.5032150537242600e+01
   7.9300000000000000e+02  -7.4621419656569401e+01
   7.9400000000000000e+02  -7.4651568638978603e+01
   7.9500000000000000e+02  -7.5017773397117594e+01
   7.9600000000000000e+02  -7.5555282141263504e+01
   7.9700000000000000e+02  -7.5475332146969095e+01
   7.9800000000000000e+02  -7.5379097195640995e+01
   7.9900000000000000e+02  -7.4870881480695701e+01
   8.0000000000000000e+02  -7.5395472446157299e+01
   8.0100000000000000e+02  -7.5872772411014793e+01
   8.0200000000000000e+02  -7.5545077115347098e+01
   8.0300000000000000e+02  -7.5570261741060193e+01
   8.0400000000000000e+02  -7.5754206942929400e+01
   8.0500000000000000e+02  -7.6246966172520899e+01
   8.0600000000000000e+02  -7.6156640149287199e+01
   8.0700000000000000e+02  -7.5899327869909001e+01
   8.0800000000000000e+02  -7.5652480009456397e+01
   8.0900000000000000e+02  -7.5649722956676300e+01
   8.1000000000000000e+02  -7.5540076050663600e+01
   8.1100000000000000e+02  -7.5263013892148905e+01
   8.1200000000000000e+02  -7.4808709283738196e+01
   8.1300000000000000e+02  -7.4757370533641705e+01
   8.1400000000000000e+02  -7.4741524037830303e+01
   8.1500000000000000e+02  -7.4697881278248801e+01
   8.1600000000000000e+02  -7.4796264643515002e+01
   8.1700000000000000e+02  -7.4545141333341107e+01
   8.1800000000000000e+02  -7.4578222631238901e+01
   8.1900000000000000e+02  -7.4623621731781597e+01
   8.2000000000000000e+02  -7.4739949760321394e+01
   8.2100000000000000e+02  -7.4839365013080396e+01
   8.2200000000000000e+02  -7.5340531949398496e+01
   8.2300000000000000e+02  -7.5779730976302602e+01
   8.2400000000000000e+02  -7.6276359200161593e+01
   8.2500000000000000e+02  -7.6491249104773900e+01
   8.2600000000000000e+02  -7.6913971181644598e+01
   8.2700000000000000e+02  -7.6572862749354499e+01
   8.2800000000000000e+02  -7.6453341534692200e+01
   8.2900000000000000e+02  -7.6274076951294504e+01
   8.3000000000000000e+02  -7.5859668480357797e+01
   8.3100000000000000e+02  -7.6083737984500999e+01
   8.3200000000000000e+02  -7.5884291627307704e+01
   8.3300000000000000e+02  -7.6380666178522105e+01
   8.3400000000000000e+02  -7.6290654268101207e+01
   8.3500000000000000e+02  -7.6005114439856399e+01
   8.3600000000000000e+02  -7.6497427609228893e+01
   8.3700000000000000e+02  -7.7007366497986695e+01
   8.3800000000000000e+02  -7.7041200790158996e+01
   8.3900000000000000e+02  -7.6827835693800907e+01
   8.4000000000000000e+02  -7.6600902621248196e+01
   8.4100000000000000e+02  -7.6514136131013501e+01
   8.4200000000000000e+02  -7.6201179222638899e+01
   8.4300000000000000e+02  -7.6174573142882494e+01
   8.4400000000000000e+02  -7.6062670397938902e+01
   8.4500000000000000e+02  -7.6291403295864299e+01
   8.4600000000000000e+02  -7.6228096324357907e+01
   8.4700000000000000e+02  -7.6302112368163407e+01
   8.4800000000000000e+02  -7.5747538279273101e+01
   8.4900000000000000e+02  -7.5553450869897205e+01
   8.5000000000000000e+02  -7.5101445297859499e+01
   8.5100000000000000e+02  -7.4459044805354793e+01
   8.5200000000000000e+02  -7.4324040746494603e+01
   8.5300000000000000e+02  -7.4388370935819793e+01
   8.5400000000000000e+02  -7.4539961778620594e+01
   8.5500000000000000e+02  -7.4367071294502594e+01
   8.5600000000000000e+02  -7.4805803119359993e+01
   8.5700000000000000e+02  -7.4703452940838901e+01
   8.5800000000000000e+02  -7.4611132786253805e+01
   8.5900000000000000e+02  -7.4857205624604404e+01
   8.6000000000000000e+02  -7.4795644999491699e+01
   8.6100000000000000e+02  -7.4859330282076797e+01
   8.6200000000000000e+02  -7.4936418307307306e+01
   8.6300000000000000e+02  -7.4716040930930902e+01
   8.6400000000000000e+02  -7.4560682061397102e+01
   8.6500000000000000e+02  -7.4560333602615103e+01
   8.6600000000000000e+02  -7.4554418014232695e+01
   8.6700000000000000e+02  -7.4550151258129404e+01
   8.6800000000000000e+02  -7.4643350035787606e+01
   8.6900000000000000e+02  -7.5192833850347299e+01
   8.7000000000000000e+02  -7.5393295702001495e+01
   8.7100000000000000e+02  -7.5336306725996806e+01
   8.7200000000000000e+02  -7.5210225938441098e+01
   8.7300000000000000e+02  -7.5270983233931403e+01
   8.7400000000000000e+02  -7.4974724019418204e+01
   8.7500000000000000e+02  -7.5085075778407202e+01
   8.7600000000000000e+02  -7.4718695449806603e+01
   8.7700000000000000e+02  -7.4542800595054999e+01
   8.7800000000000000e+02  -7.4700179199428206e+01
   8.7900000000000000e+02  -7.4560729319504105e+01
   8.8000000000000000e+02  -7.4597292116498295e+01
   8.8100000000000000e+02  -7.4542562985845905e+01
   8.8200000000000000e+02  -7.3985009502965696e+01
   8.8300000000000000e+02  -7.3829653527030302e+01
   8.8400000000000000e+02  -7.4008867261843093e+01
   8.8500000000000000e+02  -7.3910529264203603e+01
   8.8600000000000000e+02  -7.3736729065051904e+01
