  -1.0000000000000000e+02  -7.4168227055317601e+01
  -9.9000000000000000e+01  -7.4253349209021906e+01
  -9.8000000000000000e+01  -7.4372972012057005e+01
  -9.7000000000000000e+01  -7.4466902733276797e+01
  -9.6000000000000000e+01  -7.4886847581429905e+01
  -9.5000000000000000e+01  -7.5035431714557703e+01
  -9.4000000000000000e+01  -7.4989592376315201e+01
  -9.3000000000000000e+01  -7.4633847649048903e+01
  -9.2000000000000000e+01  -7.4835800610134598e+01
  -9.1000000000000000e+01  -7.4964573108162895e+01
  -9.0000000000000000e+01  -7.4948011615730607e+01
  -8.9000000000000000e+01  -7.4552551739572607e+01
  -8.8000000000000000e+01  -7.4249324031913204e+01
  -8.7000000000000000e+01  -7.4360198477496297e+01
  -8.6000000000000000e+01  -7.4339161807917705e+01
  -8.5000000000000000e+01  -7.4296501003405297e+01
  -8.4000000000000000e+01  -7.4433289267219905e+01
  -8.3000000000000000e+01  -7.4381507836816098e+01
  -8.2000000000000000e+01  -7.4334303569397605e+01
  -8.1000000000000000e+01  -7.4398577990224794e+01
  -8.0000000000000000e+01  -7.4491849629388497e+01
  -7.9000000000000000e+01  -7.4170902958087794e+01
  -7.8000000000000000e+01  -7.4040853968285603e+01
  -7.7000000000000000e+01  -7.3570734498500002e+01
  -7.6000000000000000e+01  -7.3310785692453507e+01
  -7.5000000000000000e+01  -7.3463172533631905e+01
  -7.4000000000000000e+01  -7.3179083544491604e+01
  -7.3000000000000000e+01  -7.3087685345528300e+01
  -7.2000000000000000e+01  -7.3447052023772301e+01
  -7.1000000000000000e+01  -7.3163821699018101e+01
  -7.0000000000000000e+01  -7.3176514878706698e+01
  -6.9000000000000000e+01  -7.3069092929356600e+01
  -6.8000000000000000e+01  -7.3376009723574398e+01
  -6.7000000000000000e+01  -7.2898250685122804e+01
  -6.6000000000000000e+01  -7.2427746274739405e+01
  -6.5000000000000000e+01  -7.2752375988245106e+01
  -6.4000000000000000e+01  -7.2499565337757204e+01
  -6.3000000000000000e+01  -7.2026325929086198e+01
  -6.2000000000000000e+01  -7.2437176252830895e+01
  -6.1000000000000000e+01  -7.2356124707191995e+01
  -6.0000000000000000e+01  -7.2143918972116296e+01
  -5.9000000000000000e+01  -7.2119816501917498e+01
  -5.8000000000000000e+01  -7.2230455151996395e+01
  -5.7000000000000000e+01  -7.2566636582438306e+01
  -5.6000000000000000e+01  -7.2233018060535500e+01
  -5.5000000000000000e+01  -7.2192655835425597e+01
  -5.4000000000000000e+01  -7.2091472368350395e+01
  -5.3000000000000000e+01  -7.2126655785863093e+01
  -5.2000000000000000e+01  -7.2016444866005401e+01
  -5.1000000000000000e+01  -7.2465124553978498e+01
  -5.0000000000000000e+01  -7.2607005242508393e+01
  -4.9000000000000000e+01  -7.2971128102591294e+01
  -4.8000000000000000e+01  -7.2984725039208797e+01
  -4.7000000000000000e+01  -7.2527545973320002e+01
  -4.6000000000000000e+01  -7.2247637047051299e+01
  -4.5000000000000000e+01  -7.2112252883152806e+01
  -4.4000000000000000e+01  -7.2066397186466006e+01
  -4.3000000000000000e+01  -7.2137819760253905e+01
  -4.2000000000000000e+01  -7.1770735390685502e+01
  -4.1000000000000000e+01  -7.1547606319026698e+01
  -4.0000000000000000e+01  -7.1723378741588604e+01
  -3.9000000000000000e+01  -7.2677239986032703e+01
  -3.8000000000000000e+01  -7.2562516896535399e+01
  -3.7000000000000000e+01  -7.1986226619381299e+01
  -3.6000000000000000e+01  -7.1561012100177294e+01
  -3.5000000000000000e+01  -7.1551446942615797e+01
  -3.4000000000000000e+01  -7.2033996015011198e+01
  -3.3000000000000000e+01  -7.1310483387938206e+01
  -3.2000000000000000e+01  -7.1264467140482694e+01
  -3.1000000000000000e+01  -7.0799500414011803e+01
  -3.0000000000000000e+01  -7.0525007875653898e+01
  -2.9000000000000000e+01  -7.0177210539811597e+01
  -2.8000000000000000e+01  -6.9704066832193007e+01
  -2.7000000000000000e+01  -6.9341085878845902e+01
  -2.6000000000000000e+01  -6.8943518973313601e+01
  -2.5000000000000000e+01  -6.8176355316344697e+01
  -2.4000000000000000e+01  -6.8033938067823300e+01
  -2.3000000000000000e+01  -6.7940467687513504e+01
  -2.2000000000000000e+01  -6.7553127869381299e+01
  -2.1000000000000000e+01  -6.7944696767854694e+01
  -2.0000000000000000e+01  -6.7957249017867099e+01
  -1.9000000000000000e+01  -6.7881238363183499e+01
  -1.8000000000000000e+01  -6.7983097482742906e+01
  -1.7000000000000000e+01  -6.7429522663495007e+01
  -1.6000000000000000e+01  -6.6913431559312997e+01
  -1.5000000000000000e+01  -6.6935339519273398e+01
  -1.4000000000000000e+01  -6.6081794884879798e+01
  -1.3000000000000000e+01  -6.5716696798349005e+01
  -1.2000000000000000e+01  -6.5196172624559097e+01
  -1.1000000000000000e+01  -6.4638714353491693e+01
  -1.0000000000000000e+01  -6.4277905674700804e+01
  -9.0000000000000000e+00  -6.3674981089462598e+01
  -8.0000000000000000e+00  -6.2865247838142302e+01
  -7.0000000000000000e+00  -6.2351687633752000e+01
  -6.0000000000000000e+00  -6.1782528869949303e+01
  -5.0000000000000000e+00  -6.0624599993382702e+01
  -4.0000000000000000e+00  -5.9344864152046298e+01
  -3.0000000000000000e+00  -5.6668458195171198e+01
  -2.0000000000000000e+00  -5.2095885665856599e+01
  -1.0000000000000000e+00  -3.6021314557805901e+01
   0.0000000000000000e+00  -5.5593796860429903e+00
   1.0000000000000000e+00   1.0387493508634300e+01
   2.0000000000000000e+00   1.8828132982296701e+01
   3.0000000000000000e+00   2.3477749897757299e+01
   4.0000000000000000e+00   2.5640207084327699e+01
   5.0000000000000000e+00   2.6819943449135501e+01
   6.0000000000000000e+00   2.7667088323779200e+01
   7.0000000000000000e+00   2.8178671155089599e+01
   8.0000000000000000e+00   2.8542015607495699e+01
   9.0000000000000000e+00   2.8423556007815598e+01
   1.0000000000000000e+01   2.8335735959107001e+01
   1.1000000000000000e+01   2.8911827103015099e+01
   1.2000000000000000e+01   2.8741465750961101e+01
   1.3000000000000000e+01   2.9555338367241902e+01
   1.4000000000000000e+01   2.9710098710730701e+01
   1.5000000000000000e+01   3.0745006640213202e+01
   1.6000000000000000e+01   3.1060796612792000e+01
   1.7000000000000000e+01   3.1160941605981701e+01
   1.8000000000000000e+01   3.0922660338662400e+01
   1.9000000000000000e+01   3.0732995820634599e+01
   2.0000000000000000e+01   3.0761357479264198e+01
   2.1000000000000000e+01   3.0856924565427200e+01
   2.2000000000000000e+01   3.1141494105280700e+01
   2.3000000000000000e+01   3.1305254613233402e+01
   2.4000000000000000e+01   3.1671063072552801e+01
   2.5000000000000000e+01   3.1209720048854301e+01
   2.6000000000000000e+01   3.0907937155339500e+01
   2.7000000000000000e+01   3.1056114757162501e+01
   2.8000000000000000e+01   3.0768835232549598e+01
   2.9000000000000000e+01   3.1012025502258901e+01
   3.0000000000000000e+01   3.0955755913222099e+01
   3.1000000000000000e+01   3.1289290747834301e+01
   3.2000000000000000e+01   3.1005894730618699e+01
   3.3000000000000000e+01   3.1218497850358901e+01
   3.4000000000000000e+01   3.1328894692930000e+01
   3.5000000000000000e+01   3.1663557734726400e+01
   3.6000000000000000e+01   3.1931248975209702e+01
   3.7000000000000000e+01   3.2321415405770900e+01
   3.8000000000000000e+01   3.2540305039352504e+01
   3.9000000000000000e+01   3.2645587801272598e+01
   4.0000000000000000e+01   3.2931522432746199e+01
   4.1000000000000000e+01   3.2726013848178702e+01
   4.2000000000000000e+01   3.2776614577998600e+01
   4.3000000000000000e+01   3.2864030631019602e+01
   4.4000000000000000e+01   3.3120015888598999e+01
   4.5000000000000000e+01   3.3314438354859199e+01
   4.6000000000000000e+01   3.3403995999971002e+01
   4.7000000000000000e+01   3.3763726286043102e+01
   4.8000000000000000e+01   3.3682567613393402e+01
   4.9000000000000000e+01   3.3305177052300500e+01
   5.0000000000000000e+01   3.3280842126567002e+01
   5.1000000000000000e+01   3.3987450869292402e+01
   5.2000000000000000e+01   3.4229850413404797e+01
   5.3000000000000000e+01   3.4497103794235400e+01
   5.4000000000000000e+01   3.4402843502645801e+01
   5.5000000000000000e+01   3.4751123146564098e+01
   5.6000000000000000e+01   3.4772379328324497e+01
   5.7000000000000000e+01   3.4663273289583501e+01
   5.8000000000000000e+01   3.4946984947229801e+01
   5.9000000000000000e+01   3.4783275505973300e+01
   6.0000000000000000e+01   3.4955808240311697e+01
   6.1000000000000000e+01   3.4433787933291498e+01
   6.2000000000000000e+01   3.4162910487261598e+01
   6.3000000000000000e+01   3.4385719486570899e+01
   6.4000000000000000e+01   3.4401103743500897e+01
   6.5000000000000000e+01   3.4218012437072602e+01
   6.6000000000000000e+01   3.4317444985395397e+01
   6.7000000000000000e+01   3.5099761732540799e+01
   6.8000000000000000e+01   3.5404482535549398e+01
   6.9000000000000000e+01   3.5490170433135603e+01
   7.0000000000000000e+01   3.5654906147349202e+01
   7.1000000000000000e+01   3.5770722466454600e+01
   7.2000000000000000e+01   3.5733334123942903e+01
   7.3000000000000000e+01   3.5605934627194600e+01
   7.4000000000000000e+01   3.5992205844440299e+01
   7.5000000000000000e+01   3.6025197184768501e+01
   7.6000000000000000e+01   3.6209155388417301e+01
   7.7000000000000000e+01   3.6558972489915000e+01
   7.8000000000000000e+01   3.6899403652158298e+01
   7.9000000000000000e+01   3.6679221719406797e+01
   8.0000000000000000e+01   3.7138985367695597e+01
   8.1000000000000000e+01   3.7116367848983700e+01
   8.2000000000000000e+01   3.6837586957545099e+01
   8.3000000000000000e+01   3.7339593157514500e+01
   8.4000000000000000e+01   3.7081454031179199e+01
   8.5000000000000000e+01   3.7339534656552999e+01
   8.6000000000000000e+01   3.7486246353494799e+01
   8.7000000000000000e+01   3.7588619865935399e+01
   8.8000000000000000e+01   3.7888164297146801e+01
   8.9000000000000000e+01   3.7565521284729499e+01
   9.0000000000000000e+01   3.7650848500562098e+01
   9.1000000000000000e+01   3.7446434611050300e+01
   9.2000000000000000e+01   3.7427124961642598e+01
   9.3000000000000000e+01   3.7987894648815299e+01
   9.4000000000000000e+01   3.8007259513822902e+01
   9.5000000000000000e+01   3.7706947483095398e+01
   9.6000000000000000e+01   3.7551812038010297e+01
   9.7000000000000000e+01   3.7262064313915701e+01
   9.8000000000000000e+01   3.7429804987529501e+01
   9.9000000000000000e+01   3.7450902777106499e+01
   1.0000000000000000e+02   3.7699937152844697e+01
   1.0100000000000000e+02   3.7786918102735399e+01
   1.0200000000000000e+02   3.7747908255710001e+01
   1.0300000000000000e+02   3.7996800973254700e+01
   1.0400000000000000e+02   3.7831554363883399e+01
   1.0500000000000000e+02   3.7583060104027197e+01
   1.0600000000000000e+02   3.7028872449680598e+01
   1.0700000000000000e+02   3.7452416611286203e+01
   1.0800000000000000e+02   3.7431876610212797e+01
   1.0900000000000000e+02   3.7212476173835398e+01
   1.1000000000000000e+02   3.7370561793893501e+01
   1.1100000000000000e+02   3.7166938690656700e+01
   1.1200000000000000e+02   3.6852982729690297e+01
   1.1300000000000000e+02   3.7217108181233797e+01
   1.1400000000000000e+02   3.7092786823205202e+01
   1.1500000000000000e+02   3.7234467141691397e+01
   1.1600000000000000e+02   3.7440895896588799e+01
   1.1700000000000000e+02   3.7348810162007602e+01
   1.1800000000000000e+02   3.7180131502571300e+01
   1.1900000000000000e+02   3.6980318592642497e+01
   1.2000000000000000e+02   3.6093454279136402e+01
   1.2100000000000000e+02   3.6215717207041799e+01
   1.2200000000000000e+02   3.6240909029076697e+01
   1.2300000000000000e+02   3.5689619742532301e+01
   1.2400000000000000e+02   3.5493397036008602e+01
   1.2500000000000000e+02   3.5242013301536602e+01
   1.2600000000000000e+02   3.5170659665872499e+01
   1.2700000000000000e+02   3.5308834900818901e+01
   1.2800000000000000e+02   3.4873838163760098e+01
   1.2900000000000000e+02   3.3856262512304397e+01
   1.3000000000000000e+02   3.3962282682306402e+01
   1.3100000000000000e+02   3.4133056801724003e+01
   1.3200000000000000e+02   3.3386802588895200e+01
   1.3300000000000000e+02   3.3047816619488998e+01
   1.3400000000000000e+02   3.3064556428301202e+01
   1.3500000000000000e+02   3.3025955659489000e+01
   1.3600000000000000e+02   3.2922441760523903e+01
   1.3700000000000000e+02   3.2790577015320302e+01
   1.3800000000000000e+02   3.2707726008190100e+01
   1.3900000000000000e+02   3.2988060683141299e+01
   1.4000000000000000e+02   3.2990196696728198e+01
   1.4100000000000000e+02   3.2571945549841203e+01
   1.4200000000000000e+02   3.2584295003732301e+01
   1.4300000000000000e+02   3.2771455031291097e+01
   1.4400000000000000e+02   3.2364223524573099e+01
   1.4500000000000000e+02   3.2301413325661997e+01
   1.4600000000000000e+02   3.2295094238097398e+01
   1.4700000000000000e+02   3.2068279633223902e+01
   1.4800000000000000e+02   3.2032478805237197e+01
   1.4900000000000000e+02   3.1926000006349501e+01
   1.5000000000000000e+02   3.1754975468934600e+01
   1.5100000000000000e+02   3.1819284959122101e+01
   1.5200000000000000e+02   3.1155928011209500e+01
   1.5300000000000000e+02   3.1236603337418000e+01
   1.5400000000000000e+02   3.1382117988015601e+01
   1.5500000000000000e+02   3.1066896971651801e+01
   1.5600000000000000e+02   3.0962702243860900e+01
   1.5700000000000000e+02   3.1481315722974500e+01
   1.5800000000000000e+02   3.0869867015912600e+01
   1.5900000000000000e+02   3.0847765129662601e+01
   1.6000000000000000e+02   3.0790049308040100e+01
   1.6100000000000000e+02   3.1227170871817101e+01
   1.6200000000000000e+02   3.1625814288865499e+01
   1.6300000000000000e+02   3.1887040047910901e+01
   1.6400000000000000e+02   3.2393490808212803e+01
   1.6500000000000000e+02   3.2212255357469999e+01
   1.6600000000000000e+02   3.2391027429377999e+01
   1.6700000000000000e+02   3.2464845475662599e+01
   1.6800000000000000e+02   3.2927243924888103e+01
   1.6900000000000000e+02   3.2599880863000401e+01
   1.7000000000000000e+02   3.2416795605741299e+01
   1.7100000000000000e+02   3.2876095234012404e+01
   1.7200000000000000e+02   3.2727359700748302e+01
   1.7300000000000000e+02   3.2432042041894299e+01
   1.7400000000000000e+02   3.2475005764788797e+01
   1.7500000000000000e+02   3.1758340157060900e+01
   1.7600000000000000e+02   3.1686927994744000e+01
   1.7700000000000000e+02   3.1648158843026199e+01
   1.7800000000000000e+02   3.1550300465799300e+01
   1.7900000000000000e+02   3.1588744159890400e+01
   1.8000000000000000e+02   3.1600635232066701e+01
   1.8100000000000000e+02   3.1568662696929799e+01
   1.8200000000000000e+02   3.1420830874328800e+01
   1.8300000000000000e+02   3.1121201890309099e+01
   1.8400000000000000e+02   3.1187072933254601e+01
   1.8500000000000000e+02   3.1101001873431098e+01
   1.8600000000000000e+02   3.1397577523568600e+01
   1.8700000000000000e+02   3.0434202941814000e+01
   1.8800000000000000e+02   3.0472006595586699e+01
   1.8900000000000000e+02   3.0164544242605999e+01
   1.9000000000000000e+02   3.0346184926319701e+01
   1.9100000000000000e+02   3.0502241171326400e+01
   1.9200000000000000e+02   3.0724859082579599e+01
   1.9300000000000000e+02   3.0643681134045600e+01
   1.9400000000000000e+02   3.0342869872889700e+01
   1.9500000000000000e+02   3.0482148420606698e+01
   1.9600000000000000e+02   3.0758662602295299e+01
   1.9700000000000000e+02   3.0641143113018099e+01
   1.9800000000000000e+02   3.0412582105942199e+01
   1.9900000000000000e+02   3.0544987452457601e+01
   2.0000000000000000e+02   3.0168988632374500e+01
   2.0100000000000000e+02   2.9960208918473199e+01
   2.0200000000000000e+02   2.9687546504796199e+01
   2.0300000000000000e+02   2.9681450816330202e+01
   2.0400000000000000e+02   3.0018936144987300e+01
   2.0500000000000000e+02   3.0082463102709401e+01
   2.0600000000000000e+02   3.0052347594133099e+01
   2.0700000000000000e+02   3.0417076853652901e+01
   2.0800000000000000e+02   2.9893269883529701e+01
   2.0900000000000000e+02   2.9973165631102500e+01
   2.1000000000000000e+02   2.9964931125211400e+01
   2.1100000000000000e+02   3.0199147973667301e+01
   2.1200000000000000e+02   2.9848824506934800e+01
   2.1300000000000000e+02   2.9573627758037901e+01
   2.1400000000000000e+02   2.9456660165848898e+01
   2.1500000000000000e+02   2.9287116679771302e+01
   2.1600000000000000e+02   2.9215228305200601e+01
   2.1700000000000000e+02   2.8771645619486002e+01
   2.1800000000000000e+02   2.8965744884070698e+01
   2.1900000000000000e+02   2.9070250206470199e+01
   2.2000000000000000e+02   2.9265771374558700e+01
   2.2100000000000000e+02   2.9262415542744101e+01
   2.2200000000000000e+02   2.9074527785748799e+01
   2.2300000000000000e+02   2.8764845939090701e+01
   2.2400000000000000e+02   2.8237841112024601e+01
   2.2500000000000000e+02   2.8540335250383102e+01
   2.2600000000000000e+02   2.8492617895625600e+01
   2.2700000000000000e+02   2.7881600386484799e+01
   2.2800000000000000e+02   2.7197404475214700e+01
   2.2900000000000000e+02   2.6394396438858799e+01
   2.3000000000000000e+02   2.6056997188470302e+01
   2.3100000000000000e+02   2.5540943700903501e+01
   2.3200000000000000e+02   2.5412953707780598e+01
   2.3300000000000000e+02   2.5629980670409001e+01
   2.3400000000000000e+02   2.6003252264661800e+01
   2.3500000000000000e+02   2.5346271502664798e+01
   2.3600000000000000e+02   2.5845200619479101e+01
   2.3700000000000000e+02   2.5796055626902099e+01
   2.3800000000000000e+02   2.5832257009735500e+01
   2.3900000000000000e+02   2.5274006966121501e+01
   2.4000000000000000e+02   2.5744451780830399e+01
   2.4100000000000000e+02   2.5938528244038199e+01
   2.4200000000000000e+02   2.6159257795211101e+01
   2.4300000000000000e+02   2.6061533882762699e+01
   2.4400000000000000e+02   2.6092457913167500e+01
   2.4500000000000000e+02   2.5653351024600600e+01
   2.4600000000000000e+02   2.6249085731371899e+01
   2.4700000000000000e+02   2.6142832340635600e+01
   2.4800000000000000e+02   2.5525768972601298e+01
   2.4900000000000000e+02   2.5185810190666398e+01
   2.5000000000000000e+02   2.5047109669726598e+01
   2.5100000000000000e+02   2.4753876061052100e+01
   2.5200000000000000e+02   2.4528873129386302e+01
   2.5300000000000000e+02   2.3880309225272399e+01
   2.5400000000000000e+02   2.3461599584017499e+01
   2.5500000000000000e+02   2.3679764833122000e+01
   2.5600000000000000e+02   2.3027625209728399e+01
   2.5700000000000000e+02   2.3070858672452498e+01
   2.5800000000000000e+02   2.2581896519615601e+01
   2.5900000000000000e+02   2.2820920783226700e+01
   2.6000000000000000e+02   2.2500771796530000e+01
   2.6100000000000000e+02   2.2478456173501701e+01
   2.6200000000000000e+02   2.2081369719710601e+01
   2.6300000000000000e+02   2.2053679046939902e+01
   2.6400000000000000e+02   2.1569810469470099e+01
   2.6500000000000000e+02   2.1040887503486999e+01
   2.6600000000000000e+02   2.0513163967119301e+01
   2.6700000000000000e+02   2.0148877704040700e+01
   2.6800000000000000e+02   1.9763333376813801e+01
   2.6900000000000000e+02   1.9605557380531199e+01
   2.7000000000000000e+02   1.9774580564287401e+01
   2.7100000000000000e+02   1.9617816659052600e+01
   2.7200000000000000e+02   1.9821015113638701e+01
   2.7300000000000000e+02   1.9927723086930101e+01
   2.7400000000000000e+02   1.9894744316217398e+01
   2.7500000000000000e+02   1.9970097643533201e+01
   2.7600000000000000e+02   1.9376371887429599e+01
   2.7700000000000000e+02   1.8853905331102400e+01
   2.7800000000000000e+02   1.8984934549896600e+01
   2.7900000000000000e+02   1.9041277443375499e+01
   2.8000000000000000e+02   1.9102868755535500e+01
   2.8100000000000000e+02   1.8842904406402599e+01
   2.8200000000000000e+02   1.8082187904972201e+01
   2.8300000000000000e+02   1.8020667137355101e+01
   2.8400000000000000e+02   1.8142325367446599e+01
   2.8500000000000000e+02   1.8192099112501801e+01
   2.8600000000000000e+02   1.8598257577993600e+01
   2.8700000000000000e+02   1.8053754354970199e+01
   2.8800000000000000e+02   1.7730984573965600e+01
   2.8900000000000000e+02   1.7616426951708199e+01
   2.9000000000000000e+02   1.7415914902054400e+01
   2.9100000000000000e+02   1.7465055967588800e+01
   2.9200000000000000e+02   1.7418166051143601e+01
   2.9300000000000000e+02   1.7747476771023500e+01
   2.9400000000000000e+02   1.7618365290129699e+01
   2.9500000000000000e+02   1.7160940034748901e+01
   2.9600000000000000e+02   1.6980889966206000e+01
   2.9700000000000000e+02   1.6977871843332100e+01
   2.9800000000000000e+02   1.6662741927000500e+01
   2.9900000000000000e+02   1.7053389005240000e+01
   3.0000000000000000e+02   1.6927521525720099e+01
   3.0100000000000000e+02   1.6640134778497298e+01
   3.0200000000000000e+02   1.6251622318473999e+01
   3.0300000000000000e+02   1.5923350714827899e+01
   3.0400000000000000e+02   1.5448845365849200e+01
   3.0500000000000000e+02   1.5014613034469701e+01
   3.0600000000000000e+02   1.4637282360133799e+01
   3.0700000000000000e+02   1.4544059613503400e+01
   3.0800000000000000e+02   1.4052605498079400e+01
   3.0900000000000000e+02   1.3552900081929200e+01
   3.1000000000000000e+02   1.3164934728666999e+01
   3.1100000000000000e+02   1.3232556823048199e+01
   3.1200000000000000e+02   1.2976162129105900e+01
   3.1300000000000000e+02   1.2628887518105900e+01
   3.1400000000000000e+02   1.2552857514245700e+01
   3.1500000000000000e+02   1.2068473074753900e+01
   3.1600000000000000e+02   1.1849343813544801e+01
   3.1700000000000000e+02   1.1790274913109100e+01
   3.1800000000000000e+02   1.0989487767050001e+01
   3.1900000000000000e+02   1.0679031273966100e+01
   3.2000000000000000e+02   1.0527244383893100e+01
   3.2100000000000000e+02   1.0155855207751999e+01
   3.2200000000000000e+02   9.9056211949922996e+00
   3.2300000000000000e+02   1.0028316320216600e+01
   3.2400000000000000e+02   1.0063663561022500e+01
   3.2500000000000000e+02   9.7942339796878208e+00
   3.2600000000000000e+02   9.8557369071572793e+00
   3.2700000000000000e+02   1.0311856070711199e+01
   3.2800000000000000e+02   1.0388274079285500e+01
   3.2900000000000000e+02   1.0212739153578100e+01
   3.3000000000000000e+02   1.0066015077769499e+01
   3.3100000000000000e+02   1.0278372901832700e+01
   3.3200000000000000e+02   1.0213215614104699e+01
   3.3300000000000000e+02   9.6886167675931691e+00
   3.3400000000000000e+02   9.4307219555625696e+00
   3.3500000000000000e+02   8.4302033022988798e+00
   3.3600000000000000e+02   8.7030233134610508e+00
   3.3700000000000000e+02   8.8027411975425807e+00
   3.3800000000000000e+02   9.0232602365461201e+00
   3.3900000000000000e+02   8.9214198162945095e+00
   3.4000000000000000e+02   8.7722129176932206e+00
   3.4100000000000000e+02   8.7355526401242791e+00
   3.4200000000000000e+02   8.7023403207741108e+00
   3.4300000000000000e+02   9.1061775951337207e+00
   3.4400000000000000e+02   9.4546849256991798e+00
   3.4500000000000000e+02   8.7202036076437395e+00
   3.4600000000000000e+02   8.7185686815787999e+00
   3.4700000000000000e+02   8.6005346420326401e+00
   3.4800000000000000e+02   8.2179773176187396e+00
   3.4900000000000000e+02   7.5542191939918402e+00
   3.5000000000000000e+02   7.5852318907472700e+00
   3.5100000000000000e+02   7.4527952570491696e+00
   3.5200000000000000e+02   7.6223598772070700e+00
   3.5300000000000000e+02   7.7671627900135096e+00
   3.5400000000000000e+02   7.8358421088533099e+00
   3.5500000000000000e+02   7.9792608243925702e+00
   3.5600000000000000e+02   7.4877188340119298e+00
   3.5700000000000000e+02   7.2590601983152503e+00
   3.5800000000000000e+02   6.8415591238463200e+00
   3.5900000000000000e+02   6.2548007024475503e+00
   3.6000000000000000e+02   6.1279610019282096e+00
   3.6100000000000000e+02   6.2043591419668198e+00
   3.6200000000000000e+02   6.2802075897670999e+00
   3.6300000000000000e+02   6.3617237066285002e+00
   3.6400000000000000e+02   6.0960280398710598e+00
   3.6500000000000000e+02   5.2130796276179199e+00
   3.6600000000000000e+02   4.6573486063799701e+00
   3.6700000000000000e+02   4.8534060938902002e+00
   3.6800000000000000e+02   4.5976713382366103e+00
   3.6900000000000000e+02   4.2329094635049698e+00
   3.7000000000000000e+02   3.7320785975586501e+00
   3.7100000000000000e+02   3.9496933329638502e+00
   3.7200000000000000e+02   3.3059753881642200e+00
   3.7300000000000000e+02   3.5555615836086001e+00
   3.7400000000000000e+02   3.8047758858735499e+00
   3.7500000000000000e+02   3.8375428441157702e+00
   3.7600000000000000e+02   3.1389432618110700e+00
   3.7700000000000000e+02   3.0518820765563199e+00
   3.7800000000000000e+02   2.5645131002607302e+00
   3.7900000000000000e+02   1.9817965669489701e+00
   3.8000000000000000e+02   1.6883218115649601e+00
   3.8100000000000000e+02   1.2726009877885101e+00
   3.8200000000000000e+02   1.1459226676607199e+00
   3.8300000000000000e+02   1.0474308861421400e+00
   3.8400000000000000e+02   8.1912655379865795e-01
   3.8500000000000000e+02   7.6141996093763598e-01
   3.8600000000000000e+02   5.2058373709102101e-01
   3.8700000000000000e+02   5.7794869825399900e-02
   3.8800000000000000e+02   1.3976746871441301e-01
   3.8900000000000000e+02  -4.2953509254439798e-01
   3.9000000000000000e+02  -7.4195619090539400e-01
   3.9100000000000000e+02  -1.1237852750619901e+00
   3.9200000000000000e+02  -1.3399205310102400e+00
   3.9300000000000000e+02  -1.4771904872289701e+00
   3.9400000000000000e+02  -1.5081394459171400e+00
   3.9500000000000000e+02  -1.3350909552354999e+00
   3.9600000000000000e+02  -1.7884081468772599e+00
   3.9700000000000000e+02  -1.4912374295179500e+00
   3.9800000000000000e+02  -1.7613336893768701e+00
   3.9900000000000000e+02  -1.7662345777225299e+00
   4.0000000000000000e+02  -1.7887407974539300e+00
   4.0100000000000000e+02  -1.4389959804112500e+00
   4.0200000000000000e+02  -1.5599975743368599e+00
   4.0300000000000000e+02  -2.0490970105685000e+00
   4.0400000000000000e+02  -1.9554923865080001e+00
   4.0500000000000000e+02  -2.1738591514292902e+00
   4.0600000000000000e+02  -2.6116476373367998e+00
   4.0700000000000000e+02  -2.7295446767522100e+00
   4.0800000000000000e+02  -2.9783293181662298e+00
   4.0900000000000000e+02  -3.0144344724762799e+00
   4.1000000000000000e+02  -2.9227492170415101e+00
   4.1100000000000000e+02  -3.0234214584248802e+00
   4.1200000000000000e+02  -3.3121828390032100e+00
   4.1300000000000000e+02  -3.4640871903538502e+00
   4.1400000000000000e+02  -3.6270777927007498e+00
   4.1500000000000000e+02  -4.0492245315295703e+00
   4.1600000000000000e+02  -4.8330539004514996e+00
   4.1700000000000000e+02  -4.9954562050979803e+00
   4.1800000000000000e+02  -4.8841678140911498e+00
   4.1900000000000000e+02  -5.5759509439153900e+00
   4.2000000000000000e+02  -5.4665521149473797e+00
   4.2100000000000000e+02  -5.9302152587847301e+00
   4.2200000000000000e+02  -6.4432154042655698e+00
   4.2300000000000000e+02  -6.7116349236962796e+00
   4.2400000000000000e+02  -6.8616688602758202e+00
   4.2500000000000000e+02  -7.2195534848593503e+00
   4.2600000000000000e+02  -7.7705578083074398e+00
   4.2700000000000000e+02  -7.9508088731915096e+00
   4.2800000000000000e+02  -8.1490565902453902e+00
   4.2900000000000000e+02  -8.4942446498795405e+00
   4.3000000000000000e+02  -8.5453578558059196e+00
   4.3100000000000000e+02  -9.7166183789683505e+00
   4.3200000000000000e+02  -1.0176920072940099e+01
   4.3300000000000000e+02  -1.0463833598903900e+01
   4.3400000000000000e+02  -1.1258071480412200e+01
   4.3500000000000000e+02  -1.1391780231743599e+01
   4.3600000000000000e+02  -1.1620848173266200e+01
   4.3700000000000000e+02  -1.1604601230054300e+01
   4.3800000000000000e+02  -1.1703315334317100e+01
   4.3900000000000000e+02  -1.1989820504536601e+01
   4.4000000000000000e+02  -1.1870877108369500e+01
   4.4100000000000000e+02  -1.1901287872806099e+01
   4.4200000000000000e+02  -1.2030247502240799e+01
   4.4300000000000000e+02  -1.2235800056933400e+01
   4.4400000000000000e+02  -1.2653757045582701e+01
   4.4500000000000000e+02  -1.2990933120180200e+01
   4.4600000000000000e+02  -1.3445280688750801e+01
   4.4700000000000000e+02  -1.3163179453060099e+01
   4.4800000000000000e+02  -1.3112584166529500e+01
   4.4900000000000000e+02  -1.3615261505819300e+01
   4.5000000000000000e+02  -1.4660117760096600e+01
   4.5100000000000000e+02  -1.4999995995320200e+01
   4.5200000000000000e+02  -1.5540819214003999e+01
   4.5300000000000000e+02  -1.5500768072701200e+01
   4.5400000000000000e+02  -1.5873876077561400e+01
   4.5500000000000000e+02  -1.5924018044525100e+01
   4.5600000000000000e+02  -1.6031308006847802e+01
   4.5700000000000000e+02  -1.5806022976901900e+01
   4.5800000000000000e+02  -1.6137165742329401e+01
   4.5900000000000000e+02  -1.6410816404728600e+01
   4.6000000000000000e+02  -1.6852262784110501e+01
   4.6100000000000000e+02  -1.6992064927081799e+01
   4.6200000000000000e+02  -1.7030249153559499e+01
   4.6300000000000000e+02  -1.7625005478424399e+01
   4.6400000000000000e+02  -1.7911644615859199e+01
   4.6500000000000000e+02  -1.8390141270615398e+01
   4.6600000000000000e+02  -1.8641365638014801e+01
   4.6700000000000000e+02  -1.8729361869486301e+01
   4.6800000000000000e+02  -1.8879983072392100e+01
   4.6900000000000000e+02  -1.8702280267492899e+01
   4.7000000000000000e+02  -1.9516652515906099e+01
   4.7100000000000000e+02  -1.9382176566839899e+01
   4.7200000000000000e+02  -1.9989309234871801e+01
   4.7300000000000000e+02  -2.0847886975844201e+01
   4.7400000000000000e+02  -2.1357625121796001e+01
   4.7500000000000000e+02  -2.2078979164269899e+01
   4.7600000000000000e+02  -2.2075614454132001e+01
   4.7700000000000000e+02  -2.2830166336112299e+01
   4.7800000000000000e+02  -2.3271570243119701e+01
   4.7900000000000000e+02  -2.3967787969127901e+01
   4.8000000000000000e+02  -2.4364933364193298e+01
   4.8100000000000000e+02  -2.4466633448959598e+01
   4.8200000000000000e+02  -2.5135194674811601e+01
   4.8300000000000000e+02  -2.5931415133718399e+01
   4.8400000000000000e+02  -2.6330559902487700e+01
   4.8500000000000000e+02  -2.6409579183589400e+01
   4.8600000000000000e+02  -2.7042773550949398e+01
   4.8700000000000000e+02  -2.7255965196659300e+01
   4.8800000000000000e+02  -2.7887936211838301e+01
   4.8900000000000000e+02  -2.8681416297250902e+01
   4.9000000000000000e+02  -2.8733905364455701e+01
   4.9100000000000000e+02  -2.9721078817519899e+01
   4.9200000000000000e+02  -3.0448940033505199e+01
   4.9300000000000000e+02  -3.1247298721901799e+01
   4.9400000000000000e+02  -3.1610977472799799e+01
   4.9500000000000000e+02  -3.1962746964048900e+01
   4.9600000000000000e+02  -3.2604578331465099e+01
   4.9700000000000000e+02  -3.2835200506863202e+01
   4.9800000000000000e+02  -3.3227507500980501e+01
   4.9900000000000000e+02  -3.3308998172324003e+01
   5.0000000000000000e+02  -3.3817618519541398e+01
   5.0100000000000000e+02  -3.3793554320695698e+01
   5.0200000000000000e+02  -3.4635039790483802e+01
   5.0300000000000000e+02  -3.4884272343965300e+01
   5.0400000000000000e+02  -3.5408472253611599e+01
   5.0500000000000000e+02  -3.6532892272629503e+01
   5.0600000000000000e+02  -3.6833627512401897e+01
   5.0700000000000000e+02  -3.7558652868067803e+01
   5.0800000000000000e+02  -3.8088659588451300e+01
   5.0900000000000000e+02  -3.8822785202814401e+01
   5.1000000000000000e+02  -3.8639234840856503e+01
   5.1100000000000000e+02  -3.9314176032248497e+01
   5.1200000000000000e+02  -3.9503780847611303e+01
   5.1300000000000000e+02  -3.9526692233041700e+01
   5.1400000000000000e+02  -3.9904236531077700e+01
   5.1500000000000000e+02  -4.0133020687756101e+01
   5.1600000000000000e+02  -4.0474201280433398e+01
   5.1700000000000000e+02  -4.0606301034433599e+01
   5.1800000000000000e+02  -4.0856715626251997e+01
   5.1900000000000000e+02  -4.1403247231084102e+01
   5.2000000000000000e+02  -4.2278077057257399e+01
   5.2100000000000000e+02  -4.2526245756976103e+01
   5.2200000000000000e+02  -4.2951566929611303e+01
   5.2300000000000000e+02  -4.3613109685868800e+01
   5.2400000000000000e+02  -4.4547512779600702e+01
   5.2500000000000000e+02  -4.5169523487826801e+01
   5.2600000000000000e+02  -4.5622599275930099e+01
   5.2700000000000000e+02  -4.6004623963399901e+01
   5.2800000000000000e+02  -4.6086629825382801e+01
   5.2900000000000000e+02  -4.6394989065004097e+01
   5.3000000000000000e+02  -4.6791326195966903e+01
   5.3100000000000000e+02  -4.7260466752625000e+01
   5.3200000000000000e+02  -4.7555744377814797e+01
   5.3300000000000000e+02  -4.8053285472220097e+01
   5.3400000000000000e+02  -4.8352488896634902e+01
   5.3500000000000000e+02  -4.8661318000057399e+01
   5.3600000000000000e+02  -4.9311788453615698e+01
   5.3700000000000000e+02  -4.9908280510010997e+01
   5.3800000000000000e+02  -5.0368749475281099e+01
   5.3900000000000000e+02  -5.0753934824512100e+01
   5.4000000000000000e+02  -5.1390813708388400e+01
   5.4100000000000000e+02  -5.2272779571206300e+01
   5.4200000000000000e+02  -5.3566472548928999e+01
   5.4300000000000000e+02  -5.3632750920216303e+01
   5.4400000000000000e+02  -5.4184307765124601e+01
   5.4500000000000000e+02  -5.4232655093696202e+01
   5.4600000000000000e+02  -5.4212732721657098e+01
   5.4700000000000000e+02  -5.4669541560308097e+01
   5.4800000000000000e+02  -5.5525152656159499e+01
   5.4900000000000000e+02  -5.5893221661976000e+01
   5.5000000000000000e+02  -5.6419891093353300e+01
   5.5100000000000000e+02  -5.6979305547997299e+01
   5.5200000000000000e+02  -5.7774479944435399e+01
   5.5300000000000000e+02  -5.8341487138949397e+01
   5.5400000000000000e+02  -5.8527965424093800e+01
   5.5500000000000000e+02  -5.9407765964978999e+01
   5.5600000000000000e+02  -6.0010791205250300e+01
   5.5700000000000000e+02  -6.0427952947952200e+01
   5.5800000000000000e+02  -6.1106038282449397e+01
   5.5900000000000000e+02  -6.1191134967414698e+01
   5.6000000000000000e+02  -6.1895309945688503e+01
   5.6100000000000000e+02  -6.2883247316337197e+01
   5.6200000000000000e+02  -6.3367107014815801e+01
   5.6300000000000000e+02  -6.3824523936249498e+01
   5.6400000000000000e+02  -6.4323175110864597e+01
   5.6500000000000000e+02  -6.4688878208389895e+01
   5.6600000000000000e+02  -6.5297773921579605e+01
   5.6700000000000000e+02  -6.5517170365305006e+01
   5.6800000000000000e+02  -6.6199787299778507e+01
   5.6900000000000000e+02  -6.7152926222529402e+01
   5.7000000000000000e+02  -6.7294036093726703e+01
   5.7100000000000000e+02  -6.7665786697883505e+01
   5.7200000000000000e+02  -6.7853998599996203e+01
   5.7300000000000000e+02  -6.8260174908919396e+01
   5.7400000000000000e+02  -6.8101832345537602e+01
   5.7500000000000000e+02  -6.8552843175668798e+01
   5.7600000000000000e+02  -6.8523648442934103e+01
   5.7700000000000000e+02  -6.8632562540288305e+01
   5.7800000000000000e+02  -6.8169622519997603e+01
   5.7900000000000000e+02  -6.8469706761917706e+01
   5.8000000000000000e+02  -6.9306752187796306e+01
   5.8100000000000000e+02  -6.9629230979646707e+01
   5.8200000000000000e+02  -7.0394756087853693e+01
   5.8300000000000000e+02  -7.1176916438781802e+01
   5.8400000000000000e+02  -7.1232931841000706e+01
   5.8500000000000000e+02  -7.1453167307849498e+01
   5.8600000000000000e+02  -7.1853983461544999e+01
   5.8700000000000000e+02  -7.2490753229755597e+01
   5.8800000000000000e+02  -7.2503410670532901e+01
   5.8900000000000000e+02  -7.2849272096049205e+01
   5.9000000000000000e+02  -7.3032887624001205e+01
   5.9100000000000000e+02  -7.3177499919455201e+01
   5.9200000000000000e+02  -7.3134929904771099e+01
   5.9300000000000000e+02  -7.3737235970385299e+01
   5.9400000000000000e+02  -7.3981580488082400e+01
   5.9500000000000000e+02  -7.3870794304477499e+01
   5.9600000000000000e+02  -7.3908219253069404e+01
   5.9700000000000000e+02  -7.4607986660464505e+01
   5.9800000000000000e+02  -7.4739004254936702e+01
   5.9900000000000000e+02  -7.4771310376970604e+01
   6.0000000000000000e+02  -7.4988740085090299e+01
   6.0100000000000000e+02  -7.4551931063821300e+01
   6.0200000000000000e+02  -7.4433056901218293e+01
   6.0300000000000000e+02  -7.4668666065447098e+01
   6.0400000000000000e+02  -7.4261119155830798e+01
   6.0500000000000000e+02  -7.4343828610028893e+01
   6.0600000000000000e+02  -7.4394938371771701e+01
   6.0700000000000000e+02  -7.4716533195237702e+01
   6.0800000000000000e+02  -7.4640787144881202e+01
   6.0900000000000000e+02  -7.4598378575503801e+01
   6.1000000000000000e+02  -7.5274286127884594e+01
   6.1100000000000000e+02  -7.5463715086801699e+01
   6.1200000000000000e+02  -7.5445673940245300e+01
   6.1300000000000000e+02  -7.5370238028637402e+01
   6.1400000000000000e+02  -7.5460375798031606e+01
   6.1500000000000000e+02  -7.5721144740097301e+01
   6.1600000000000000e+02  -7.5641175514513805e+01
   6.1700000000000000e+02  -7.6140730558580003e+01
   6.1800000000000000e+02  -7.6347309557757598e+01
   6.1900000000000000e+02  -7.6544846326251502e+01
   6.2000000000000000e+02  -7.6473600959343003e+01
   6.2100000000000000e+02  -7.6947264315527306e+01
   6.2200000000000000e+02  -7.7225936322628897e+01
   6.2300000000000000e+02  -7.7338465100847102e+01
   6.2400000000000000e+02  -7.7188379975574705e+01
   6.2500000000000000e+02  -7.7242255861526104e+01
   6.2600000000000000e+02  -7.7385818122525805e+01
   6.2700000000000000e+02  -7.7309904349465299e+01
   6.2800000000000000e+02  -7.7151412656394399e+01
   6.2900000000000000e+02  -7.6951094926059397e+01
   6.3000000000000000e+02  -7.6206461557467094e+01
   6.3100000000000000e+02  -7.6422902848786407e+01
   6.3200000000000000e+02  -7.6880046607128193e+01
   6.3300000000000000e+02  -7.7021322480616604e+01
   6.3400000000000000e+02  -7.6980492338315301e+01
   6.3500000000000000e+02  -7.6851684058048207e+01
   6.3600000000000000e+02  -7.6624461204820193e+01
   6.3700000000000000e+02  -7.6565088335024896e+01
   6.3800000000000000e+02  -7.6818880197342594e+01
   6.3900000000000000e+02  -7.7037447636619802e+01
   6.4000000000000000e+02  -7.6954705106318798e+01
   6.4100000000000000e+02  -7.6856244584610195e+01
   6.4200000000000000e+02  -7.6591561409200906e+01
   6.4300000000000000e+02  -7.6696080279404100e+01
   6.4400000000000000e+02  -7.6113988096399694e+01
   6.4500000000000000e+02  -7.6085637458630202e+01
   6.4600000000000000e+02  -7.6344178356930797e+01
   6.4700000000000000e+02  -7.5671845493872695e+01
   6.4800000000000000e+02  -7.5940484036066906e+01
   6.4900000000000000e+02  -7.6043941842281001e+01
   6.5000000000000000e+02  -7.6322771496512303e+01
   6.5100000000000000e+02  -7.6254473038177693e+01
   6.5200000000000000e+02  -7.6608959199298795e+01
   6.5300000000000000e+02  -7.6862037374051994e+01
   6.5400000000000000e+02  -7.6806968820796797e+01
   6.5500000000000000e+02  -7.7204905001406203e+01
   6.5600000000000000e+02  -7.7002293854457605e+01
   6.5700000000000000e+02  -7.6612334540921097e+01
   6.5800000000000000e+02  -7.6722588167275902e+01
   6.5900000000000000e+02  -7.6778649643137797e+01
   6.6000000000000000e+02  -7.6812129548136795e+01
   6.6100000000000000e+02  -7.7118505963248495e+01
   6.6200000000000000e+02  -7.7001601848248896e+01
   6.6300000000000000e+02  -7.7127835852043404e+01
   6.6400000000000000e+02  -7.7558847369345102e+01
   6.6500000000000000e+02  -7.7423121580764402e+01
   6.6600000000000000e+02  -7.6826944190169101e+01
   6.6700000000000000e+02  -7.6683375112750795e+01
   6.6800000000000000e+02  -7.6917359015329893e+01
   6.6900000000000000e+02  -7.6883737387842800e+01
   6.7000000000000000e+02  -7.7034054786136494e+01
   6.7100000000000000e+02  -7.6831813010122005e+01
   6.7200000000000000e+02  -7.6605431142021303e+01
   6.7300000000000000e+02  -7.6747673937310296e+01
   6.7400000000000000e+02  -7.6923359107423806e+01
   6.7500000000000000e+02  -7.6234081326025802e+01
   6.7600000000000000e+02  -7.6680395546974594e+01
   6.7700000000000000e+02  -7.6434603788359595e+01
   6.7800000000000000e+02  -7.6674580646129797e+01
   6.7900000000000000e+02  -7.7051674935483106e+01
   6.8000000000000000e+02  -7.6838230571615497e+01
   6.8100000000000000e+02  -7.7266351778990895e+01
   6.8200000000000000e+02  -7.7529896065995004e+01
   6.8300000000000000e+02  -7.6924394393034802e+01
   6.8400000000000000e+02  -7.7320395044908096e+01
   6.8500000000000000e+02  -7.7624438446885705e+01
   6.8600000000000000e+02  -7.7834040028902194e+01
   6.8700000000000000e+02  -7.7608064716182398e+01
   6.8800000000000000e+02  -7.7581147562454404e+01
   6.8900000000000000e+02  -7.7715325901627594e+01
   6.9000000000000000e+02  -7.7353621501568000e+01
   6.9100000000000000e+02  -7.7316591638437302e+01
   6.9200000000000000e+02  -7.7006146501722299e+01
   6.9300000000000000e+02  -7.6481893394356405e+01
   6.9400000000000000e+02  -7.6568604811892499e+01
   6.9500000000000000e+02  -7.6349367547294406e+01
   6.9600000000000000e+02  -7.6404151493175306e+01
   6.9700000000000000e+02  -7.6346898827240295e+01
   6.9800000000000000e+02  -7.6357746878905303e+01
   6.9900000000000000e+02  -7.6438203318675804e+01
   7.0000000000000000e+02  -7.6132821676151593e+01
   7.0100000000000000e+02  -7.5757501328670500e+01
   7.0200000000000000e+02  -7.6050624684872503e+01
   7.0300000000000000e+02  -7.5603939882757800e+01
   7.0400000000000000e+02  -7.5861128974348006e+01
   7.0500000000000000e+02  -7.5900952356321596e+01
   7.0600000000000000e+02  -7.5922148268612801e+01
   7.0700000000000000e+02  -7.6002559630274902e+01
   7.0800000000000000e+02  -7.6176362983736695e+01
   7.0900000000000000e+02  -7.6260512471672001e+01
   7.1000000000000000e+02  -7.6043656304828104e+01
   7.1100000000000000e+02  -7.6195101769325007e+01
   7.1200000000000000e+02  -7.6139999330678194e+01
   7.1300000000000000e+02  -7.5990266414207596e+01
   7.1400000000000000e+02  -7.5747813256341402e+01
   7.1500000000000000e+02  -7.5943731059189801e+01
   7.1600000000000000e+02  -7.5633820689893497e+01
   7.1700000000000000e+02  -7.5950195258620099e+01
   7.1800000000000000e+02  -7.5797273661692500e+01
   7.1900000000000000e+02  -7.5380617756017898e+01
   7.2000000000000000e+02  -7.5544016932044499e+01
   7.2100000000000000e+02  -7.5468640502860495e+01
   7.2200000000000000e+02  -7.5806241700476605e+01
   7.2300000000000000e+02  -7.5259282493184799e+01
   7.2400000000000000e+02  -7.5349139057827202e+01
   7.2500000000000000e+02  -7.4861742631628900e+01
   7.2600000000000000e+02  -7.5251961364504695e+01
   7.2700000000000000e+02  -7.5315339141849506e+01
   7.2800000000000000e+02  -7.5079930781346306e+01
   7.2900000000000000e+02  -7.4791572669144500e+01
   7.3000000000000000e+02  -7.4535796055988996e+01
   7.3100000000000000e+02  -7.4856201119470299e+01
   7.3200000000000000e+02  -7.4486100735612695e+01
   7.3300000000000000e+02  -7.4471963283057903e+01
   7.3400000000000000e+02  -7.4815927811500998e+01
   7.3500000000000000e+02  -7.5031698090616800e+01
   7.3600000000000000e+02  -7.5463965959861596e+01
   7.3700000000000000e+02  -7.5264912382027504e+01
   7.3800000000000000e+02  -7.4682543966304493e+01
   7.3900000000000000e+02  -7.4445443301294802e+01
   7.4000000000000000e+02  -7.4406722213567306e+01
   7.4100000000000000e+02  -7.4656624558318100e+01
   7.4200000000000000e+02  -7.4619948533329705e+01
   7.4300000000000000e+02  -7.4820273530509994e+01
   7.4400000000000000e+02  -7.4681724047619895e+01
   7.4500000000000000e+02  -7.4569043405689300e+01
   7.4600000000000000e+02  -7.5014703165883603e+01
   7.4700000000000000e+02  -7.5459194257944205e+01
   7.4800000000000000e+02  -7.5281624168478501e+01
   7.4900000000000000e+02  -7.4930782113675306e+01
   7.5000000000000000e+02  -7.4502890657758201e+01
   7.5100000000000000e+02  -7.5170670541325407e+01
   7.5200000000000000e+02  -7.5182766048391500e+01
   7.5300000000000000e+02  -7.5038146448530100e+01
   7.5400000000000000e+02  -7.5129304144343294e+01
   7.5500000000000000e+02  -7.5438978355656900e+01
   7.5600000000000000e+02  -7.5566238948841601e+01
   7.5700000000000000e+02  -7.4991471716683193e+01
   7.5800000000000000e+02  -7.5204989915372593e+01
   7.5900000000000000e+02  -7.5529667776379995e+01
   7.6000000000000000e+02  -7.5501778654595796e+01
   7.6100000000000000e+02  -7.5929209202719093e+01
   7.6200000000000000e+02  -7.5687053006720902e+01
   7.6300000000000000e+02  -7.5889522447605302e+01
   7.6400000000000000e+02  -7.5996312151867102e+01
   7.6500000000000000e+02  -7.5849034721622203e+01
   7.6600000000000000e+02  -7.5555636971510395e+01
   7.6700000000000000e+02  -7.6234588666140098e+01
   7.6800000000000000e+02  -7.6299719103228099e+01
   7.6900000000000000e+02  -7.6625346641354596e+01
   7.7000000000000000e+02  -7.6697401364404200e+01
   7.7100000000000000e+02  -7.6577150009400398e+01
   7.7200000000000000e+02  -7.6575624587923997e+01
   7.7300000000000000e+02  -7.6378290943307107e+01
   7.7400000000000000e+02  -7.6545248937296094e+01
   7.7500000000000000e+02  -7.5982262743678206e+01
   7.7600000000000000e+02  -7.6122986942325795e+01
   7.7700000000000000e+02  -7.6868969874358399e+01
   7.7800000000000000e+02  -7.7355737863795596e+01
   7.7900000000000000e+02  -7.7110095278425902e+01
   7.8000000000000000e+02  -7.6847025873919193e+01
   7.8100000000000000e+02  -7.6822129695474104e+01
   7.8200000000000000e+02  -7.6447971340667806e+01
   7.8300000000000000e+02  -7.6388153056107697e+01
   7.8400000000000000e+02  -7.6497981405109101e+01
   7.8500000000000000e+02  -7.6723665833161704e+01
   7.8600000000000000e+02  -7.7194276851480893e+01
   7.8700000000000000e+02  -7.7838673820908994e+01
   7.8800000000000000e+02  -7.7730926031862495e+01
   7.8900000000000000e+02  -7.7571788791619994e+01
   7.9000000000000000e+02  -7.7542263192318401e+01
   7.9100000000000000e+02  -7.7146834142006995e+01
   7.9200000000000000e+02  -7.7520553972407996e+01
   7.9300000000000000e+02  -7.7837101925720802e+01
   7.9400000000000000e+02  -7.7612832999956794e+01
   7.9500000000000000e+02  -7.7582537398994205e+01
   7.9600000000000000e+02  -7.7484397062278603e+01
   7.9700000000000000e+02  -7.7379022889849495e+01
   7.9800000000000000e+02  -7.7516558427878095e+01
   7.9900000000000000e+02  -7.7181049725202499e+01
   8.0000000000000000e+02  -7.7664653924081904e+01
   8.0100000000000000e+02  -7.7408634668675205e+01
   8.0200000000000000e+02  -7.6947773733500995e+01
   8.0300000000000000e+02  -7.6740153660052101e+01
   8.0400000000000000e+02  -7.6867479203453101e+01
   8.0500000000000000e+02  -7.6343106857619802e+01
   8.0600000000000000e+02  -7.6616650929713600e+01
   8.0700000000000000e+02  -7.6502020181355405e+01
   8.0800000000000000e+02  -7.6639139778998597e+01
   8.0900000000000000e+02  -7.6768352682178005e+01
   8.1000000000000000e+02  -7.6654135308583705e+01
   8.1100000000000000e+02  -7.6470553943621795e+01
   8.1200000000000000e+02  -7.6042044446571794e+01
   8.1300000000000000e+02  -7.6594296721346097e+01
   8.1400000000000000e+02  -7.6047050289923902e+01
   8.1500000000000000e+02  -7.5976270242647203e+01
   8.1600000000000000e+02  -7.5987069493772097e+01
   8.1700000000000000e+02  -7.5690596295945198e+01
   8.1800000000000000e+02  -7.5148377930518393e+01
   8.1900000000000000e+02  -7.5295434319462899e+01
   8.2000000000000000e+02  -7.5667593754911593e+01
   8.2100000000000000e+02  -7.5317838301537293e+01
   8.2200000000000000e+02  -7.4749957422918897e+01
   8.2300000000000000e+02  -7.4644632689634406e+01
   8.2400000000000000e+02  -7.4500558432193600e+01
   8.2500000000000000e+02  -7.4666953559405499e+01
   8.2600000000000000e+02  -7.4519932255455998e+01
   8.2700000000000000e+02  -7.4668235971639007e+01
   8.2800000000000000e+02  -7.4756524736627995e+01
   8.2900000000000000e+02  -7.4912024923110394e+01
   8.3000000000000000e+02  -7.4795876574169299e+01
   8.3100000000000000e+02  -7.4949341526353706e+01
   8.3200000000000000e+02  -7.4496004792813395e+01
   8.3300000000000000e+02  -7.4651901823603396e+01
   8.3400000000000000e+02  -7.4556000851840395e+01
   8.3500000000000000e+02  -7.4967182977361503e+01
   8.3600000000000000e+02  -7.5055496061178800e+01
   8.3700000000000000e+02  -7.5014105062711494e+01
   8.3800000000000000e+02  -7.4907275847321301e+01
   8.3900000000000000e+02  -7.4918080631996006e+01
   8.4000000000000000e+02  -7.4802449941857901e+01
   8.4100000000000000e+02  -7.4466733492736793e+01
   8.4200000000000000e+02  -7.4257779706772297e+01
   8.4300000000000000e+02  -7.4184752100038907e+01
   8.4400000000000000e+02  -7.4061956266084593e+01
   8.4500000000000000e+02  -7.3981420391804306e+01
   8.4600000000000000e+02  -7.4514744612888506e+01
   8.4700000000000000e+02  -7.3851855253400601e+01
   8.4800000000000000e+02  -7.3875092921222105e+01
   8.4900000000000000e+02  -7.3995993879508006e+01
   8.5000000000000000e+02  -7.3361201273967495e+01
   8.5100000000000000e+02  -7.3529606843026997e+01
   8.5200000000000000e+02  -7.4107321821145106e+01
   8.5300000000000000e+02  -7.4213004742351501e+01
   8.5400000000000000e+02  -7.4448175976282300e+01
   8.5500000000000000e+02  -7.4187031582665497e+01
   8.5600000000000000e+02  -7.3914394568432101e+01
   8.5700000000000000e+02  -7.3967823555710794e+01
   8.5800000000000000e+02  -7.3740413846396194e+01
   8.5900000000000000e+02  -7.4272020808466706e+01
   8.6000000000000000e+02  -7.3826091237555502e+01
   8.6100000000000000e+02  -7.3985634606198701e+01
   8.6200000000000000e+02  -7.3997216924527805e+01
   8.6300000000000000e+02  -7.3921476333145904e+01
   8.6400000000000000e+02  -7.4089324538779096e+01
   8.6500000000000000e+02  -7.3862942285207097e+01
   8.6600000000000000e+02  -7.3908721892825199e+01
   8.6700000000000000e+02  -7.4126858308034699e+01
   8.6800000000000000e+02  -7.4055802968643206e+01
   8.6900000000000000e+02  -7.4214288099694301e+01
   8.7000000000000000e+02  -7.4216391893395993e+01
   8.7100000000000000e+02  -7.5263203240097496e+01
   8.7200000000000000e+02  -7.5749364879025407e+01
   8.7300000000000000e+02  -7.5543073293838404e+01
   8.7400000000000000e+02  -7.5310261145837501e+01
   8.7500000000000000e+02  -7.5320343555976905e+01
   8.7600000000000000e+02  -7.5033568692770402e+01
   8.7700000000000000e+02  -7.5316084704661506e+01
   8.7800000000000000e+02  -7.5437602870077200e+01
   8.7900000000000000e+02  -7.5310114654076699e+01
   8.8000000000000000e+02  -7.5322764113932706e+01
   8.8100000000000000e+02  -7.5146256238500598e+01
   8.8200000000000000e+02  -7.5298100388820302e+01
   8.8300000000000000e+02  -7.5556647647133403e+01
   8.8400000000000000e+02  -7.5190175154666207e+01
   8.8500000000000000e+02  -7.5497774588406401e+01
   8.8600000000000000e+02  -7.5672177257977097e+01
   8.8700000000000000e+02  -7.5649542338148805e+01
   8.8800000000000000e+02  -7.6139928000165298e+01
   8.8900000000000000e+02  -7.5617396824076195e+01
   8.9000000000000000e+02  -7.5435520889621202e+01
   8.9100000000000000e+02  -7.5465588165556397e+01
   8.9200000000000000e+02  -7.5147592830337103e+01
   8.9300000000000000e+02  -7.5280469245298406e+01
   8.9400000000000000e+02  -7.5248922747717103e+01
   8.9500000000000000e+02  -7.4752878674730695e+01
   8.9600000000000000e+02  -7.4869433655728201e+01
   8.9700000000000000e+02  -7.4781975750914199e+01
   8.9800000000000000e+02  -7.4283772372201696e+01
   8.9900000000000000e+02  -7.4686898687966206e+01
   9.0000000000000000e+02  -7.4821631465549999e+01
   9.0100000000000000e+02  -7.5354145313813106e+01
   9.0200000000000000e+02  -7.5306145673786901e+01
   9.0300000000000000e+02  -7.4962560836710495e+01
   9.0400000000000000e+02  -7.4614691766413301e+01
   9.0500000000000000e+02  -7.5008425587609807e+01
   9.0600000000000000e+02  -7.5015484019706903e+01
   9.0700000000000000e+02  -7.4734916903807303e+01
   9.0800000000000000e+02  -7.4336248990687693e+01
   9.0900000000000000e+02  -7.4413082776233097e+01
   9.1000000000000000e+02  -7.3607774355189207e+01
   9.1100000000000000e+02  -7.3577401090455396e+01
   9.1200000000000000e+02  -7.3726236570504696e+01
   9.1300000000000000e+02  -7.3534794129962705e+01
   9.1400000000000000e+02  -7.2924896685924395e+01
   9.1500000000000000e+02  -7.2892905175764099e+01
   9.1600000000000000e+02  -7.3409179263580498e+01
   9.1700000000000000e+02  -7.3400013473663407e+01
   9.1800000000000000e+02  -7.3128709103949703e+01
   9.1900000000000000e+02  -7.3208943544141405e+01
   9.2000000000000000e+02  -7.3095972720101102e+01
   9.2100000000000000e+02  -7.3213430436778296e+01
   9.2200000000000000e+02  -7.2745762428759306e+01
   9.2300000000000000e+02  -7.2472372843642802e+01
   9.2400000000000000e+02  -7.2668322976967900e+01
   9.2500000000000000e+02  -7.2566563106221594e+01
   9.2600000000000000e+02  -7.2351903766037097e+01
   9.2700000000000000e+02  -7.2159242322592902e+01
   9.2800000000000000e+02  -7.2253705605319894e+01
   9.2900000000000000e+02  -7.2088332124336006e+01
   9.3000000000000000e+02  -7.2246837805395202e+01
   9.3100000000000000e+02  -7.2447880934239194e+01
   9.3200000000000000e+02  -7.2157271892278402e+01
   9.3300000000000000e+02  -7.2342503631382101e+01
   9.3400000000000000e+02  -7.2486178907638902e+01
   9.3500000000000000e+02  -7.2249751656568506e+01
   9.3600000000000000e+02  -7.2338643030617007e+01
   9.3700000000000000e+02  -7.1891988982501999e+01
   9.3800000000000000e+02  -7.1671145644360294e+01
   9.3900000000000000e+02  -7.1542111282899995e+01
   9.4000000000000000e+02  -7.1792150635884894e+01
   9.4100000000000000e+02  -7.1285715037097006e+01
   9.4200000000000000e+02  -7.1062401949799593e+01
   9.4300000000000000e+02  -7.0892241179931602e+01
   9.4400000000000000e+02  -7.0610670115916605e+01
   9.4500000000000000e+02  -7.0620247046039495e+01
   9.4600000000000000e+02  -7.1015489380699606e+01
   9.4700000000000000e+02  -7.1066949716962796e+01
   9.4800000000000000e+02  -7.0335802480446304e+01
   9.4900000000000000e+02  -7.0812174397736896e+01
   9.5000000000000000e+02  -7.1345373416148504e+01
   9.5100000000000000e+02  -7.1210496912965397e+01
   9.5200000000000000e+02  -7.1004403299817000e+01
   9.5300000000000000e+02  -7.1051991284292995e+01
   9.5400000000000000e+02  -7.1024558862794606e+01
   9.5500000000000000e+02  -7.1019806722071095e+01
   9.5600000000000000e+02  -7.1078757481940997e+01
   9.5700000000000000e+02  -7.0773967632614003e+01
   9.5800000000000000e+02  -7.0966470139731797e+01
   9.5900000000000000e+02  -7.1291913928726302e+01
   9.6000000000000000e+02  -7.0768337902554407e+01
   9.6100000000000000e+02  -7.0584185912089296e+01
   9.6200000000000000e+02  -6.9737556837942705e+01
   9.6300000000000000e+02  -6.9419776243449803e+01
   9.6400000000000000e+02  -6.9576040868663796e+01
   9.6500000000000000e+02  -6.9806491716757506e+01
   9.6600000000000000e+02  -6.9433251997563403e+01
   9.6700000000000000e+02  -6.9480494530128297e+01
   9.6800000000000000e+02  -6.9411664840230102e+01
   9.6900000000000000e+02  -6.8965004227974703e+01
   9.7000000000000000e+02  -6.8956184831832900e+01
   9.7100000000000000e+02  -6.8468215145390204e+01
   9.7200000000000000e+02  -6.8314794691802604e+01
   9.7300000000000000e+02  -6.7676005900569294e+01
   9.7400000000000000e+02  -6.7578721610569403e+01
   9.7500000000000000e+02  -6.7850146783679094e+01
   9.7600000000000000e+02  -6.7873558200443497e+01
   9.7700000000000000e+02  -6.7897124580360895e+01
   9.7800000000000000e+02  -6.7709271175443902e+01
   9.7900000000000000e+02  -6.7456900008593905e+01
   9.8000000000000000e+02  -6.7259115841651607e+01
   9.8100000000000000e+02  -6.7726875570734293e+01
   9.8200000000000000e+02  -6.7611955488275697e+01
   9.8300000000000000e+02  -6.7573489788238803e+01
   9.8400000000000000e+02  -6.7404728946642095e+01
   9.8500000000000000e+02  -6.6999268931944599e+01
   9.8600000000000000e+02  -6.7574707027759700e+01
   9.8700000000000000e+02  -6.7537558530026203e+01
   9.8800000000000000e+02  -6.7816910830077006e+01
   9.8900000000000000e+02  -6.7422675119625794e+01
   9.9000000000000000e+02  -6.6824072855124498e+01
   9.9100000000000000e+02  -6.6580161957109198e+01
   9.9200000000000000e+02  -6.6564811050421497e+01
   9.9300000000000000e+02  -6.6420497427382301e+01
   9.9400000000000000e+02  -6.6394584256110505e+01
   9.9500000000000000e+02  -6.5806232832624104e+01
   9.9600000000000000e+02  -6.6014249201123107e+01
   9.9700000000000000e+02  -6.5838961531293407e+01
   9.9800000000000000e+02  -6.5457767053317895e+01
   9.9900000000000000e+02  -6.4773166579127803e+01
   1.0000000000000000e+03  -6.4763096552430895e+01
   1.0010000000000000e+03  -6.4341812968187995e+01
   1.0020000000000000e+03  -6.3463195046380903e+01
   1.0030000000000000e+03  -6.3507938665093100e+01
   1.0040000000000000e+03  -6.2849911961835701e+01
   1.0050000000000000e+03  -6.2764325245359302e+01
   1.0060000000000000e+03  -6.2223101221383097e+01
   1.0070000000000000e+03  -6.1858892213725802e+01
   1.0080000000000000e+03  -6.0602390466008202e+01
   1.0090000000000000e+03  -5.9373802640165799e+01
   1.0100000000000000e+03  -5.7809069266789500e+01
   1.0110000000000000e+03  -5.6016891662909700e+01
   1.0120000000000000e+03  -5.2455155258492397e+01
   1.0130000000000000e+03  -4.2800758569224200e+01
   1.0140000000000000e+03  -1.9061316950147301e+01
   1.0150000000000000e+03  -1.3980856023431900e+00
   1.0160000000000000e+03   1.1741562683724100e+01
   1.0170000000000000e+03   1.8690078046854801e+01
   1.0180000000000000e+03   2.2655441834658401e+01
   1.0190000000000000e+03   2.4389672364997100e+01
   1.0200000000000000e+03   2.5711303845924299e+01
   1.0210000000000000e+03   2.5941254187686202e+01
   1.0220000000000000e+03   2.5703260472104098e+01
   1.0230000000000000e+03   2.5582080761706699e+01
   1.0240000000000000e+03   2.6100808758270599e+01
   1.0250000000000000e+03   2.6382040502319999e+01
   1.0260000000000000e+03   2.6950141822722799e+01
   1.0270000000000000e+03   2.7519339075745901e+01
   1.0280000000000000e+03   2.7700631974880700e+01
   1.0290000000000000e+03   2.8146076872006901e+01
   1.0300000000000000e+03   2.8601414951183699e+01
   1.0310000000000000e+03   2.8506732723576398e+01
   1.0320000000000000e+03   2.8872294361204300e+01
   1.0330000000000000e+03   2.8900024404850100e+01
   1.0340000000000000e+03   2.9086391004667199e+01
   1.0350000000000000e+03   2.9204119004192300e+01
   1.0360000000000000e+03   2.9588301223035799e+01
   1.0370000000000000e+03   2.9897454035879999e+01
   1.0380000000000000e+03   2.9993746322687500e+01
   1.0390000000000000e+03   3.0038923530911699e+01
   1.0400000000000000e+03   3.0153060365999000e+01
   1.0410000000000000e+03   3.0069447441469300e+01
   1.0420000000000000e+03   3.0624526971049200e+01
   1.0430000000000000e+03   3.0716482468033501e+01
   1.0440000000000000e+03   3.1090599956820000e+01
   1.0450000000000000e+03   3.1285614109443198e+01
   1.0460000000000000e+03   3.0955861151756402e+01
   1.0470000000000000e+03   3.1040732509807199e+01
   1.0480000000000000e+03   3.0913208260518701e+01
   1.0490000000000000e+03   3.1574190848030401e+01
   1.0500000000000000e+03   3.1754077016097000e+01
   1.0510000000000000e+03   3.1798166118527401e+01
   1.0520000000000000e+03   3.2388367459352096e+01
   1.0530000000000000e+03   3.2301046474396401e+01
   1.0540000000000000e+03   3.2351740833019299e+01
   1.0550000000000000e+03   3.2594330023192697e+01
   1.0560000000000000e+03   3.2189024470320803e+01
   1.0570000000000000e+03   3.2605845262757803e+01
   1.0580000000000000e+03   3.2269159168833802e+01
   1.0590000000000000e+03   3.2570856228944798e+01
   1.0600000000000000e+03   3.2442951852705697e+01
   1.0610000000000000e+03   3.2472536275502598e+01
   1.0620000000000000e+03   3.3005777629055501e+01
   1.0630000000000000e+03   3.2883928173354199e+01
   1.0640000000000000e+03   3.3371399874818998e+01
   1.0650000000000000e+03   3.3521366705941297e+01
   1.0660000000000000e+03   3.3619033771114502e+01
   1.0670000000000000e+03   3.4289288009280398e+01
   1.0680000000000000e+03   3.4843427423067403e+01
   1.0690000000000000e+03   3.4666362683746300e+01
   1.0700000000000000e+03   3.4595338370136602e+01
   1.0710000000000000e+03   3.4428836840406703e+01
   1.0720000000000000e+03   3.4181818094169699e+01
   1.0730000000000000e+03   3.4215472463877497e+01
   1.0740000000000000e+03   3.4520058123814103e+01
   1.0750000000000000e+03   3.5083567416584700e+01
   1.0760000000000000e+03   3.4840432448072498e+01
   1.0770000000000000e+03   3.5147685779806601e+01
