  -1.0000000000000000e+02  -7.4601450701049401e+01
  -9.9000000000000000e+01  -7.4934631068154502e+01
  -9.8000000000000000e+01  -7.4643054263559804e+01
  -9.7000000000000000e+01  -7.4090219003875902e+01
  -9.6000000000000000e+01  -7.3902937629310699e+01
  -9.5000000000000000e+01  -7.3833714259409007e+01
  -9.4000000000000000e+01  -7.3920784476101801e+01
  -9.3000000000000000e+01  -7.3603028442337106e+01
  -9.2000000000000000e+01  -7.2971762446993694e+01
  -9.1000000000000000e+01  -7.2611130017786095e+01
  -9.0000000000000000e+01  -7.2863913535022505e+01
  -8.9000000000000000e+01  -7.2915342395529294e+01
  -8.8000000000000000e+01  -7.2789821902504400e+01
  -8.7000000000000000e+01  -7.2773655647613097e+01
  -8.6000000000000000e+01  -7.2849779858158797e+01
  -8.5000000000000000e+01  -7.2674859443642205e+01
  -8.4000000000000000e+01  -7.2429806170298093e+01
  -8.3000000000000000e+01  -7.2281064652411203e+01
  -8.2000000000000000e+01  -7.2522833295545894e+01
  -8.1000000000000000e+01  -7.2650952003789200e+01
  -8.0000000000000000e+01  -7.2935642998960503e+01
  -7.9000000000000000e+01  -7.3341932132119794e+01
  -7.8000000000000000e+01  -7.3574632902674495e+01
  -7.7000000000000000e+01  -7.3617772349562699e+01
  -7.6000000000000000e+01  -7.3330787743142395e+01
  -7.5000000000000000e+01  -7.2702083737242006e+01
  -7.4000000000000000e+01  -7.2380454671747501e+01
  -7.3000000000000000e+01  -7.2123849383256797e+01
  -7.2000000000000000e+01  -7.1706918787395196e+01
  -7.1000000000000000e+01  -7.1539546535748102e+01
  -7.0000000000000000e+01  -7.1573054670805504e+01
  -6.9000000000000000e+01  -7.1815083526257993e+01
  -6.8000000000000000e+01  -7.1791735771923797e+01
  -6.7000000000000000e+01  -7.1496254716789096e+01
  -6.6000000000000000e+01  -7.1313804598413100e+01
  -6.5000000000000000e+01  -7.1088953858852605e+01
  -6.4000000000000000e+01  -7.0931587852806999e+01
  -6.3000000000000000e+01  -7.0999031071256795e+01
  -6.2000000000000000e+01  -7.1083042234876302e+01
  -6.1000000000000000e+01  -7.1084171392119799e+01
  -6.0000000000000000e+01  -7.1306318679177394e+01
  -5.9000000000000000e+01  -7.1011411522020595e+01
  -5.8000000000000000e+01  -7.1207193527081699e+01
  -5.7000000000000000e+01  -7.1016251971355402e+01
  -5.6000000000000000e+01  -7.1144344923747795e+01
  -5.5000000000000000e+01  -7.0893037560763403e+01
  -5.4000000000000000e+01  -7.0942280427097799e+01
  -5.3000000000000000e+01  -7.1101536539156399e+01
  -5.2000000000000000e+01  -7.0769565621378604e+01
  -5.1000000000000000e+01  -7.0786970366911405e+01
  -5.0000000000000000e+01  -7.0562789199016507e+01
  -4.9000000000000000e+01  -7.0817445061861093e+01
  -4.8000000000000000e+01  -7.0807044961867007e+01
  -4.7000000000000000e+01  -7.0420713027031795e+01
  -4.6000000000000000e+01  -7.0546961364259403e+01
  -4.5000000000000000e+01  -7.0559899746714606e+01
  -4.4000000000000000e+01  -7.0371964274567901e+01
  -4.3000000000000000e+01  -7.0651254811274399e+01
  -4.2000000000000000e+01  -7.0530593612506195e+01
  -4.1000000000000000e+01  -7.0595207319346997e+01
  -4.0000000000000000e+01  -7.0346643243952499e+01
  -3.9000000000000000e+01  -7.0260163819434595e+01
  -3.8000000000000000e+01  -7.0517530557094304e+01
  -3.7000000000000000e+01  -7.0487404162447802e+01
  -3.6000000000000000e+01  -7.0114311458541096e+01
  -3.5000000000000000e+01  -6.9737740047657297e+01
  -3.4000000000000000e+01  -6.9852363304888897e+01
  -3.3000000000000000e+01  -6.9898608999429896e+01
  -3.2000000000000000e+01  -6.9819172503910906e+01
  -3.1000000000000000e+01  -6.9745703950715395e+01
  -3.0000000000000000e+01  -6.9952293081601795e+01
  -2.9000000000000000e+01  -6.9977420592243504e+01
  -2.8000000000000000e+01  -6.9893095106366005e+01
  -2.7000000000000000e+01  -6.9751278088711800e+01
  -2.6000000000000000e+01  -6.9743184051590703e+01
  -2.5000000000000000e+01  -6.9736401209226102e+01
  -2.4000000000000000e+01  -6.9249691161242097e+01
  -2.3000000000000000e+01  -6.9108151321613093e+01
  -2.2000000000000000e+01  -6.8802585966521505e+01
  -2.1000000000000000e+01  -6.8277166733115806e+01
  -2.0000000000000000e+01  -6.8119471014850504e+01
  -1.9000000000000000e+01  -6.8095560093360803e+01
  -1.8000000000000000e+01  -6.8001488096119502e+01
  -1.7000000000000000e+01  -6.7510685126738693e+01
  -1.6000000000000000e+01  -6.7374116857108802e+01
  -1.5000000000000000e+01  -6.7122081837042799e+01
  -1.4000000000000000e+01  -6.6941393419073407e+01
  -1.3000000000000000e+01  -6.6496473476719601e+01
  -1.2000000000000000e+01  -6.6740139536487504e+01
  -1.1000000000000000e+01  -6.6136085508284395e+01
  -1.0000000000000000e+01  -6.5625143206917997e+01
  -9.0000000000000000e+00  -6.4687166437848703e+01
  -8.0000000000000000e+00  -6.4193455846584101e+01
  -7.0000000000000000e+00  -6.3222952132259003e+01
  -6.0000000000000000e+00  -6.2335957167948003e+01
  -5.0000000000000000e+00  -6.1484847979704902e+01
  -4.0000000000000000e+00  -6.0303663196727598e+01
  -3.0000000000000000e+00  -5.8775405292026697e+01
  -2.0000000000000000e+00  -5.5995731260150301e+01
  -1.0000000000000000e+00  -4.9841520593301603e+01
   0.0000000000000000e+00  -2.4787830475373799e+01
   1.0000000000000000e+00   2.6302489662158102e-01
   2.0000000000000000e+00   1.3959846304488501e+01
   3.0000000000000000e+00   2.0953780152632898e+01
   4.0000000000000000e+00   2.4913315264437799e+01
   5.0000000000000000e+00   2.6546156817195200e+01
   6.0000000000000000e+00   2.7213973130894701e+01
   7.0000000000000000e+00   2.7646675702176399e+01
   8.0000000000000000e+00   2.8116193884903002e+01
   9.0000000000000000e+00   2.8322708848395401e+01
   1.0000000000000000e+01   2.9096657425541800e+01
   1.1000000000000000e+01   2.9074363314861401e+01
   1.2000000000000000e+01   2.9320033860736601e+01
   1.3000000000000000e+01   2.9658559833864899e+01
   1.4000000000000000e+01   3.0022404426702700e+01
   1.5000000000000000e+01   3.0310596940485400e+01
   1.6000000000000000e+01   3.0749274369344601e+01
   1.7000000000000000e+01   3.1078770404707200e+01
   1.8000000000000000e+01   3.1547432084981100e+01
   1.9000000000000000e+01   3.1340704055951502e+01
   2.0000000000000000e+01   3.1774035602586100e+01
   2.1000000000000000e+01   3.1534077188275301e+01
   2.2000000000000000e+01   3.1298446301532898e+01
   2.3000000000000000e+01   3.1235261378889302e+01
   2.4000000000000000e+01   3.1296527446505799e+01
   2.5000000000000000e+01   3.1206094278224199e+01
   2.6000000000000000e+01   3.1389330614906900e+01
   2.7000000000000000e+01   3.1471952093347699e+01
   2.8000000000000000e+01   3.1424637298886999e+01
   2.9000000000000000e+01   3.1106673046033102e+01
   3.0000000000000000e+01   3.0698674208147999e+01
   3.1000000000000000e+01   3.0704578923742101e+01
   3.2000000000000000e+01   3.1213669696565599e+01
   3.3000000000000000e+01   3.1478022187530598e+01
   3.4000000000000000e+01   3.1940661315561300e+01
   3.5000000000000000e+01   3.1699886227373700e+01
   3.6000000000000000e+01   3.2043950240225598e+01
   3.7000000000000000e+01   3.2287354101449402e+01
   3.8000000000000000e+01   3.2528572946532300e+01
   3.9000000000000000e+01   3.2622393478279498e+01
   4.0000000000000000e+01   3.2416577560543502e+01
   4.1000000000000000e+01   3.2682790061247701e+01
   4.2000000000000000e+01   3.3333376730478903e+01
   4.3000000000000000e+01   3.3449289421825704e+01
   4.4000000000000000e+01   3.3317509670163297e+01
   4.5000000000000000e+01   3.3525247894262598e+01
   4.6000000000000000e+01   3.4018965005045601e+01
   4.7000000000000000e+01   3.4051948090420503e+01
   4.8000000000000000e+01   3.4298610840697002e+01
   4.9000000000000000e+01   3.4382336494908103e+01
   5.0000000000000000e+01   3.4515203314712998e+01
   5.1000000000000000e+01   3.4874612575075503e+01
   5.2000000000000000e+01   3.4361709066777500e+01
   5.3000000000000000e+01   3.4353411442137698e+01
   5.4000000000000000e+01   3.4434448311627897e+01
   5.5000000000000000e+01   3.5082282337998500e+01
   5.6000000000000000e+01   3.5765350437574298e+01
   5.7000000000000000e+01   3.6532042578377300e+01
   5.8000000000000000e+01   3.6518629971280198e+01
   5.9000000000000000e+01   3.6503863828438803e+01
   6.0000000000000000e+01   3.6691732858702203e+01
   6.1000000000000000e+01   3.6498102195920197e+01
   6.2000000000000000e+01   3.5988795467003200e+01
   6.3000000000000000e+01   3.6013848612446303e+01
   6.4000000000000000e+01   3.6398149145315003e+01
   6.5000000000000000e+01   3.6050250224324799e+01
   6.6000000000000000e+01   3.5649994768318500e+01
   6.7000000000000000e+01   3.5583314093138398e+01
   6.8000000000000000e+01   3.5987134217163899e+01
   6.9000000000000000e+01   3.5916402468617598e+01
   7.0000000000000000e+01   3.5494519803303099e+01
   7.1000000000000000e+01   3.5889364020483903e+01
   7.2000000000000000e+01   3.6330237537334199e+01
   7.3000000000000000e+01   3.6180684597037100e+01
   7.4000000000000000e+01   3.6041867797605804e+01
   7.5000000000000000e+01   3.5735041612023799e+01
   7.6000000000000000e+01   3.5493176501019903e+01
   7.7000000000000000e+01   3.6046506701314499e+01
   7.8000000000000000e+01   3.6353690175777402e+01
   7.9000000000000000e+01   3.6548960544300300e+01
   8.0000000000000000e+01   3.7266889577688701e+01
   8.1000000000000000e+01   3.7149950865832999e+01
   8.2000000000000000e+01   3.7230715788162101e+01
   8.3000000000000000e+01   3.7443454782619597e+01
   8.4000000000000000e+01   3.7082578944073703e+01
   8.5000000000000000e+01   3.7150428784853297e+01
   8.6000000000000000e+01   3.6822767905506197e+01
   8.7000000000000000e+01   3.7371330983697497e+01
   8.8000000000000000e+01   3.7304174083515903e+01
   8.9000000000000000e+01   3.7247749490571103e+01
   9.0000000000000000e+01   3.7294018957303699e+01
   9.1000000000000000e+01   3.7212480657666902e+01
   9.2000000000000000e+01   3.6744801629469599e+01
   9.3000000000000000e+01   3.6683967893856199e+01
   9.4000000000000000e+01   3.7083471322711901e+01
   9.5000000000000000e+01   3.7054352694157501e+01
   9.6000000000000000e+01   3.7144031901510402e+01
   9.7000000000000000e+01   3.6940461267771703e+01
   9.8000000000000000e+01   3.6796409342358800e+01
   9.9000000000000000e+01   3.7362071466833299e+01
   1.0000000000000000e+02   3.7457579964952998e+01
   1.0100000000000000e+02   3.7198349575252699e+01
   1.0200000000000000e+02   3.7310892217448497e+01
   1.0300000000000000e+02   3.6995685982796203e+01
   1.0400000000000000e+02   3.7567444946670904e+01
   1.0500000000000000e+02   3.7594526768011903e+01
   1.0600000000000000e+02   3.8372889700648898e+01
   1.0700000000000000e+02   3.8174330185832702e+01
   1.0800000000000000e+02   3.8024551480672997e+01
   1.0900000000000000e+02   3.7738142521947800e+01
   1.1000000000000000e+02   3.7558556085247901e+01
   1.1100000000000000e+02   3.7358021213028202e+01
   1.1200000000000000e+02   3.7574914565228497e+01
   1.1300000000000000e+02   3.7784204562616701e+01
   1.1400000000000000e+02   3.7746178203054498e+01
   1.1500000000000000e+02   3.7571684350095197e+01
   1.1600000000000000e+02   3.7783544378674499e+01
   1.1700000000000000e+02   3.7914677221844201e+01
   1.1800000000000000e+02   3.7596850499267703e+01
   1.1900000000000000e+02   3.8037719016553098e+01
   1.2000000000000000e+02   3.8385447515552201e+01
   1.2100000000000000e+02   3.8318780508737902e+01
   1.2200000000000000e+02   3.8419922344302996e+01
   1.2300000000000000e+02   3.8064888482124601e+01
   1.2400000000000000e+02   3.8132784553130897e+01
   1.2500000000000000e+02   3.7842068849365397e+01
   1.2600000000000000e+02   3.8150568647220801e+01
   1.2700000000000000e+02   3.7341046788900499e+01
   1.2800000000000000e+02   3.7100030143895502e+01
   1.2900000000000000e+02   3.6600243205931100e+01
   1.3000000000000000e+02   3.6581437941571203e+01
   1.3100000000000000e+02   3.6309396673019499e+01
   1.3200000000000000e+02   3.6091996215237600e+01
   1.3300000000000000e+02   3.6133002336739203e+01
   1.3400000000000000e+02   3.6069514330750202e+01
   1.3500000000000000e+02   3.5999483841828400e+01
   1.3600000000000000e+02   3.5585953882991703e+01
   1.3700000000000000e+02   3.5755776375160202e+01
   1.3800000000000000e+02   3.5723377449167401e+01
   1.3900000000000000e+02   3.5884817991747198e+01
   1.4000000000000000e+02   3.5771168037913100e+01
   1.4100000000000000e+02   3.5738694536393297e+01
   1.4200000000000000e+02   3.5970437346388799e+01
   1.4300000000000000e+02   3.6296423606087103e+01
   1.4400000000000000e+02   3.6152341374230502e+01
   1.4500000000000000e+02   3.6155965024332801e+01
   1.4600000000000000e+02   3.6190953511550298e+01
   1.4700000000000000e+02   3.6064253819688602e+01
   1.4800000000000000e+02   3.5938458347223801e+01
   1.4900000000000000e+02   3.5870200527585098e+01
   1.5000000000000000e+02   3.5401298706547998e+01
   1.5100000000000000e+02   3.5018136108827299e+01
   1.5200000000000000e+02   3.5228221626239403e+01
   1.5300000000000000e+02   3.4899171368695903e+01
   1.5400000000000000e+02   3.5408364906133500e+01
   1.5500000000000000e+02   3.5058641462350799e+01
   1.5600000000000000e+02   3.4580598933326399e+01
   1.5700000000000000e+02   3.4568651213880997e+01
   1.5800000000000000e+02   3.4634450151359196e+01
   1.5900000000000000e+02   3.4439426303821897e+01
   1.6000000000000000e+02   3.4196689898179699e+01
   1.6100000000000000e+02   3.4072305906683702e+01
   1.6200000000000000e+02   3.3765907103501398e+01
   1.6300000000000000e+02   3.3770462306605097e+01
   1.6400000000000000e+02   3.3546549349320600e+01
   1.6500000000000000e+02   3.3561960861307000e+01
   1.6600000000000000e+02   3.2990939540004298e+01
   1.6700000000000000e+02   3.2433754477454301e+01
   1.6800000000000000e+02   3.2255995827130100e+01
   1.6900000000000000e+02   3.2040163297713796e+01
   1.7000000000000000e+02   3.2144651564559602e+01
   1.7100000000000000e+02   3.2116108923703102e+01
   1.7200000000000000e+02   3.2027923601995703e+01
   1.7300000000000000e+02   3.2270509829046397e+01
   1.7400000000000000e+02   3.2727626754938001e+01
   1.7500000000000000e+02   3.2721482724517500e+01
   1.7600000000000000e+02   3.2862382889131503e+01
   1.7700000000000000e+02   3.2695387406510903e+01
   1.7800000000000000e+02   3.3069583002533399e+01
   1.7900000000000000e+02   3.2817007155370597e+01
   1.8000000000000000e+02   3.3102750428665999e+01
   1.8100000000000000e+02   3.3289039615631900e+01
   1.8200000000000000e+02   3.3068165740819197e+01
   1.8300000000000000e+02   3.2579807457247803e+01
   1.8400000000000000e+02   3.2699157678162599e+01
   1.8500000000000000e+02   3.2996295532139300e+01
   1.8600000000000000e+02   3.2916510907876599e+01
   1.8700000000000000e+02   3.3454926976888302e+01
   1.8800000000000000e+02   3.3155172384081403e+01
   1.8900000000000000e+02   3.2805997603421503e+01
   1.9000000000000000e+02   3.2954761184154101e+01
   1.9100000000000000e+02   3.2365418741393199e+01
   1.9200000000000000e+02   3.1656166648652999e+01
   1.9300000000000000e+02   3.1452694227671799e+01
   1.9400000000000000e+02   3.1345803626540800e+01
   1.9500000000000000e+02   3.1281459719094698e+01
   1.9600000000000000e+02   3.1258673895091501e+01
   1.9700000000000000e+02   3.0503057495433001e+01
   1.9800000000000000e+02   3.0545630911022101e+01
   1.9900000000000000e+02   3.0200546554110900e+01
   2.0000000000000000e+02   3.0291563074260900e+01
   2.0100000000000000e+02   3.0285489037994800e+01
   2.0200000000000000e+02   2.9863864635908801e+01
   2.0300000000000000e+02   2.9834801888502000e+01
   2.0400000000000000e+02   2.9694618880184901e+01
   2.0500000000000000e+02   2.9794586132389199e+01
   2.0600000000000000e+02   2.9411454542020898e+01
   2.0700000000000000e+02   2.9350994202528899e+01
   2.0800000000000000e+02   2.9882959749447700e+01
   2.0900000000000000e+02   2.9388454913284200e+01
   2.1000000000000000e+02   2.9628207807000400e+01
   2.1100000000000000e+02   2.9152610089191100e+01
   2.1200000000000000e+02   2.8822734952000200e+01
   2.1300000000000000e+02   2.8721657380155701e+01
   2.1400000000000000e+02   2.8968928311504499e+01
   2.1500000000000000e+02   2.8507596929587201e+01
   2.1600000000000000e+02   2.8432773130595400e+01
   2.1700000000000000e+02   2.8297129012845499e+01
   2.1800000000000000e+02   2.8133969158824499e+01
   2.1900000000000000e+02   2.7823169835260501e+01
   2.2000000000000000e+02   2.7332665332140600e+01
   2.2100000000000000e+02   2.7067278116079599e+01
   2.2200000000000000e+02   2.7159781228663601e+01
   2.2300000000000000e+02   2.7072151508399902e+01
   2.2400000000000000e+02   2.6750222130849899e+01
   2.2500000000000000e+02   2.6394025471692000e+01
   2.2600000000000000e+02   2.5810078850240998e+01
   2.2700000000000000e+02   2.5280805362609900e+01
   2.2800000000000000e+02   2.4972978607038300e+01
   2.2900000000000000e+02   2.4423343127551000e+01
   2.3000000000000000e+02   2.4208370257582001e+01
   2.3100000000000000e+02   2.4053166545496701e+01
   2.3200000000000000e+02   2.4068085125745700e+01
   2.3300000000000000e+02   2.3826913220293701e+01
   2.3400000000000000e+02   2.3660660281929498e+01
   2.3500000000000000e+02   2.3013336823029899e+01
   2.3600000000000000e+02   2.3228459543367698e+01
   2.3700000000000000e+02   2.3305664237296700e+01
   2.3800000000000000e+02   2.3719648260532299e+01
   2.3900000000000000e+02   2.2883771592249101e+01
   2.4000000000000000e+02   2.2347241917528500e+01
   2.4100000000000000e+02   2.2121307369801301e+01
   2.4200000000000000e+02   2.1963968854429702e+01
   2.4300000000000000e+02   2.2056029840033599e+01
   2.4400000000000000e+02   2.2092357581147400e+01
   2.4500000000000000e+02   2.2374335334978401e+01
   2.4600000000000000e+02   2.2448684684519101e+01
   2.4700000000000000e+02   2.2007122359246299e+01
   2.4800000000000000e+02   2.2267624515382000e+01
   2.4900000000000000e+02   2.1665152447737899e+01
   2.5000000000000000e+02   2.1834482053080102e+01
   2.5100000000000000e+02   2.1928230163543599e+01
   2.5200000000000000e+02   2.1706495521466401e+01
   2.5300000000000000e+02   2.1794990076595699e+01
   2.5400000000000000e+02   2.1060519319395699e+01
   2.5500000000000000e+02   2.0902127359826800e+01
   2.5600000000000000e+02   2.0735112571905500e+01
   2.5700000000000000e+02   2.0841959193107400e+01
   2.5800000000000000e+02   2.0222490735188199e+01
   2.5900000000000000e+02   1.9765381028206502e+01
   2.6000000000000000e+02   1.9930522138959802e+01
   2.6100000000000000e+02   1.9830226967030299e+01
   2.6200000000000000e+02   1.9795860778770901e+01
   2.6300000000000000e+02   2.0009640636017501e+01
   2.6400000000000000e+02   1.9836874261204201e+01
   2.6500000000000000e+02   1.9619119243760402e+01
   2.6600000000000000e+02   1.9734396973341902e+01
   2.6700000000000000e+02   1.9666097771807500e+01
   2.6800000000000000e+02   1.9420980662877501e+01
   2.6900000000000000e+02   1.9746262046540501e+01
   2.7000000000000000e+02   1.9591189749888201e+01
   2.7100000000000000e+02   1.9817187518400001e+01
   2.7200000000000000e+02   1.9662676633743398e+01
   2.7300000000000000e+02   1.9736909802968501e+01
   2.7400000000000000e+02   1.9517398194895399e+01
   2.7500000000000000e+02   1.8983134596295400e+01
   2.7600000000000000e+02   1.8963359319521700e+01
   2.7700000000000000e+02   1.8891330887022299e+01
   2.7800000000000000e+02   1.9135892896825698e+01
   2.7900000000000000e+02   1.8236806783146399e+01
   2.8000000000000000e+02   1.7866205934726000e+01
   2.8100000000000000e+02   1.7167099120929301e+01
   2.8200000000000000e+02   1.7140167903271301e+01
   2.8300000000000000e+02   1.7294949803401099e+01
   2.8400000000000000e+02   1.7149729875859300e+01
   2.8500000000000000e+02   1.7057996214326401e+01
   2.8600000000000000e+02   1.7167617947270699e+01
   2.8700000000000000e+02   1.7308558901663201e+01
   2.8800000000000000e+02   1.7433920051879301e+01
   2.8900000000000000e+02   1.7343265132076699e+01
   2.9000000000000000e+02   1.7064307808091801e+01
   2.9100000000000000e+02   1.6849514236895100e+01
   2.9200000000000000e+02   1.6584914566728202e+01
   2.9300000000000000e+02   1.6661363524834300e+01
   2.9400000000000000e+02   1.6779961507459401e+01
   2.9500000000000000e+02   1.6850279812404100e+01
   2.9600000000000000e+02   1.6448014374470201e+01
   2.9700000000000000e+02   1.6423931806920500e+01
   2.9800000000000000e+02   1.6360260870502600e+01
   2.9900000000000000e+02   1.6919626655209701e+01
   3.0000000000000000e+02   1.6569586221701901e+01
   3.0100000000000000e+02   1.5991552654127700e+01
   3.0200000000000000e+02   1.5436840826849700e+01
   3.0300000000000000e+02   1.5300264075730700e+01
   3.0400000000000000e+02   1.5038754774141101e+01
   3.0500000000000000e+02   1.4771850474358400e+01
   3.0600000000000000e+02   1.4825712099561301e+01
   3.0700000000000000e+02   1.4166685266788001e+01
   3.0800000000000000e+02   1.3794674037457799e+01
   3.0900000000000000e+02   1.3375977795037100e+01
   3.1000000000000000e+02   1.3274776319215000e+01
   3.1100000000000000e+02   1.2984515985298200e+01
   3.1200000000000000e+02   1.2424897866680000e+01
   3.1300000000000000e+02   1.2797460827768800e+01
   3.1400000000000000e+02   1.2705895644794101e+01
   3.1500000000000000e+02   1.2393438236373999e+01
   3.1600000000000000e+02   1.2639763259966101e+01
   3.1700000000000000e+02   1.2383121518948901e+01
   3.1800000000000000e+02   1.2480779431553000e+01
   3.1900000000000000e+02   1.2768065160300999e+01
   3.2000000000000000e+02   1.3055634096854400e+01
   3.2100000000000000e+02   1.2602817041292900e+01
   3.2200000000000000e+02   1.1828193134477800e+01
   3.2300000000000000e+02   1.1768184849919400e+01
   3.2400000000000000e+02   1.1757574810796999e+01
   3.2500000000000000e+02   1.1330031522409000e+01
   3.2600000000000000e+02   1.0766408328811901e+01
   3.2700000000000000e+02   1.0018803061973401e+01
   3.2800000000000000e+02   1.0225645109813399e+01
   3.2900000000000000e+02   1.0310983212401100e+01
   3.3000000000000000e+02   9.9029598553021305e+00
   3.3100000000000000e+02   9.8395270837200695e+00
   3.3200000000000000e+02   9.2275353868378307e+00
   3.3300000000000000e+02   9.0958334938652499e+00
   3.3400000000000000e+02   8.8742256515873805e+00
   3.3500000000000000e+02   8.8254897967055896e+00
   3.3600000000000000e+02   8.4729343174976606e+00
   3.3700000000000000e+02   8.5149743779489206e+00
   3.3800000000000000e+02   8.6151084344736493e+00
   3.3900000000000000e+02   8.3857586647046300e+00
   3.4000000000000000e+02   8.5733733077379402e+00
   3.4100000000000000e+02   7.8748231870884497e+00
   3.4200000000000000e+02   8.0327645162213805e+00
   3.4300000000000000e+02   8.0040783582730004e+00
   3.4400000000000000e+02   7.9885239449697796e+00
   3.4500000000000000e+02   7.8756540261830104e+00
   3.4600000000000000e+02   7.2968233219542800e+00
   3.4700000000000000e+02   6.8499014932042002e+00
   3.4800000000000000e+02   6.6015842490280896e+00
   3.4900000000000000e+02   6.6587790633570201e+00
   3.5000000000000000e+02   6.3727274888052801e+00
   3.5100000000000000e+02   6.3983677606324498e+00
   3.5200000000000000e+02   6.3490774669528296e+00
   3.5300000000000000e+02   6.2215047323739503e+00
   3.5400000000000000e+02   5.8225670781274097e+00
   3.5500000000000000e+02   5.6489024818261999e+00
   3.5600000000000000e+02   5.5160135459953503e+00
   3.5700000000000000e+02   5.6495990256436199e+00
   3.5800000000000000e+02   5.7041711781057396e+00
   3.5900000000000000e+02   5.5996168902904202e+00
   3.6000000000000000e+02   5.0381465260358302e+00
   3.6100000000000000e+02   5.4779612181170796e+00
   3.6200000000000000e+02   5.2764930473899900e+00
   3.6300000000000000e+02   4.7674756461766501e+00
   3.6400000000000000e+02   4.5252834873757797e+00
   3.6500000000000000e+02   4.9227413454301798e+00
   3.6600000000000000e+02   5.0082272507425900e+00
   3.6700000000000000e+02   5.4206733467034098e+00
   3.6800000000000000e+02   4.9465974958598800e+00
   3.6900000000000000e+02   4.6876659358757600e+00
   3.7000000000000000e+02   4.3520772166261503e+00
   3.7100000000000000e+02   3.7761138530620402e+00
   3.7200000000000000e+02   3.4021645575779198e+00
   3.7300000000000000e+02   3.5561517477387401e+00
   3.7400000000000000e+02   2.9242076292278800e+00
   3.7500000000000000e+02   2.7331175561616501e+00
   3.7600000000000000e+02   2.8330324383040302e+00
   3.7700000000000000e+02   1.9751365084195400e+00
   3.7800000000000000e+02   1.5894365022547801e+00
   3.7900000000000000e+02   1.5038838352736901e+00
   3.8000000000000000e+02   1.7100854153599401e+00
   3.8100000000000000e+02   1.7814284624474399e+00
   3.8200000000000000e+02   1.3130587107193801e+00
   3.8300000000000000e+02   9.2145812473938304e-01
   3.8400000000000000e+02   6.3675611506076901e-01
   3.8500000000000000e+02   5.0714845367348904e-01
   3.8600000000000000e+02   3.3807499934287999e-02
   3.8700000000000000e+02  -1.9928588119667001e-01
   3.8800000000000000e+02  -4.8419645771670600e-01
   3.8900000000000000e+02  -4.1116131921972798e-01
   3.9000000000000000e+02  -1.0072323128611500e-01
   3.9100000000000000e+02  -5.3813553144802495e-01
   3.9200000000000000e+02  -4.5672983943456003e-01
   3.9300000000000000e+02  -5.3917249545584200e-01
   3.9400000000000000e+02  -6.1704110240826404e-01
   3.9500000000000000e+02  -7.3157421370252496e-01
   3.9600000000000000e+02  -9.1181173920040703e-01
   3.9700000000000000e+02  -1.2665888098735900e+00
   3.9800000000000000e+02  -1.6816256585270499e+00
   3.9900000000000000e+02  -1.6303129935769001e+00
   4.0000000000000000e+02  -1.8842085201788801e+00
   4.0100000000000000e+02  -2.0813269305249000e+00
   4.0200000000000000e+02  -2.4683843323190602e+00
   4.0300000000000000e+02  -2.8606462789137299e+00
   4.0400000000000000e+02  -3.2890896285850002e+00
   4.0500000000000000e+02  -2.7850710676702302e+00
   4.0600000000000000e+02  -2.2581483199817698e+00
   4.0700000000000000e+02  -2.2039131950936501e+00
   4.0800000000000000e+02  -2.1597939838116100e+00
   4.0900000000000000e+02  -3.1644240542041899e+00
   4.1000000000000000e+02  -3.5176343144885500e+00
   4.1100000000000000e+02  -3.7498197349271298e+00
   4.1200000000000000e+02  -3.8490250196254499e+00
   4.1300000000000000e+02  -4.1042817025154896e+00
   4.1400000000000000e+02  -4.4213851393276498e+00
   4.1500000000000000e+02  -4.4215952559864702e+00
   4.1600000000000000e+02  -4.7221663814338397e+00
   4.1700000000000000e+02  -5.0134966769092397e+00
   4.1800000000000000e+02  -5.1608042873212403e+00
   4.1900000000000000e+02  -5.1426416349256900e+00
   4.2000000000000000e+02  -5.4735273355227401e+00
   4.2100000000000000e+02  -6.3215352593446896e+00
   4.2200000000000000e+02  -6.5674065601895997e+00
   4.2300000000000000e+02  -6.5010802749429999e+00
   4.2400000000000000e+02  -7.3674355928559496e+00
   4.2500000000000000e+02  -7.7619006850940799e+00
   4.2600000000000000e+02  -8.5225256493959307e+00
   4.2700000000000000e+02  -8.7749287530914106e+00
   4.2800000000000000e+02  -9.0308935781468698e+00
   4.2900000000000000e+02  -8.8012332540437903e+00
   4.3000000000000000e+02  -9.3853567154663704e+00
   4.3100000000000000e+02  -9.5561606934242302e+00
   4.3200000000000000e+02  -1.0224396283939701e+01
   4.3300000000000000e+02  -1.0688161581677500e+01
   4.3400000000000000e+02  -1.0834922530276501e+01
   4.3500000000000000e+02  -1.0666349165221201e+01
   4.3600000000000000e+02  -1.0629729165831900e+01
   4.3700000000000000e+02  -1.0874454718403300e+01
   4.3800000000000000e+02  -1.1192984721901400e+01
   4.3900000000000000e+02  -1.1288101805677600e+01
   4.4000000000000000e+02  -1.1746119073558400e+01
   4.4100000000000000e+02  -1.1654125077027400e+01
   4.4200000000000000e+02  -1.2332632370453000e+01
   4.4300000000000000e+02  -1.2422253587434801e+01
   4.4400000000000000e+02  -1.2276254528951499e+01
   4.4500000000000000e+02  -1.2732834966347999e+01
   4.4600000000000000e+02  -1.2960109011608200e+01
   4.4700000000000000e+02  -1.3025637732164601e+01
   4.4800000000000000e+02  -1.3635951763084700e+01
   4.4900000000000000e+02  -1.4164162571254900e+01
   4.5000000000000000e+02  -1.4877371904783701e+01
   4.5100000000000000e+02  -1.5907918758425300e+01
   4.5200000000000000e+02  -1.5796937606989101e+01
   4.5300000000000000e+02  -1.6560393732472800e+01
   4.5400000000000000e+02  -1.6982965885476599e+01
   4.5500000000000000e+02  -1.7330759094143701e+01
   4.5600000000000000e+02  -1.7668938168505001e+01
   4.5700000000000000e+02  -1.7890066194412299e+01
   4.5800000000000000e+02  -1.7990467688033299e+01
   4.5900000000000000e+02  -1.8219725779948298e+01
   4.6000000000000000e+02  -1.8883629299742001e+01
   4.6100000000000000e+02  -1.9094934827361300e+01
   4.6200000000000000e+02  -1.9935938662651100e+01
   4.6300000000000000e+02  -2.0690935003486501e+01
   4.6400000000000000e+02  -2.1217059270319702e+01
   4.6500000000000000e+02  -2.1754778499197901e+01
   4.6600000000000000e+02  -2.1882965576709999e+01
   4.6700000000000000e+02  -2.2018299734538200e+01
   4.6800000000000000e+02  -2.2482094126278898e+01
   4.6900000000000000e+02  -2.2813943601285999e+01
   4.7000000000000000e+02  -2.3154071649281502e+01
   4.7100000000000000e+02  -2.3475132215287299e+01
   4.7200000000000000e+02  -2.4291248628870200e+01
   4.7300000000000000e+02  -2.5087246075064801e+01
   4.7400000000000000e+02  -2.5630168105363001e+01
   4.7500000000000000e+02  -2.6367364821770799e+01
   4.7600000000000000e+02  -2.6700929094488799e+01
   4.7700000000000000e+02  -2.7258680616659500e+01
   4.7800000000000000e+02  -2.7455650344250401e+01
   4.7900000000000000e+02  -2.8016639870432801e+01
   4.8000000000000000e+02  -2.8078987981045898e+01
   4.8100000000000000e+02  -2.8675766035553501e+01
   4.8200000000000000e+02  -2.8871322618207099e+01
   4.8300000000000000e+02  -2.9579681804990301e+01
   4.8400000000000000e+02  -3.0162668977613102e+01
   4.8500000000000000e+02  -3.0431550098992702e+01
   4.8600000000000000e+02  -3.0365419429864900e+01
   4.8700000000000000e+02  -3.0909547825686602e+01
   4.8800000000000000e+02  -3.1077840232122700e+01
   4.8900000000000000e+02  -3.1377468593918799e+01
   4.9000000000000000e+02  -3.1404101204445301e+01
   4.9100000000000000e+02  -3.1834772611089299e+01
   4.9200000000000000e+02  -3.2314303590598200e+01
   4.9300000000000000e+02  -3.2487993254049002e+01
   4.9400000000000000e+02  -3.3071160365045202e+01
   4.9500000000000000e+02  -3.3101872621106303e+01
   4.9600000000000000e+02  -3.3282532815435601e+01
   4.9700000000000000e+02  -3.3278528161310398e+01
   4.9800000000000000e+02  -3.3954283778529501e+01
   4.9900000000000000e+02  -3.4595923621111602e+01
   5.0000000000000000e+02  -3.5293592861928303e+01
   5.0100000000000000e+02  -3.5855699960203196e+01
   5.0200000000000000e+02  -3.6880471755620597e+01
   5.0300000000000000e+02  -3.7723685794926801e+01
   5.0400000000000000e+02  -3.8075206899324797e+01
   5.0500000000000000e+02  -3.8506417467531399e+01
   5.0600000000000000e+02  -3.8872427657693102e+01
   5.0700000000000000e+02  -3.9566729751769600e+01
   5.0800000000000000e+02  -3.9676053105732898e+01
   5.0900000000000000e+02  -3.9896714923062703e+01
   5.1000000000000000e+02  -4.0255974620212299e+01
   5.1100000000000000e+02  -4.0880955283694902e+01
   5.1200000000000000e+02  -4.1898531163784597e+01
   5.1300000000000000e+02  -4.2184152693378103e+01
   5.1400000000000000e+02  -4.2806067717610397e+01
   5.1500000000000000e+02  -4.2598761407977797e+01
   5.1600000000000000e+02  -4.2422006535069102e+01
   5.1700000000000000e+02  -4.3320162795687203e+01
   5.1800000000000000e+02  -4.3732037530622499e+01
   5.1900000000000000e+02  -4.4047652430067203e+01
   5.2000000000000000e+02  -4.4478346264114400e+01
   5.2100000000000000e+02  -4.5097938303545298e+01
   5.2200000000000000e+02  -4.5171226660786800e+01
   5.2300000000000000e+02  -4.5241357927373599e+01
   5.2400000000000000e+02  -4.5471835012403297e+01
   5.2500000000000000e+02  -4.5778411503703701e+01
   5.2600000000000000e+02  -4.5324325609541397e+01
   5.2700000000000000e+02  -4.5565596700619700e+01
   5.2800000000000000e+02  -4.5698864061403199e+01
   5.2900000000000000e+02  -4.6010858173024097e+01
   5.3000000000000000e+02  -4.6743218774051797e+01
   5.3100000000000000e+02  -4.7236527756523003e+01
   5.3200000000000000e+02  -4.7693473044247803e+01
   5.3300000000000000e+02  -4.7973849561597802e+01
   5.3400000000000000e+02  -4.8108876156062003e+01
   5.3500000000000000e+02  -4.8389334234233402e+01
   5.3600000000000000e+02  -4.8292450540782198e+01
   5.3700000000000000e+02  -4.8575871952058300e+01
   5.3800000000000000e+02  -4.8867084155181900e+01
   5.3900000000000000e+02  -4.9030383244745998e+01
   5.4000000000000000e+02  -4.9751540663746901e+01
   5.4100000000000000e+02  -4.9526861400618202e+01
   5.4200000000000000e+02  -4.9916210465150400e+01
   5.4300000000000000e+02  -4.9928177502694197e+01
   5.4400000000000000e+02  -5.0360845776710498e+01
   5.4500000000000000e+02  -5.0516257543197398e+01
   5.4600000000000000e+02  -5.0695406796792398e+01
   5.4700000000000000e+02  -5.1344913664700201e+01
   5.4800000000000000e+02  -5.1831196634117298e+01
   5.4900000000000000e+02  -5.1964300306264597e+01
   5.5000000000000000e+02  -5.2728975994699198e+01
   5.5100000000000000e+02  -5.3366709168341700e+01
   5.5200000000000000e+02  -5.3739186675343802e+01
   5.5300000000000000e+02  -5.4209097902549800e+01
   5.5400000000000000e+02  -5.4695469367571498e+01
   5.5500000000000000e+02  -5.4745880862838099e+01
   5.5600000000000000e+02  -5.4869494886927299e+01
   5.5700000000000000e+02  -5.5690317244280997e+01
   5.5800000000000000e+02  -5.5792291342669699e+01
   5.5900000000000000e+02  -5.6148764560978798e+01
   5.6000000000000000e+02  -5.6860866792359197e+01
   5.6100000000000000e+02  -5.7297127696831900e+01
   5.6200000000000000e+02  -5.7893255872167799e+01
   5.6300000000000000e+02  -5.7930891125885701e+01
   5.6400000000000000e+02  -5.8425016838555102e+01
   5.6500000000000000e+02  -5.8329269444655800e+01
   5.6600000000000000e+02  -5.8755745457626603e+01
   5.6700000000000000e+02  -5.9380491998143697e+01
   5.6800000000000000e+02  -5.9642482922590098e+01
   5.6900000000000000e+02  -5.9864143767517497e+01
   5.7000000000000000e+02  -6.0650127340123902e+01
   5.7100000000000000e+02  -6.1295739505201702e+01
   5.7200000000000000e+02  -6.1971429992653803e+01
   5.7300000000000000e+02  -6.2144749907704501e+01
   5.7400000000000000e+02  -6.2258587277385402e+01
   5.7500000000000000e+02  -6.2636674895522603e+01
   5.7600000000000000e+02  -6.3117856076377102e+01
   5.7700000000000000e+02  -6.3055630689008900e+01
   5.7800000000000000e+02  -6.2941395262392298e+01
   5.7900000000000000e+02  -6.3396007855422198e+01
   5.8000000000000000e+02  -6.3964725191228702e+01
   5.8100000000000000e+02  -6.4172560324618601e+01
   5.8200000000000000e+02  -6.4542154965140298e+01
   5.8300000000000000e+02  -6.5222667242185807e+01
   5.8400000000000000e+02  -6.5819243785523000e+01
   5.8500000000000000e+02  -6.6516238602295999e+01
   5.8600000000000000e+02  -6.6994220876207606e+01
   5.8700000000000000e+02  -6.7430739052562402e+01
   5.8800000000000000e+02  -6.7831064459138005e+01
   5.8900000000000000e+02  -6.8475599715968002e+01
   5.9000000000000000e+02  -6.8247953945071700e+01
   5.9100000000000000e+02  -6.8363167257576606e+01
   5.9200000000000000e+02  -6.8802719022937893e+01
   5.9300000000000000e+02  -6.9091919166551406e+01
   5.9400000000000000e+02  -6.9505538445565406e+01
   5.9500000000000000e+02  -6.9456442260198401e+01
   5.9600000000000000e+02  -6.9654835162415395e+01
   5.9700000000000000e+02  -6.9451572882403497e+01
   5.9800000000000000e+02  -7.0553072383184499e+01
   5.9900000000000000e+02  -7.0744720721762107e+01
   6.0000000000000000e+02  -7.0746659772383495e+01
   6.0100000000000000e+02  -7.1028422429634404e+01
   6.0200000000000000e+02  -7.0914374769189095e+01
   6.0300000000000000e+02  -7.1244723995024302e+01
   6.0400000000000000e+02  -7.1601084355372294e+01
   6.0500000000000000e+02  -7.1427472626957197e+01
   6.0600000000000000e+02  -7.1686511359406595e+01
   6.0700000000000000e+02  -7.1843955229627994e+01
   6.0800000000000000e+02  -7.2152723044272804e+01
   6.0900000000000000e+02  -7.2411204147652498e+01
   6.1000000000000000e+02  -7.2545853887855102e+01
   6.1100000000000000e+02  -7.2546478299850193e+01
   6.1200000000000000e+02  -7.2956219493599306e+01
   6.1300000000000000e+02  -7.2986021457233306e+01
   6.1400000000000000e+02  -7.3412781790244694e+01
   6.1500000000000000e+02  -7.3703215960122506e+01
   6.1600000000000000e+02  -7.3759214812812402e+01
   6.1700000000000000e+02  -7.3970119243402095e+01
   6.1800000000000000e+02  -7.4047775140196705e+01
   6.1900000000000000e+02  -7.4096960828123400e+01
   6.2000000000000000e+02  -7.4053719668393697e+01
   6.2100000000000000e+02  -7.4546149382672596e+01
   6.2200000000000000e+02  -7.4695220855795199e+01
   6.2300000000000000e+02  -7.5271790602575294e+01
   6.2400000000000000e+02  -7.4826021172202502e+01
   6.2500000000000000e+02  -7.5435737516277001e+01
   6.2600000000000000e+02  -7.5481933913859606e+01
   6.2700000000000000e+02  -7.5723134385154694e+01
   6.2800000000000000e+02  -7.5226904717566896e+01
   6.2900000000000000e+02  -7.5576828525793303e+01
   6.3000000000000000e+02  -7.5758749935297203e+01
   6.3100000000000000e+02  -7.5901824046208702e+01
   6.3200000000000000e+02  -7.5711595641616199e+01
   6.3300000000000000e+02  -7.5621927679512595e+01
   6.3400000000000000e+02  -7.5430250880641395e+01
   6.3500000000000000e+02  -7.5086803062046997e+01
   6.3600000000000000e+02  -7.4807278149340107e+01
   6.3700000000000000e+02  -7.5037768142727401e+01
   6.3800000000000000e+02  -7.4599078962372701e+01
   6.3900000000000000e+02  -7.4765293681519793e+01
   6.4000000000000000e+02  -7.5285024886996297e+01
   6.4100000000000000e+02  -7.5354776670446199e+01
   6.4200000000000000e+02  -7.5568206834537094e+01
   6.4300000000000000e+02  -7.5854215263479105e+01
   6.4400000000000000e+02  -7.6053718225026302e+01
   6.4500000000000000e+02  -7.6428704477374893e+01
   6.4600000000000000e+02  -7.6680971573502404e+01
   6.4700000000000000e+02  -7.6329304774304106e+01
   6.4800000000000000e+02  -7.5725155988430600e+01
   6.4900000000000000e+02  -7.5927277606570897e+01
   6.5000000000000000e+02  -7.5526130961184407e+01
   6.5100000000000000e+02  -7.5821867735491693e+01
   6.5200000000000000e+02  -7.5861081146777096e+01
   6.5300000000000000e+02  -7.6066141822152304e+01
   6.5400000000000000e+02  -7.5898627481775904e+01
   6.5500000000000000e+02  -7.6439615501555707e+01
   6.5600000000000000e+02  -7.6088968079872402e+01
   6.5700000000000000e+02  -7.5833628689650794e+01
   6.5800000000000000e+02  -7.6232824844849503e+01
   6.5900000000000000e+02  -7.6460845457639905e+01
   6.6000000000000000e+02  -7.6311401914835898e+01
   6.6100000000000000e+02  -7.6980099245138803e+01
   6.6200000000000000e+02  -7.6584894536474593e+01
   6.6300000000000000e+02  -7.6309659968375001e+01
   6.6400000000000000e+02  -7.6965144167130205e+01
   6.6500000000000000e+02  -7.6812180515313500e+01
   6.6600000000000000e+02  -7.6688606129489401e+01
   6.6700000000000000e+02  -7.6674442527705096e+01
   6.6800000000000000e+02  -7.7290233227894504e+01
   6.6900000000000000e+02  -7.7692267450343493e+01
   6.7000000000000000e+02  -7.7501632006059907e+01
   6.7100000000000000e+02  -7.7493727990694694e+01
   6.7200000000000000e+02  -7.7299679347678804e+01
   6.7300000000000000e+02  -7.7579923583935397e+01
   6.7400000000000000e+02  -7.7513206256394696e+01
   6.7500000000000000e+02  -7.7741125542019802e+01
   6.7600000000000000e+02  -7.7580109452702601e+01
   6.7700000000000000e+02  -7.7263481309015702e+01
   6.7800000000000000e+02  -7.7524534535170901e+01
   6.7900000000000000e+02  -7.7197528203176404e+01
   6.8000000000000000e+02  -7.6653808067764800e+01
   6.8100000000000000e+02  -7.6811021686215895e+01
   6.8200000000000000e+02  -7.6779017506505895e+01
   6.8300000000000000e+02  -7.6621286002734195e+01
   6.8400000000000000e+02  -7.7078414221444405e+01
   6.8500000000000000e+02  -7.7160129823393106e+01
   6.8600000000000000e+02  -7.7471266958168002e+01
   6.8700000000000000e+02  -7.7853314686802904e+01
   6.8800000000000000e+02  -7.7775237837042695e+01
   6.8900000000000000e+02  -7.7451911457076903e+01
   6.9000000000000000e+02  -7.7322383645884400e+01
   6.9100000000000000e+02  -7.7228805696152506e+01
   6.9200000000000000e+02  -7.7124809127082798e+01
   6.9300000000000000e+02  -7.7308581426553303e+01
   6.9400000000000000e+02  -7.6845264950035002e+01
   6.9500000000000000e+02  -7.6965214978205097e+01
   6.9600000000000000e+02  -7.7195726032838195e+01
   6.9700000000000000e+02  -7.7155346287409500e+01
   6.9800000000000000e+02  -7.7069000354407905e+01
   6.9900000000000000e+02  -7.7510543044886603e+01
   7.0000000000000000e+02  -7.7528972252812906e+01
   7.0100000000000000e+02  -7.7837173878316307e+01
   7.0200000000000000e+02  -7.7496604408350393e+01
   7.0300000000000000e+02  -7.7865374387513199e+01
   7.0400000000000000e+02  -7.7781928771438700e+01
   7.0500000000000000e+02  -7.8027931113676999e+01
   7.0600000000000000e+02  -7.8069041845079596e+01
   7.0700000000000000e+02  -7.7455023054171093e+01
   7.0800000000000000e+02  -7.7316828873616899e+01
   7.0900000000000000e+02  -7.6727532218152604e+01
   7.1000000000000000e+02  -7.6399048664656107e+01
   7.1100000000000000e+02  -7.6484508524992293e+01
   7.1200000000000000e+02  -7.6181522378115304e+01
   7.1300000000000000e+02  -7.5846644782202702e+01
   7.1400000000000000e+02  -7.6163198274067000e+01
   7.1500000000000000e+02  -7.5975781091846102e+01
   7.1600000000000000e+02  -7.5642018426317804e+01
   7.1700000000000000e+02  -7.5625329191427497e+01
   7.1800000000000000e+02  -7.5529486484596902e+01
   7.1900000000000000e+02  -7.5591703399580297e+01
   7.2000000000000000e+02  -7.6005982256823799e+01
   7.2100000000000000e+02  -7.5979848122162096e+01
   7.2200000000000000e+02  -7.6052961199388093e+01
   7.2300000000000000e+02  -7.5880009397056298e+01
   7.2400000000000000e+02  -7.6242811217214097e+01
   7.2500000000000000e+02  -7.5473137101441694e+01
   7.2600000000000000e+02  -7.5455288291236997e+01
   7.2700000000000000e+02  -7.5046039731694506e+01
   7.2800000000000000e+02  -7.4921826116041501e+01
   7.2900000000000000e+02  -7.5310257707046503e+01
   7.3000000000000000e+02  -7.5156463319011095e+01
   7.3100000000000000e+02  -7.5346469022475603e+01
   7.3200000000000000e+02  -7.5175115199696194e+01
   7.3300000000000000e+02  -7.5748347626009704e+01
   7.3400000000000000e+02  -7.5299596712945004e+01
   7.3500000000000000e+02  -7.5132815623986005e+01
   7.3600000000000000e+02  -7.4873194228163300e+01
   7.3700000000000000e+02  -7.4805840130732904e+01
   7.3800000000000000e+02  -7.4977893143873402e+01
   7.3900000000000000e+02  -7.5223191491273496e+01
   7.4000000000000000e+02  -7.5456299776842101e+01
   7.4100000000000000e+02  -7.5409615911184602e+01
   7.4200000000000000e+02  -7.5374751948038394e+01
   7.4300000000000000e+02  -7.5217239305169201e+01
   7.4400000000000000e+02  -7.5786610162006696e+01
   7.4500000000000000e+02  -7.5351152540075304e+01
   7.4600000000000000e+02  -7.5548310577702296e+01
   7.4700000000000000e+02  -7.5933012874391693e+01
   7.4800000000000000e+02  -7.5576964933033395e+01
   7.4900000000000000e+02  -7.5368019231308594e+01
   7.5000000000000000e+02  -7.5459494977647097e+01
   7.5100000000000000e+02  -7.5456758215432103e+01
   7.5200000000000000e+02  -7.5442843384203698e+01
   7.5300000000000000e+02  -7.5529606981568804e+01
   7.5400000000000000e+02  -7.5540824478441706e+01
   7.5500000000000000e+02  -7.5896449606019502e+01
   7.5600000000000000e+02  -7.5955332845172293e+01
   7.5700000000000000e+02  -7.6007764705979497e+01
   7.5800000000000000e+02  -7.6108167939480396e+01
   7.5900000000000000e+02  -7.6552208861643805e+01
   7.6000000000000000e+02  -7.6961107180248405e+01
   7.6100000000000000e+02  -7.7140409624090907e+01
   7.6200000000000000e+02  -7.7681316826764800e+01
   7.6300000000000000e+02  -7.7992533381128098e+01
   7.6400000000000000e+02  -7.7949450154970904e+01
   7.6500000000000000e+02  -7.8385834837858496e+01
   7.6600000000000000e+02  -7.8381539254142496e+01
   7.6700000000000000e+02  -7.7910513284202693e+01
   7.6800000000000000e+02  -7.7481841787641201e+01
   7.6900000000000000e+02  -7.7542510443066604e+01
   7.7000000000000000e+02  -7.7187674878906705e+01
   7.7100000000000000e+02  -7.6883595379420896e+01
   7.7200000000000000e+02  -7.6877226347991396e+01
   7.7300000000000000e+02  -7.7218284192640795e+01
   7.7400000000000000e+02  -7.7641981507080104e+01
   7.7500000000000000e+02  -7.7629782756744405e+01
   7.7600000000000000e+02  -7.7574131656938604e+01
   7.7700000000000000e+02  -7.6984960017555295e+01
   7.7800000000000000e+02  -7.7359412359863796e+01
   7.7900000000000000e+02  -7.7732148461151496e+01
   7.8000000000000000e+02  -7.7265348921088403e+01
   7.8100000000000000e+02  -7.6866980395361693e+01
   7.8200000000000000e+02  -7.7022699104021896e+01
   7.8300000000000000e+02  -7.7520076033020004e+01
   7.8400000000000000e+02  -7.7209545322920107e+01
   7.8500000000000000e+02  -7.7369066749758900e+01
   7.8600000000000000e+02  -7.7133017761937296e+01
   7.8700000000000000e+02  -7.6957784750966695e+01
   7.8800000000000000e+02  -7.6708987288718902e+01
   7.8900000000000000e+02  -7.6228792593303695e+01
   7.9000000000000000e+02  -7.6334913831617797e+01
   7.9100000000000000e+02  -7.6507692001883996e+01
   7.9200000000000000e+02  -7.6451067582083397e+01
   7.9300000000000000e+02  -7.6143210756578796e+01
   7.9400000000000000e+02  -7.5920486956290205e+01
   7.9500000000000000e+02  -7.6066266343532405e+01
   7.9600000000000000e+02  -7.5695104689726094e+01
   7.9700000000000000e+02  -7.5623865779130199e+01
   7.9800000000000000e+02  -7.6226400569764493e+01
   7.9900000000000000e+02  -7.6483228490108104e+01
   8.0000000000000000e+02  -7.6531709255636301e+01
   8.0100000000000000e+02  -7.6318628616476303e+01
   8.0200000000000000e+02  -7.6046667793726300e+01
   8.0300000000000000e+02  -7.6017744951732297e+01
   8.0400000000000000e+02  -7.5578988950094498e+01
   8.0500000000000000e+02  -7.5443552304193901e+01
   8.0600000000000000e+02  -7.5783864580782804e+01
   8.0700000000000000e+02  -7.6117757435414404e+01
   8.0800000000000000e+02  -7.6114591144914996e+01
   8.0900000000000000e+02  -7.6109399073119405e+01
   8.1000000000000000e+02  -7.6204294780164005e+01
   8.1100000000000000e+02  -7.6675132640284303e+01
   8.1200000000000000e+02  -7.6987663300080698e+01
   8.1300000000000000e+02  -7.6945072954777004e+01
   8.1400000000000000e+02  -7.6302901843518200e+01
   8.1500000000000000e+02  -7.6359969639025394e+01
   8.1600000000000000e+02  -7.6168440930540598e+01
   8.1700000000000000e+02  -7.6914149144388702e+01
   8.1800000000000000e+02  -7.6943688335174997e+01
   8.1900000000000000e+02  -7.7142865392923596e+01
   8.2000000000000000e+02  -7.7225329427866598e+01
   8.2100000000000000e+02  -7.6957488497148105e+01
   8.2200000000000000e+02  -7.6654099980460700e+01
   8.2300000000000000e+02  -7.6139400224716894e+01
   8.2400000000000000e+02  -7.5483811114361302e+01
   8.2500000000000000e+02  -7.5496054689498806e+01
   8.2600000000000000e+02  -7.5677125320594499e+01
   8.2700000000000000e+02  -7.5396755341212994e+01
   8.2800000000000000e+02  -7.5320578288006303e+01
   8.2900000000000000e+02  -7.4973725248106803e+01
   8.3000000000000000e+02  -7.4880866291532300e+01
   8.3100000000000000e+02  -7.4449611148037803e+01
   8.3200000000000000e+02  -7.4274034647400001e+01
   8.3300000000000000e+02  -7.4276987354222399e+01
   8.3400000000000000e+02  -7.4430267816702496e+01
   8.3500000000000000e+02  -7.4600071896226794e+01
   8.3600000000000000e+02  -7.4607196814598197e+01
   8.3700000000000000e+02  -7.4951651758329803e+01
   8.3800000000000000e+02  -7.4969085958851906e+01
   8.3900000000000000e+02  -7.4505994999200496e+01
   8.4000000000000000e+02  -7.4401303655972001e+01
   8.4100000000000000e+02  -7.4356692766324898e+01
   8.4200000000000000e+02  -7.4535104417793903e+01
   8.4300000000000000e+02  -7.4930070386636203e+01
   8.4400000000000000e+02  -7.5684764227017894e+01
   8.4500000000000000e+02  -7.5504201377314104e+01
   8.4600000000000000e+02  -7.5828133216198495e+01
   8.4700000000000000e+02  -7.5960050631041000e+01
   8.4800000000000000e+02  -7.5893415382544703e+01
   8.4900000000000000e+02  -7.5529393980633003e+01
   8.5000000000000000e+02  -7.5197438366488498e+01
   8.5100000000000000e+02  -7.5088316039066100e+01
   8.5200000000000000e+02  -7.4984333332320602e+01
   8.5300000000000000e+02  -7.4928175280906103e+01
   8.5400000000000000e+02  -7.5343779910243896e+01
   8.5500000000000000e+02  -7.5565391384919806e+01
   8.5600000000000000e+02  -7.5397240172201407e+01
   8.5700000000000000e+02  -7.5640980851638901e+01
   8.5800000000000000e+02  -7.5358567117922206e+01
   8.5900000000000000e+02  -7.5020929927492602e+01
   8.6000000000000000e+02  -7.4972772185216201e+01
   8.6100000000000000e+02  -7.4844650409716294e+01
   8.6200000000000000e+02  -7.5092225918560700e+01
   8.6300000000000000e+02  -7.5244632490479205e+01
   8.6400000000000000e+02  -7.5226573352346904e+01
   8.6500000000000000e+02  -7.5640897240487902e+01
   8.6600000000000000e+02  -7.5724273293307107e+01
   8.6700000000000000e+02  -7.5856484947979496e+01
   8.6800000000000000e+02  -7.5925366063694497e+01
   8.6900000000000000e+02  -7.6453157528172298e+01
   8.7000000000000000e+02  -7.6191761328994701e+01
   8.7100000000000000e+02  -7.5848403419340599e+01
   8.7200000000000000e+02  -7.5731387627440697e+01
   8.7300000000000000e+02  -7.6165526439604704e+01
   8.7400000000000000e+02  -7.6402735444402694e+01
   8.7500000000000000e+02  -7.5976950341361800e+01
   8.7600000000000000e+02  -7.5488158575781497e+01
   8.7700000000000000e+02  -7.5111872180801001e+01
   8.7800000000000000e+02  -7.4975386277239593e+01
   8.7900000000000000e+02  -7.4980374074442096e+01
   8.8000000000000000e+02  -7.4760210001362395e+01
   8.8100000000000000e+02  -7.4458827420136899e+01
   8.8200000000000000e+02  -7.4668407036862405e+01
   8.8300000000000000e+02  -7.4649189661845796e+01
   8.8400000000000000e+02  -7.4882339740745493e+01
   8.8500000000000000e+02  -7.4505652186349295e+01
   8.8600000000000000e+02  -7.4551624768521407e+01
   8.8700000000000000e+02  -7.4278065284854506e+01
   8.8800000000000000e+02  -7.4648807651939904e+01
   8.8900000000000000e+02  -7.4206167886666194e+01
   8.9000000000000000e+02  -7.3963379244397998e+01
   8.9100000000000000e+02  -7.3872679725146597e+01
   8.9200000000000000e+02  -7.4032050621089994e+01
   8.9300000000000000e+02  -7.4388742317891101e+01
   8.9400000000000000e+02  -7.3741816336781795e+01
   8.9500000000000000e+02  -7.4304332578223494e+01
   8.9600000000000000e+02  -7.4289964679347904e+01
   8.9700000000000000e+02  -7.4217540475636298e+01
   8.9800000000000000e+02  -7.4254801462480302e+01
   8.9900000000000000e+02  -7.4470238806243898e+01
   9.0000000000000000e+02  -7.4320898951482405e+01
   9.0100000000000000e+02  -7.4176038273500893e+01
   9.0200000000000000e+02  -7.4058780185136797e+01
   9.0300000000000000e+02  -7.4567140954015301e+01
   9.0400000000000000e+02  -7.4546086514849605e+01
   9.0500000000000000e+02  -7.5013654730308801e+01
   9.0600000000000000e+02  -7.4521134573406997e+01
   9.0700000000000000e+02  -7.4382466876612696e+01
   9.0800000000000000e+02  -7.3924381909460095e+01
   9.0900000000000000e+02  -7.4343303321302500e+01
   9.1000000000000000e+02  -7.4427954358570503e+01
   9.1100000000000000e+02  -7.4853656370518394e+01
   9.1200000000000000e+02  -7.4680442466520006e+01
   9.1300000000000000e+02  -7.4676580192369798e+01
   9.1400000000000000e+02  -7.3987110250859700e+01
   9.1500000000000000e+02  -7.3859814340603506e+01
   9.1600000000000000e+02  -7.3919536752888703e+01
   9.1700000000000000e+02  -7.3759477223740404e+01
   9.1800000000000000e+02  -7.3664704411920198e+01
   9.1900000000000000e+02  -7.3331831945831794e+01
   9.2000000000000000e+02  -7.3093926191993901e+01
   9.2100000000000000e+02  -7.3432642755770402e+01
   9.2200000000000000e+02  -7.3440188597584296e+01
   9.2300000000000000e+02  -7.3260876695364004e+01
   9.2400000000000000e+02  -7.3668396960857905e+01
   9.2500000000000000e+02  -7.3166358955370299e+01
   9.2600000000000000e+02  -7.2618407094579595e+01
   9.2700000000000000e+02  -7.2700135275937200e+01
   9.2800000000000000e+02  -7.3032255924713695e+01
   9.2900000000000000e+02  -7.3386684124303102e+01
   9.3000000000000000e+02  -7.3695321940629100e+01
   9.3100000000000000e+02  -7.4024065954714303e+01
   9.3200000000000000e+02  -7.4603806467055804e+01
   9.3300000000000000e+02  -7.4372359717534593e+01
   9.3400000000000000e+02  -7.3900921232555405e+01
   9.3500000000000000e+02  -7.3796579583839403e+01
   9.3600000000000000e+02  -7.3977278247757496e+01
   9.3700000000000000e+02  -7.3851714391318396e+01
   9.3800000000000000e+02  -7.3954605180809196e+01
   9.3900000000000000e+02  -7.3950763354900502e+01
   9.4000000000000000e+02  -7.4573358071486695e+01
   9.4100000000000000e+02  -7.4748230762790698e+01
   9.4200000000000000e+02  -7.4901475385235301e+01
   9.4300000000000000e+02  -7.5075794949947095e+01
   9.4400000000000000e+02  -7.4846759907119704e+01
   9.4500000000000000e+02  -7.4792029602223096e+01
   9.4600000000000000e+02  -7.4615791987095605e+01
   9.4700000000000000e+02  -7.5020588441307396e+01
   9.4800000000000000e+02  -7.4913545138815707e+01
   9.4900000000000000e+02  -7.4250880162185595e+01
   9.5000000000000000e+02  -7.4664145119897000e+01
   9.5100000000000000e+02  -7.4813861236325096e+01
   9.5200000000000000e+02  -7.5422514591462104e+01
   9.5300000000000000e+02  -7.5695791221960206e+01
   9.5400000000000000e+02  -7.5749514006056600e+01
   9.5500000000000000e+02  -7.5338108797455604e+01
   9.5600000000000000e+02  -7.5019816686263297e+01
   9.5700000000000000e+02  -7.5120640026528093e+01
   9.5800000000000000e+02  -7.5251104954045005e+01
   9.5900000000000000e+02  -7.5230610333580699e+01
   9.6000000000000000e+02  -7.4884000852502993e+01
   9.6100000000000000e+02  -7.4954253533635494e+01
   9.6200000000000000e+02  -7.5545047907923106e+01
   9.6300000000000000e+02  -7.5207556065372202e+01
   9.6400000000000000e+02  -7.4893294628662503e+01
   9.6500000000000000e+02  -7.4655231503911693e+01
   9.6600000000000000e+02  -7.5045050681707096e+01
   9.6700000000000000e+02  -7.4904224906122295e+01
   9.6800000000000000e+02  -7.5332447459212901e+01
   9.6900000000000000e+02  -7.5423438504859504e+01
   9.7000000000000000e+02  -7.5340873224273594e+01
   9.7100000000000000e+02  -7.5739197695947595e+01
   9.7200000000000000e+02  -7.5802831914812302e+01
   9.7300000000000000e+02  -7.5755768359529597e+01
   9.7400000000000000e+02  -7.6071751486695206e+01
   9.7500000000000000e+02  -7.6213655556539294e+01
   9.7600000000000000e+02  -7.6265501409069500e+01
   9.7700000000000000e+02  -7.6750853271305701e+01
   9.7800000000000000e+02  -7.6691223959127896e+01
   9.7900000000000000e+02  -7.6254023765271100e+01
   9.8000000000000000e+02  -7.6078023109007901e+01
   9.8100000000000000e+02  -7.5492969626248893e+01
   9.8200000000000000e+02  -7.5922730866901901e+01
   9.8300000000000000e+02  -7.5646816807134798e+01
   9.8400000000000000e+02  -7.5815316999569404e+01
   9.8500000000000000e+02  -7.5432010892218301e+01
   9.8600000000000000e+02  -7.5027879494296997e+01
   9.8700000000000000e+02  -7.5059464951904602e+01
   9.8800000000000000e+02  -7.5252671962040793e+01
   9.8900000000000000e+02  -7.5329188746188507e+01
   9.9000000000000000e+02  -7.4867913992163807e+01
   9.9100000000000000e+02  -7.4821117146441694e+01
   9.9200000000000000e+02  -7.5375787263609993e+01
   9.9300000000000000e+02  -7.5187216755463695e+01
   9.9400000000000000e+02  -7.5174538032556100e+01
   9.9500000000000000e+02  -7.4902343234922995e+01
   9.9600000000000000e+02  -7.4944175025272003e+01
   9.9700000000000000e+02  -7.5354813532735307e+01
   9.9800000000000000e+02  -7.5570185973855999e+01
   9.9900000000000000e+02  -7.5445515199185195e+01
   1.0000000000000000e+03  -7.4894545271265599e+01
   1.0010000000000000e+03  -7.4400032493102003e+01
   1.0020000000000000e+03  -7.4580886625619399e+01
   1.0030000000000000e+03  -7.4315397991422302e+01
   1.0040000000000000e+03  -7.4391778514255193e+01
   1.0050000000000000e+03  -7.4859888205440996e+01
   1.0060000000000000e+03  -7.4732752002091800e+01
   1.0070000000000000e+03  -7.5064082724793906e+01
   1.0080000000000000e+03  -7.4846504511790897e+01
   1.0090000000000000e+03  -7.4532153280061607e+01
   1.0100000000000000e+03  -7.4548536680139193e+01
   1.0110000000000000e+03  -7.4973100417922097e+01
   1.0120000000000000e+03  -7.4689680965692204e+01
   1.0130000000000000e+03  -7.4525186910586100e+01
   1.0140000000000000e+03  -7.4495555590522798e+01
   1.0150000000000000e+03  -7.4410418438215302e+01
   1.0160000000000000e+03  -7.4146175130386297e+01
   1.0170000000000000e+03  -7.3981030455405403e+01
   1.0180000000000000e+03  -7.3645116663361406e+01
   1.0190000000000000e+03  -7.3552548121989602e+01
   1.0200000000000000e+03  -7.3287864084898004e+01
   1.0210000000000000e+03  -7.3464279963459305e+01
   1.0220000000000000e+03  -7.3164369365612501e+01
   1.0230000000000000e+03  -7.2343817362966604e+01
   1.0240000000000000e+03  -7.2443784012973296e+01
   1.0250000000000000e+03  -7.2256913536434894e+01
   1.0260000000000000e+03  -7.2177440620308104e+01
   1.0270000000000000e+03  -7.2069648187837402e+01
   1.0280000000000000e+03  -7.1930263629396407e+01
   1.0290000000000000e+03  -7.1847151996603799e+01
   1.0300000000000000e+03  -7.1867031453634397e+01
   1.0310000000000000e+03  -7.1579838156305598e+01
   1.0320000000000000e+03  -7.1528696545936896e+01
   1.0330000000000000e+03  -7.1598189184222093e+01
   1.0340000000000000e+03  -7.1194042176752703e+01
   1.0350000000000000e+03  -7.1941180288190495e+01
   1.0360000000000000e+03  -7.1541654131578397e+01
   1.0370000000000000e+03  -7.1072961273420702e+01
   1.0380000000000000e+03  -7.1503005384844201e+01
   1.0390000000000000e+03  -7.1864885293519606e+01
   1.0400000000000000e+03  -7.1622954495207097e+01
   1.0410000000000000e+03  -7.1327658452383702e+01
   1.0420000000000000e+03  -7.1655320834409096e+01
   1.0430000000000000e+03  -7.1681855310034905e+01
   1.0440000000000000e+03  -7.2003356363503400e+01
   1.0450000000000000e+03  -7.2402122254177897e+01
   1.0460000000000000e+03  -7.2799804842948205e+01
   1.0470000000000000e+03  -7.3347593206892100e+01
   1.0480000000000000e+03  -7.3068765851405800e+01
   1.0490000000000000e+03  -7.2756200898658307e+01
   1.0500000000000000e+03  -7.2331107857569606e+01
   1.0510000000000000e+03  -7.2374374848226395e+01
   1.0520000000000000e+03  -7.2656660052294797e+01
   1.0530000000000000e+03  -7.2493776400635994e+01
   1.0540000000000000e+03  -7.2125218566218805e+01
   1.0550000000000000e+03  -7.2368797110988496e+01
   1.0560000000000000e+03  -7.2540387860520099e+01
   1.0570000000000000e+03  -7.2552586934389197e+01
   1.0580000000000000e+03  -7.2755117900492394e+01
   1.0590000000000000e+03  -7.2008084223510707e+01
   1.0600000000000000e+03  -7.1890184081702003e+01
   1.0610000000000000e+03  -7.1965328104063104e+01
   1.0620000000000000e+03  -7.2197779174147996e+01
   1.0630000000000000e+03  -7.2133888984990506e+01
   1.0640000000000000e+03  -7.2176262962089197e+01
   1.0650000000000000e+03  -7.1757810137251894e+01
   1.0660000000000000e+03  -7.1539898821636200e+01
   1.0670000000000000e+03  -7.1260520161482006e+01
   1.0680000000000000e+03  -7.1259196503688102e+01
   1.0690000000000000e+03  -7.1340782994367999e+01
   1.0700000000000000e+03  -7.1277003387473400e+01
   1.0710000000000000e+03  -7.1413030264763904e+01
   1.0720000000000000e+03  -7.1609124907073195e+01
   1.0730000000000000e+03  -7.1896211538418100e+01
   1.0740000000000000e+03  -7.1984294578887997e+01
   1.0750000000000000e+03  -7.2424765300434601e+01
   1.0760000000000000e+03  -7.2908425263360300e+01
   1.0770000000000000e+03  -7.3079447325985896e+01
   1.0780000000000000e+03  -7.2930797980088002e+01
   1.0790000000000000e+03  -7.2559092482459704e+01
   1.0800000000000000e+03  -7.2462581212483201e+01
   1.0810000000000000e+03  -7.2654053512956907e+01
   1.0820000000000000e+03  -7.3117832991288694e+01
   1.0830000000000000e+03  -7.3086977480664899e+01
   1.0840000000000000e+03  -7.3188943644901201e+01
   1.0850000000000000e+03  -7.3000137766212902e+01
   1.0860000000000000e+03  -7.3227465912686498e+01
   1.0870000000000000e+03  -7.2747359924686606e+01
   1.0880000000000000e+03  -7.2219033136231204e+01
   1.0890000000000000e+03  -7.2045531591355299e+01
   1.0900000000000000e+03  -7.1955065134836403e+01
   1.0910000000000000e+03  -7.2321027978693195e+01
   1.0920000000000000e+03  -7.2738862156006107e+01
   1.0930000000000000e+03  -7.2670073696720195e+01
   1.0940000000000000e+03  -7.2747464610255193e+01
   1.0950000000000000e+03  -7.2906333595978495e+01
   1.0960000000000000e+03  -7.2884499441157303e+01
   1.0970000000000000e+03  -7.2956636279422199e+01
   1.0980000000000000e+03  -7.3289711031127396e+01
   1.0990000000000000e+03  -7.3300148415115302e+01
   1.1000000000000000e+03  -7.3269188881952601e+01
   1.1010000000000000e+03  -7.2939885294969301e+01
   1.1020000000000000e+03  -7.2981076612901404e+01
   1.1030000000000000e+03  -7.3264660282508601e+01
   1.1040000000000000e+03  -7.3123844759581104e+01
   1.1050000000000000e+03  -7.2889024800056504e+01
   1.1060000000000000e+03  -7.3414362149088007e+01
   1.1070000000000000e+03  -7.3167272399497506e+01
   1.1080000000000000e+03  -7.3318738411385695e+01
   1.1090000000000000e+03  -7.3024720731880805e+01
   1.1100000000000000e+03  -7.2790096656839097e+01
   1.1110000000000000e+03  -7.3182852199983003e+01
   1.1120000000000000e+03  -7.2962758063631398e+01
   1.1130000000000000e+03  -7.2485487985834894e+01
   1.1140000000000000e+03  -7.2548272693708896e+01
   1.1150000000000000e+03  -7.2823514605291095e+01
   1.1160000000000000e+03  -7.2982391260363698e+01
