  -1.0000000000000000e+02  -7.5302156436821704e+01
  -9.9000000000000000e+01  -7.5774339136011406e+01
  -9.8000000000000000e+01  -7.5465873347138000e+01
  -9.7000000000000000e+01  -7.5778630719464900e+01
  -9.6000000000000000e+01  -7.5677418714748200e+01
  -9.5000000000000000e+01  -7.5666123558682401e+01
  -9.4000000000000000e+01  -7.5907106961757094e+01
  -9.3000000000000000e+01  -7.6279476072184494e+01
  -9.2000000000000000e+01  -7.6405521709256405e+01
  -9.1000000000000000e+01  -7.6267872941825800e+01
  -9.0000000000000000e+01  -7.6174697728924500e+01
  -8.9000000000000000e+01  -7.5919329323044394e+01
  -8.8000000000000000e+01  -7.5725441362014607e+01
  -8.7000000000000000e+01  -7.5239495657982502e+01
  -8.6000000000000000e+01  -7.5313201615736503e+01
  -8.5000000000000000e+01  -7.4732721416347204e+01
  -8.4000000000000000e+01  -7.4290152554919899e+01
  -8.3000000000000000e+01  -7.4309972561723001e+01
  -8.2000000000000000e+01  -7.4581740500265198e+01
  -8.1000000000000000e+01  -7.4716807906331596e+01
  -8.0000000000000000e+01  -7.4793733183370307e+01
  -7.9000000000000000e+01  -7.4497168875320895e+01
  -7.8000000000000000e+01  -7.4887179932404806e+01
  -7.7000000000000000e+01  -7.4921214604542797e+01
  -7.6000000000000000e+01  -7.4836012260634106e+01
  -7.5000000000000000e+01  -7.4699705448102307e+01
  -7.4000000000000000e+01  -7.4556134328280606e+01
  -7.3000000000000000e+01  -7.4262500490888002e+01
  -7.2000000000000000e+01  -7.4276516474554597e+01
  -7.1000000000000000e+01  -7.4129193793105003e+01
  -7.0000000000000000e+01  -7.3349290264872195e+01
  -6.9000000000000000e+01  -7.3041762294101602e+01
  -6.8000000000000000e+01  -7.3103408983746306e+01
  -6.7000000000000000e+01  -7.2994447301986398e+01
  -6.6000000000000000e+01  -7.3274443939287494e+01
  -6.5000000000000000e+01  -7.3043030023314302e+01
  -6.4000000000000000e+01  -7.3310083132451695e+01
  -6.3000000000000000e+01  -7.3410014609600196e+01
  -6.2000000000000000e+01  -7.3426668547585194e+01
  -6.1000000000000000e+01  -7.3174497888105606e+01
  -6.0000000000000000e+01  -7.3110937549192201e+01
  -5.9000000000000000e+01  -7.3094079463552703e+01
  -5.8000000000000000e+01  -7.3002550945069302e+01
  -5.7000000000000000e+01  -7.2929880945777896e+01
  -5.6000000000000000e+01  -7.2681393894014704e+01
  -5.5000000000000000e+01  -7.2392157413449596e+01
  -5.4000000000000000e+01  -7.2649809109608498e+01
  -5.3000000000000000e+01  -7.3115111821447101e+01
  -5.2000000000000000e+01  -7.3084595733891504e+01
  -5.1000000000000000e+01  -7.3134315974307299e+01
  -5.0000000000000000e+01  -7.2866155933788207e+01
  -4.9000000000000000e+01  -7.2761900709756304e+01
  -4.8000000000000000e+01  -7.2346077147874595e+01
  -4.7000000000000000e+01  -7.1681569016616095e+01
  -4.6000000000000000e+01  -7.1663762251893701e+01
  -4.5000000000000000e+01  -7.1164148689817594e+01
  -4.4000000000000000e+01  -7.0857732913638102e+01
  -4.3000000000000000e+01  -7.0887753126727404e+01
  -4.2000000000000000e+01  -7.0844154686099699e+01
  -4.1000000000000000e+01  -7.0922175307655706e+01
  -4.0000000000000000e+01  -7.0984951704453906e+01
  -3.9000000000000000e+01  -7.0777578999912905e+01
  -3.8000000000000000e+01  -7.1019395861037594e+01
  -3.7000000000000000e+01  -7.0430723069948499e+01
  -3.6000000000000000e+01  -7.0035657002726396e+01
  -3.5000000000000000e+01  -6.9922128320587703e+01
  -3.4000000000000000e+01  -7.0165198855435705e+01
  -3.3000000000000000e+01  -6.9387489850370898e+01
  -3.2000000000000000e+01  -6.9354750212472595e+01
  -3.1000000000000000e+01  -6.9676231107992294e+01
  -3.0000000000000000e+01  -6.9828392228516094e+01
  -2.9000000000000000e+01  -6.9517576341998407e+01
  -2.8000000000000000e+01  -6.9248160994210295e+01
  -2.7000000000000000e+01  -6.8943934754997400e+01
  -2.6000000000000000e+01  -6.8814118133611899e+01
  -2.5000000000000000e+01  -6.8609619922980301e+01
  -2.4000000000000000e+01  -6.8516194646858196e+01
  -2.3000000000000000e+01  -6.8018052642084399e+01
  -2.2000000000000000e+01  -6.7837840074896903e+01
  -2.1000000000000000e+01  -6.7562592213406802e+01
  -2.0000000000000000e+01  -6.6944878263465895e+01
  -1.9000000000000000e+01  -6.7159635697228296e+01
  -1.8000000000000000e+01  -6.6593654228369402e+01
  -1.7000000000000000e+01  -6.6192818361489401e+01
  -1.6000000000000000e+01  -6.5667075741456202e+01
  -1.5000000000000000e+01  -6.5356378911239204e+01
  -1.4000000000000000e+01  -6.4823477665094103e+01
  -1.3000000000000000e+01  -6.4929877786983496e+01
  -1.2000000000000000e+01  -6.4228922046803802e+01
  -1.1000000000000000e+01  -6.3537918406618203e+01
  -1.0000000000000000e+01  -6.3793399862378799e+01
  -9.0000000000000000e+00  -6.3530999925742599e+01
  -8.0000000000000000e+00  -6.2570330000442702e+01
  -7.0000000000000000e+00  -6.1897377709600001e+01
  -6.0000000000000000e+00  -6.0728652677230698e+01
  -5.0000000000000000e+00  -5.9780885872439697e+01
  -4.0000000000000000e+00  -5.8463479756629397e+01
  -3.0000000000000000e+00  -5.6106340565179003e+01
  -2.0000000000000000e+00  -5.1608656768526401e+01
  -1.0000000000000000e+00  -3.7865220474225701e+01
   0.0000000000000000e+00  -1.1703413934303500e+01
   1.0000000000000000e+00   5.6216563702203297e+00
   2.0000000000000000e+00   1.5964292111402001e+01
   3.0000000000000000e+00   2.0975188729224200e+01
   4.0000000000000000e+00   2.3835981497349600e+01
   5.0000000000000000e+00   2.5102906614360801e+01
   6.0000000000000000e+00   2.5656458508905601e+01
   7.0000000000000000e+00   2.6183365044195899e+01
   8.0000000000000000e+00   2.6573835355006000e+01
   9.0000000000000000e+00   2.6988493944577801e+01
   1.0000000000000000e+01   2.6787060195770401e+01
   1.1000000000000000e+01   2.7147940200086001e+01
   1.2000000000000000e+01   2.7340044730340399e+01
   1.3000000000000000e+01   2.7688972933262100e+01
   1.4000000000000000e+01   2.7721949401833200e+01
   1.5000000000000000e+01   2.8339676097658401e+01
   1.6000000000000000e+01   2.8563398722622399e+01
   1.7000000000000000e+01   2.8870492079076101e+01
   1.8000000000000000e+01   2.9555180678535500e+01
   1.9000000000000000e+01   2.9472041791666001e+01
   2.0000000000000000e+01   2.9986499339484102e+01
   2.1000000000000000e+01   3.0629009740103601e+01
   2.2000000000000000e+01   3.0527312597837501e+01
   2.3000000000000000e+01   3.0254119944147700e+01
   2.4000000000000000e+01   3.0004208882937998e+01
   2.5000000000000000e+01   3.0269751789825101e+01
   2.6000000000000000e+01   3.0344487389028998e+01
   2.7000000000000000e+01   3.0523098843932601e+01
   2.8000000000000000e+01   3.1145916495267301e+01
   2.9000000000000000e+01   3.1569091819377000e+01
   3.0000000000000000e+01   3.1407872665732000e+01
   3.1000000000000000e+01   3.1600152514244801e+01
   3.2000000000000000e+01   3.1184375669519898e+01
   3.3000000000000000e+01   3.1012659954608200e+01
   3.4000000000000000e+01   3.1096508666844901e+01
   3.5000000000000000e+01   3.1233317129773599e+01
   3.6000000000000000e+01   3.1359920896287800e+01
   3.7000000000000000e+01   3.1890494190307400e+01
   3.8000000000000000e+01   3.1829337724374302e+01
   3.9000000000000000e+01   3.2203051442701600e+01
   4.0000000000000000e+01   3.1807798164959600e+01
   4.1000000000000000e+01   3.1725429382039898e+01
   4.2000000000000000e+01   3.1654137559879299e+01
   4.3000000000000000e+01   3.1844827799422799e+01
   4.4000000000000000e+01   3.1973086194857501e+01
   4.5000000000000000e+01   3.2191564107552800e+01
   4.6000000000000000e+01   3.2052691871286299e+01
   4.7000000000000000e+01   3.2258772105990197e+01
   4.8000000000000000e+01   3.2255595550261098e+01
   4.9000000000000000e+01   3.2729061528112297e+01
   5.0000000000000000e+01   3.3106359085483902e+01
   5.1000000000000000e+01   3.3398552148969202e+01
   5.2000000000000000e+01   3.3910623764633399e+01
   5.3000000000000000e+01   3.4217742398314400e+01
   5.4000000000000000e+01   3.4343921014764597e+01
   5.5000000000000000e+01   3.4337190803749898e+01
   5.6000000000000000e+01   3.4460027283882503e+01
   5.7000000000000000e+01   3.4592313811258101e+01
   5.8000000000000000e+01   3.4502235944223003e+01
   5.9000000000000000e+01   3.4691853827976701e+01
   6.0000000000000000e+01   3.5411131325227103e+01
   6.1000000000000000e+01   3.5455184371948299e+01
   6.2000000000000000e+01   3.5429833346683999e+01
   6.3000000000000000e+01   3.5862368057324304e+01
   6.4000000000000000e+01   3.6222974461337998e+01
   6.5000000000000000e+01   3.6295325573494402e+01
   6.6000000000000000e+01   3.6827369522465297e+01
   6.7000000000000000e+01   3.6589351829573801e+01
   6.8000000000000000e+01   3.6262864508529198e+01
   6.9000000000000000e+01   3.6977077376410499e+01
   7.0000000000000000e+01   3.6325385035756597e+01
   7.1000000000000000e+01   3.6222482864857398e+01
   7.2000000000000000e+01   3.6482675830353998e+01
   7.3000000000000000e+01   3.6677004314554303e+01
   7.4000000000000000e+01   3.6473149014508998e+01
   7.5000000000000000e+01   3.6150358769272202e+01
   7.6000000000000000e+01   3.5984851811966699e+01
   7.7000000000000000e+01   3.5914225057534800e+01
   7.8000000000000000e+01   3.5267682595964700e+01
   7.9000000000000000e+01   3.4622170986686797e+01
   8.0000000000000000e+01   3.4794149761127400e+01
   8.1000000000000000e+01   3.4850694740818497e+01
   8.2000000000000000e+01   3.4556566058585403e+01
   8.3000000000000000e+01   3.4077945221861100e+01
   8.4000000000000000e+01   3.3975011287808798e+01
   8.5000000000000000e+01   3.4334509335910802e+01
   8.6000000000000000e+01   3.4237935190623297e+01
   8.7000000000000000e+01   3.4093309521536703e+01
   8.8000000000000000e+01   3.3772430941414903e+01
   8.9000000000000000e+01   3.3857980479141297e+01
   9.0000000000000000e+01   3.3731377131220199e+01
   9.1000000000000000e+01   3.3522105465231000e+01
   9.2000000000000000e+01   3.3278011003315200e+01
   9.3000000000000000e+01   3.3689007262989101e+01
   9.4000000000000000e+01   3.4292852724201303e+01
   9.5000000000000000e+01   3.4021128113448398e+01
   9.6000000000000000e+01   3.3733954181395198e+01
   9.7000000000000000e+01   3.4126605843268599e+01
   9.8000000000000000e+01   3.3781678459428299e+01
   9.9000000000000000e+01   3.3977917389588100e+01
   1.0000000000000000e+02   3.3544382550074403e+01
   1.0100000000000000e+02   3.4071412705838000e+01
   1.0200000000000000e+02   3.3538534409153897e+01
   1.0300000000000000e+02   3.3437277793954600e+01
   1.0400000000000000e+02   3.3333830581728101e+01
   1.0500000000000000e+02   3.2894668882942497e+01
   1.0600000000000000e+02   3.3209849685112701e+01
   1.0700000000000000e+02   3.3485843926985901e+01
   1.0800000000000000e+02   3.3131266812287400e+01
   1.0900000000000000e+02   3.3364007784806297e+01
   1.1000000000000000e+02   3.2677718187707299e+01
   1.1100000000000000e+02   3.2616931173155898e+01
   1.1200000000000000e+02   3.2372305267522400e+01
   1.1300000000000000e+02   3.2369111557897000e+01
   1.1400000000000000e+02   3.2654807612824001e+01
   1.1500000000000000e+02   3.2350647259158698e+01
   1.1600000000000000e+02   3.2434572953314401e+01
   1.1700000000000000e+02   3.2456622046695600e+01
   1.1800000000000000e+02   3.2256415868038701e+01
   1.1900000000000000e+02   3.2173122891158400e+01
   1.2000000000000000e+02   3.2019021684471397e+01
   1.2100000000000000e+02   3.1941371968275401e+01
   1.2200000000000000e+02   3.1535066401234300e+01
   1.2300000000000000e+02   3.1529720364113199e+01
   1.2400000000000000e+02   3.1614380835173900e+01
   1.2500000000000000e+02   3.1750999804393501e+01
   1.2600000000000000e+02   3.1470550309120998e+01
   1.2700000000000000e+02   3.1741255073973900e+01
   1.2800000000000000e+02   3.2072188105430797e+01
   1.2900000000000000e+02   3.2054595168875601e+01
   1.3000000000000000e+02   3.2556198845137303e+01
   1.3100000000000000e+02   3.2530625679276802e+01
   1.3200000000000000e+02   3.2181539442254298e+01
   1.3300000000000000e+02   3.2050488243100197e+01
   1.3400000000000000e+02   3.2118417451148098e+01
   1.3500000000000000e+02   3.2198769097725297e+01
   1.3600000000000000e+02   3.2163480736434501e+01
   1.3700000000000000e+02   3.1538579822669600e+01
   1.3800000000000000e+02   3.1903130320557299e+01
   1.3900000000000000e+02   3.1625825010297500e+01
   1.4000000000000000e+02   3.1279378836424200e+01
   1.4100000000000000e+02   3.1670066918186901e+01
   1.4200000000000000e+02   3.1740983593325399e+01
   1.4300000000000000e+02   3.2160665331055903e+01
   1.4400000000000000e+02   3.1801406693433599e+01
   1.4500000000000000e+02   3.1371758258820901e+01
   1.4600000000000000e+02   3.1291287398705400e+01
   1.4700000000000000e+02   3.1105357513823801e+01
   1.4800000000000000e+02   3.0890060050171101e+01
   1.4900000000000000e+02   3.0981453045243299e+01
   1.5000000000000000e+02   3.0847869488192899e+01
   1.5100000000000000e+02   3.0789047834155500e+01
   1.5200000000000000e+02   3.0328767728544101e+01
   1.5300000000000000e+02   3.0434106140396800e+01
   1.5400000000000000e+02   3.0295383105407002e+01
   1.5500000000000000e+02   3.0163981281681700e+01
   1.5600000000000000e+02   2.9907053163246999e+01
   1.5700000000000000e+02   2.9748514406341300e+01
   1.5800000000000000e+02   2.9724219757609799e+01
   1.5900000000000000e+02   2.9232346319907499e+01
   1.6000000000000000e+02   2.9046198585285300e+01
   1.6100000000000000e+02   2.9584996138847799e+01
   1.6200000000000000e+02   2.9937545871595500e+01
   1.6300000000000000e+02   3.0046541170894599e+01
   1.6400000000000000e+02   2.9742915431985999e+01
   1.6500000000000000e+02   2.9707280762194799e+01
   1.6600000000000000e+02   3.0023628368568399e+01
   1.6700000000000000e+02   2.9791202212254099e+01
   1.6800000000000000e+02   3.0278391267133500e+01
   1.6900000000000000e+02   2.9971872052447399e+01
   1.7000000000000000e+02   3.0103295355694002e+01
   1.7100000000000000e+02   2.9740658931237199e+01
   1.7200000000000000e+02   2.9773740487842701e+01
   1.7300000000000000e+02   2.9489061487517599e+01
   1.7400000000000000e+02   2.9334098280606401e+01
   1.7500000000000000e+02   2.9109785733900299e+01
   1.7600000000000000e+02   2.9408177108793499e+01
   1.7700000000000000e+02   2.9497652002656402e+01
   1.7800000000000000e+02   2.9541743086855099e+01
   1.7900000000000000e+02   2.9626738095886800e+01
   1.8000000000000000e+02   2.9535584432174801e+01
   1.8100000000000000e+02   2.9445273228080900e+01
   1.8200000000000000e+02   2.8624198319490201e+01
   1.8300000000000000e+02   2.8988035235908502e+01
   1.8400000000000000e+02   2.9264827857287901e+01
   1.8500000000000000e+02   2.9438233086956199e+01
   1.8600000000000000e+02   2.8964985343498402e+01
   1.8700000000000000e+02   2.8830426837493800e+01
   1.8800000000000000e+02   2.8367327184494599e+01
   1.8900000000000000e+02   2.9071600138201301e+01
   1.9000000000000000e+02   2.8940127870366201e+01
   1.9100000000000000e+02   2.8931340737707401e+01
   1.9200000000000000e+02   2.8562979949534100e+01
   1.9300000000000000e+02   2.8363566519071000e+01
   1.9400000000000000e+02   2.8149953658708700e+01
   1.9500000000000000e+02   2.8171773365885500e+01
   1.9600000000000000e+02   2.7876156309500701e+01
   1.9700000000000000e+02   2.7645760869139600e+01
   1.9800000000000000e+02   2.7943795740702601e+01
   1.9900000000000000e+02   2.7870362148647999e+01
   2.0000000000000000e+02   2.7431442634803599e+01
   2.0100000000000000e+02   2.7090982072333500e+01
   2.0200000000000000e+02   2.7115366476939201e+01
   2.0300000000000000e+02   2.7358433287751598e+01
   2.0400000000000000e+02   2.7715041077251001e+01
   2.0500000000000000e+02   2.7681554903176401e+01
   2.0600000000000000e+02   2.7441421964502599e+01
   2.0700000000000000e+02   2.7303313825942201e+01
   2.0800000000000000e+02   2.7155314618903301e+01
   2.0900000000000000e+02   2.6797836525732500e+01
   2.1000000000000000e+02   2.6561498568775399e+01
   2.1100000000000000e+02   2.6638102417811400e+01
   2.1200000000000000e+02   2.6305876057346101e+01
   2.1300000000000000e+02   2.6535126841789900e+01
   2.1400000000000000e+02   2.6300753974492100e+01
   2.1500000000000000e+02   2.6277489569283400e+01
   2.1600000000000000e+02   2.5908525119276099e+01
   2.1700000000000000e+02   2.5321470520980100e+01
   2.1800000000000000e+02   2.5635392953303601e+01
   2.1900000000000000e+02   2.5207098755555101e+01
   2.2000000000000000e+02   2.4762361335071802e+01
   2.2100000000000000e+02   2.5239914117094798e+01
   2.2200000000000000e+02   2.5437996167902600e+01
   2.2300000000000000e+02   2.5580126390085301e+01
   2.2400000000000000e+02   2.6019679908928900e+01
   2.2500000000000000e+02   2.6118596677494899e+01
   2.2600000000000000e+02   2.5929740701772499e+01
   2.2700000000000000e+02   2.5731518802432898e+01
   2.2800000000000000e+02   2.5854109562011701e+01
   2.2900000000000000e+02   2.5704221327009598e+01
   2.3000000000000000e+02   2.6009641666933600e+01
   2.3100000000000000e+02   2.5521476255779699e+01
   2.3200000000000000e+02   2.5288536759998799e+01
   2.3300000000000000e+02   2.4763917938323299e+01
   2.3400000000000000e+02   2.5016315791610001e+01
   2.3500000000000000e+02   2.5074650674928499e+01
   2.3600000000000000e+02   2.5095960723993901e+01
   2.3700000000000000e+02   2.4863835839605802e+01
   2.3800000000000000e+02   2.4503152827635098e+01
   2.3900000000000000e+02   2.4561556275875802e+01
   2.4000000000000000e+02   2.4247966160565301e+01
   2.4100000000000000e+02   2.4489352813690800e+01
   2.4200000000000000e+02   2.4062963896804799e+01
   2.4300000000000000e+02   2.3789928249437899e+01
   2.4400000000000000e+02   2.3617666502901699e+01
   2.4500000000000000e+02   2.3326320677381499e+01
   2.4600000000000000e+02   2.3322989093646701e+01
   2.4700000000000000e+02   2.3263628478530300e+01
   2.4800000000000000e+02   2.3299006675323700e+01
   2.4900000000000000e+02   2.2864050858276102e+01
   2.5000000000000000e+02   2.1909649353047300e+01
   2.5100000000000000e+02   2.1649568782587298e+01
   2.5200000000000000e+02   2.1708053551962600e+01
   2.5300000000000000e+02   2.1999231030299299e+01
   2.5400000000000000e+02   2.2169002395515001e+01
   2.5500000000000000e+02   2.1584985307033001e+01
   2.5600000000000000e+02   2.1336838186153500e+01
   2.5700000000000000e+02   2.0486645111826601e+01
   2.5800000000000000e+02   2.0054215592847701e+01
   2.5900000000000000e+02   1.9867289861311800e+01
   2.6000000000000000e+02   2.0042213995712800e+01
   2.6100000000000000e+02   1.9923710997849099e+01
   2.6200000000000000e+02   1.9541501832329001e+01
   2.6300000000000000e+02   2.0032163461018200e+01
   2.6400000000000000e+02   1.9301123317059101e+01
   2.6500000000000000e+02   1.9077252526041899e+01
   2.6600000000000000e+02   1.9155953169237300e+01
   2.6700000000000000e+02   1.8940643900391901e+01
   2.6800000000000000e+02   1.8547765422078601e+01
   2.6900000000000000e+02   1.8415006700723300e+01
   2.7000000000000000e+02   1.8458759393417001e+01
   2.7100000000000000e+02   1.7948591521760200e+01
   2.7200000000000000e+02   1.7893512125226099e+01
   2.7300000000000000e+02   1.7730013366316701e+01
   2.7400000000000000e+02   1.7967970053873401e+01
   2.7500000000000000e+02   1.7925140150734400e+01
   2.7600000000000000e+02   1.7936182018315399e+01
   2.7700000000000000e+02   1.7905593904372399e+01
   2.7800000000000000e+02   1.7752291015893299e+01
   2.7900000000000000e+02   1.7504903368890599e+01
   2.8000000000000000e+02   1.7070528856047300e+01
   2.8100000000000000e+02   1.7360412387423700e+01
   2.8200000000000000e+02   1.7082353424636299e+01
   2.8300000000000000e+02   1.7525373047908701e+01
   2.8400000000000000e+02   1.6947066391561801e+01
   2.8500000000000000e+02   1.7048084716745102e+01
   2.8600000000000000e+02   1.6291349516480899e+01
   2.8700000000000000e+02   1.5984916832091400e+01
   2.8800000000000000e+02   1.6263967366922898e+01
   2.8900000000000000e+02   1.6250501739752700e+01
   2.9000000000000000e+02   1.5990491772113900e+01
   2.9100000000000000e+02   1.5153696367491399e+01
   2.9200000000000000e+02   1.4387265373760100e+01
   2.9300000000000000e+02   1.3961960925679000e+01
   2.9400000000000000e+02   1.4671645915461101e+01
   2.9500000000000000e+02   1.4519817036833601e+01
   2.9600000000000000e+02   1.4051341609433900e+01
   2.9700000000000000e+02   1.4248728043181600e+01
   2.9800000000000000e+02   1.4615958111694701e+01
   2.9900000000000000e+02   1.4382842748306400e+01
   3.0000000000000000e+02   1.4461061399408999e+01
   3.0100000000000000e+02   1.4031537029811400e+01
   3.0200000000000000e+02   1.3866800444405101e+01
   3.0300000000000000e+02   1.3493723895287600e+01
   3.0400000000000000e+02   1.3020618274411399e+01
   3.0500000000000000e+02   1.2999631727360001e+01
   3.0600000000000000e+02   1.2779058666920800e+01
   3.0700000000000000e+02   1.2701845755057700e+01
   3.0800000000000000e+02   1.2654519748981100e+01
   3.0900000000000000e+02   1.2279351267062900e+01
   3.1000000000000000e+02   1.2046458098382800e+01
   3.1100000000000000e+02   1.2420790429416700e+01
   3.1200000000000000e+02   1.2135996806374299e+01
   3.1300000000000000e+02   1.1813022194327599e+01
   3.1400000000000000e+02   1.1437041557185401e+01
   3.1500000000000000e+02   1.1258466254003700e+01
   3.1600000000000000e+02   1.0659205793780400e+01
   3.1700000000000000e+02   1.1075218337727300e+01
   3.1800000000000000e+02   1.0824051746410300e+01
   3.1900000000000000e+02   1.0926081812861000e+01
   3.2000000000000000e+02   1.0431517424959900e+01
   3.2100000000000000e+02   1.0248627691169100e+01
   3.2200000000000000e+02   1.0733935981732699e+01
   3.2300000000000000e+02   1.0742293437581900e+01
   3.2400000000000000e+02   1.0622793347409200e+01
   3.2500000000000000e+02   1.0580914826171400e+01
   3.2600000000000000e+02   1.0090258602864900e+01
   3.2700000000000000e+02   9.8896242517620792e+00
   3.2800000000000000e+02   9.7981441465459795e+00
   3.2900000000000000e+02   9.7486357841955904e+00
   3.3000000000000000e+02   9.7852835266363591e+00
   3.3100000000000000e+02   9.4767730665782306e+00
   3.3200000000000000e+02   9.4200268957635593e+00
   3.3300000000000000e+02   9.0912958403850599e+00
   3.3400000000000000e+02   9.0686875816492805e+00
   3.3500000000000000e+02   8.9573709498392997e+00
   3.3600000000000000e+02   8.7725204966945398e+00
   3.3700000000000000e+02   8.6337595233475906e+00
   3.3800000000000000e+02   8.2730574736050304e+00
   3.3900000000000000e+02   8.5493054733604996e+00
   3.4000000000000000e+02   8.4379945652571209e+00
   3.4100000000000000e+02   8.1587892661277408e+00
   3.4200000000000000e+02   8.1301752487203203e+00
   3.4300000000000000e+02   7.7952237364146404e+00
   3.4400000000000000e+02   7.3780076919941102e+00
   3.4500000000000000e+02   7.4018808791146897e+00
   3.4600000000000000e+02   6.7746195796287001e+00
   3.4700000000000000e+02   6.7837395504396198e+00
   3.4800000000000000e+02   6.7298393358879904e+00
   3.4900000000000000e+02   6.8624390909286301e+00
   3.5000000000000000e+02   6.6105339857335901e+00
   3.5100000000000000e+02   6.3250327999476603e+00
   3.5200000000000000e+02   5.9151750076706398e+00
   3.5300000000000000e+02   5.7777232323194996e+00
   3.5400000000000000e+02   5.7021363102073996e+00
   3.5500000000000000e+02   5.6243577464542298e+00
   3.5600000000000000e+02   5.3015476270032300e+00
   3.5700000000000000e+02   5.1563583452127197e+00
   3.5800000000000000e+02   5.0819368711818198e+00
   3.5900000000000000e+02   5.7062055998724404e+00
   3.6000000000000000e+02   5.4078884015853896e+00
   3.6100000000000000e+02   5.2787290454854103e+00
   3.6200000000000000e+02   5.2142776453632296e+00
   3.6300000000000000e+02   4.7045653753740098e+00
   3.6400000000000000e+02   4.5635722134912102e+00
   3.6500000000000000e+02   4.7202702058404604e+00
   3.6600000000000000e+02   4.9179995214605503e+00
   3.6700000000000000e+02   4.5564655759361603e+00
   3.6800000000000000e+02   4.0390955540210500e+00
   3.6900000000000000e+02   3.6885427721665400e+00
   3.7000000000000000e+02   3.3397229475271000e+00
   3.7100000000000000e+02   3.6175473352443999e+00
   3.7200000000000000e+02   3.3789715572078900e+00
   3.7300000000000000e+02   3.0270879286588901e+00
   3.7400000000000000e+02   2.4875461781484098e+00
   3.7500000000000000e+02   2.0066188211264300e+00
   3.7600000000000000e+02   1.9423346532547201e+00
   3.7700000000000000e+02   1.6649799031750401e+00
   3.7800000000000000e+02   1.5247315108747601e+00
   3.7900000000000000e+02   1.1899685560163600e+00
   3.8000000000000000e+02   1.2960736615013000e+00
   3.8100000000000000e+02   9.1969493920798095e-01
   3.8200000000000000e+02   6.8019475213348501e-01
   3.8300000000000000e+02   7.2412139886100002e-01
   3.8400000000000000e+02   4.5506276021980202e-01
   3.8500000000000000e+02  -2.2438841559773999e-02
   3.8600000000000000e+02  -6.4420651362479098e-01
   3.8700000000000000e+02  -5.3088346944751197e-01
   3.8800000000000000e+02  -8.7305511297458105e-01
   3.8900000000000000e+02  -1.0361355677117701e+00
   3.9000000000000000e+02  -1.5203078344325400e+00
   3.9100000000000000e+02  -2.5153976999331600e+00
   3.9200000000000000e+02  -2.8318725574737700e+00
   3.9300000000000000e+02  -3.4783704522658399e+00
   3.9400000000000000e+02  -4.0048824090683004e+00
   3.9500000000000000e+02  -4.2347294439842802e+00
   3.9600000000000000e+02  -4.4304497753843801e+00
   3.9700000000000000e+02  -4.8823524208063001e+00
   3.9800000000000000e+02  -5.2293035165361799e+00
   3.9900000000000000e+02  -5.5900768392396900e+00
   4.0000000000000000e+02  -6.0594106909157199e+00
   4.0100000000000000e+02  -6.5613647101244696e+00
   4.0200000000000000e+02  -6.6898360567126396e+00
   4.0300000000000000e+02  -6.8219226422903096e+00
   4.0400000000000000e+02  -6.9232620909283797e+00
   4.0500000000000000e+02  -7.2687560795440298e+00
   4.0600000000000000e+02  -7.6965899933353397e+00
   4.0700000000000000e+02  -8.0251991549836905e+00
   4.0800000000000000e+02  -7.9286634901502202e+00
   4.0900000000000000e+02  -8.3528479443533605e+00
   4.1000000000000000e+02  -8.5772838062716197e+00
   4.1100000000000000e+02  -8.1919154993450203e+00
   4.1200000000000000e+02  -7.9894053199596300e+00
   4.1300000000000000e+02  -8.7090941127879304e+00
   4.1400000000000000e+02  -9.5425403351546692e+00
   4.1500000000000000e+02  -1.0059058872309700e+01
   4.1600000000000000e+02  -1.0845042144602600e+01
   4.1700000000000000e+02  -1.1246653267380900e+01
   4.1800000000000000e+02  -1.1312527510030700e+01
   4.1900000000000000e+02  -1.1130144731347800e+01
   4.2000000000000000e+02  -1.1254502564381999e+01
   4.2100000000000000e+02  -1.1109673395167700e+01
   4.2200000000000000e+02  -1.1047665942439799e+01
   4.2300000000000000e+02  -1.1118690211491399e+01
   4.2400000000000000e+02  -1.1248596189115700e+01
   4.2500000000000000e+02  -1.1543925501773700e+01
   4.2600000000000000e+02  -1.1738311369818099e+01
   4.2700000000000000e+02  -1.1978559711866801e+01
   4.2800000000000000e+02  -1.2618253443966200e+01
   4.2900000000000000e+02  -1.3151871793270301e+01
   4.3000000000000000e+02  -1.3769415246681300e+01
   4.3100000000000000e+02  -1.4558061733328501e+01
   4.3200000000000000e+02  -1.4806149881488500e+01
   4.3300000000000000e+02  -1.5094256883354699e+01
   4.3400000000000000e+02  -1.5587922772234000e+01
   4.3500000000000000e+02  -1.5259793306021599e+01
   4.3600000000000000e+02  -1.5257885744391400e+01
   4.3700000000000000e+02  -1.5579898209263600e+01
   4.3800000000000000e+02  -1.5650948326686100e+01
   4.3900000000000000e+02  -1.6176805060358699e+01
   4.4000000000000000e+02  -1.6185142988340800e+01
   4.4100000000000000e+02  -1.6423373770603099e+01
   4.4200000000000000e+02  -1.6696910197977001e+01
   4.4300000000000000e+02  -1.6527395858383699e+01
   4.4400000000000000e+02  -1.6961405979271099e+01
   4.4500000000000000e+02  -1.7478875147340400e+01
   4.4600000000000000e+02  -1.7825708285256699e+01
   4.4700000000000000e+02  -1.8244116910953998e+01
   4.4800000000000000e+02  -1.8359035945186900e+01
   4.4900000000000000e+02  -1.8399608453104399e+01
   4.5000000000000000e+02  -1.8873618940464500e+01
   4.5100000000000000e+02  -1.9436589563679100e+01
   4.5200000000000000e+02  -2.0081248500311698e+01
   4.5300000000000000e+02  -2.0925134264502400e+01
   4.5400000000000000e+02  -2.0830176898735100e+01
   4.5500000000000000e+02  -2.1497184591553101e+01
   4.5600000000000000e+02  -2.1612861419131100e+01
   4.5700000000000000e+02  -2.1959977574488800e+01
   4.5800000000000000e+02  -2.2447547991813199e+01
   4.5900000000000000e+02  -2.2844496628010500e+01
   4.6000000000000000e+02  -2.3173811489142501e+01
   4.6100000000000000e+02  -2.3615556667833602e+01
   4.6200000000000000e+02  -2.4088496768612401e+01
   4.6300000000000000e+02  -2.4060888830595701e+01
   4.6400000000000000e+02  -2.5056987218144499e+01
   4.6500000000000000e+02  -2.5397217180793099e+01
   4.6600000000000000e+02  -2.5894835484312502e+01
   4.6700000000000000e+02  -2.5868354653364101e+01
   4.6800000000000000e+02  -2.6322736326492901e+01
   4.6900000000000000e+02  -2.6732329534604698e+01
   4.7000000000000000e+02  -2.7438401418108601e+01
   4.7100000000000000e+02  -2.7281309151892401e+01
   4.7200000000000000e+02  -2.7524822017382100e+01
   4.7300000000000000e+02  -2.8492514248865000e+01
   4.7400000000000000e+02  -2.8897452514468998e+01
   4.7500000000000000e+02  -2.9849564716073601e+01
   4.7600000000000000e+02  -3.0559530234122700e+01
   4.7700000000000000e+02  -3.1320708443216802e+01
   4.7800000000000000e+02  -3.1276047380863499e+01
   4.7900000000000000e+02  -3.1589365771940201e+01
   4.8000000000000000e+02  -3.1850448191317700e+01
   4.8100000000000000e+02  -3.2336884280500001e+01
   4.8200000000000000e+02  -3.3354636200904103e+01
   4.8300000000000000e+02  -3.4039121172392399e+01
   4.8400000000000000e+02  -3.4543586074083102e+01
   4.8500000000000000e+02  -3.4433166687391697e+01
   4.8600000000000000e+02  -3.5518184116800299e+01
   4.8700000000000000e+02  -3.6178002422703699e+01
   4.8800000000000000e+02  -3.6479166255603502e+01
   4.8900000000000000e+02  -3.6921927078555903e+01
   4.9000000000000000e+02  -3.7680768562939001e+01
   4.9100000000000000e+02  -3.7593245104724303e+01
   4.9200000000000000e+02  -3.7216242291194803e+01
   4.9300000000000000e+02  -3.7579482509052198e+01
   4.9400000000000000e+02  -3.8470932330643301e+01
   4.9500000000000000e+02  -3.8249256777923300e+01
   4.9600000000000000e+02  -3.9045561781961801e+01
   4.9700000000000000e+02  -3.9266365857652602e+01
   4.9800000000000000e+02  -3.9653799354892001e+01
   4.9900000000000000e+02  -4.0124458862606602e+01
   5.0000000000000000e+02  -4.0463572308798199e+01
   5.0100000000000000e+02  -4.0087062615581701e+01
   5.0200000000000000e+02  -4.0248112348481300e+01
   5.0300000000000000e+02  -4.0316602798932799e+01
   5.0400000000000000e+02  -4.1438921762074301e+01
   5.0500000000000000e+02  -4.1370155061244901e+01
   5.0600000000000000e+02  -4.2178739467904997e+01
   5.0700000000000000e+02  -4.2624640587312399e+01
   5.0800000000000000e+02  -4.3049298649778898e+01
   5.0900000000000000e+02  -4.3181801460899500e+01
   5.1000000000000000e+02  -4.3599014809089702e+01
   5.1100000000000000e+02  -4.3489007436548199e+01
   5.1200000000000000e+02  -4.3925854400278098e+01
   5.1300000000000000e+02  -4.4004511977460801e+01
   5.1400000000000000e+02  -4.4798075545845599e+01
   5.1500000000000000e+02  -4.5218606080904102e+01
   5.1600000000000000e+02  -4.5428147333929502e+01
   5.1700000000000000e+02  -4.5474961993973501e+01
   5.1800000000000000e+02  -4.6137094542470599e+01
   5.1900000000000000e+02  -4.6245865857385901e+01
   5.2000000000000000e+02  -4.6144500573127999e+01
   5.2100000000000000e+02  -4.6465196101257298e+01
   5.2200000000000000e+02  -4.6669243618967499e+01
   5.2300000000000000e+02  -4.6733242839888000e+01
   5.2400000000000000e+02  -4.7230731413508700e+01
   5.2500000000000000e+02  -4.7872310790702898e+01
   5.2600000000000000e+02  -4.8419306176266701e+01
   5.2700000000000000e+02  -4.8816367061968798e+01
   5.2800000000000000e+02  -4.9004554698519897e+01
   5.2900000000000000e+02  -4.9386224676052002e+01
   5.3000000000000000e+02  -4.9540603969242802e+01
   5.3100000000000000e+02  -5.0056564149811102e+01
   5.3200000000000000e+02  -5.0539667143364397e+01
   5.3300000000000000e+02  -5.0987225268778097e+01
   5.3400000000000000e+02  -5.1478266823277799e+01
   5.3500000000000000e+02  -5.2116497691280998e+01
   5.3600000000000000e+02  -5.1973699330878397e+01
   5.3700000000000000e+02  -5.2100872559317700e+01
   5.3800000000000000e+02  -5.2776433707805403e+01
   5.3900000000000000e+02  -5.3004957316206301e+01
   5.4000000000000000e+02  -5.2897878642601697e+01
   5.4100000000000000e+02  -5.3112192722738001e+01
   5.4200000000000000e+02  -5.3804093417896802e+01
   5.4300000000000000e+02  -5.4441310708069899e+01
   5.4400000000000000e+02  -5.5413537688538902e+01
   5.4500000000000000e+02  -5.5684365495665602e+01
   5.4600000000000000e+02  -5.6433020479248199e+01
   5.4700000000000000e+02  -5.7134004135071997e+01
   5.4800000000000000e+02  -5.6939688973576899e+01
   5.4900000000000000e+02  -5.7149736453373599e+01
   5.5000000000000000e+02  -5.7305319049247700e+01
   5.5100000000000000e+02  -5.8164942684009503e+01
   5.5200000000000000e+02  -5.7981401111107701e+01
   5.5300000000000000e+02  -5.8396696726018000e+01
   5.5400000000000000e+02  -5.8637701999528701e+01
   5.5500000000000000e+02  -5.9408868862461802e+01
   5.5600000000000000e+02  -5.9409474946690203e+01
   5.5700000000000000e+02  -5.9845660295950204e+01
   5.5800000000000000e+02  -6.0191405547587301e+01
   5.5900000000000000e+02  -6.0866246552404199e+01
   5.6000000000000000e+02  -6.1196297518293299e+01
   5.6100000000000000e+02  -6.1875285443144200e+01
   5.6200000000000000e+02  -6.2644285914899001e+01
   5.6300000000000000e+02  -6.3280218226376199e+01
   5.6400000000000000e+02  -6.4088422314817194e+01
   5.6500000000000000e+02  -6.4621459312363399e+01
   5.6600000000000000e+02  -6.5356940206265094e+01
   5.6700000000000000e+02  -6.5356432497989701e+01
   5.6800000000000000e+02  -6.6089548975202504e+01
   5.6900000000000000e+02  -6.6203472616851499e+01
   5.7000000000000000e+02  -6.6964459886004406e+01
   5.7100000000000000e+02  -6.7565695790297895e+01
   5.7200000000000000e+02  -6.8085229688445196e+01
   5.7300000000000000e+02  -6.7690514198505696e+01
   5.7400000000000000e+02  -6.8199154520477506e+01
   5.7500000000000000e+02  -6.8717775537712996e+01
   5.7600000000000000e+02  -6.8501508726692293e+01
   5.7700000000000000e+02  -6.8676716085594293e+01
   5.7800000000000000e+02  -6.8957055392401301e+01
   5.7900000000000000e+02  -6.9574314804315904e+01
   5.8000000000000000e+02  -7.0107575397939698e+01
   5.8100000000000000e+02  -7.0063084120697098e+01
   5.8200000000000000e+02  -6.9890103180037599e+01
   5.8300000000000000e+02  -6.9905795780403594e+01
   5.8400000000000000e+02  -6.9778920407238303e+01
   5.8500000000000000e+02  -6.9814672504105104e+01
   5.8600000000000000e+02  -6.9833137684272401e+01
   5.8700000000000000e+02  -6.9909929953667799e+01
   5.8800000000000000e+02  -7.0464256102658396e+01
   5.8900000000000000e+02  -7.0941664790820099e+01
   5.9000000000000000e+02  -7.1099434914108102e+01
   5.9100000000000000e+02  -7.1320654284382002e+01
   5.9200000000000000e+02  -7.1512647508410097e+01
   5.9300000000000000e+02  -7.1850926341808503e+01
   5.9400000000000000e+02  -7.2317963785624102e+01
   5.9500000000000000e+02  -7.2969918966270896e+01
   5.9600000000000000e+02  -7.2744316130018007e+01
   5.9700000000000000e+02  -7.3502560707715006e+01
   5.9800000000000000e+02  -7.3444924574963593e+01
   5.9900000000000000e+02  -7.2936744446145198e+01
   6.0000000000000000e+02  -7.2925457987638097e+01
   6.0100000000000000e+02  -7.3835033869832003e+01
   6.0200000000000000e+02  -7.4015814619303299e+01
   6.0300000000000000e+02  -7.3859408841394199e+01
   6.0400000000000000e+02  -7.4080939497477900e+01
   6.0500000000000000e+02  -7.3980994094874902e+01
   6.0600000000000000e+02  -7.4313652750512503e+01
   6.0700000000000000e+02  -7.4220534899662397e+01
   6.0800000000000000e+02  -7.4052285372464894e+01
   6.0900000000000000e+02  -7.3924627912403295e+01
   6.1000000000000000e+02  -7.3311511680962596e+01
   6.1100000000000000e+02  -7.3278482141583495e+01
   6.1200000000000000e+02  -7.3702319147047504e+01
   6.1300000000000000e+02  -7.3888345944722900e+01
   6.1400000000000000e+02  -7.3901050160173597e+01
   6.1500000000000000e+02  -7.4108702001934105e+01
   6.1600000000000000e+02  -7.4030404940814506e+01
   6.1700000000000000e+02  -7.4425707263121794e+01
   6.1800000000000000e+02  -7.4933432411676506e+01
   6.1900000000000000e+02  -7.5756611464437796e+01
   6.2000000000000000e+02  -7.6296048900743799e+01
   6.2100000000000000e+02  -7.6397954927720306e+01
   6.2200000000000000e+02  -7.6168327649271902e+01
   6.2300000000000000e+02  -7.6069443822291106e+01
   6.2400000000000000e+02  -7.6141761838221797e+01
   6.2500000000000000e+02  -7.6373247174149597e+01
   6.2600000000000000e+02  -7.6467516059595596e+01
   6.2700000000000000e+02  -7.6750747758110094e+01
   6.2800000000000000e+02  -7.6668314276810307e+01
   6.2900000000000000e+02  -7.6295351031766202e+01
   6.3000000000000000e+02  -7.6186263556751598e+01
   6.3100000000000000e+02  -7.6229760445126402e+01
   6.3200000000000000e+02  -7.5927704428981301e+01
   6.3300000000000000e+02  -7.5672938705327596e+01
   6.3400000000000000e+02  -7.5791013134807898e+01
   6.3500000000000000e+02  -7.5077288600998699e+01
   6.3600000000000000e+02  -7.5068520883462796e+01
   6.3700000000000000e+02  -7.5145151261567705e+01
   6.3800000000000000e+02  -7.5346732291059993e+01
   6.3900000000000000e+02  -7.5191309390857896e+01
   6.4000000000000000e+02  -7.5462474572992903e+01
   6.4100000000000000e+02  -7.5356713440015298e+01
   6.4200000000000000e+02  -7.5383634416563197e+01
   6.4300000000000000e+02  -7.5721041168369695e+01
   6.4400000000000000e+02  -7.5395717894780404e+01
   6.4500000000000000e+02  -7.5470433233123401e+01
   6.4600000000000000e+02  -7.5591461874717695e+01
   6.4700000000000000e+02  -7.5707077327664095e+01
   6.4800000000000000e+02  -7.6191913071056703e+01
   6.4900000000000000e+02  -7.6536275339354205e+01
   6.5000000000000000e+02  -7.6179456869745493e+01
   6.5100000000000000e+02  -7.6383647491365195e+01
   6.5200000000000000e+02  -7.6572796838686997e+01
   6.5300000000000000e+02  -7.6474475403796603e+01
   6.5400000000000000e+02  -7.6038652395352699e+01
   6.5500000000000000e+02  -7.6137977420062896e+01
   6.5600000000000000e+02  -7.5901798938142903e+01
   6.5700000000000000e+02  -7.6025204253637298e+01
   6.5800000000000000e+02  -7.6629333813627099e+01
   6.5900000000000000e+02  -7.6828241267875100e+01
   6.6000000000000000e+02  -7.6670985338251597e+01
   6.6100000000000000e+02  -7.6592435367997794e+01
   6.6200000000000000e+02  -7.6770273476642899e+01
   6.6300000000000000e+02  -7.6906540167710801e+01
   6.6400000000000000e+02  -7.6663292937111706e+01
   6.6500000000000000e+02  -7.6349410234987701e+01
   6.6600000000000000e+02  -7.6491198935306699e+01
   6.6700000000000000e+02  -7.6405743964666996e+01
   6.6800000000000000e+02  -7.6358896500728306e+01
   6.6900000000000000e+02  -7.6480256007796896e+01
   6.7000000000000000e+02  -7.6213889214436307e+01
   6.7100000000000000e+02  -7.5963825452736501e+01
   6.7200000000000000e+02  -7.5893572564826300e+01
   6.7300000000000000e+02  -7.6317667993384703e+01
   6.7400000000000000e+02  -7.6474608511033907e+01
   6.7500000000000000e+02  -7.6548187075731406e+01
   6.7600000000000000e+02  -7.6230925070161305e+01
   6.7700000000000000e+02  -7.6153525653659202e+01
   6.7800000000000000e+02  -7.6396960599653696e+01
   6.7900000000000000e+02  -7.6158847609985600e+01
   6.8000000000000000e+02  -7.6717446935325896e+01
   6.8100000000000000e+02  -7.7001185763577695e+01
   6.8200000000000000e+02  -7.6812291356597299e+01
   6.8300000000000000e+02  -7.6795563062569599e+01
   6.8400000000000000e+02  -7.6362459623314805e+01
   6.8500000000000000e+02  -7.6523532427294398e+01
   6.8600000000000000e+02  -7.6661781199147299e+01
   6.8700000000000000e+02  -7.6458535466347101e+01
   6.8800000000000000e+02  -7.7006719045815302e+01
   6.8900000000000000e+02  -7.6679463590281699e+01
   6.9000000000000000e+02  -7.6204140580127799e+01
   6.9100000000000000e+02  -7.6545258558606307e+01
   6.9200000000000000e+02  -7.6253949676747197e+01
   6.9300000000000000e+02  -7.6153156983691105e+01
   6.9400000000000000e+02  -7.5755581619985605e+01
   6.9500000000000000e+02  -7.5892431714581505e+01
   6.9600000000000000e+02  -7.6072994917426897e+01
   6.9700000000000000e+02  -7.6365290500130996e+01
   6.9800000000000000e+02  -7.6321559310083899e+01
   6.9900000000000000e+02  -7.6453872047118494e+01
   7.0000000000000000e+02  -7.6922139081586593e+01
   7.0100000000000000e+02  -7.6743660871037605e+01
   7.0200000000000000e+02  -7.6865028671762701e+01
   7.0300000000000000e+02  -7.7132744737624193e+01
   7.0400000000000000e+02  -7.6912140724885006e+01
   7.0500000000000000e+02  -7.7672435929580899e+01
   7.0600000000000000e+02  -7.7368732379296205e+01
   7.0700000000000000e+02  -7.7168774687997001e+01
   7.0800000000000000e+02  -7.6787720800351394e+01
   7.0900000000000000e+02  -7.6944715836200800e+01
   7.1000000000000000e+02  -7.7183353208816499e+01
   7.1100000000000000e+02  -7.6914578295171594e+01
   7.1200000000000000e+02  -7.7494441843603994e+01
   7.1300000000000000e+02  -7.7560308697507296e+01
   7.1400000000000000e+02  -7.7791144819413503e+01
   7.1500000000000000e+02  -7.7067371556171196e+01
   7.1600000000000000e+02  -7.7348571236821797e+01
   7.1700000000000000e+02  -7.7548523267983498e+01
   7.1800000000000000e+02  -7.7045396740879198e+01
   7.1900000000000000e+02  -7.6705934633271099e+01
   7.2000000000000000e+02  -7.6559295118489203e+01
   7.2100000000000000e+02  -7.6335466729762800e+01
   7.2200000000000000e+02  -7.6432323893778602e+01
   7.2300000000000000e+02  -7.6586921404744203e+01
   7.2400000000000000e+02  -7.6653719118565704e+01
   7.2500000000000000e+02  -7.6248584581937095e+01
   7.2600000000000000e+02  -7.6006934758851799e+01
   7.2700000000000000e+02  -7.6240777662466101e+01
   7.2800000000000000e+02  -7.6095787169639905e+01
   7.2900000000000000e+02  -7.5998983192767597e+01
   7.3000000000000000e+02  -7.6288005302198002e+01
   7.3100000000000000e+02  -7.6375699297034899e+01
   7.3200000000000000e+02  -7.6565889556828196e+01
   7.3300000000000000e+02  -7.6762844153389196e+01
   7.3400000000000000e+02  -7.7133670962845599e+01
   7.3500000000000000e+02  -7.6850500334275907e+01
   7.3600000000000000e+02  -7.7316134891977597e+01
   7.3700000000000000e+02  -7.6937649301284097e+01
   7.3800000000000000e+02  -7.6543058857856806e+01
   7.3900000000000000e+02  -7.6542230332240194e+01
   7.4000000000000000e+02  -7.6937212278740503e+01
   7.4100000000000000e+02  -7.7069831984050197e+01
   7.4200000000000000e+02  -7.7144432908213105e+01
   7.4300000000000000e+02  -7.6885741641860307e+01
   7.4400000000000000e+02  -7.6500920056707301e+01
   7.4500000000000000e+02  -7.6586730108861005e+01
   7.4600000000000000e+02  -7.6882243640944793e+01
   7.4700000000000000e+02  -7.6885328732346906e+01
   7.4800000000000000e+02  -7.7005458511037503e+01
   7.4900000000000000e+02  -7.6752518860754094e+01
   7.5000000000000000e+02  -7.7045284768470495e+01
   7.5100000000000000e+02  -7.6604440712075700e+01
   7.5200000000000000e+02  -7.6245567977521603e+01
   7.5300000000000000e+02  -7.6160218274371701e+01
   7.5400000000000000e+02  -7.6163300265846104e+01
   7.5500000000000000e+02  -7.6326300652487404e+01
   7.5600000000000000e+02  -7.6686505610079294e+01
   7.5700000000000000e+02  -7.6549591919770506e+01
   7.5800000000000000e+02  -7.6883178659238098e+01
   7.5900000000000000e+02  -7.6328319521676093e+01
   7.6000000000000000e+02  -7.6211530979980694e+01
   7.6100000000000000e+02  -7.6103918561803198e+01
   7.6200000000000000e+02  -7.6027100702040300e+01
   7.6300000000000000e+02  -7.5902357027619900e+01
   7.6400000000000000e+02  -7.6073673497218905e+01
   7.6500000000000000e+02  -7.5848773049351607e+01
   7.6600000000000000e+02  -7.6239312023362899e+01
   7.6700000000000000e+02  -7.6004264085800997e+01
   7.6800000000000000e+02  -7.5230393331983606e+01
   7.6900000000000000e+02  -7.5614874135470998e+01
   7.7000000000000000e+02  -7.5594342051486706e+01
   7.7100000000000000e+02  -7.5497242250893805e+01
   7.7200000000000000e+02  -7.5450901597156005e+01
   7.7300000000000000e+02  -7.5625375873881296e+01
   7.7400000000000000e+02  -7.5391268674565495e+01
   7.7500000000000000e+02  -7.5292844763347006e+01
   7.7600000000000000e+02  -7.5351783139676002e+01
   7.7700000000000000e+02  -7.5112713288169800e+01
   7.7800000000000000e+02  -7.5000573668700994e+01
   7.7900000000000000e+02  -7.4933088559400304e+01
   7.8000000000000000e+02  -7.5145866608849701e+01
   7.8100000000000000e+02  -7.4791976042024601e+01
   7.8200000000000000e+02  -7.4875994548616504e+01
   7.8300000000000000e+02  -7.4823691345931806e+01
   7.8400000000000000e+02  -7.4772489924505507e+01
   7.8500000000000000e+02  -7.5559852488259295e+01
   7.8600000000000000e+02  -7.5884150347218807e+01
   7.8700000000000000e+02  -7.5694557881666796e+01
   7.8800000000000000e+02  -7.5790112677806704e+01
   7.8900000000000000e+02  -7.5713851571486401e+01
   7.9000000000000000e+02  -7.5471594472266503e+01
   7.9100000000000000e+02  -7.5635774677569600e+01
   7.9200000000000000e+02  -7.6135373250827499e+01
   7.9300000000000000e+02  -7.6331917739449395e+01
   7.9400000000000000e+02  -7.6051574330765405e+01
   7.9500000000000000e+02  -7.5499884886782993e+01
   7.9600000000000000e+02  -7.5300298286792298e+01
   7.9700000000000000e+02  -7.4995012878327699e+01
   7.9800000000000000e+02  -7.5398790905670296e+01
   7.9900000000000000e+02  -7.5384193779291394e+01
   8.0000000000000000e+02  -7.5403872888721807e+01
   8.0100000000000000e+02  -7.5401205834913199e+01
   8.0200000000000000e+02  -7.5363742882636004e+01
   8.0300000000000000e+02  -7.5205259194797506e+01
   8.0400000000000000e+02  -7.5186041331870996e+01
   8.0500000000000000e+02  -7.5376629103103994e+01
   8.0600000000000000e+02  -7.4952763847411504e+01
   8.0700000000000000e+02  -7.4955576799495901e+01
   8.0800000000000000e+02  -7.5362306576876193e+01
   8.0900000000000000e+02  -7.5067899844968395e+01
   8.1000000000000000e+02  -7.4923669707010305e+01
   8.1100000000000000e+02  -7.4673020480752697e+01
   8.1200000000000000e+02  -7.4501410236228097e+01
   8.1300000000000000e+02  -7.4451993555212297e+01
   8.1400000000000000e+02  -7.4568820699391097e+01
   8.1500000000000000e+02  -7.4398579132291104e+01
   8.1600000000000000e+02  -7.4195100688962100e+01
   8.1700000000000000e+02  -7.4260949840483306e+01
   8.1800000000000000e+02  -7.4467396138380195e+01
   8.1900000000000000e+02  -7.4809022401453404e+01
   8.2000000000000000e+02  -7.4830123482608201e+01
   8.2100000000000000e+02  -7.4756862583426695e+01
   8.2200000000000000e+02  -7.4622832151794100e+01
   8.2300000000000000e+02  -7.4525573339228401e+01
   8.2400000000000000e+02  -7.4576566268957194e+01
   8.2500000000000000e+02  -7.4891625981389495e+01
   8.2600000000000000e+02  -7.4415319310982895e+01
   8.2700000000000000e+02  -7.4585332436004407e+01
   8.2800000000000000e+02  -7.4268155913052396e+01
   8.2900000000000000e+02  -7.4842090166023695e+01
   8.3000000000000000e+02  -7.4614191667596998e+01
   8.3100000000000000e+02  -7.5033504691753606e+01
   8.3200000000000000e+02  -7.4950287938249701e+01
   8.3300000000000000e+02  -7.5063917098814301e+01
   8.3400000000000000e+02  -7.5250331640066094e+01
   8.3500000000000000e+02  -7.5467791618507903e+01
   8.3600000000000000e+02  -7.6034857303357597e+01
   8.3700000000000000e+02  -7.6071691637126406e+01
   8.3800000000000000e+02  -7.5828320386198200e+01
   8.3900000000000000e+02  -7.5906581275139203e+01
   8.4000000000000000e+02  -7.5773223409383903e+01
   8.4100000000000000e+02  -7.5772170497532699e+01
   8.4200000000000000e+02  -7.5667444920753596e+01
   8.4300000000000000e+02  -7.5984552408134903e+01
   8.4400000000000000e+02  -7.5774670034603602e+01
   8.4500000000000000e+02  -7.5837110447840004e+01
   8.4600000000000000e+02  -7.5846400412417395e+01
   8.4700000000000000e+02  -7.5931223632332504e+01
   8.4800000000000000e+02  -7.5582969355154106e+01
   8.4900000000000000e+02  -7.5759285763646503e+01
   8.5000000000000000e+02  -7.5269226235863599e+01
   8.5100000000000000e+02  -7.5331568986036899e+01
   8.5200000000000000e+02  -7.5253735796089202e+01
   8.5300000000000000e+02  -7.5522040963835806e+01
   8.5400000000000000e+02  -7.5683501480369699e+01
   8.5500000000000000e+02  -7.5927482794885805e+01
   8.5600000000000000e+02  -7.5617569936014903e+01
   8.5700000000000000e+02  -7.5622009021389104e+01
   8.5800000000000000e+02  -7.5805607947519903e+01
   8.5900000000000000e+02  -7.6024119290155895e+01
   8.6000000000000000e+02  -7.5875338613395002e+01
   8.6100000000000000e+02  -7.5716776228739903e+01
   8.6200000000000000e+02  -7.6147742189293893e+01
   8.6300000000000000e+02  -7.6224487512546204e+01
   8.6400000000000000e+02  -7.6724436942509996e+01
   8.6500000000000000e+02  -7.6941392188128304e+01
   8.6600000000000000e+02  -7.7047813147240703e+01
   8.6700000000000000e+02  -7.6769346276261004e+01
   8.6800000000000000e+02  -7.6792690313924993e+01
   8.6900000000000000e+02  -7.6197273000245602e+01
   8.7000000000000000e+02  -7.6638673034057206e+01
   8.7100000000000000e+02  -7.6796352990541095e+01
   8.7200000000000000e+02  -7.6761608538651899e+01
   8.7300000000000000e+02  -7.6025037297900298e+01
   8.7400000000000000e+02  -7.5921105377246207e+01
   8.7500000000000000e+02  -7.6216975228289698e+01
   8.7600000000000000e+02  -7.6655435841779493e+01
   8.7700000000000000e+02  -7.6480927417179998e+01
   8.7800000000000000e+02  -7.6311919815951100e+01
   8.7900000000000000e+02  -7.6941465217051700e+01
   8.8000000000000000e+02  -7.6875120751748696e+01
   8.8100000000000000e+02  -7.6614421541940601e+01
   8.8200000000000000e+02  -7.6135669088421096e+01
   8.8300000000000000e+02  -7.6020380399748703e+01
   8.8400000000000000e+02  -7.6130556945005907e+01
   8.8500000000000000e+02  -7.6554306371840994e+01
   8.8600000000000000e+02  -7.6477475939386295e+01
   8.8700000000000000e+02  -7.6141429043285100e+01
   8.8800000000000000e+02  -7.6395089903076794e+01
   8.8900000000000000e+02  -7.6347604456431498e+01
   8.9000000000000000e+02  -7.5944273078537805e+01
   8.9100000000000000e+02  -7.5891134976469701e+01
   8.9200000000000000e+02  -7.6156983096338294e+01
   8.9300000000000000e+02  -7.6086221955978800e+01
   8.9400000000000000e+02  -7.5373720201181300e+01
   8.9500000000000000e+02  -7.5589264806694800e+01
   8.9600000000000000e+02  -7.5423399394172094e+01
   8.9700000000000000e+02  -7.5433817352725896e+01
   8.9800000000000000e+02  -7.5136584476362898e+01
   8.9900000000000000e+02  -7.5033294657134107e+01
   9.0000000000000000e+02  -7.4612012430004796e+01
   9.0100000000000000e+02  -7.4521767789047999e+01
   9.0200000000000000e+02  -7.4475223727634898e+01
   9.0300000000000000e+02  -7.4457083813675695e+01
   9.0400000000000000e+02  -7.4594313712157700e+01
   9.0500000000000000e+02  -7.4260215056874401e+01
   9.0600000000000000e+02  -7.3861849127475693e+01
   9.0700000000000000e+02  -7.3843933768632994e+01
   9.0800000000000000e+02  -7.4124034117124395e+01
   9.0900000000000000e+02  -7.4182042014266997e+01
   9.1000000000000000e+02  -7.4055443801722902e+01
   9.1100000000000000e+02  -7.4276797775030204e+01
   9.1200000000000000e+02  -7.3958276062864300e+01
   9.1300000000000000e+02  -7.4519838385127500e+01
   9.1400000000000000e+02  -7.4523667024965803e+01
   9.1500000000000000e+02  -7.4470437241003793e+01
   9.1600000000000000e+02  -7.4164391427771506e+01
   9.1700000000000000e+02  -7.4433933980785795e+01
   9.1800000000000000e+02  -7.4382591653768301e+01
   9.1900000000000000e+02  -7.4574955391469601e+01
   9.2000000000000000e+02  -7.4418414718978894e+01
   9.2100000000000000e+02  -7.4198665454865207e+01
   9.2200000000000000e+02  -7.4300318400358705e+01
   9.2300000000000000e+02  -7.4369902683599705e+01
   9.2400000000000000e+02  -7.4204761028108507e+01
   9.2500000000000000e+02  -7.4237069090402997e+01
   9.2600000000000000e+02  -7.4626972361802004e+01
   9.2700000000000000e+02  -7.4546526210817504e+01
   9.2800000000000000e+02  -7.4087500135345607e+01
   9.2900000000000000e+02  -7.3778792065784998e+01
   9.3000000000000000e+02  -7.4239118362413194e+01
   9.3100000000000000e+02  -7.3737755746609693e+01
   9.3200000000000000e+02  -7.3914401146241502e+01
   9.3300000000000000e+02  -7.3574868981753696e+01
   9.3400000000000000e+02  -7.3616762603137204e+01
   9.3500000000000000e+02  -7.3948511433697504e+01
   9.3600000000000000e+02  -7.3792985057358905e+01
   9.3700000000000000e+02  -7.4060691059534804e+01
   9.3800000000000000e+02  -7.4093482207414596e+01
   9.3900000000000000e+02  -7.4494657603080398e+01
   9.4000000000000000e+02  -7.4205042398897902e+01
   9.4100000000000000e+02  -7.3895454977783601e+01
   9.4200000000000000e+02  -7.3170203657014099e+01
   9.4300000000000000e+02  -7.2644514061487200e+01
   9.4400000000000000e+02  -7.2703358757356398e+01
   9.4500000000000000e+02  -7.2734676335813703e+01
   9.4600000000000000e+02  -7.3036554544664298e+01
   9.4700000000000000e+02  -7.2734021408246605e+01
   9.4800000000000000e+02  -7.2590622209966099e+01
   9.4900000000000000e+02  -7.2496955754789397e+01
   9.5000000000000000e+02  -7.2566298669797604e+01
   9.5100000000000000e+02  -7.2677335405395098e+01
   9.5200000000000000e+02  -7.2430461081966200e+01
   9.5300000000000000e+02  -7.2613848055402102e+01
   9.5400000000000000e+02  -7.2322456814966699e+01
   9.5500000000000000e+02  -7.2272042343342093e+01
   9.5600000000000000e+02  -7.2278366138890505e+01
   9.5700000000000000e+02  -7.1529187473373895e+01
