  -1.0000000000000000e+02  -7.5321653412673996e+01
  -9.9000000000000000e+01  -7.4674022356316200e+01
  -9.8000000000000000e+01  -7.4171990487846003e+01
  -9.7000000000000000e+01  -7.3768996954662995e+01
  -9.6000000000000000e+01  -7.3680232980530803e+01
  -9.5000000000000000e+01  -7.3607814415928601e+01
  -9.4000000000000000e+01  -7.3941031849759199e+01
  -9.3000000000000000e+01  -7.3692138239329793e+01
  -9.2000000000000000e+01  -7.3645021857780804e+01
  -9.1000000000000000e+01  -7.3715667187950800e+01
  -9.0000000000000000e+01  -7.3951933927957498e+01
  -8.9000000000000000e+01  -7.3941235911771798e+01
  -8.8000000000000000e+01  -7.3607688374892305e+01
  -8.7000000000000000e+01  -7.3579214867488702e+01
  -8.6000000000000000e+01  -7.3151607000208102e+01
  -8.5000000000000000e+01  -7.3362516881126894e+01
  -8.4000000000000000e+01  -7.2911673631669700e+01
  -8.3000000000000000e+01  -7.2860038235268505e+01
  -8.2000000000000000e+01  -7.3008091536667706e+01
  -8.1000000000000000e+01  -7.2468406727985098e+01
  -8.0000000000000000e+01  -7.2359570080396097e+01
  -7.9000000000000000e+01  -7.2331239200065198e+01
  -7.8000000000000000e+01  -7.2813361624484600e+01
  -7.7000000000000000e+01  -7.2898719726743906e+01
  -7.6000000000000000e+01  -7.2558717465712206e+01
  -7.5000000000000000e+01  -7.2356321847668696e+01
  -7.4000000000000000e+01  -7.3049909418091801e+01
  -7.3000000000000000e+01  -7.3176925549850793e+01
  -7.2000000000000000e+01  -7.2856158864184096e+01
  -7.1000000000000000e+01  -7.2441270194287597e+01
  -7.0000000000000000e+01  -7.2772379501421199e+01
  -6.9000000000000000e+01  -7.2533663216878494e+01
  -6.8000000000000000e+01  -7.2811694827934900e+01
  -6.7000000000000000e+01  -7.2546942687586096e+01
  -6.6000000000000000e+01  -7.2841793290526297e+01
  -6.5000000000000000e+01  -7.2444415777407400e+01
  -6.4000000000000000e+01  -7.2229009158654804e+01
  -6.3000000000000000e+01  -7.2079818017058898e+01
  -6.2000000000000000e+01  -7.2070547814202399e+01
  -6.1000000000000000e+01  -7.2382641492805007e+01
  -6.0000000000000000e+01  -7.2345197653325997e+01
  -5.9000000000000000e+01  -7.2402997090341302e+01
  -5.8000000000000000e+01  -7.2244111602707505e+01
  -5.7000000000000000e+01  -7.2509155456654597e+01
  -5.6000000000000000e+01  -7.2085049069348997e+01
  -5.5000000000000000e+01  -7.1803102635715504e+01
  -5.4000000000000000e+01  -7.1635145308009598e+01
  -5.3000000000000000e+01  -7.1737652086648197e+01
  -5.2000000000000000e+01  -7.1343714061292303e+01
  -5.1000000000000000e+01  -7.1605223731244806e+01
  -5.0000000000000000e+01  -7.1775616513533606e+01
  -4.9000000000000000e+01  -7.1676113204352205e+01
  -4.8000000000000000e+01  -7.1087535716959096e+01
  -4.7000000000000000e+01  -7.0827631612029805e+01
  -4.6000000000000000e+01  -7.0736163603771701e+01
  -4.5000000000000000e+01  -7.1109216323383507e+01
  -4.4000000000000000e+01  -7.0920502730758599e+01
  -4.3000000000000000e+01  -7.0723630643524800e+01
  -4.2000000000000000e+01  -7.0639490883225804e+01
  -4.1000000000000000e+01  -7.0563068622535098e+01
  -4.0000000000000000e+01  -7.0525280744996294e+01
  -3.9000000000000000e+01  -7.0227696538207795e+01
  -3.8000000000000000e+01  -7.0139552648897904e+01
  -3.7000000000000000e+01  -7.0006717234260194e+01
  -3.6000000000000000e+01  -6.9773475633702702e+01
  -3.5000000000000000e+01  -6.9671960893625695e+01
  -3.4000000000000000e+01  -6.9046524692187603e+01
  -3.3000000000000000e+01  -6.8947019930579799e+01
  -3.2000000000000000e+01  -6.8382028985141901e+01
  -3.1000000000000000e+01  -6.8257949301086299e+01
  -3.0000000000000000e+01  -6.8342893489484993e+01
  -2.9000000000000000e+01  -6.8364601636665100e+01
  -2.8000000000000000e+01  -6.8077713081524195e+01
  -2.7000000000000000e+01  -6.7907333041375097e+01
  -2.6000000000000000e+01  -6.7621951104751204e+01
  -2.5000000000000000e+01  -6.7789934136235004e+01
  -2.4000000000000000e+01  -6.7890725516818193e+01
  -2.3000000000000000e+01  -6.8022030830670502e+01
  -2.2000000000000000e+01  -6.7834892558466606e+01
  -2.1000000000000000e+01  -6.7597662945834998e+01
  -2.0000000000000000e+01  -6.7746139716856206e+01
  -1.9000000000000000e+01  -6.7658065260212993e+01
  -1.8000000000000000e+01  -6.7063790355254298e+01
  -1.7000000000000000e+01  -6.6620780185431101e+01
  -1.6000000000000000e+01  -6.6535652064859207e+01
  -1.5000000000000000e+01  -6.6405719881316600e+01
  -1.4000000000000000e+01  -6.6094329657927503e+01
  -1.3000000000000000e+01  -6.5500800447307299e+01
  -1.2000000000000000e+01  -6.5551181032203601e+01
  -1.1000000000000000e+01  -6.5070668358064097e+01
  -1.0000000000000000e+01  -6.4244182761920101e+01
  -9.0000000000000000e+00  -6.3837027977160098e+01
  -8.0000000000000000e+00  -6.3260602523855397e+01
  -7.0000000000000000e+00  -6.2596856492297100e+01
  -6.0000000000000000e+00  -6.1424762906124698e+01
  -5.0000000000000000e+00  -6.0438119580071501e+01
  -4.0000000000000000e+00  -5.8668186158184703e+01
  -3.0000000000000000e+00  -5.6165154035424798e+01
  -2.0000000000000000e+00  -5.1011889987379597e+01
  -1.0000000000000000e+00  -3.1658031889758600e+01
   0.0000000000000000e+00  -4.3873805325528101e+00
   1.0000000000000000e+00   1.1558387407549100e+01
   2.0000000000000000e+00   1.9760483391087600e+01
   3.0000000000000000e+00   2.4246372798681101e+01
   4.0000000000000000e+00   2.6114996260285501e+01
   5.0000000000000000e+00   2.6852874805489300e+01
   6.0000000000000000e+00   2.7377959321827500e+01
   7.0000000000000000e+00   2.7447870315587998e+01
   8.0000000000000000e+00   2.8012003546949899e+01
   9.0000000000000000e+00   2.8268538667004300e+01
   1.0000000000000000e+01   2.8835802896695700e+01
   1.1000000000000000e+01   2.9566554852870901e+01
   1.2000000000000000e+01   2.9624884504488499e+01
   1.3000000000000000e+01   2.9380349101970900e+01
   1.4000000000000000e+01   2.9716580005953801e+01
   1.5000000000000000e+01   3.0040478548273100e+01
   1.6000000000000000e+01   3.0318684857827499e+01
   1.7000000000000000e+01   3.0554543431352400e+01
   1.8000000000000000e+01   3.0726631040806598e+01
   1.9000000000000000e+01   3.0685703168995200e+01
   2.0000000000000000e+01   3.0845858570832700e+01
   2.1000000000000000e+01   3.0892971548924400e+01
   2.2000000000000000e+01   3.1262350432152601e+01
   2.3000000000000000e+01   3.1588334129805201e+01
   2.4000000000000000e+01   3.1386643756090699e+01
   2.5000000000000000e+01   3.1188054983589499e+01
   2.6000000000000000e+01   3.1348551281834499e+01
   2.7000000000000000e+01   3.1565952440770399e+01
   2.8000000000000000e+01   3.2111685916367001e+01
   2.9000000000000000e+01   3.2018885364938697e+01
   3.0000000000000000e+01   3.2086196538462701e+01
   3.1000000000000000e+01   3.2276421814913299e+01
   3.2000000000000000e+01   3.1939687899492000e+01
   3.3000000000000000e+01   3.2060095769338901e+01
   3.4000000000000000e+01   3.2034775161009897e+01
   3.5000000000000000e+01   3.2178809662666801e+01
   3.6000000000000000e+01   3.2527754391966901e+01
   3.7000000000000000e+01   3.2591784183278101e+01
   3.8000000000000000e+01   3.2779406388490997e+01
   3.9000000000000000e+01   3.2675307673226001e+01
   4.0000000000000000e+01   3.2486805480823499e+01
   4.1000000000000000e+01   3.2639658432660198e+01
   4.2000000000000000e+01   3.2358220993609201e+01
   4.3000000000000000e+01   3.2227868077872699e+01
   4.4000000000000000e+01   3.1896183558562001e+01
   4.5000000000000000e+01   3.2095323519928897e+01
   4.6000000000000000e+01   3.2303765412917897e+01
   4.7000000000000000e+01   3.2459172564441801e+01
   4.8000000000000000e+01   3.2492248657243699e+01
   4.9000000000000000e+01   3.2511272263347202e+01
   5.0000000000000000e+01   3.2112114596752797e+01
   5.1000000000000000e+01   3.2762087399549102e+01
   5.2000000000000000e+01   3.2979067336262602e+01
   5.3000000000000000e+01   3.2933015002031297e+01
   5.4000000000000000e+01   3.2663754719350202e+01
   5.5000000000000000e+01   3.2873583481022798e+01
   5.6000000000000000e+01   3.2937302384144303e+01
   5.7000000000000000e+01   3.3226475146275902e+01
   5.8000000000000000e+01   3.3950404798890503e+01
   5.9000000000000000e+01   3.4058217346878102e+01
   6.0000000000000000e+01   3.4246476858628498e+01
   6.1000000000000000e+01   3.4297902906424000e+01
   6.2000000000000000e+01   3.4440352184030502e+01
   6.3000000000000000e+01   3.4410602786316097e+01
   6.4000000000000000e+01   3.4474967124381102e+01
   6.5000000000000000e+01   3.5027038132647299e+01
   6.6000000000000000e+01   3.5213560412858897e+01
   6.7000000000000000e+01   3.5425889024632198e+01
   6.8000000000000000e+01   3.5133634578681800e+01
   6.9000000000000000e+01   3.5034613411647399e+01
   7.0000000000000000e+01   3.5479280422069500e+01
   7.1000000000000000e+01   3.5671271919565697e+01
   7.2000000000000000e+01   3.5542197871363001e+01
   7.3000000000000000e+01   3.5715282451199400e+01
   7.4000000000000000e+01   3.6046427916152801e+01
   7.5000000000000000e+01   3.6078408362053302e+01
   7.6000000000000000e+01   3.6107867272490900e+01
   7.7000000000000000e+01   3.6495551795028000e+01
   7.8000000000000000e+01   3.6278711448534203e+01
   7.9000000000000000e+01   3.6137964058232903e+01
   8.0000000000000000e+01   3.6481186634825796e+01
   8.1000000000000000e+01   3.6279718918716000e+01
   8.2000000000000000e+01   3.6703227281516398e+01
   8.3000000000000000e+01   3.6501238334829701e+01
   8.4000000000000000e+01   3.6126405398427899e+01
   8.5000000000000000e+01   3.6567675520309400e+01
   8.6000000000000000e+01   3.6225300200481698e+01
   8.7000000000000000e+01   3.5613734641605802e+01
   8.8000000000000000e+01   3.5418802562973497e+01
   8.9000000000000000e+01   3.5645270936153601e+01
   9.0000000000000000e+01   3.5270201220460201e+01
   9.1000000000000000e+01   3.5779296668487000e+01
   9.2000000000000000e+01   3.6735370835769103e+01
   9.3000000000000000e+01   3.6631748231603801e+01
   9.4000000000000000e+01   3.6247030144633399e+01
   9.5000000000000000e+01   3.6101975738942102e+01
   9.6000000000000000e+01   3.6481089119069800e+01
   9.7000000000000000e+01   3.6671810697161398e+01
   9.8000000000000000e+01   3.6690455466806299e+01
   9.9000000000000000e+01   3.6725865525789800e+01
   1.0000000000000000e+02   3.6451229055423902e+01
   1.0100000000000000e+02   3.6293055021064298e+01
   1.0200000000000000e+02   3.6226186200882502e+01
   1.0300000000000000e+02   3.5923152383142799e+01
   1.0400000000000000e+02   3.5612220245451802e+01
   1.0500000000000000e+02   3.5850299013420702e+01
   1.0600000000000000e+02   3.5961796976701201e+01
   1.0700000000000000e+02   3.5285207780853000e+01
   1.0800000000000000e+02   3.5355437457677503e+01
   1.0900000000000000e+02   3.5594961006588498e+01
   1.1000000000000000e+02   3.5887170582179301e+01
   1.1100000000000000e+02   3.6101417842172999e+01
   1.1200000000000000e+02   3.6021190531438897e+01
   1.1300000000000000e+02   3.6520085990072097e+01
   1.1400000000000000e+02   3.6173307579228300e+01
   1.1500000000000000e+02   3.6425974553146098e+01
   1.1600000000000000e+02   3.6214973722600597e+01
   1.1700000000000000e+02   3.6299127814612397e+01
   1.1800000000000000e+02   3.6366320973363798e+01
   1.1900000000000000e+02   3.6516490572636002e+01
   1.2000000000000000e+02   3.6637126254701897e+01
   1.2100000000000000e+02   3.6583113683916700e+01
   1.2200000000000000e+02   3.6152291350485100e+01
   1.2300000000000000e+02   3.5892538159021299e+01
   1.2400000000000000e+02   3.6590758881916400e+01
   1.2500000000000000e+02   3.6282876144893002e+01
   1.2600000000000000e+02   3.5993333451397397e+01
   1.2700000000000000e+02   3.5373952706510799e+01
   1.2800000000000000e+02   3.5454591465748301e+01
   1.2900000000000000e+02   3.5568459745119597e+01
   1.3000000000000000e+02   3.5341970512710603e+01
   1.3100000000000000e+02   3.5390981816720597e+01
   1.3200000000000000e+02   3.4877724828859101e+01
   1.3300000000000000e+02   3.5237004776915697e+01
   1.3400000000000000e+02   3.4808716264954398e+01
   1.3500000000000000e+02   3.4359048273738900e+01
   1.3600000000000000e+02   3.4512449836880798e+01
   1.3700000000000000e+02   3.4682950680334400e+01
   1.3800000000000000e+02   3.4689213445315701e+01
   1.3900000000000000e+02   3.4285250985300202e+01
   1.4000000000000000e+02   3.4518578537509498e+01
   1.4100000000000000e+02   3.4042938300444000e+01
   1.4200000000000000e+02   3.3645203565560600e+01
   1.4300000000000000e+02   3.3152401096524102e+01
   1.4400000000000000e+02   3.3194730993131301e+01
   1.4500000000000000e+02   3.3222069590165503e+01
   1.4600000000000000e+02   3.3450485749649502e+01
   1.4700000000000000e+02   3.2964171554953900e+01
   1.4800000000000000e+02   3.2774086995086797e+01
   1.4900000000000000e+02   3.2375011193032101e+01
   1.5000000000000000e+02   3.2169671313181396e+01
   1.5100000000000000e+02   3.2471802659730102e+01
   1.5200000000000000e+02   3.2265758270521701e+01
   1.5300000000000000e+02   3.2549055106844200e+01
   1.5400000000000000e+02   3.2444222561411699e+01
   1.5500000000000000e+02   3.2750188619341301e+01
   1.5600000000000000e+02   3.2812448082049997e+01
   1.5700000000000000e+02   3.2807881885389698e+01
   1.5800000000000000e+02   3.2960014408499099e+01
   1.5900000000000000e+02   3.3312022643240098e+01
   1.6000000000000000e+02   3.3467779232639401e+01
   1.6100000000000000e+02   3.3316724334442100e+01
   1.6200000000000000e+02   3.2915481634444497e+01
   1.6300000000000000e+02   3.3405185908608402e+01
   1.6400000000000000e+02   3.3531386502166697e+01
   1.6500000000000000e+02   3.3295363830161300e+01
   1.6600000000000000e+02   3.3224656934367403e+01
   1.6700000000000000e+02   3.2830058695102899e+01
   1.6800000000000000e+02   3.2522699469923303e+01
   1.6900000000000000e+02   3.2570291971228002e+01
   1.7000000000000000e+02   3.2396844990560702e+01
   1.7100000000000000e+02   3.2088956034983497e+01
   1.7200000000000000e+02   3.2054545540263803e+01
   1.7300000000000000e+02   3.1996702822493098e+01
   1.7400000000000000e+02   3.1992296268562701e+01
   1.7500000000000000e+02   3.1793674859288299e+01
   1.7600000000000000e+02   3.1523067556865900e+01
   1.7700000000000000e+02   3.1706098812715901e+01
   1.7800000000000000e+02   3.1922369872181001e+01
   1.7900000000000000e+02   3.1518188335061900e+01
   1.8000000000000000e+02   3.1479496022490700e+01
   1.8100000000000000e+02   3.0804631002676501e+01
   1.8200000000000000e+02   3.0369213585540500e+01
   1.8300000000000000e+02   2.9852685984819701e+01
   1.8400000000000000e+02   2.9704583868050300e+01
   1.8500000000000000e+02   2.9642643214304801e+01
   1.8600000000000000e+02   2.9661377120031599e+01
   1.8700000000000000e+02   2.9471439915045700e+01
   1.8800000000000000e+02   2.9211058682034601e+01
   1.8900000000000000e+02   2.8508583756357201e+01
   1.9000000000000000e+02   2.8474565620418701e+01
   1.9100000000000000e+02   2.8266185099254098e+01
   1.9200000000000000e+02   2.8051384255748900e+01
   1.9300000000000000e+02   2.7881598438495899e+01
   1.9400000000000000e+02   2.7761959092887398e+01
   1.9500000000000000e+02   2.7946892986601799e+01
   1.9600000000000000e+02   2.8855733763637900e+01
   1.9700000000000000e+02   2.8694432845406901e+01
   1.9800000000000000e+02   2.8597658199039198e+01
   1.9900000000000000e+02   2.8810887390187599e+01
   2.0000000000000000e+02   2.8935655322748399e+01
   2.0100000000000000e+02   2.9233837594701299e+01
   2.0200000000000000e+02   2.8904637304325700e+01
   2.0300000000000000e+02   2.8393480412759502e+01
   2.0400000000000000e+02   2.8424502733995102e+01
   2.0500000000000000e+02   2.8317747767096101e+01
   2.0600000000000000e+02   2.8127893371005300e+01
   2.0700000000000000e+02   2.8079930925928100e+01
   2.0800000000000000e+02   2.8346465826210800e+01
   2.0900000000000000e+02   2.8211581452373100e+01
   2.1000000000000000e+02   2.8575365118369099e+01
   2.1100000000000000e+02   2.8333355449140701e+01
   2.1200000000000000e+02   2.8389427421905101e+01
   2.1300000000000000e+02   2.8063727270910800e+01
   2.1400000000000000e+02   2.8028725704310599e+01
   2.1500000000000000e+02   2.8238605490567998e+01
   2.1600000000000000e+02   2.8003289965721201e+01
   2.1700000000000000e+02   2.7870665865097699e+01
   2.1800000000000000e+02   2.8308274985160601e+01
   2.1900000000000000e+02   2.8929225299860398e+01
   2.2000000000000000e+02   2.9170536092573901e+01
   2.2100000000000000e+02   2.9345867066848601e+01
   2.2200000000000000e+02   2.9255836175192300e+01
   2.2300000000000000e+02   2.8855039527202099e+01
   2.2400000000000000e+02   2.8199864775257399e+01
   2.2500000000000000e+02   2.7931225690644300e+01
   2.2600000000000000e+02   2.7362946010104000e+01
   2.2700000000000000e+02   2.7423108307194301e+01
   2.2800000000000000e+02   2.7394010659727400e+01
   2.2900000000000000e+02   2.7207588217010901e+01
   2.3000000000000000e+02   2.6651773976693399e+01
   2.3100000000000000e+02   2.6124500326227800e+01
   2.3200000000000000e+02   2.5985781038108200e+01
   2.3300000000000000e+02   2.6638437924101201e+01
   2.3400000000000000e+02   2.6461111965681201e+01
   2.3500000000000000e+02   2.6831084024456501e+01
   2.3600000000000000e+02   2.6946732101175400e+01
   2.3700000000000000e+02   2.5870451120512801e+01
   2.3800000000000000e+02   2.5471676639844301e+01
   2.3900000000000000e+02   2.5397705541859501e+01
   2.4000000000000000e+02   2.5403372885598301e+01
   2.4100000000000000e+02   2.5407862213653399e+01
   2.4200000000000000e+02   2.5173489799877100e+01
   2.4300000000000000e+02   2.4481281268256200e+01
   2.4400000000000000e+02   2.3848322329083199e+01
   2.4500000000000000e+02   2.4063001833054798e+01
   2.4600000000000000e+02   2.4160879810331998e+01
   2.4700000000000000e+02   2.3936475351218700e+01
   2.4800000000000000e+02   2.3892826174690398e+01
   2.4900000000000000e+02   2.3661451738653501e+01
   2.5000000000000000e+02   2.3288921554406901e+01
   2.5100000000000000e+02   2.3159785611253000e+01
   2.5200000000000000e+02   2.3394844697187001e+01
   2.5300000000000000e+02   2.3219870703878801e+01
   2.5400000000000000e+02   2.3176086452509399e+01
   2.5500000000000000e+02   2.2955871737049598e+01
   2.5600000000000000e+02   2.2490696927157501e+01
   2.5700000000000000e+02   2.2590957696572801e+01
   2.5800000000000000e+02   2.2079819437469698e+01
   2.5900000000000000e+02   2.2033097988480701e+01
   2.6000000000000000e+02   2.2080053871306099e+01
   2.6100000000000000e+02   2.1521107973980001e+01
   2.6200000000000000e+02   2.1067088355158401e+01
   2.6300000000000000e+02   2.0915578851427899e+01
   2.6400000000000000e+02   2.0583757954668901e+01
   2.6500000000000000e+02   2.1028667415180699e+01
   2.6600000000000000e+02   2.0796990892431602e+01
   2.6700000000000000e+02   2.0539173776686500e+01
   2.6800000000000000e+02   2.0539706404054499e+01
   2.6900000000000000e+02   2.0480896099732899e+01
   2.7000000000000000e+02   2.0769237661420199e+01
   2.7100000000000000e+02   2.1347554313375099e+01
   2.7200000000000000e+02   2.0860424598580799e+01
   2.7300000000000000e+02   2.0334018100913202e+01
   2.7400000000000000e+02   2.0303542123432699e+01
   2.7500000000000000e+02   2.0028916861689400e+01
   2.7600000000000000e+02   1.9815881308575602e+01
   2.7700000000000000e+02   1.9356851487348798e+01
   2.7800000000000000e+02   1.9115242952352801e+01
   2.7900000000000000e+02   1.9113936272991900e+01
   2.8000000000000000e+02   1.8833868155560200e+01
   2.8100000000000000e+02   1.8524057465508800e+01
   2.8200000000000000e+02   1.8443867995718399e+01
   2.8300000000000000e+02   1.8352088448698801e+01
   2.8400000000000000e+02   1.8125303236976201e+01
   2.8500000000000000e+02   1.7930868191870800e+01
   2.8600000000000000e+02   1.8090004773530001e+01
   2.8700000000000000e+02   1.8059396425417500e+01
   2.8800000000000000e+02   1.7739440779826499e+01
   2.8900000000000000e+02   1.7727324337709600e+01
   2.9000000000000000e+02   1.7545552444263802e+01
   2.9100000000000000e+02   1.6850058559914800e+01
   2.9200000000000000e+02   1.6401494596867099e+01
   2.9300000000000000e+02   1.6450506463239400e+01
   2.9400000000000000e+02   1.6625263967509500e+01
   2.9500000000000000e+02   1.6761528969023100e+01
   2.9600000000000000e+02   1.6703486556784000e+01
   2.9700000000000000e+02   1.6100091324116399e+01
   2.9800000000000000e+02   1.5990500363215601e+01
   2.9900000000000000e+02   1.5791730817811500e+01
   3.0000000000000000e+02   1.5722343887850201e+01
   3.0100000000000000e+02   1.5900922663361600e+01
   3.0200000000000000e+02   1.5615623830078601e+01
   3.0300000000000000e+02   1.5098223877640400e+01
   3.0400000000000000e+02   1.4567211310041101e+01
   3.0500000000000000e+02   1.4514999499431100e+01
   3.0600000000000000e+02   1.4642259630096200e+01
   3.0700000000000000e+02   1.4194451080141700e+01
   3.0800000000000000e+02   1.3959685868397299e+01
   3.0900000000000000e+02   1.3291119998098200e+01
   3.1000000000000000e+02   1.3214927320548400e+01
   3.1100000000000000e+02   1.2997999903966999e+01
   3.1200000000000000e+02   1.2726297356597700e+01
   3.1300000000000000e+02   1.2762202501102900e+01
   3.1400000000000000e+02   1.2804151060708200e+01
   3.1500000000000000e+02   1.2758266217805099e+01
   3.1600000000000000e+02   1.2487696804715100e+01
   3.1700000000000000e+02   1.2310314309157700e+01
   3.1800000000000000e+02   1.2052055061816899e+01
   3.1900000000000000e+02   1.2581873844324900e+01
   3.2000000000000000e+02   1.2571761290618801e+01
   3.2100000000000000e+02   1.2010669202792601e+01
   3.2200000000000000e+02   1.1718293416658801e+01
   3.2300000000000000e+02   1.1341380222329200e+01
   3.2400000000000000e+02   1.1423586006030600e+01
   3.2500000000000000e+02   1.1631585933991600e+01
   3.2600000000000000e+02   1.1569863715671300e+01
   3.2700000000000000e+02   1.1209987198644599e+01
   3.2800000000000000e+02   1.0643077227114301e+01
   3.2900000000000000e+02   1.0529708461620400e+01
   3.3000000000000000e+02   1.0334666957675299e+01
   3.3100000000000000e+02   9.7252001700995407e+00
   3.3200000000000000e+02   9.4346440930964501e+00
   3.3300000000000000e+02   9.1299645866599892e+00
   3.3400000000000000e+02   9.4290104017263996e+00
   3.3500000000000000e+02   9.5842579050859804e+00
   3.3600000000000000e+02   9.7497841083432508e+00
   3.3700000000000000e+02   9.7033636375774694e+00
   3.3800000000000000e+02   9.2709688985963101e+00
   3.3900000000000000e+02   8.8470153429786293e+00
   3.4000000000000000e+02   8.4787700617352399e+00
   3.4100000000000000e+02   8.1633236481639297e+00
   3.4200000000000000e+02   8.5301891559678502e+00
   3.4300000000000000e+02   8.6716552523782102e+00
   3.4400000000000000e+02   8.3722815634123595e+00
   3.4500000000000000e+02   7.4222729651983199e+00
   3.4600000000000000e+02   7.4813829324248200e+00
   3.4700000000000000e+02   7.0816432017597304e+00
   3.4800000000000000e+02   7.6018214261142996e+00
   3.4900000000000000e+02   8.0681027397587197e+00
   3.5000000000000000e+02   7.9810858561323599e+00
   3.5100000000000000e+02   7.8004940221937096e+00
   3.5200000000000000e+02   7.0866479924794596e+00
   3.5300000000000000e+02   6.7623633235663601e+00
   3.5400000000000000e+02   6.3171228217746096e+00
   3.5500000000000000e+02   5.8861304887887602e+00
   3.5600000000000000e+02   5.6937132884839503e+00
   3.5700000000000000e+02   6.0612628473204202e+00
   3.5800000000000000e+02   6.2576257404211804e+00
   3.5900000000000000e+02   6.4051282972157502e+00
   3.6000000000000000e+02   6.2978939189684597e+00
   3.6100000000000000e+02   5.8076193969789296e+00
   3.6200000000000000e+02   5.7405165401659799e+00
   3.6300000000000000e+02   5.5465273289613801e+00
   3.6400000000000000e+02   5.1780351634522601e+00
   3.6500000000000000e+02   5.1613486639067396e+00
   3.6600000000000000e+02   5.1552399555675397e+00
   3.6700000000000000e+02   5.1892435020220500e+00
   3.6800000000000000e+02   5.2621608695491497e+00
   3.6900000000000000e+02   5.3425699221864704e+00
   3.7000000000000000e+02   5.1625973857202903e+00
   3.7100000000000000e+02   5.1409718035942600e+00
   3.7200000000000000e+02   5.0544326276796196e+00
   3.7300000000000000e+02   4.7922770016227600e+00
   3.7400000000000000e+02   4.6563094157954898e+00
   3.7500000000000000e+02   4.8918728676610899e+00
   3.7600000000000000e+02   4.7267025130853604e+00
   3.7700000000000000e+02   4.4575408443157700e+00
   3.7800000000000000e+02   4.1665926336653101e+00
   3.7900000000000000e+02   4.5537493790422303e+00
   3.8000000000000000e+02   4.6588725734910801e+00
   3.8100000000000000e+02   4.5279114576131496e+00
   3.8200000000000000e+02   4.6410556839974202e+00
   3.8300000000000000e+02   4.7308088447736498e+00
   3.8400000000000000e+02   4.5716926334487500e+00
   3.8500000000000000e+02   4.5635031460373900e+00
   3.8600000000000000e+02   4.4990246186791198e+00
   3.8700000000000000e+02   4.2178796539617700e+00
   3.8800000000000000e+02   3.8864409139883298e+00
   3.8900000000000000e+02   3.5802142096754102e+00
   3.9000000000000000e+02   2.8582649996332798e+00
   3.9100000000000000e+02   3.0187969555868102e+00
   3.9200000000000000e+02   2.6062384826031399e+00
   3.9300000000000000e+02   2.1220865626574299e+00
   3.9400000000000000e+02   1.3834672846440701e+00
   3.9500000000000000e+02   1.4431667362866301e+00
   3.9600000000000000e+02   1.2557905246083600e+00
   3.9700000000000000e+02   1.1615972878759400e+00
   3.9800000000000000e+02   1.0104866918942601e+00
   3.9900000000000000e+02   1.0919702530680799e+00
   4.0000000000000000e+02   1.6119459863967800e+00
   4.0100000000000000e+02   1.1872109814465399e+00
   4.0200000000000000e+02   1.1578419840524401e+00
   4.0300000000000000e+02   1.1475155247351800e+00
   4.0400000000000000e+02   6.1564472186787600e-01
   4.0500000000000000e+02   6.3285327950923698e-01
   4.0600000000000000e+02   8.3517155860309000e-01
   4.0700000000000000e+02   3.6705645756283500e-01
   4.0800000000000000e+02  -2.9986038872606502e-01
   4.0900000000000000e+02  -4.7239266193259599e-01
   4.1000000000000000e+02  -8.3382333941949105e-01
   4.1100000000000000e+02  -1.4432430551460200e+00
   4.1200000000000000e+02  -1.9047402031835601e+00
   4.1300000000000000e+02  -2.1231846969450698e+00
   4.1400000000000000e+02  -2.3577160211270001e+00
   4.1500000000000000e+02  -2.7872457816445002e+00
   4.1600000000000000e+02  -3.4542635122922398e+00
   4.1700000000000000e+02  -3.9547279126874901e+00
   4.1800000000000000e+02  -4.1458317081749696e+00
   4.1900000000000000e+02  -4.1617826012790804e+00
   4.2000000000000000e+02  -4.5937426676156097e+00
   4.2100000000000000e+02  -4.7222664141033501e+00
   4.2200000000000000e+02  -4.3583827310547898e+00
   4.2300000000000000e+02  -5.0644834046937497e+00
   4.2400000000000000e+02  -5.5693565770934503e+00
   4.2500000000000000e+02  -5.2372952632113403e+00
   4.2600000000000000e+02  -5.9591384908079101e+00
   4.2700000000000000e+02  -5.9696980011947902e+00
   4.2800000000000000e+02  -6.1339347045902199e+00
   4.2900000000000000e+02  -6.7285710647772197e+00
   4.3000000000000000e+02  -6.9421677278797702e+00
   4.3100000000000000e+02  -7.7453994948974003e+00
   4.3200000000000000e+02  -7.4919321192394399e+00
   4.3300000000000000e+02  -8.5298362060163004e+00
   4.3400000000000000e+02  -8.7835871325870301e+00
   4.3500000000000000e+02  -8.9140719073560692e+00
   4.3600000000000000e+02  -8.9503412596446594e+00
   4.3700000000000000e+02  -9.3960417601196600e+00
   4.3800000000000000e+02  -9.7387525620635493e+00
   4.3900000000000000e+02  -1.0000273521946200e+01
   4.4000000000000000e+02  -1.0538640912235500e+01
   4.4100000000000000e+02  -1.0068299870503900e+01
   4.4200000000000000e+02  -1.0717224166528499e+01
   4.4300000000000000e+02  -1.1549364409794000e+01
   4.4400000000000000e+02  -1.1713140299723801e+01
   4.4500000000000000e+02  -1.2330440685540600e+01
   4.4600000000000000e+02  -1.2965926809705000e+01
   4.4700000000000000e+02  -1.2963959648644501e+01
   4.4800000000000000e+02  -1.2777191333408799e+01
   4.4900000000000000e+02  -1.2586349504642101e+01
   4.5000000000000000e+02  -1.2929323403364300e+01
   4.5100000000000000e+02  -1.3584289181517899e+01
   4.5200000000000000e+02  -1.4436026813838099e+01
   4.5300000000000000e+02  -1.4839218644772000e+01
   4.5400000000000000e+02  -1.5317078380431200e+01
   4.5500000000000000e+02  -1.5438214009889700e+01
   4.5600000000000000e+02  -1.5657839672207400e+01
   4.5700000000000000e+02  -1.6404900860163099e+01
   4.5800000000000000e+02  -1.6129839244670901e+01
   4.5900000000000000e+02  -1.6301154696513901e+01
   4.6000000000000000e+02  -1.6999616255926099e+01
   4.6100000000000000e+02  -1.7600429631200502e+01
   4.6200000000000000e+02  -1.7943566256563301e+01
   4.6300000000000000e+02  -1.8640737543912199e+01
   4.6400000000000000e+02  -1.9439442996376499e+01
   4.6500000000000000e+02  -1.9742121856372599e+01
   4.6600000000000000e+02  -2.0295621146465400e+01
   4.6700000000000000e+02  -2.0386075232214498e+01
   4.6800000000000000e+02  -2.0743520972721100e+01
   4.6900000000000000e+02  -2.0929375306110700e+01
   4.7000000000000000e+02  -2.1417949816708699e+01
   4.7100000000000000e+02  -2.1705314906643000e+01
   4.7200000000000000e+02  -2.2359324057116801e+01
   4.7300000000000000e+02  -2.3389561936175198e+01
   4.7400000000000000e+02  -2.4107180169781198e+01
   4.7500000000000000e+02  -2.4872051856891900e+01
   4.7600000000000000e+02  -2.5742351521780101e+01
   4.7700000000000000e+02  -2.5676092791182199e+01
   4.7800000000000000e+02  -2.5978964566874900e+01
   4.7900000000000000e+02  -2.6450343131808300e+01
   4.8000000000000000e+02  -2.6371440025493900e+01
   4.8100000000000000e+02  -2.6795514784843999e+01
   4.8200000000000000e+02  -2.7188627426801201e+01
   4.8300000000000000e+02  -2.7479002606933999e+01
   4.8400000000000000e+02  -2.7720365137220298e+01
   4.8500000000000000e+02  -2.8566461746492099e+01
   4.8600000000000000e+02  -2.9459588581529299e+01
   4.8700000000000000e+02  -3.0250554599318601e+01
   4.8800000000000000e+02  -3.0604325398821899e+01
   4.8900000000000000e+02  -3.0770723496964500e+01
   4.9000000000000000e+02  -3.0962076023365601e+01
   4.9100000000000000e+02  -3.0895701238914299e+01
   4.9200000000000000e+02  -3.1302747641834099e+01
   4.9300000000000000e+02  -3.2221707967638601e+01
   4.9400000000000000e+02  -3.2910485891465598e+01
   4.9500000000000000e+02  -3.4157261973587197e+01
   4.9600000000000000e+02  -3.4289431829758698e+01
   4.9700000000000000e+02  -3.4959957999019800e+01
   4.9800000000000000e+02  -3.6011430503453099e+01
   4.9900000000000000e+02  -3.6327337483886801e+01
   5.0000000000000000e+02  -3.6869904457760697e+01
   5.0100000000000000e+02  -3.7152537039757902e+01
   5.0200000000000000e+02  -3.7642456073532003e+01
   5.0300000000000000e+02  -3.8339375730510000e+01
   5.0400000000000000e+02  -3.8994330539678103e+01
   5.0500000000000000e+02  -3.9023415716915800e+01
   5.0600000000000000e+02  -3.9859232309813102e+01
   5.0700000000000000e+02  -4.0253029159679699e+01
   5.0800000000000000e+02  -4.0376146350685701e+01
   5.0900000000000000e+02  -4.0707246027024503e+01
   5.1000000000000000e+02  -4.1096593068064998e+01
   5.1100000000000000e+02  -4.1688659880035303e+01
   5.1200000000000000e+02  -4.2374410210284204e+01
   5.1300000000000000e+02  -4.2553521030271298e+01
   5.1400000000000000e+02  -4.2766848505824903e+01
   5.1500000000000000e+02  -4.3299042852985203e+01
   5.1600000000000000e+02  -4.3961002740117799e+01
   5.1700000000000000e+02  -4.4115272215362999e+01
   5.1800000000000000e+02  -4.4804015266467701e+01
   5.1900000000000000e+02  -4.4672889005823201e+01
   5.2000000000000000e+02  -4.5098056920565298e+01
   5.2100000000000000e+02  -4.5714032407637397e+01
   5.2200000000000000e+02  -4.6053763230454301e+01
   5.2300000000000000e+02  -4.6263642473853402e+01
   5.2400000000000000e+02  -4.6601787506225698e+01
   5.2500000000000000e+02  -4.7509377487480997e+01
   5.2600000000000000e+02  -4.8051471578911197e+01
   5.2700000000000000e+02  -4.8045366734194999e+01
   5.2800000000000000e+02  -4.8150312527932698e+01
   5.2900000000000000e+02  -4.8446234441089302e+01
   5.3000000000000000e+02  -4.8857306562157497e+01
   5.3100000000000000e+02  -4.8990807933635203e+01
   5.3200000000000000e+02  -4.9276468305218899e+01
   5.3300000000000000e+02  -5.0652022343399999e+01
   5.3400000000000000e+02  -5.1296202463042498e+01
   5.3500000000000000e+02  -5.1799174004312803e+01
   5.3600000000000000e+02  -5.2024597244469497e+01
   5.3700000000000000e+02  -5.2277494578640102e+01
   5.3800000000000000e+02  -5.2686026523346200e+01
   5.3900000000000000e+02  -5.2878997094486600e+01
   5.4000000000000000e+02  -5.2419653950316601e+01
   5.4100000000000000e+02  -5.2849707514197100e+01
   5.4200000000000000e+02  -5.2700288542476798e+01
   5.4300000000000000e+02  -5.2090135798518801e+01
   5.4400000000000000e+02  -5.2303781624025099e+01
   5.4500000000000000e+02  -5.3053214008353002e+01
   5.4600000000000000e+02  -5.3295377460249199e+01
   5.4700000000000000e+02  -5.3138395308336399e+01
   5.4800000000000000e+02  -5.3379823246942600e+01
   5.4900000000000000e+02  -5.3807442291060099e+01
   5.5000000000000000e+02  -5.4340337430138902e+01
   5.5100000000000000e+02  -5.4731068570366403e+01
   5.5200000000000000e+02  -5.5192801231664902e+01
   5.5300000000000000e+02  -5.6048092135246002e+01
   5.5400000000000000e+02  -5.7050298027870603e+01
   5.5500000000000000e+02  -5.7554567512114900e+01
   5.5600000000000000e+02  -5.7752441135249903e+01
   5.5700000000000000e+02  -5.7887863853424498e+01
   5.5800000000000000e+02  -5.7872150591263598e+01
   5.5900000000000000e+02  -5.7991803310599700e+01
   5.6000000000000000e+02  -5.8233347043024501e+01
   5.6100000000000000e+02  -5.8333507846727301e+01
   5.6200000000000000e+02  -5.8433558842417902e+01
   5.6300000000000000e+02  -5.8342530248609897e+01
   5.6400000000000000e+02  -5.8525647223498297e+01
   5.6500000000000000e+02  -5.9228722095985603e+01
   5.6600000000000000e+02  -5.9354307337902597e+01
   5.6700000000000000e+02  -6.0150706812659102e+01
   5.6800000000000000e+02  -6.0489053082289900e+01
   5.6900000000000000e+02  -6.0642005747161797e+01
   5.7000000000000000e+02  -6.0838752346910503e+01
   5.7100000000000000e+02  -6.1374774453431598e+01
   5.7200000000000000e+02  -6.1649611850748698e+01
   5.7300000000000000e+02  -6.2300055220355901e+01
   5.7400000000000000e+02  -6.2728452146471597e+01
   5.7500000000000000e+02  -6.3626722255350103e+01
   5.7600000000000000e+02  -6.4879421347761806e+01
   5.7700000000000000e+02  -6.5703918378239806e+01
   5.7800000000000000e+02  -6.6071097905291197e+01
   5.7900000000000000e+02  -6.6181264129166706e+01
   5.8000000000000000e+02  -6.6986130378238101e+01
   5.8100000000000000e+02  -6.6913696802944699e+01
   5.8200000000000000e+02  -6.7158726936170694e+01
   5.8300000000000000e+02  -6.7221705275400396e+01
   5.8400000000000000e+02  -6.7210714963105900e+01
   5.8500000000000000e+02  -6.7412717198683495e+01
   5.8600000000000000e+02  -6.7400797137864004e+01
   5.8700000000000000e+02  -6.7694153655627602e+01
   5.8800000000000000e+02  -6.7873252284977397e+01
   5.8900000000000000e+02  -6.8567983012442298e+01
   5.9000000000000000e+02  -6.8709542230406001e+01
   5.9100000000000000e+02  -6.8943226356004402e+01
   5.9200000000000000e+02  -6.9628807198397396e+01
   5.9300000000000000e+02  -7.0557016217968894e+01
   5.9400000000000000e+02  -7.1114350534284199e+01
   5.9500000000000000e+02  -7.1033485799369998e+01
   5.9600000000000000e+02  -7.0593825015726097e+01
   5.9700000000000000e+02  -7.0816184146956800e+01
   5.9800000000000000e+02  -7.1124832744654597e+01
   5.9900000000000000e+02  -7.1803221871877696e+01
   6.0000000000000000e+02  -7.1741930572276104e+01
   6.0100000000000000e+02  -7.1881704926723003e+01
   6.0200000000000000e+02  -7.1872801994946698e+01
   6.0300000000000000e+02  -7.1760097470414905e+01
   6.0400000000000000e+02  -7.1835419420590100e+01
   6.0500000000000000e+02  -7.2056596020078999e+01
   6.0600000000000000e+02  -7.2296325537939495e+01
   6.0700000000000000e+02  -7.2347582843018301e+01
   6.0800000000000000e+02  -7.2545041428931597e+01
   6.0900000000000000e+02  -7.2484497404805296e+01
   6.1000000000000000e+02  -7.2262494898456396e+01
   6.1100000000000000e+02  -7.2709334986506803e+01
   6.1200000000000000e+02  -7.2781764582350704e+01
   6.1300000000000000e+02  -7.3062768222419095e+01
   6.1400000000000000e+02  -7.3256733335695401e+01
   6.1500000000000000e+02  -7.3239569682792407e+01
   6.1600000000000000e+02  -7.3256446761533596e+01
   6.1700000000000000e+02  -7.3517343805609102e+01
   6.1800000000000000e+02  -7.3816264658890603e+01
   6.1900000000000000e+02  -7.4428917826333702e+01
   6.2000000000000000e+02  -7.4946437017335995e+01
   6.2100000000000000e+02  -7.4895188363810803e+01
   6.2200000000000000e+02  -7.5122563279806400e+01
   6.2300000000000000e+02  -7.5225767675628703e+01
   6.2400000000000000e+02  -7.5401594268986202e+01
   6.2500000000000000e+02  -7.5516359327012196e+01
   6.2600000000000000e+02  -7.5418225491449306e+01
   6.2700000000000000e+02  -7.5595391133617596e+01
   6.2800000000000000e+02  -7.5532019982098504e+01
   6.2900000000000000e+02  -7.5694205873453598e+01
   6.3000000000000000e+02  -7.6177697688453605e+01
   6.3100000000000000e+02  -7.5975589792223403e+01
   6.3200000000000000e+02  -7.5967135756346593e+01
   6.3300000000000000e+02  -7.6271758140764604e+01
   6.3400000000000000e+02  -7.6623449906276406e+01
   6.3500000000000000e+02  -7.6290803792807793e+01
   6.3600000000000000e+02  -7.6377182108875104e+01
   6.3700000000000000e+02  -7.6727405415078593e+01
   6.3800000000000000e+02  -7.6527989796231495e+01
   6.3900000000000000e+02  -7.6297647886147800e+01
   6.4000000000000000e+02  -7.6329777936274397e+01
   6.4100000000000000e+02  -7.7093687750078999e+01
   6.4200000000000000e+02  -7.7021832013590895e+01
   6.4300000000000000e+02  -7.6503841219785897e+01
   6.4400000000000000e+02  -7.6420521883922305e+01
   6.4500000000000000e+02  -7.6712479348421496e+01
   6.4600000000000000e+02  -7.7190141411948403e+01
   6.4700000000000000e+02  -7.7529564227460000e+01
   6.4800000000000000e+02  -7.7384913151653294e+01
   6.4900000000000000e+02  -7.7647161182117699e+01
   6.5000000000000000e+02  -7.8169644507073201e+01
   6.5100000000000000e+02  -7.8116398297750493e+01
   6.5200000000000000e+02  -7.8325460859678302e+01
   6.5300000000000000e+02  -7.8207103007477698e+01
   6.5400000000000000e+02  -7.8316111869753499e+01
   6.5500000000000000e+02  -7.8255165399937695e+01
   6.5600000000000000e+02  -7.7807229221651696e+01
   6.5700000000000000e+02  -7.8115092142015300e+01
   6.5800000000000000e+02  -7.8120981931315896e+01
   6.5900000000000000e+02  -7.8399413251265401e+01
   6.6000000000000000e+02  -7.8578666318481098e+01
   6.6100000000000000e+02  -7.8064681616743698e+01
   6.6200000000000000e+02  -7.8316603240563396e+01
   6.6300000000000000e+02  -7.8509827849250499e+01
   6.6400000000000000e+02  -7.9090792032687602e+01
   6.6500000000000000e+02  -7.8426514203510706e+01
   6.6600000000000000e+02  -7.7647020622997701e+01
   6.6700000000000000e+02  -7.7161611444748402e+01
   6.6800000000000000e+02  -7.7844812150520497e+01
   6.6900000000000000e+02  -7.8137297561040398e+01
   6.7000000000000000e+02  -7.8464775627149194e+01
   6.7100000000000000e+02  -7.7961593552505505e+01
   6.7200000000000000e+02  -7.8190001269659206e+01
   6.7300000000000000e+02  -7.8155832500349106e+01
   6.7400000000000000e+02  -7.8223006063410295e+01
   6.7500000000000000e+02  -7.7884576682155398e+01
   6.7600000000000000e+02  -7.7809644445169596e+01
   6.7700000000000000e+02  -7.7641028490269704e+01
   6.7800000000000000e+02  -7.7680780635947599e+01
   6.7900000000000000e+02  -7.7897441943953595e+01
   6.8000000000000000e+02  -7.7633635066771205e+01
   6.8100000000000000e+02  -7.8242066194193498e+01
   6.8200000000000000e+02  -7.8059676457692603e+01
   6.8300000000000000e+02  -7.7796261561619502e+01
   6.8400000000000000e+02  -7.7872317752204793e+01
   6.8500000000000000e+02  -7.7227132783346207e+01
   6.8600000000000000e+02  -7.6987622853132294e+01
   6.8700000000000000e+02  -7.7401251199208303e+01
   6.8800000000000000e+02  -7.7209169159247097e+01
   6.8900000000000000e+02  -7.7172167128914694e+01
   6.9000000000000000e+02  -7.6837567599798803e+01
   6.9100000000000000e+02  -7.6929841843791806e+01
   6.9200000000000000e+02  -7.6871377226400099e+01
   6.9300000000000000e+02  -7.6879927106087194e+01
   6.9400000000000000e+02  -7.6819577154728293e+01
   6.9500000000000000e+02  -7.6904427232148194e+01
   6.9600000000000000e+02  -7.7211125283765597e+01
   6.9700000000000000e+02  -7.7135078144760300e+01
   6.9800000000000000e+02  -7.6689647368114095e+01
   6.9900000000000000e+02  -7.6246789714861805e+01
   7.0000000000000000e+02  -7.5875364321296402e+01
   7.0100000000000000e+02  -7.6259907852824398e+01
   7.0200000000000000e+02  -7.6184901618613694e+01
   7.0300000000000000e+02  -7.5789663417430702e+01
   7.0400000000000000e+02  -7.6190784183921807e+01
   7.0500000000000000e+02  -7.6668474797649594e+01
   7.0600000000000000e+02  -7.6908077595520297e+01
   7.0700000000000000e+02  -7.7069334109667693e+01
   7.0800000000000000e+02  -7.6850959301544407e+01
   7.0900000000000000e+02  -7.6972873578903503e+01
   7.1000000000000000e+02  -7.7183740688843997e+01
   7.1100000000000000e+02  -7.7423506005875694e+01
   7.1200000000000000e+02  -7.8106431175548096e+01
   7.1300000000000000e+02  -7.7885901557782304e+01
   7.1400000000000000e+02  -7.8126593555357502e+01
   7.1500000000000000e+02  -7.8057778817354304e+01
   7.1600000000000000e+02  -7.8106557380544004e+01
   7.1700000000000000e+02  -7.8008043594060595e+01
   7.1800000000000000e+02  -7.7762716165665395e+01
   7.1900000000000000e+02  -7.7661028692715007e+01
   7.2000000000000000e+02  -7.7335814734808096e+01
   7.2100000000000000e+02  -7.7639438644852703e+01
   7.2200000000000000e+02  -7.7623832527879500e+01
   7.2300000000000000e+02  -7.8054550055910696e+01
   7.2400000000000000e+02  -7.7569616486920197e+01
   7.2500000000000000e+02  -7.7201296840690802e+01
   7.2600000000000000e+02  -7.7108284349775204e+01
   7.2700000000000000e+02  -7.7004049690867703e+01
   7.2800000000000000e+02  -7.7136790118750596e+01
   7.2900000000000000e+02  -7.6969487915833795e+01
   7.3000000000000000e+02  -7.6320010218429005e+01
   7.3100000000000000e+02  -7.6313027042194904e+01
   7.3200000000000000e+02  -7.6521791129422994e+01
   7.3300000000000000e+02  -7.6442838979985495e+01
   7.3400000000000000e+02  -7.6155607667256007e+01
   7.3500000000000000e+02  -7.6336567593395202e+01
   7.3600000000000000e+02  -7.5874342024957997e+01
   7.3700000000000000e+02  -7.6026656041076194e+01
   7.3800000000000000e+02  -7.5890354122794605e+01
   7.3900000000000000e+02  -7.6307025795414404e+01
   7.4000000000000000e+02  -7.6473977251920303e+01
   7.4100000000000000e+02  -7.6239828436922707e+01
   7.4200000000000000e+02  -7.6064430070322800e+01
   7.4300000000000000e+02  -7.6066651877618298e+01
   7.4400000000000000e+02  -7.5790934469627402e+01
   7.4500000000000000e+02  -7.5710564170068295e+01
   7.4600000000000000e+02  -7.6116480658938102e+01
   7.4700000000000000e+02  -7.6066612324057303e+01
   7.4800000000000000e+02  -7.6310468642569504e+01
   7.4900000000000000e+02  -7.6395119014666804e+01
   7.5000000000000000e+02  -7.6184105459760900e+01
   7.5100000000000000e+02  -7.6286293506324697e+01
   7.5200000000000000e+02  -7.6562100005798300e+01
   7.5300000000000000e+02  -7.6109955866293603e+01
   7.5400000000000000e+02  -7.6345534433225893e+01
   7.5500000000000000e+02  -7.5778200435168003e+01
   7.5600000000000000e+02  -7.5917808537226307e+01
   7.5700000000000000e+02  -7.5900305419620494e+01
   7.5800000000000000e+02  -7.5895471034484203e+01
   7.5900000000000000e+02  -7.5203391824318203e+01
   7.6000000000000000e+02  -7.5127123091820096e+01
   7.6100000000000000e+02  -7.5774088432758504e+01
   7.6200000000000000e+02  -7.5776102308732703e+01
   7.6300000000000000e+02  -7.5841319470862004e+01
   7.6400000000000000e+02  -7.5464814751764806e+01
   7.6500000000000000e+02  -7.5648574087363698e+01
   7.6600000000000000e+02  -7.5847920144173102e+01
   7.6700000000000000e+02  -7.5298279221993695e+01
   7.6800000000000000e+02  -7.5049796468122096e+01
   7.6900000000000000e+02  -7.5046243756287197e+01
   7.7000000000000000e+02  -7.5054247888532601e+01
   7.7100000000000000e+02  -7.5305660482692602e+01
   7.7200000000000000e+02  -7.5409895408112305e+01
   7.7300000000000000e+02  -7.5519349391076105e+01
   7.7400000000000000e+02  -7.5760289022909006e+01
   7.7500000000000000e+02  -7.5905447848115102e+01
   7.7600000000000000e+02  -7.5748426754686193e+01
   7.7700000000000000e+02  -7.5720999740592802e+01
   7.7800000000000000e+02  -7.5669555948817703e+01
   7.7900000000000000e+02  -7.6044284043874399e+01
   7.8000000000000000e+02  -7.6311785542396606e+01
   7.8100000000000000e+02  -7.6754920573753594e+01
   7.8200000000000000e+02  -7.6461243420325800e+01
   7.8300000000000000e+02  -7.6200181739244698e+01
   7.8400000000000000e+02  -7.6271342437477202e+01
   7.8500000000000000e+02  -7.6115112526600996e+01
   7.8600000000000000e+02  -7.6010471203476300e+01
   7.8700000000000000e+02  -7.6220963717578300e+01
   7.8800000000000000e+02  -7.6214057995803799e+01
   7.8900000000000000e+02  -7.5997038572961003e+01
   7.9000000000000000e+02  -7.6703641849204104e+01
   7.9100000000000000e+02  -7.6773355311853095e+01
   7.9200000000000000e+02  -7.6964591647127193e+01
   7.9300000000000000e+02  -7.6744907296377207e+01
   7.9400000000000000e+02  -7.6615323980556198e+01
   7.9500000000000000e+02  -7.6651470752973495e+01
   7.9600000000000000e+02  -7.6589261487929804e+01
   7.9700000000000000e+02  -7.6125548923677400e+01
   7.9800000000000000e+02  -7.5647515597967100e+01
   7.9900000000000000e+02  -7.5757119048400099e+01
   8.0000000000000000e+02  -7.5480563032031895e+01
   8.0100000000000000e+02  -7.5830075875631493e+01
   8.0200000000000000e+02  -7.5756801914239801e+01
   8.0300000000000000e+02  -7.6178241774252001e+01
   8.0400000000000000e+02  -7.6403618368344794e+01
   8.0500000000000000e+02  -7.6692165304470606e+01
   8.0600000000000000e+02  -7.6640338442590902e+01
   8.0700000000000000e+02  -7.5889182850416105e+01
   8.0800000000000000e+02  -7.6068122260019095e+01
   8.0900000000000000e+02  -7.5914387218456696e+01
   8.1000000000000000e+02  -7.5921542851130695e+01
   8.1100000000000000e+02  -7.6241562050562294e+01
   8.1200000000000000e+02  -7.6006735144413099e+01
   8.1300000000000000e+02  -7.6859283312966696e+01
   8.1400000000000000e+02  -7.7189857154650397e+01
   8.1500000000000000e+02  -7.7069341621330693e+01
   8.1600000000000000e+02  -7.7441576247039507e+01
   8.1700000000000000e+02  -7.7346688453731502e+01
   8.1800000000000000e+02  -7.7281960794995896e+01
   8.1900000000000000e+02  -7.7184837108324999e+01
   8.2000000000000000e+02  -7.7401232785531803e+01
   8.2100000000000000e+02  -7.7501983825796600e+01
   8.2200000000000000e+02  -7.7243837641913203e+01
   8.2300000000000000e+02  -7.7387043912646206e+01
   8.2400000000000000e+02  -7.7019466818146498e+01
   8.2500000000000000e+02  -7.7280641433629100e+01
   8.2600000000000000e+02  -7.7734515461007803e+01
   8.2700000000000000e+02  -7.7565958921856904e+01
   8.2800000000000000e+02  -7.7243067135509804e+01
   8.2900000000000000e+02  -7.7504932061287207e+01
   8.3000000000000000e+02  -7.7743388625224298e+01
   8.3100000000000000e+02  -7.7728480671939394e+01
   8.3200000000000000e+02  -7.8239295731057197e+01
   8.3300000000000000e+02  -7.8044517930117195e+01
   8.3400000000000000e+02  -7.7948384474425893e+01
   8.3500000000000000e+02  -7.8249217256915301e+01
   8.3600000000000000e+02  -7.8092839923085194e+01
   8.3700000000000000e+02  -7.7735886807537895e+01
   8.3800000000000000e+02  -7.7592275208313495e+01
   8.3900000000000000e+02  -7.7414578873864599e+01
   8.4000000000000000e+02  -7.6810406253013596e+01
   8.4100000000000000e+02  -7.6797047532102397e+01
   8.4200000000000000e+02  -7.6793150252155002e+01
   8.4300000000000000e+02  -7.6193314778224405e+01
   8.4400000000000000e+02  -7.6071441775270898e+01
   8.4500000000000000e+02  -7.6347307247088807e+01
   8.4600000000000000e+02  -7.5897077130904094e+01
   8.4700000000000000e+02  -7.5156751363163906e+01
   8.4800000000000000e+02  -7.5191510463132204e+01
   8.4900000000000000e+02  -7.5730671039864603e+01
   8.5000000000000000e+02  -7.5467349845136894e+01
   8.5100000000000000e+02  -7.4921179786749704e+01
   8.5200000000000000e+02  -7.5213115868437200e+01
   8.5300000000000000e+02  -7.5305973175865205e+01
   8.5400000000000000e+02  -7.5434528188971399e+01
   8.5500000000000000e+02  -7.5239760664718105e+01
   8.5600000000000000e+02  -7.5293461664681601e+01
   8.5700000000000000e+02  -7.5618151050914506e+01
   8.5800000000000000e+02  -7.6132588550730205e+01
   8.5900000000000000e+02  -7.6372619990457906e+01
   8.6000000000000000e+02  -7.6396975857369199e+01
   8.6100000000000000e+02  -7.6583620586066004e+01
   8.6200000000000000e+02  -7.6328993884750005e+01
   8.6300000000000000e+02  -7.6734680381969298e+01
   8.6400000000000000e+02  -7.6480463057066800e+01
   8.6500000000000000e+02  -7.6316286087432303e+01
   8.6600000000000000e+02  -7.5512472930437795e+01
   8.6700000000000000e+02  -7.5547213425229401e+01
   8.6800000000000000e+02  -7.5080721436507403e+01
   8.6900000000000000e+02  -7.5486470840951498e+01
   8.7000000000000000e+02  -7.5789218517852206e+01
   8.7100000000000000e+02  -7.5522648586168401e+01
   8.7200000000000000e+02  -7.6119386663075602e+01
   8.7300000000000000e+02  -7.5629638152523995e+01
   8.7400000000000000e+02  -7.5398764971333904e+01
   8.7500000000000000e+02  -7.5581330880591594e+01
   8.7600000000000000e+02  -7.5749725374013707e+01
   8.7700000000000000e+02  -7.5820184671525496e+01
   8.7800000000000000e+02  -7.6250973747195204e+01
   8.7900000000000000e+02  -7.6376574351548001e+01
   8.8000000000000000e+02  -7.6389443355638207e+01
   8.8100000000000000e+02  -7.6149753949385300e+01
   8.8200000000000000e+02  -7.5935785834504898e+01
   8.8300000000000000e+02  -7.5972929164073307e+01
   8.8400000000000000e+02  -7.5868782270347893e+01
   8.8500000000000000e+02  -7.5506196199721501e+01
   8.8600000000000000e+02  -7.5207707603562000e+01
   8.8700000000000000e+02  -7.4906318473320795e+01
   8.8800000000000000e+02  -7.4514120816452504e+01
   8.8900000000000000e+02  -7.4310592346542506e+01
   8.9000000000000000e+02  -7.4207141305716902e+01
   8.9100000000000000e+02  -7.3754647480009297e+01
   8.9200000000000000e+02  -7.3960835221807997e+01
   8.9300000000000000e+02  -7.3854841609522694e+01
   8.9400000000000000e+02  -7.3576795699548995e+01
   8.9500000000000000e+02  -7.3799175007838997e+01
   8.9600000000000000e+02  -7.3969195564678898e+01
   8.9700000000000000e+02  -7.3584069479232198e+01
   8.9800000000000000e+02  -7.3156662770440803e+01
   8.9900000000000000e+02  -7.2992211259993695e+01
   9.0000000000000000e+02  -7.3325088477046094e+01
   9.0100000000000000e+02  -7.3341606066903296e+01
   9.0200000000000000e+02  -7.3402957798431700e+01
   9.0300000000000000e+02  -7.3587316022995793e+01
   9.0400000000000000e+02  -7.3357370377882901e+01
   9.0500000000000000e+02  -7.3882003568859901e+01
   9.0600000000000000e+02  -7.4258652418255394e+01
   9.0700000000000000e+02  -7.4416984022301193e+01
   9.0800000000000000e+02  -7.4440783485173696e+01
   9.0900000000000000e+02  -7.4776444429250105e+01
   9.1000000000000000e+02  -7.4246961434498004e+01
   9.1100000000000000e+02  -7.4819713155460207e+01
   9.1200000000000000e+02  -7.5029409298540600e+01
   9.1300000000000000e+02  -7.4713953880290404e+01
   9.1400000000000000e+02  -7.3877421890338198e+01
   9.1500000000000000e+02  -7.3859448545316596e+01
   9.1600000000000000e+02  -7.4110256135027399e+01
   9.1700000000000000e+02  -7.4369861002236604e+01
   9.1800000000000000e+02  -7.4010874972573504e+01
   9.1900000000000000e+02  -7.3952972724078606e+01
   9.2000000000000000e+02  -7.3828153269670196e+01
   9.2100000000000000e+02  -7.3827505491138297e+01
   9.2200000000000000e+02  -7.3633025522829399e+01
   9.2300000000000000e+02  -7.4030317909323600e+01
   9.2400000000000000e+02  -7.4226183527555506e+01
   9.2500000000000000e+02  -7.3969044542894096e+01
   9.2600000000000000e+02  -7.4402253224641299e+01
   9.2700000000000000e+02  -7.4503934910208201e+01
   9.2800000000000000e+02  -7.4368809726211097e+01
   9.2900000000000000e+02  -7.4561822776901494e+01
   9.3000000000000000e+02  -7.5045925074001502e+01
   9.3100000000000000e+02  -7.5318981782769200e+01
   9.3200000000000000e+02  -7.4689041946332296e+01
   9.3300000000000000e+02  -7.4474926382636596e+01
   9.3400000000000000e+02  -7.4310280627715400e+01
   9.3500000000000000e+02  -7.4065497754563594e+01
   9.3600000000000000e+02  -7.4346802498475697e+01
   9.3700000000000000e+02  -7.4271866748220901e+01
   9.3800000000000000e+02  -7.4581078536443499e+01
   9.3900000000000000e+02  -7.3954779183496200e+01
   9.4000000000000000e+02  -7.3766222092779898e+01
   9.4100000000000000e+02  -7.4136416552223594e+01
   9.4200000000000000e+02  -7.3786264801520304e+01
   9.4300000000000000e+02  -7.3963172766144893e+01
   9.4400000000000000e+02  -7.3674764822295899e+01
   9.4500000000000000e+02  -7.3910920281542900e+01
   9.4600000000000000e+02  -7.3828377822137696e+01
   9.4700000000000000e+02  -7.3600033518263700e+01
   9.4800000000000000e+02  -7.3507175519779395e+01
   9.4900000000000000e+02  -7.4250480761544694e+01
   9.5000000000000000e+02  -7.4432960504904102e+01
   9.5100000000000000e+02  -7.4140320326405799e+01
   9.5200000000000000e+02  -7.4284924439495896e+01
   9.5300000000000000e+02  -7.4513811437027798e+01
   9.5400000000000000e+02  -7.4005855447509504e+01
   9.5500000000000000e+02  -7.4110880233217102e+01
   9.5600000000000000e+02  -7.3977664100111895e+01
   9.5700000000000000e+02  -7.4091016727877303e+01
   9.5800000000000000e+02  -7.4071381351603307e+01
   9.5900000000000000e+02  -7.3862495673740298e+01
   9.6000000000000000e+02  -7.3460618341610697e+01
   9.6100000000000000e+02  -7.3718475699396606e+01
   9.6200000000000000e+02  -7.3735916793180294e+01
   9.6300000000000000e+02  -7.3814809093694294e+01
   9.6400000000000000e+02  -7.3704418817790099e+01
   9.6500000000000000e+02  -7.4184539492572497e+01
   9.6600000000000000e+02  -7.4310798665739497e+01
   9.6700000000000000e+02  -7.4022339130681402e+01
   9.6800000000000000e+02  -7.3990172540778005e+01
   9.6900000000000000e+02  -7.4132892951009097e+01
   9.7000000000000000e+02  -7.4017195798610999e+01
   9.7100000000000000e+02  -7.4059036075256799e+01
   9.7200000000000000e+02  -7.4246907138748895e+01
   9.7300000000000000e+02  -7.3404332403829500e+01
   9.7400000000000000e+02  -7.3570555085137002e+01
   9.7500000000000000e+02  -7.3516091576409806e+01
   9.7600000000000000e+02  -7.3587056908877699e+01
   9.7700000000000000e+02  -7.3483597660259505e+01
   9.7800000000000000e+02  -7.3623566745912598e+01
   9.7900000000000000e+02  -7.3880403181614895e+01
   9.8000000000000000e+02  -7.3760603769917594e+01
   9.8100000000000000e+02  -7.3113143259636402e+01
   9.8200000000000000e+02  -7.3253951145421993e+01
   9.8300000000000000e+02  -7.3681469891618207e+01
   9.8400000000000000e+02  -7.3418287726038201e+01
   9.8500000000000000e+02  -7.3415921594583295e+01
   9.8600000000000000e+02  -7.3609625708240202e+01
   9.8700000000000000e+02  -7.3602604866387694e+01
   9.8800000000000000e+02  -7.3864098997374498e+01
   9.8900000000000000e+02  -7.3655293016842805e+01
   9.9000000000000000e+02  -7.3275696919598801e+01
   9.9100000000000000e+02  -7.3015576389543000e+01
   9.9200000000000000e+02  -7.2767768954047099e+01
   9.9300000000000000e+02  -7.3054527687595794e+01
   9.9400000000000000e+02  -7.3041962199525400e+01
   9.9500000000000000e+02  -7.3518235216172897e+01
   9.9600000000000000e+02  -7.3630365879824694e+01
   9.9700000000000000e+02  -7.3293588929791596e+01
   9.9800000000000000e+02  -7.3499806823681396e+01
   9.9900000000000000e+02  -7.3090231492135302e+01
   1.0000000000000000e+03  -7.3273582235843605e+01
   1.0010000000000000e+03  -7.3139643914317503e+01
   1.0020000000000000e+03  -7.2923412884538905e+01
   1.0030000000000000e+03  -7.3139810509240206e+01
   1.0040000000000000e+03  -7.3898106914469594e+01
   1.0050000000000000e+03  -7.3301233050304205e+01
   1.0060000000000000e+03  -7.2887070891516004e+01
   1.0070000000000000e+03  -7.2959241725906793e+01
   1.0080000000000000e+03  -7.3341231735957606e+01
   1.0090000000000000e+03  -7.2779461686150299e+01
   1.0100000000000000e+03  -7.2697980511850105e+01
   1.0110000000000000e+03  -7.2835015826537500e+01
   1.0120000000000000e+03  -7.3314244444538204e+01
   1.0130000000000000e+03  -7.3098345383005494e+01
   1.0140000000000000e+03  -7.3440434882406606e+01
   1.0150000000000000e+03  -7.3685691238810506e+01
   1.0160000000000000e+03  -7.3812451175897294e+01
   1.0170000000000000e+03  -7.3211672500498693e+01
   1.0180000000000000e+03  -7.3354317694595693e+01
   1.0190000000000000e+03  -7.4020696196305593e+01
   1.0200000000000000e+03  -7.4198860968736398e+01
   1.0210000000000000e+03  -7.4275494486821799e+01
   1.0220000000000000e+03  -7.4125628181294303e+01
   1.0230000000000000e+03  -7.3916692604589699e+01
   1.0240000000000000e+03  -7.4262808693718895e+01
   1.0250000000000000e+03  -7.4853795627633701e+01
   1.0260000000000000e+03  -7.4694903722930405e+01
   1.0270000000000000e+03  -7.4657147100987004e+01
   1.0280000000000000e+03  -7.4917156301757700e+01
   1.0290000000000000e+03  -7.4959844243199598e+01
   1.0300000000000000e+03  -7.4935783303375999e+01
   1.0310000000000000e+03  -7.5131929375774803e+01
   1.0320000000000000e+03  -7.5013971478550999e+01
   1.0330000000000000e+03  -7.4871969337939603e+01
   1.0340000000000000e+03  -7.4685273793739199e+01
   1.0350000000000000e+03  -7.4559622201711093e+01
   1.0360000000000000e+03  -7.4185784619322305e+01
   1.0370000000000000e+03  -7.3959971947724895e+01
   1.0380000000000000e+03  -7.3748084457681600e+01
   1.0390000000000000e+03  -7.3891226584626196e+01
   1.0400000000000000e+03  -7.3873828543349006e+01
   1.0410000000000000e+03  -7.4081568707066694e+01
   1.0420000000000000e+03  -7.3388354162828094e+01
   1.0430000000000000e+03  -7.3710334099280999e+01
   1.0440000000000000e+03  -7.3780936082832994e+01
   1.0450000000000000e+03  -7.3137112385736600e+01
   1.0460000000000000e+03  -7.3034874167414998e+01
   1.0470000000000000e+03  -7.3038730519447896e+01
   1.0480000000000000e+03  -7.2726692596233093e+01
   1.0490000000000000e+03  -7.2551387863179997e+01
   1.0500000000000000e+03  -7.2222024121863996e+01
   1.0510000000000000e+03  -7.1888070751243902e+01
   1.0520000000000000e+03  -7.1947979906302294e+01
   1.0530000000000000e+03  -7.1718749513506197e+01
   1.0540000000000000e+03  -7.1497448088022594e+01
   1.0550000000000000e+03  -7.1601220059799999e+01
   1.0560000000000000e+03  -7.1639145151804797e+01
   1.0570000000000000e+03  -7.0765840145098807e+01
   1.0580000000000000e+03  -7.0848823336760304e+01
   1.0590000000000000e+03  -7.1013468431182105e+01
   1.0600000000000000e+03  -7.0956054345478506e+01
   1.0610000000000000e+03  -7.1064342732224304e+01
   1.0620000000000000e+03  -7.0975298216331396e+01
   1.0630000000000000e+03  -7.0725327721722195e+01
   1.0640000000000000e+03  -7.0447407272857006e+01
   1.0650000000000000e+03  -7.0935893814453294e+01
   1.0660000000000000e+03  -7.0522208234836299e+01
   1.0670000000000000e+03  -7.0542446299564602e+01
   1.0680000000000000e+03  -7.0237466662174000e+01
   1.0690000000000000e+03  -7.0256662450737707e+01
   1.0700000000000000e+03  -7.0740334176500198e+01
   1.0710000000000000e+03  -7.0905389188951304e+01
   1.0720000000000000e+03  -7.1018141973290497e+01
   1.0730000000000000e+03  -7.0954852340187500e+01
   1.0740000000000000e+03  -7.0130585357820095e+01
   1.0750000000000000e+03  -6.9843497279105804e+01
   1.0760000000000000e+03  -7.0239267063363698e+01
   1.0770000000000000e+03  -6.9998601067414896e+01
   1.0780000000000000e+03  -6.9752142716310104e+01
   1.0790000000000000e+03  -6.9396692124912605e+01
   1.0800000000000000e+03  -6.9340065138054598e+01
   1.0810000000000000e+03  -6.9618402300127201e+01
   1.0820000000000000e+03  -6.9753765501812595e+01
   1.0830000000000000e+03  -6.9914243425836503e+01
   1.0840000000000000e+03  -7.0522268048333800e+01
   1.0850000000000000e+03  -7.0222059986264398e+01
   1.0860000000000000e+03  -7.0481342777901006e+01
   1.0870000000000000e+03  -7.0584912496108700e+01
   1.0880000000000000e+03  -7.0947767313175305e+01
   1.0890000000000000e+03  -7.1197534599375501e+01
   1.0900000000000000e+03  -7.0924862684494599e+01
   1.0910000000000000e+03  -7.1350597853217806e+01
   1.0920000000000000e+03  -7.1665198536840407e+01
