  -1.0000000000000000e+02  -7.0401499690563199e+01
  -9.9000000000000000e+01  -7.0278604403282202e+01
  -9.8000000000000000e+01  -7.0715565410548706e+01
  -9.7000000000000000e+01  -7.0806993642598499e+01
  -9.6000000000000000e+01  -7.1059688427355397e+01
  -9.5000000000000000e+01  -7.0822948863612694e+01
  -9.4000000000000000e+01  -7.1078352805858898e+01
  -9.3000000000000000e+01  -7.1273239032489101e+01
  -9.2000000000000000e+01  -7.1465904055094001e+01
  -9.1000000000000000e+01  -7.1895036655900697e+01
  -9.0000000000000000e+01  -7.1896221565136102e+01
  -8.9000000000000000e+01  -7.2117014783331001e+01
  -8.8000000000000000e+01  -7.2631344860830595e+01
  -8.7000000000000000e+01  -7.2235362731619503e+01
  -8.6000000000000000e+01  -7.1801087552557306e+01
  -8.5000000000000000e+01  -7.1476045237957905e+01
  -8.4000000000000000e+01  -7.1317225822811395e+01
  -8.3000000000000000e+01  -7.1251847689539403e+01
  -8.2000000000000000e+01  -7.1119174294097903e+01
  -8.1000000000000000e+01  -7.1383379638352295e+01
  -8.0000000000000000e+01  -7.1521568575543597e+01
  -7.9000000000000000e+01  -7.2187482557246298e+01
  -7.8000000000000000e+01  -7.2280872823894697e+01
  -7.7000000000000000e+01  -7.1876778573459006e+01
  -7.6000000000000000e+01  -7.2253420271547697e+01
  -7.5000000000000000e+01  -7.1177835893173594e+01
  -7.4000000000000000e+01  -7.0786343044600301e+01
  -7.3000000000000000e+01  -7.0664049647319999e+01
  -7.2000000000000000e+01  -7.0238879064849399e+01
  -7.1000000000000000e+01  -7.0253116015866894e+01
  -7.0000000000000000e+01  -6.9499146101603898e+01
  -6.9000000000000000e+01  -6.9648322576412497e+01
  -6.8000000000000000e+01  -6.9304696661489700e+01
  -6.7000000000000000e+01  -6.9543806946883706e+01
  -6.6000000000000000e+01  -6.9452049474976704e+01
  -6.5000000000000000e+01  -7.0413211965523601e+01
  -6.4000000000000000e+01  -7.0487594278094903e+01
  -6.3000000000000000e+01  -7.0007614041842601e+01
  -6.2000000000000000e+01  -7.0137369640728295e+01
  -6.1000000000000000e+01  -6.9640851656899997e+01
  -6.0000000000000000e+01  -6.9369877756468696e+01
  -5.9000000000000000e+01  -6.9183456302575905e+01
  -5.8000000000000000e+01  -6.9094055854960004e+01
  -5.7000000000000000e+01  -6.8828867232629094e+01
  -5.6000000000000000e+01  -6.8930730416306005e+01
  -5.5000000000000000e+01  -6.8980128210707704e+01
  -5.4000000000000000e+01  -6.9330245998932099e+01
  -5.3000000000000000e+01  -6.9992378809908104e+01
  -5.2000000000000000e+01  -7.0409464577661097e+01
  -5.1000000000000000e+01  -7.0782881813415401e+01
  -5.0000000000000000e+01  -7.0616200264629597e+01
  -4.9000000000000000e+01  -7.0425084474737403e+01
  -4.8000000000000000e+01  -7.0457131538138498e+01
  -4.7000000000000000e+01  -7.0139482917042898e+01
  -4.6000000000000000e+01  -6.9995594048106895e+01
  -4.5000000000000000e+01  -6.9978532999461805e+01
  -4.4000000000000000e+01  -7.0339450661679606e+01
  -4.3000000000000000e+01  -6.9984811853102897e+01
  -4.2000000000000000e+01  -7.0053008320072493e+01
  -4.1000000000000000e+01  -7.0026364179037401e+01
  -4.0000000000000000e+01  -6.9581339401532901e+01
  -3.9000000000000000e+01  -6.9273580180403897e+01
  -3.8000000000000000e+01  -6.9243985556145006e+01
  -3.7000000000000000e+01  -6.9185330035101202e+01
  -3.6000000000000000e+01  -6.9403260870808296e+01
  -3.5000000000000000e+01  -6.9638822929032500e+01
  -3.4000000000000000e+01  -6.9406803227033905e+01
  -3.3000000000000000e+01  -6.9537698778933105e+01
  -3.2000000000000000e+01  -6.9878624687195995e+01
  -3.1000000000000000e+01  -6.9658051102609306e+01
  -3.0000000000000000e+01  -6.9591378315452602e+01
  -2.9000000000000000e+01  -6.9281892937646404e+01
  -2.8000000000000000e+01  -6.9179965610514600e+01
  -2.7000000000000000e+01  -6.9199159414144503e+01
  -2.6000000000000000e+01  -6.8339455239534502e+01
  -2.5000000000000000e+01  -6.8164134464614904e+01
  -2.4000000000000000e+01  -6.7872295284649397e+01
  -2.3000000000000000e+01  -6.7794332244308293e+01
  -2.2000000000000000e+01  -6.7644782977835504e+01
  -2.1000000000000000e+01  -6.7632507843974594e+01
  -2.0000000000000000e+01  -6.7957657126503307e+01
  -1.9000000000000000e+01  -6.7391635372195594e+01
  -1.8000000000000000e+01  -6.6864197146862594e+01
  -1.7000000000000000e+01  -6.6383939891097398e+01
  -1.6000000000000000e+01  -6.6197580051634503e+01
  -1.5000000000000000e+01  -6.6255169223114507e+01
  -1.4000000000000000e+01  -6.6269476648323305e+01
  -1.3000000000000000e+01  -6.5432057180057001e+01
  -1.2000000000000000e+01  -6.4759233874790397e+01
  -1.1000000000000000e+01  -6.4136316763440405e+01
  -1.0000000000000000e+01  -6.3024030187057797e+01
  -9.0000000000000000e+00  -6.3285792716283197e+01
  -8.0000000000000000e+00  -6.2841854320410100e+01
  -7.0000000000000000e+00  -6.2033409646663003e+01
  -6.0000000000000000e+00  -6.1106003287926399e+01
  -5.0000000000000000e+00  -5.9873443955413300e+01
  -4.0000000000000000e+00  -5.8412227225650597e+01
  -3.0000000000000000e+00  -5.5594784278103297e+01
  -2.0000000000000000e+00  -5.0092397699351402e+01
  -1.0000000000000000e+00  -2.9708902813498700e+01
   0.0000000000000000e+00  -4.8746973412504797e+00
   1.0000000000000000e+00   1.0114404758080500e+01
   2.0000000000000000e+00   1.8701509159781800e+01
   3.0000000000000000e+00   2.3348293478413002e+01
   4.0000000000000000e+00   2.5358344965650002e+01
   5.0000000000000000e+00   2.6365811510985601e+01
   6.0000000000000000e+00   2.6719157740326398e+01
   7.0000000000000000e+00   2.7424735332414201e+01
   8.0000000000000000e+00   2.7872302314564099e+01
   9.0000000000000000e+00   2.8311604177065501e+01
   1.0000000000000000e+01   2.8321651635487999e+01
   1.1000000000000000e+01   2.8603845707035600e+01
   1.2000000000000000e+01   2.9113824900258599e+01
   1.3000000000000000e+01   2.9468797226636699e+01
   1.4000000000000000e+01   2.9619401783707900e+01
   1.5000000000000000e+01   2.9921453094762899e+01
   1.6000000000000000e+01   3.0231030533399899e+01
   1.7000000000000000e+01   3.0678505228033899e+01
   1.8000000000000000e+01   3.0515222231596201e+01
   1.9000000000000000e+01   3.1074161439193102e+01
   2.0000000000000000e+01   3.1561243430209899e+01
   2.1000000000000000e+01   3.0698759730238400e+01
   2.2000000000000000e+01   3.0849959138767002e+01
   2.3000000000000000e+01   3.0866984761617800e+01
   2.4000000000000000e+01   3.0478373858914999e+01
   2.5000000000000000e+01   3.0742139162529000e+01
   2.6000000000000000e+01   3.0809539107921200e+01
   2.7000000000000000e+01   3.0677680294873401e+01
   2.8000000000000000e+01   3.0505697974504798e+01
   2.9000000000000000e+01   3.0082325017399999e+01
   3.0000000000000000e+01   3.0230944007466899e+01
   3.1000000000000000e+01   3.0261008419472500e+01
   3.2000000000000000e+01   3.0377965523867399e+01
   3.3000000000000000e+01   3.0228596922290102e+01
   3.4000000000000000e+01   3.0330664222954901e+01
   3.5000000000000000e+01   3.0780552636727101e+01
   3.6000000000000000e+01   3.1368679795859901e+01
   3.7000000000000000e+01   3.1458318128113401e+01
   3.8000000000000000e+01   3.1066676367604099e+01
   3.9000000000000000e+01   3.1427175358631700e+01
   4.0000000000000000e+01   3.1542327851467402e+01
   4.1000000000000000e+01   3.1560240761820801e+01
   4.2000000000000000e+01   3.2138117861693800e+01
   4.3000000000000000e+01   3.2126206671121899e+01
   4.4000000000000000e+01   3.2433879371229501e+01
   4.5000000000000000e+01   3.2900874585247600e+01
   4.6000000000000000e+01   3.2910232666897500e+01
   4.7000000000000000e+01   3.3281065306092600e+01
   4.8000000000000000e+01   3.3519226037769101e+01
   4.9000000000000000e+01   3.3666202403159097e+01
   5.0000000000000000e+01   3.4115995351673703e+01
   5.1000000000000000e+01   3.4275052702400203e+01
   5.2000000000000000e+01   3.4199318120036800e+01
   5.3000000000000000e+01   3.4364308235979998e+01
   5.4000000000000000e+01   3.4718315035881801e+01
   5.5000000000000000e+01   3.3925407495130798e+01
   5.6000000000000000e+01   3.4439472119391503e+01
   5.7000000000000000e+01   3.4413071806610098e+01
   5.8000000000000000e+01   3.4685053684947100e+01
   5.9000000000000000e+01   3.4535635886434001e+01
   6.0000000000000000e+01   3.4977224082542001e+01
   6.1000000000000000e+01   3.5028983950948799e+01
   6.2000000000000000e+01   3.4956777838500301e+01
   6.3000000000000000e+01   3.5142693632956203e+01
   6.4000000000000000e+01   3.5210519339658802e+01
   6.5000000000000000e+01   3.4900938641956998e+01
   6.6000000000000000e+01   3.5399898226034601e+01
   6.7000000000000000e+01   3.5337814373771600e+01
   6.8000000000000000e+01   3.5304651445273898e+01
   6.9000000000000000e+01   3.5082767498947497e+01
   7.0000000000000000e+01   3.5378563062711898e+01
   7.1000000000000000e+01   3.5709267969182498e+01
   7.2000000000000000e+01   3.5914870548926899e+01
   7.3000000000000000e+01   3.6118701404014402e+01
   7.4000000000000000e+01   3.6438449554223702e+01
   7.5000000000000000e+01   3.5935714128839898e+01
   7.6000000000000000e+01   3.5980769867947998e+01
   7.7000000000000000e+01   3.6191665697790498e+01
   7.8000000000000000e+01   3.5884699764119603e+01
   7.9000000000000000e+01   3.5872161000062100e+01
   8.0000000000000000e+01   3.5935147540469799e+01
   8.1000000000000000e+01   3.6139548430529402e+01
   8.2000000000000000e+01   3.6417356493806800e+01
   8.3000000000000000e+01   3.6874166255495197e+01
   8.4000000000000000e+01   3.6706018917553500e+01
   8.5000000000000000e+01   3.6791131147866899e+01
   8.6000000000000000e+01   3.6782720153299998e+01
   8.7000000000000000e+01   3.6250985685762700e+01
   8.8000000000000000e+01   3.6504968810791901e+01
   8.9000000000000000e+01   3.6092378199962603e+01
   9.0000000000000000e+01   3.6016735850043702e+01
   9.1000000000000000e+01   3.5865914445089700e+01
   9.2000000000000000e+01   3.6237507007686901e+01
   9.3000000000000000e+01   3.6414189611035603e+01
   9.4000000000000000e+01   3.6162412922254802e+01
   9.5000000000000000e+01   3.5926193452353800e+01
   9.6000000000000000e+01   3.6324481973360001e+01
   9.7000000000000000e+01   3.5890749529423800e+01
   9.8000000000000000e+01   3.5579703960502201e+01
   9.9000000000000000e+01   3.6045110575175798e+01
   1.0000000000000000e+02   3.6194418172003203e+01
   1.0100000000000000e+02   3.5938143439883397e+01
   1.0200000000000000e+02   3.5961832679851099e+01
   1.0300000000000000e+02   3.6120003763761098e+01
   1.0400000000000000e+02   3.6256395506314703e+01
   1.0500000000000000e+02   3.5857106676518598e+01
   1.0600000000000000e+02   3.5828295570425503e+01
   1.0700000000000000e+02   3.6423808423069602e+01
   1.0800000000000000e+02   3.6588571047337403e+01
   1.0900000000000000e+02   3.6927292641463900e+01
   1.1000000000000000e+02   3.6891492177815401e+01
   1.1100000000000000e+02   3.7055625489402601e+01
   1.1200000000000000e+02   3.6937016229720903e+01
   1.1300000000000000e+02   3.6643191367168598e+01
   1.1400000000000000e+02   3.6330901445397501e+01
   1.1500000000000000e+02   3.6217119780859399e+01
   1.1600000000000000e+02   3.6050899409647599e+01
   1.1700000000000000e+02   3.6356334807780001e+01
   1.1800000000000000e+02   3.6151683398976402e+01
   1.1900000000000000e+02   3.5543355218893602e+01
   1.2000000000000000e+02   3.5531435532503899e+01
   1.2100000000000000e+02   3.5441407011146303e+01
   1.2200000000000000e+02   3.5521006340775202e+01
   1.2300000000000000e+02   3.5984485664754899e+01
   1.2400000000000000e+02   3.5643691773035599e+01
   1.2500000000000000e+02   3.5629050841882098e+01
   1.2600000000000000e+02   3.5416454202597301e+01
   1.2700000000000000e+02   3.5688831546853898e+01
   1.2800000000000000e+02   3.5508908228281904e+01
   1.2900000000000000e+02   3.5440718389024298e+01
   1.3000000000000000e+02   3.5899995820408499e+01
   1.3100000000000000e+02   3.5727866435736701e+01
   1.3200000000000000e+02   3.5653221826830297e+01
   1.3300000000000000e+02   3.5385981329812097e+01
   1.3400000000000000e+02   3.5519445296358697e+01
   1.3500000000000000e+02   3.5627394736344101e+01
   1.3600000000000000e+02   3.5996804881094803e+01
   1.3700000000000000e+02   3.5816038276403802e+01
   1.3800000000000000e+02   3.5602768653651601e+01
   1.3900000000000000e+02   3.5365782766884699e+01
   1.4000000000000000e+02   3.4795257969558101e+01
   1.4100000000000000e+02   3.4861496727238404e+01
   1.4200000000000000e+02   3.4675400583852898e+01
   1.4300000000000000e+02   3.4560043064301702e+01
   1.4400000000000000e+02   3.4503323553976500e+01
   1.4500000000000000e+02   3.4307953004063698e+01
   1.4600000000000000e+02   3.4364159374979202e+01
   1.4700000000000000e+02   3.4458396268034001e+01
   1.4800000000000000e+02   3.4795813460253903e+01
   1.4900000000000000e+02   3.4269968343584701e+01
   1.5000000000000000e+02   3.4648061204430398e+01
   1.5100000000000000e+02   3.4403134745659202e+01
   1.5200000000000000e+02   3.5100236818889897e+01
   1.5300000000000000e+02   3.5075169990777397e+01
   1.5400000000000000e+02   3.5841846225703897e+01
   1.5500000000000000e+02   3.5711437109202798e+01
   1.5600000000000000e+02   3.5559533776568401e+01
   1.5700000000000000e+02   3.5487526017039301e+01
   1.5800000000000000e+02   3.4885573322131897e+01
   1.5900000000000000e+02   3.4560476088125498e+01
   1.6000000000000000e+02   3.4323368884103601e+01
   1.6100000000000000e+02   3.4400811705821901e+01
   1.6200000000000000e+02   3.4247696123975203e+01
   1.6300000000000000e+02   3.3868289260404403e+01
   1.6400000000000000e+02   3.3723333815799897e+01
   1.6500000000000000e+02   3.3461177858553498e+01
   1.6600000000000000e+02   3.2987168250998998e+01
   1.6700000000000000e+02   3.2413682226117601e+01
   1.6800000000000000e+02   3.2607650482565703e+01
   1.6900000000000000e+02   3.3078069413979698e+01
   1.7000000000000000e+02   3.2776358634177598e+01
   1.7100000000000000e+02   3.3122082655492399e+01
   1.7200000000000000e+02   3.2930481085290097e+01
   1.7300000000000000e+02   3.2226652374579601e+01
   1.7400000000000000e+02   3.2090385540740897e+01
   1.7500000000000000e+02   3.1901430358573901e+01
   1.7600000000000000e+02   3.2283680428395201e+01
   1.7700000000000000e+02   3.2186850293049197e+01
   1.7800000000000000e+02   3.1780356614673000e+01
   1.7900000000000000e+02   3.1827434853333799e+01
   1.8000000000000000e+02   3.1858747663956699e+01
   1.8100000000000000e+02   3.1711612444309001e+01
   1.8200000000000000e+02   3.1669787086147501e+01
   1.8300000000000000e+02   3.1805238449596899e+01
   1.8400000000000000e+02   3.1422727784017201e+01
   1.8500000000000000e+02   3.1936606659687499e+01
   1.8600000000000000e+02   3.1565286582041200e+01
   1.8700000000000000e+02   3.1524473358169001e+01
   1.8800000000000000e+02   3.1610940352864301e+01
   1.8900000000000000e+02   3.2123626631453803e+01
   1.9000000000000000e+02   3.1841157414307300e+01
   1.9100000000000000e+02   3.1824912940930599e+01
   1.9200000000000000e+02   3.1486989434897499e+01
   1.9300000000000000e+02   3.1476389386865499e+01
   1.9400000000000000e+02   3.1531950293996800e+01
   1.9500000000000000e+02   3.1603387461763599e+01
   1.9600000000000000e+02   3.1544501711906900e+01
   1.9700000000000000e+02   3.1089754527921599e+01
   1.9800000000000000e+02   3.1343973596823002e+01
   1.9900000000000000e+02   3.1203679345539499e+01
   2.0000000000000000e+02   3.1725267405000800e+01
   2.0100000000000000e+02   3.1598771418040400e+01
   2.0200000000000000e+02   3.1070453629038902e+01
   2.0300000000000000e+02   3.1015843609896699e+01
   2.0400000000000000e+02   3.1093012011673000e+01
   2.0500000000000000e+02   3.1048555425003801e+01
   2.0600000000000000e+02   3.0809452390941001e+01
   2.0700000000000000e+02   3.0724677134287500e+01
   2.0800000000000000e+02   3.0555608186529302e+01
   2.0900000000000000e+02   3.0184268520569400e+01
   2.1000000000000000e+02   3.0219341804481200e+01
   2.1100000000000000e+02   3.0277815714728298e+01
   2.1200000000000000e+02   2.9929486170198800e+01
   2.1300000000000000e+02   2.9823542685994202e+01
   2.1400000000000000e+02   2.9940290904891100e+01
   2.1500000000000000e+02   2.9203496787582100e+01
   2.1600000000000000e+02   2.9204473595537799e+01
   2.1700000000000000e+02   2.9394531977726398e+01
   2.1800000000000000e+02   2.9220503659748498e+01
   2.1900000000000000e+02   2.9411246866441601e+01
   2.2000000000000000e+02   2.8911405538025399e+01
   2.2100000000000000e+02   2.8056315290714299e+01
   2.2200000000000000e+02   2.8106607578953199e+01
   2.2300000000000000e+02   2.8390046481666101e+01
   2.2400000000000000e+02   2.7866977158825900e+01
   2.2500000000000000e+02   2.7544745115570201e+01
   2.2600000000000000e+02   2.7314620229187899e+01
   2.2700000000000000e+02   2.7621122797644801e+01
   2.2800000000000000e+02   2.7396925421158400e+01
   2.2900000000000000e+02   2.7598373868423000e+01
   2.3000000000000000e+02   2.7633279389107201e+01
   2.3100000000000000e+02   2.7332187396694600e+01
   2.3200000000000000e+02   2.7188731738062099e+01
   2.3300000000000000e+02   2.6947283535097299e+01
   2.3400000000000000e+02   2.7025835350905400e+01
   2.3500000000000000e+02   2.7285810134599100e+01
   2.3600000000000000e+02   2.6721484262771199e+01
   2.3700000000000000e+02   2.6632144417872802e+01
   2.3800000000000000e+02   2.6489008261518499e+01
   2.3900000000000000e+02   2.6393814328423201e+01
   2.4000000000000000e+02   2.5972966817872699e+01
   2.4100000000000000e+02   2.6333417494669298e+01
   2.4200000000000000e+02   2.6088822637337199e+01
   2.4300000000000000e+02   2.5814504821677101e+01
   2.4400000000000000e+02   2.5036227825998399e+01
   2.4500000000000000e+02   2.4612688927763799e+01
   2.4600000000000000e+02   2.4487947239426500e+01
   2.4700000000000000e+02   2.4768635151902402e+01
   2.4800000000000000e+02   2.4321345490570199e+01
   2.4900000000000000e+02   2.4613259557687702e+01
   2.5000000000000000e+02   2.4376744279989701e+01
   2.5100000000000000e+02   2.4766363844343498e+01
   2.5200000000000000e+02   2.4754657752732800e+01
   2.5300000000000000e+02   2.4549648327712902e+01
   2.5400000000000000e+02   2.4677036877316201e+01
   2.5500000000000000e+02   2.5146327343774701e+01
   2.5600000000000000e+02   2.5195145559796099e+01
   2.5700000000000000e+02   2.4651952948491900e+01
   2.5800000000000000e+02   2.4593769843495298e+01
   2.5900000000000000e+02   2.4503142401102700e+01
   2.6000000000000000e+02   2.3912861060154999e+01
   2.6100000000000000e+02   2.3529037734918301e+01
   2.6200000000000000e+02   2.3218003365849899e+01
   2.6300000000000000e+02   2.2814638205447402e+01
   2.6400000000000000e+02   2.2366780383805700e+01
   2.6500000000000000e+02   2.2086838720044199e+01
   2.6600000000000000e+02   2.1639461782927601e+01
   2.6700000000000000e+02   2.1786718929732800e+01
   2.6800000000000000e+02   2.2044388767038100e+01
   2.6900000000000000e+02   2.1331789763687699e+01
   2.7000000000000000e+02   2.1293326108896601e+01
   2.7100000000000000e+02   2.1542008690796699e+01
   2.7200000000000000e+02   2.1481189110257599e+01
   2.7300000000000000e+02   2.1508326994992199e+01
   2.7400000000000000e+02   2.0937678168123700e+01
   2.7500000000000000e+02   2.0476860020262500e+01
   2.7600000000000000e+02   2.0438532609838099e+01
   2.7700000000000000e+02   2.0343474971236301e+01
   2.7800000000000000e+02   1.9949685892604201e+01
   2.7900000000000000e+02   2.0205395195590999e+01
   2.8000000000000000e+02   1.9991518927656401e+01
   2.8100000000000000e+02   1.9597079318118698e+01
   2.8200000000000000e+02   2.0073182851740800e+01
   2.8300000000000000e+02   1.9496777070523802e+01
   2.8400000000000000e+02   1.9649385877980500e+01
   2.8500000000000000e+02   2.0077874188427799e+01
   2.8600000000000000e+02   2.0199155969044099e+01
   2.8700000000000000e+02   1.9843447439689800e+01
   2.8800000000000000e+02   1.9470704757635001e+01
   2.8900000000000000e+02   1.9399099818263601e+01
   2.9000000000000000e+02   1.8682756923618701e+01
   2.9100000000000000e+02   1.8303703772844901e+01
   2.9200000000000000e+02   1.8405698472994601e+01
   2.9300000000000000e+02   1.8495143117878801e+01
   2.9400000000000000e+02   1.8526733823688399e+01
   2.9500000000000000e+02   1.7924886700878201e+01
   2.9600000000000000e+02   1.7112086386467599e+01
   2.9700000000000000e+02   1.7199227195819500e+01
   2.9800000000000000e+02   1.7201424847167601e+01
   2.9900000000000000e+02   1.6674236455011801e+01
   3.0000000000000000e+02   1.6695159158910201e+01
   3.0100000000000000e+02   1.6689728235326701e+01
   3.0200000000000000e+02   1.6710065846474500e+01
   3.0300000000000000e+02   1.6916848569161001e+01
   3.0400000000000000e+02   1.6461038557047100e+01
   3.0500000000000000e+02   1.6327661538440001e+01
   3.0600000000000000e+02   1.6063154129484001e+01
   3.0700000000000000e+02   1.6400046911087301e+01
   3.0800000000000000e+02   1.5703601210132600e+01
   3.0900000000000000e+02   1.5796077786964799e+01
   3.1000000000000000e+02   1.4944741826885799e+01
   3.1100000000000000e+02   1.4583627628364500e+01
   3.1200000000000000e+02   1.4492712330871001e+01
   3.1300000000000000e+02   1.4233420857413600e+01
   3.1400000000000000e+02   1.4194218964727900e+01
   3.1500000000000000e+02   1.4072486261534101e+01
   3.1600000000000000e+02   1.3893549778656499e+01
   3.1700000000000000e+02   1.3419903935662900e+01
   3.1800000000000000e+02   1.2815590008140600e+01
   3.1900000000000000e+02   1.2111481134553999e+01
   3.2000000000000000e+02   1.2091990455245000e+01
   3.2100000000000000e+02   1.1821880909251901e+01
   3.2200000000000000e+02   1.1415575952498100e+01
   3.2300000000000000e+02   1.1117368426754201e+01
   3.2400000000000000e+02   1.1326095766497000e+01
   3.2500000000000000e+02   1.1192103290998800e+01
   3.2600000000000000e+02   1.0949752795494200e+01
   3.2700000000000000e+02   1.1313955955753400e+01
   3.2800000000000000e+02   1.1263259276037600e+01
   3.2900000000000000e+02   1.1254422726502399e+01
   3.3000000000000000e+02   1.1128693579058201e+01
   3.3100000000000000e+02   1.0898652050908099e+01
   3.3200000000000000e+02   1.1346747692784900e+01
   3.3300000000000000e+02   1.1103712151179900e+01
   3.3400000000000000e+02   1.1404474039074399e+01
   3.3500000000000000e+02   1.1636857268410299e+01
   3.3600000000000000e+02   1.1299892996044900e+01
   3.3700000000000000e+02   1.1212443993978800e+01
   3.3800000000000000e+02   1.0944621805253799e+01
   3.3900000000000000e+02   1.0717921511758000e+01
   3.4000000000000000e+02   1.0588522654711999e+01
   3.4100000000000000e+02   1.0376465348090401e+01
   3.4200000000000000e+02   9.9786091958609600e+00
   3.4300000000000000e+02   1.0168455877453500e+01
   3.4400000000000000e+02   1.0653545236822501e+01
   3.4500000000000000e+02   1.0454131451992900e+01
   3.4600000000000000e+02   1.0647640430204000e+01
   3.4700000000000000e+02   1.0622498633802399e+01
   3.4800000000000000e+02   1.0728489139490399e+01
   3.4900000000000000e+02   1.0523410537183000e+01
   3.5000000000000000e+02   1.0440431302025800e+01
   3.5100000000000000e+02   1.0091432848424100e+01
   3.5200000000000000e+02   9.6380104685793704e+00
   3.5300000000000000e+02   9.4850148369805805e+00
   3.5400000000000000e+02   9.1548626324180695e+00
   3.5500000000000000e+02   8.1937130037860300e+00
   3.5600000000000000e+02   7.9804427314847404e+00
   3.5700000000000000e+02   8.0375870302564998e+00
   3.5800000000000000e+02   7.6217839964250098e+00
   3.5900000000000000e+02   6.7450314098239303e+00
   3.6000000000000000e+02   6.4341350278258096e+00
   3.6100000000000000e+02   6.1767994166416003e+00
   3.6200000000000000e+02   6.0667117110607496e+00
   3.6300000000000000e+02   5.8412878329160796e+00
   3.6400000000000000e+02   6.1658875131612296e+00
   3.6500000000000000e+02   5.6344977191328800e+00
   3.6600000000000000e+02   5.2282072570508200e+00
   3.6700000000000000e+02   5.1163696333273698e+00
   3.6800000000000000e+02   4.9166162466079397e+00
   3.6900000000000000e+02   4.6681944403542701e+00
   3.7000000000000000e+02   4.6119855660040203e+00
   3.7100000000000000e+02   4.3207964826277099e+00
   3.7200000000000000e+02   4.4412976697948103e+00
   3.7300000000000000e+02   4.4884070372739497e+00
   3.7400000000000000e+02   4.5325360604959100e+00
   3.7500000000000000e+02   4.2765268932961300e+00
   3.7600000000000000e+02   3.7291174254266699e+00
   3.7700000000000000e+02   3.7336323427237099e+00
   3.7800000000000000e+02   3.5808087215031401e+00
   3.7900000000000000e+02   3.7306181942284198e+00
   3.8000000000000000e+02   3.2885884512081298e+00
   3.8100000000000000e+02   3.4396486086862699e+00
   3.8200000000000000e+02   2.8526439283068901e+00
   3.8300000000000000e+02   2.8945456322228500e+00
   3.8400000000000000e+02   2.3739060013504001e+00
   3.8500000000000000e+02   2.0872689170750398e+00
   3.8600000000000000e+02   2.1335414542329998e+00
   3.8700000000000000e+02   2.6577939704032798e+00
   3.8800000000000000e+02   2.3188469771893399e+00
   3.8900000000000000e+02   1.9418197149368099e+00
   3.9000000000000000e+02   1.7056257103555601e+00
   3.9100000000000000e+02   1.3669416676069901e+00
   3.9200000000000000e+02   1.0434561429019700e+00
   3.9300000000000000e+02   3.6021740113036499e-01
   3.9400000000000000e+02   5.4353337995565798e-01
   3.9500000000000000e+02  -2.5170937496540702e-01
   3.9600000000000000e+02  -6.9454093522782301e-01
   3.9700000000000000e+02  -7.2286768472994301e-01
   3.9800000000000000e+02  -3.7342621289769801e-01
   3.9900000000000000e+02  -6.0882807442875198e-01
   4.0000000000000000e+02  -8.9913946853041204e-01
   4.0100000000000000e+02  -1.1061318340542801e+00
   4.0200000000000000e+02  -1.3901019844994100e+00
   4.0300000000000000e+02  -1.3899038865085001e+00
   4.0400000000000000e+02  -1.6868979169301801e+00
   4.0500000000000000e+02  -2.2696876031814002e+00
   4.0600000000000000e+02  -2.5651070637595299e+00
   4.0700000000000000e+02  -2.8528829965623199e+00
   4.0800000000000000e+02  -3.1214049617566602e+00
   4.0900000000000000e+02  -3.5774570559498100e+00
   4.1000000000000000e+02  -4.0448251486498901e+00
   4.1100000000000000e+02  -4.3919704953315399e+00
   4.1200000000000000e+02  -4.7072543299878902e+00
   4.1300000000000000e+02  -5.2816179402042200e+00
   4.1400000000000000e+02  -5.6497954869125202e+00
   4.1500000000000000e+02  -6.0678698359339700e+00
   4.1600000000000000e+02  -6.4255048391206397e+00
   4.1700000000000000e+02  -6.6681599903100404e+00
   4.1800000000000000e+02  -7.1000739819709899e+00
   4.1900000000000000e+02  -7.8468518827771803e+00
   4.2000000000000000e+02  -8.4094368629413498e+00
   4.2100000000000000e+02  -8.3400577149126605e+00
   4.2200000000000000e+02  -8.3967953515773193e+00
   4.2300000000000000e+02  -8.9991496805619597e+00
   4.2400000000000000e+02  -9.5198673596454206e+00
   4.2500000000000000e+02  -1.0021235363399700e+01
   4.2600000000000000e+02  -1.0346793444545600e+01
   4.2700000000000000e+02  -1.0897721361534501e+01
   4.2800000000000000e+02  -1.1512191600800000e+01
   4.2900000000000000e+02  -1.1971214129294200e+01
   4.3000000000000000e+02  -1.2454210604985899e+01
   4.3100000000000000e+02  -1.2640728441632801e+01
   4.3200000000000000e+02  -1.3199303840745200e+01
   4.3300000000000000e+02  -1.3819169646683800e+01
   4.3400000000000000e+02  -1.3863857431619101e+01
   4.3500000000000000e+02  -1.3770806940104601e+01
   4.3600000000000000e+02  -1.4016585360741001e+01
   4.3700000000000000e+02  -1.4337394210965300e+01
   4.3800000000000000e+02  -1.4981806593817000e+01
   4.3900000000000000e+02  -1.5563354863501299e+01
   4.4000000000000000e+02  -1.6009879434755501e+01
   4.4100000000000000e+02  -1.6174167315613900e+01
   4.4200000000000000e+02  -1.6642123165835301e+01
   4.4300000000000000e+02  -1.6847256890353300e+01
   4.4400000000000000e+02  -1.6672149826071401e+01
   4.4500000000000000e+02  -1.6997467329145302e+01
   4.4600000000000000e+02  -1.7629113362879501e+01
   4.4700000000000000e+02  -1.7574346330090702e+01
   4.4800000000000000e+02  -1.8137080988095299e+01
   4.4900000000000000e+02  -1.8092840991328199e+01
   4.5000000000000000e+02  -1.8212945960374000e+01
   4.5100000000000000e+02  -1.8299662354058899e+01
   4.5200000000000000e+02  -1.8782577804302399e+01
   4.5300000000000000e+02  -1.9383381089946099e+01
   4.5400000000000000e+02  -1.9515429053576899e+01
   4.5500000000000000e+02  -1.9656482633023600e+01
   4.5600000000000000e+02  -2.0581066345179199e+01
   4.5700000000000000e+02  -2.1215171279383998e+01
   4.5800000000000000e+02  -2.1811870162773300e+01
   4.5900000000000000e+02  -2.1911308419123600e+01
   4.6000000000000000e+02  -2.2496193784509501e+01
   4.6100000000000000e+02  -2.2525244256302098e+01
   4.6200000000000000e+02  -2.2906886449919899e+01
   4.6300000000000000e+02  -2.3629924346789402e+01
   4.6400000000000000e+02  -2.4550087265487800e+01
   4.6500000000000000e+02  -2.4820759187895700e+01
   4.6600000000000000e+02  -2.5148045079096502e+01
   4.6700000000000000e+02  -2.5830343534467399e+01
   4.6800000000000000e+02  -2.6460825394406001e+01
   4.6900000000000000e+02  -2.6973190928614802e+01
   4.7000000000000000e+02  -2.7416014432023999e+01
   4.7100000000000000e+02  -2.8312042322599599e+01
   4.7200000000000000e+02  -2.9260278861577699e+01
   4.7300000000000000e+02  -2.9818461599157398e+01
   4.7400000000000000e+02  -2.9944002218094500e+01
   4.7500000000000000e+02  -3.0079360690739900e+01
   4.7600000000000000e+02  -3.0610167779649700e+01
   4.7700000000000000e+02  -3.1496431098056100e+01
   4.7800000000000000e+02  -3.2257659365758400e+01
   4.7900000000000000e+02  -3.2871284681953597e+01
   4.8000000000000000e+02  -3.3594714189691103e+01
   4.8100000000000000e+02  -3.3929632576434500e+01
   4.8200000000000000e+02  -3.4700077076961698e+01
   4.8300000000000000e+02  -3.4886512886894401e+01
   4.8400000000000000e+02  -3.4810554192413797e+01
   4.8500000000000000e+02  -3.5454864012603203e+01
   4.8600000000000000e+02  -3.5662327021561502e+01
   4.8700000000000000e+02  -3.5964857264991501e+01
   4.8800000000000000e+02  -3.6215272355699703e+01
   4.8900000000000000e+02  -3.6939248930965903e+01
   4.9000000000000000e+02  -3.7643895900608698e+01
   4.9100000000000000e+02  -3.7628002602744800e+01
   4.9200000000000000e+02  -3.8389961321332997e+01
   4.9300000000000000e+02  -3.8862044599874203e+01
   4.9400000000000000e+02  -3.9380943708030699e+01
   4.9500000000000000e+02  -3.9662558121030600e+01
   4.9600000000000000e+02  -4.0187265254346201e+01
   4.9700000000000000e+02  -4.0275847775408302e+01
   4.9800000000000000e+02  -4.0986962010051897e+01
   4.9900000000000000e+02  -4.1811541120628902e+01
   5.0000000000000000e+02  -4.1960688028397101e+01
   5.0100000000000000e+02  -4.2363305334993001e+01
   5.0200000000000000e+02  -4.2807142641918396e+01
   5.0300000000000000e+02  -4.3268812055106899e+01
   5.0400000000000000e+02  -4.3476765770485898e+01
   5.0500000000000000e+02  -4.3806126499561401e+01
   5.0600000000000000e+02  -4.3994112755716301e+01
   5.0700000000000000e+02  -4.4058226173386302e+01
   5.0800000000000000e+02  -4.4677681291351902e+01
   5.0900000000000000e+02  -4.5297443290053899e+01
   5.1000000000000000e+02  -4.5753122292227303e+01
   5.1100000000000000e+02  -4.6217872659849299e+01
   5.1200000000000000e+02  -4.6745996227651503e+01
   5.1300000000000000e+02  -4.7259590895033497e+01
   5.1400000000000000e+02  -4.7499593234197903e+01
   5.1500000000000000e+02  -4.7566347437222397e+01
   5.1600000000000000e+02  -4.7602711963552402e+01
   5.1700000000000000e+02  -4.7580608133525402e+01
   5.1800000000000000e+02  -4.7780974583890298e+01
   5.1900000000000000e+02  -4.8016844550319902e+01
   5.2000000000000000e+02  -4.8377832728549301e+01
   5.2100000000000000e+02  -4.8908888969525897e+01
   5.2200000000000000e+02  -4.9813532746190297e+01
   5.2300000000000000e+02  -4.9746763634208499e+01
   5.2400000000000000e+02  -4.9752689790229503e+01
   5.2500000000000000e+02  -4.9832655740570097e+01
   5.2600000000000000e+02  -4.9715638835959901e+01
   5.2700000000000000e+02  -5.0180410214336000e+01
   5.2800000000000000e+02  -5.0309344736491703e+01
   5.2900000000000000e+02  -5.0467623140719297e+01
   5.3000000000000000e+02  -5.0879527226024301e+01
   5.3100000000000000e+02  -5.1140105701369997e+01
   5.3200000000000000e+02  -5.1657236322762799e+01
   5.3300000000000000e+02  -5.1872685364997999e+01
   5.3400000000000000e+02  -5.2445152919781698e+01
   5.3500000000000000e+02  -5.2633496564779499e+01
   5.3600000000000000e+02  -5.2829674517250098e+01
   5.3700000000000000e+02  -5.3692176195817098e+01
   5.3800000000000000e+02  -5.3844764660714297e+01
   5.3900000000000000e+02  -5.4050658422037600e+01
   5.4000000000000000e+02  -5.4356395193178102e+01
   5.4100000000000000e+02  -5.5121957268175400e+01
   5.4200000000000000e+02  -5.5541333986274097e+01
   5.4300000000000000e+02  -5.5412623107551099e+01
   5.4400000000000000e+02  -5.5714239307396497e+01
   5.4500000000000000e+02  -5.6225499755169700e+01
   5.4600000000000000e+02  -5.6343112929271200e+01
   5.4700000000000000e+02  -5.6625195379109897e+01
   5.4800000000000000e+02  -5.7162021366368201e+01
   5.4900000000000000e+02  -5.8100145951533698e+01
   5.5000000000000000e+02  -5.8683610058718799e+01
   5.5100000000000000e+02  -5.8499691086630897e+01
   5.5200000000000000e+02  -5.8627841897955697e+01
   5.5300000000000000e+02  -5.9041144453234800e+01
   5.5400000000000000e+02  -5.9357986344338002e+01
   5.5500000000000000e+02  -5.9965335467861102e+01
   5.5600000000000000e+02  -6.0103421639234803e+01
   5.5700000000000000e+02  -6.0657446851015202e+01
   5.5800000000000000e+02  -6.1049509308152302e+01
   5.5900000000000000e+02  -6.1103991033172200e+01
   5.6000000000000000e+02  -6.1682449538588102e+01
   5.6100000000000000e+02  -6.2363207997776797e+01
   5.6200000000000000e+02  -6.2538210095076302e+01
   5.6300000000000000e+02  -6.3025518490032098e+01
   5.6400000000000000e+02  -6.3369726973588001e+01
   5.6500000000000000e+02  -6.4166794703351499e+01
   5.6600000000000000e+02  -6.4596179153334703e+01
   5.6700000000000000e+02  -6.5306616333692503e+01
   5.6800000000000000e+02  -6.6105678421091298e+01
   5.6900000000000000e+02  -6.6824407546133301e+01
   5.7000000000000000e+02  -6.7203525455127703e+01
   5.7100000000000000e+02  -6.7044076463888601e+01
   5.7200000000000000e+02  -6.7521924182010196e+01
   5.7300000000000000e+02  -6.7466447112501896e+01
   5.7400000000000000e+02  -6.7565981375481797e+01
   5.7500000000000000e+02  -6.7960674439361398e+01
   5.7600000000000000e+02  -6.8025965223705697e+01
   5.7700000000000000e+02  -6.8148080298999403e+01
   5.7800000000000000e+02  -6.8751677493587593e+01
   5.7900000000000000e+02  -6.9140614369392395e+01
   5.8000000000000000e+02  -6.9461488275240001e+01
   5.8100000000000000e+02  -6.9879058257521905e+01
   5.8200000000000000e+02  -7.0132215273274497e+01
   5.8300000000000000e+02  -7.0741028667635305e+01
   5.8400000000000000e+02  -7.0668408064583900e+01
   5.8500000000000000e+02  -7.0150794024429899e+01
   5.8600000000000000e+02  -6.9844303100896397e+01
   5.8700000000000000e+02  -7.0118584869280994e+01
   5.8800000000000000e+02  -6.9695240392397395e+01
   5.8900000000000000e+02  -6.9941507876358699e+01
   5.9000000000000000e+02  -7.0730275614860005e+01
   5.9100000000000000e+02  -7.1103835370521296e+01
   5.9200000000000000e+02  -7.1317016555621294e+01
   5.9300000000000000e+02  -7.1804231272413105e+01
   5.9400000000000000e+02  -7.1703958640648807e+01
   5.9500000000000000e+02  -7.1725577826252504e+01
   5.9600000000000000e+02  -7.2546460564123393e+01
   5.9700000000000000e+02  -7.2330899607771002e+01
   5.9800000000000000e+02  -7.3087030365594600e+01
   5.9900000000000000e+02  -7.3373964535196293e+01
   6.0000000000000000e+02  -7.3758772381395403e+01
   6.0100000000000000e+02  -7.4042178831805501e+01
   6.0200000000000000e+02  -7.3866591137568804e+01
   6.0300000000000000e+02  -7.3886232292177596e+01
   6.0400000000000000e+02  -7.4379819983050893e+01
   6.0500000000000000e+02  -7.4237977585697607e+01
   6.0600000000000000e+02  -7.4412226411708602e+01
   6.0700000000000000e+02  -7.4911985105184201e+01
   6.0800000000000000e+02  -7.4919510849058398e+01
   6.0900000000000000e+02  -7.4926343225514401e+01
   6.1000000000000000e+02  -7.4693954573799303e+01
   6.1100000000000000e+02  -7.4519641071264800e+01
   6.1200000000000000e+02  -7.4868241028409599e+01
   6.1300000000000000e+02  -7.4963901619731999e+01
   6.1400000000000000e+02  -7.5171680403381004e+01
   6.1500000000000000e+02  -7.5362324917629493e+01
   6.1600000000000000e+02  -7.5692132776724307e+01
   6.1700000000000000e+02  -7.5957098642868104e+01
   6.1800000000000000e+02  -7.5541527041902100e+01
   6.1900000000000000e+02  -7.5618676786551902e+01
   6.2000000000000000e+02  -7.5387019618393396e+01
   6.2100000000000000e+02  -7.5157074819872705e+01
   6.2200000000000000e+02  -7.5500820048165906e+01
   6.2300000000000000e+02  -7.5527756648912899e+01
   6.2400000000000000e+02  -7.5875058375199799e+01
   6.2500000000000000e+02  -7.5500483271481002e+01
   6.2600000000000000e+02  -7.5426423720857301e+01
   6.2700000000000000e+02  -7.5691139425585106e+01
   6.2800000000000000e+02  -7.5658386045385797e+01
   6.2900000000000000e+02  -7.5116200473506396e+01
   6.3000000000000000e+02  -7.5221527495416197e+01
   6.3100000000000000e+02  -7.5254674582494005e+01
   6.3200000000000000e+02  -7.5343276958255103e+01
   6.3300000000000000e+02  -7.5222865761009700e+01
   6.3400000000000000e+02  -7.5274003379144901e+01
   6.3500000000000000e+02  -7.5021717060586994e+01
   6.3600000000000000e+02  -7.5076377838789099e+01
   6.3700000000000000e+02  -7.5156785430289503e+01
   6.3800000000000000e+02  -7.4920604693524595e+01
   6.3900000000000000e+02  -7.4255133099753095e+01
   6.4000000000000000e+02  -7.4327791138174504e+01
   6.4100000000000000e+02  -7.4328499794749405e+01
   6.4200000000000000e+02  -7.4345937462653495e+01
   6.4300000000000000e+02  -7.4294690411551798e+01
   6.4400000000000000e+02  -7.4045385479781203e+01
   6.4500000000000000e+02  -7.4141463056869398e+01
   6.4600000000000000e+02  -7.4630349571951001e+01
   6.4700000000000000e+02  -7.4501205275060499e+01
   6.4800000000000000e+02  -7.4299986743518005e+01
   6.4900000000000000e+02  -7.4651538606543795e+01
   6.5000000000000000e+02  -7.4440104319209993e+01
   6.5100000000000000e+02  -7.4554231940641898e+01
   6.5200000000000000e+02  -7.4254097536069693e+01
   6.5300000000000000e+02  -7.4381673590472005e+01
   6.5400000000000000e+02  -7.4791688363489797e+01
   6.5500000000000000e+02  -7.4755031031289306e+01
   6.5600000000000000e+02  -7.5136809158085597e+01
   6.5700000000000000e+02  -7.4951959152644307e+01
   6.5800000000000000e+02  -7.4678097290355794e+01
   6.5900000000000000e+02  -7.5229247197507107e+01
   6.6000000000000000e+02  -7.5040060992386799e+01
   6.6100000000000000e+02  -7.5110066602294907e+01
   6.6200000000000000e+02  -7.4917009496825798e+01
   6.6300000000000000e+02  -7.4969059868585703e+01
   6.6400000000000000e+02  -7.5101494463407306e+01
   6.6500000000000000e+02  -7.5257610143992906e+01
   6.6600000000000000e+02  -7.5128204749304203e+01
   6.6700000000000000e+02  -7.5724709141591902e+01
   6.6800000000000000e+02  -7.5790045260262701e+01
   6.6900000000000000e+02  -7.6107032783791396e+01
   6.7000000000000000e+02  -7.6026129243945903e+01
   6.7100000000000000e+02  -7.6372534715111797e+01
   6.7200000000000000e+02  -7.6317613665885801e+01
   6.7300000000000000e+02  -7.6501747719514995e+01
   6.7400000000000000e+02  -7.6561938538705903e+01
   6.7500000000000000e+02  -7.6344898458422605e+01
   6.7600000000000000e+02  -7.6704805701569200e+01
   6.7700000000000000e+02  -7.6537029137799195e+01
   6.7800000000000000e+02  -7.6705070266884405e+01
   6.7900000000000000e+02  -7.6842665798669103e+01
   6.8000000000000000e+02  -7.6963591079489305e+01
   6.8100000000000000e+02  -7.6957567515803802e+01
   6.8200000000000000e+02  -7.7146906725618805e+01
   6.8300000000000000e+02  -7.7120693992250906e+01
   6.8400000000000000e+02  -7.7214717839054302e+01
   6.8500000000000000e+02  -7.7783783707631301e+01
   6.8600000000000000e+02  -7.7871921441465005e+01
   6.8700000000000000e+02  -7.7830493158856100e+01
   6.8800000000000000e+02  -7.7981333630155504e+01
   6.8900000000000000e+02  -7.8275434051662998e+01
   6.9000000000000000e+02  -7.7937538433812094e+01
   6.9100000000000000e+02  -7.7801414922391700e+01
   6.9200000000000000e+02  -7.7684791728824194e+01
   6.9300000000000000e+02  -7.7572953693460803e+01
   6.9400000000000000e+02  -7.7524161347775404e+01
   6.9500000000000000e+02  -7.7515106206256405e+01
   6.9600000000000000e+02  -7.7038108568622107e+01
   6.9700000000000000e+02  -7.7164282597661497e+01
   6.9800000000000000e+02  -7.6983618064557305e+01
   6.9900000000000000e+02  -7.6653619820757498e+01
   7.0000000000000000e+02  -7.6039585387574107e+01
   7.0100000000000000e+02  -7.6068540858930902e+01
   7.0200000000000000e+02  -7.5707562871272003e+01
   7.0300000000000000e+02  -7.5576686140999996e+01
   7.0400000000000000e+02  -7.6063103464940497e+01
   7.0500000000000000e+02  -7.6047433155278895e+01
   7.0600000000000000e+02  -7.6123851891201696e+01
   7.0700000000000000e+02  -7.6131985836367207e+01
   7.0800000000000000e+02  -7.6219749747841206e+01
   7.0900000000000000e+02  -7.6604863913117995e+01
   7.1000000000000000e+02  -7.5912160904461999e+01
   7.1100000000000000e+02  -7.6009249225456500e+01
   7.1200000000000000e+02  -7.5725876568331302e+01
   7.1300000000000000e+02  -7.5789730475179098e+01
   7.1400000000000000e+02  -7.6162776488019702e+01
   7.1500000000000000e+02  -7.5911144966173694e+01
   7.1600000000000000e+02  -7.5972500076940804e+01
   7.1700000000000000e+02  -7.6117614376136601e+01
   7.1800000000000000e+02  -7.6175341386792795e+01
   7.1900000000000000e+02  -7.6332263258095793e+01
   7.2000000000000000e+02  -7.6226511482258999e+01
   7.2100000000000000e+02  -7.6249751170372406e+01
   7.2200000000000000e+02  -7.6054698519787095e+01
   7.2300000000000000e+02  -7.6837352438470504e+01
   7.2400000000000000e+02  -7.6556640377217903e+01
   7.2500000000000000e+02  -7.6267056586147604e+01
   7.2600000000000000e+02  -7.5805341747978801e+01
   7.2700000000000000e+02  -7.5596339244104897e+01
   7.2800000000000000e+02  -7.5643358738870305e+01
   7.2900000000000000e+02  -7.5519771225416306e+01
   7.3000000000000000e+02  -7.5210503926286407e+01
   7.3100000000000000e+02  -7.5588121741277405e+01
   7.3200000000000000e+02  -7.5512194171384493e+01
   7.3300000000000000e+02  -7.5620179513297003e+01
   7.3400000000000000e+02  -7.6006036217498107e+01
   7.3500000000000000e+02  -7.6026110688040504e+01
   7.3600000000000000e+02  -7.6403551478307605e+01
   7.3700000000000000e+02  -7.6752884321294701e+01
   7.3800000000000000e+02  -7.7075629207246806e+01
   7.3900000000000000e+02  -7.6731665143471304e+01
   7.4000000000000000e+02  -7.7178094040318697e+01
   7.4100000000000000e+02  -7.7522394847885494e+01
   7.4200000000000000e+02  -7.7328927268605099e+01
   7.4300000000000000e+02  -7.7181281594579602e+01
   7.4400000000000000e+02  -7.7193157415131694e+01
   7.4500000000000000e+02  -7.7285854302930602e+01
   7.4600000000000000e+02  -7.7718346005453697e+01
   7.4700000000000000e+02  -7.7413625508080003e+01
   7.4800000000000000e+02  -7.7134837413035996e+01
   7.4900000000000000e+02  -7.7236726075907796e+01
   7.5000000000000000e+02  -7.7402557783590396e+01
   7.5100000000000000e+02  -7.7092639064890705e+01
   7.5200000000000000e+02  -7.6872183834255395e+01
   7.5300000000000000e+02  -7.6824432541663498e+01
   7.5400000000000000e+02  -7.6648352410816003e+01
   7.5500000000000000e+02  -7.6693620295501304e+01
   7.5600000000000000e+02  -7.6895632307513907e+01
   7.5700000000000000e+02  -7.6639872489680997e+01
   7.5800000000000000e+02  -7.6749037324941000e+01
   7.5900000000000000e+02  -7.6905348835495602e+01
   7.6000000000000000e+02  -7.6691034054150606e+01
   7.6100000000000000e+02  -7.6636003641353597e+01
   7.6200000000000000e+02  -7.7068861710775707e+01
   7.6300000000000000e+02  -7.7110234567491204e+01
   7.6400000000000000e+02  -7.7188668324922205e+01
   7.6500000000000000e+02  -7.7641163127360997e+01
   7.6600000000000000e+02  -7.7628226824896103e+01
   7.6700000000000000e+02  -7.7432137846484295e+01
   7.6800000000000000e+02  -7.6852709122776105e+01
   7.6900000000000000e+02  -7.7081145934526305e+01
   7.7000000000000000e+02  -7.6666670699426604e+01
   7.7100000000000000e+02  -7.6917831903576797e+01
   7.7200000000000000e+02  -7.6201217259684697e+01
   7.7300000000000000e+02  -7.6243047383912099e+01
   7.7400000000000000e+02  -7.5764215130498300e+01
   7.7500000000000000e+02  -7.5544525555411099e+01
   7.7600000000000000e+02  -7.5888404520802695e+01
   7.7700000000000000e+02  -7.6328337105909696e+01
   7.7800000000000000e+02  -7.6365864022040299e+01
   7.7900000000000000e+02  -7.6403202892079804e+01
   7.8000000000000000e+02  -7.6114409791247397e+01
   7.8100000000000000e+02  -7.6040361353058302e+01
   7.8200000000000000e+02  -7.6217066891465905e+01
   7.8300000000000000e+02  -7.6350867831361796e+01
   7.8400000000000000e+02  -7.5953304336670200e+01
   7.8500000000000000e+02  -7.6445246837796404e+01
   7.8600000000000000e+02  -7.6436640850298502e+01
   7.8700000000000000e+02  -7.6316917350222397e+01
   7.8800000000000000e+02  -7.6283386976601605e+01
   7.8900000000000000e+02  -7.6569765281229905e+01
   7.9000000000000000e+02  -7.6571841632497794e+01
   7.9100000000000000e+02  -7.6933328718683597e+01
   7.9200000000000000e+02  -7.7127890263976298e+01
   7.9300000000000000e+02  -7.7086050209192507e+01
   7.9400000000000000e+02  -7.7350949096198903e+01
   7.9500000000000000e+02  -7.6629252660879899e+01
   7.9600000000000000e+02  -7.6827247792222906e+01
   7.9700000000000000e+02  -7.6465897623689997e+01
   7.9800000000000000e+02  -7.6215248749966094e+01
   7.9900000000000000e+02  -7.6165425505359096e+01
   8.0000000000000000e+02  -7.6363218877205398e+01
   8.0100000000000000e+02  -7.6006237364287102e+01
   8.0200000000000000e+02  -7.6174673305644603e+01
   8.0300000000000000e+02  -7.6439437131656902e+01
   8.0400000000000000e+02  -7.6766071671114403e+01
   8.0500000000000000e+02  -7.6791076004444804e+01
   8.0600000000000000e+02  -7.6610811352564198e+01
   8.0700000000000000e+02  -7.6520694780823305e+01
   8.0800000000000000e+02  -7.6428310674414405e+01
   8.0900000000000000e+02  -7.6637856628920900e+01
   8.1000000000000000e+02  -7.6902695102185504e+01
   8.1100000000000000e+02  -7.7036924744486299e+01
   8.1200000000000000e+02  -7.6569820993647099e+01
   8.1300000000000000e+02  -7.6519296412338406e+01
   8.1400000000000000e+02  -7.6258102121935195e+01
   8.1500000000000000e+02  -7.6089479186273607e+01
   8.1600000000000000e+02  -7.6045262521599696e+01
   8.1700000000000000e+02  -7.6245871778313102e+01
   8.1800000000000000e+02  -7.5896595101488998e+01
   8.1900000000000000e+02  -7.5598536230338894e+01
   8.2000000000000000e+02  -7.5589203885244800e+01
   8.2100000000000000e+02  -7.5564562721366897e+01
   8.2200000000000000e+02  -7.5506830578298107e+01
   8.2300000000000000e+02  -7.5731519767649999e+01
   8.2400000000000000e+02  -7.5834177957708903e+01
   8.2500000000000000e+02  -7.6158620979025898e+01
   8.2600000000000000e+02  -7.6146799721639596e+01
   8.2700000000000000e+02  -7.6264270401580802e+01
   8.2800000000000000e+02  -7.6444222401798498e+01
   8.2900000000000000e+02  -7.6791743974353395e+01
   8.3000000000000000e+02  -7.6681474737608696e+01
   8.3100000000000000e+02  -7.6541667397359703e+01
   8.3200000000000000e+02  -7.6203662585974897e+01
   8.3300000000000000e+02  -7.6292501374314298e+01
   8.3400000000000000e+02  -7.6402001892669304e+01
   8.3500000000000000e+02  -7.5762629182137999e+01
   8.3600000000000000e+02  -7.5918214337488806e+01
   8.3700000000000000e+02  -7.6124582167504201e+01
   8.3800000000000000e+02  -7.6503826374887197e+01
   8.3900000000000000e+02  -7.6680393589082996e+01
   8.4000000000000000e+02  -7.6589766543887606e+01
   8.4100000000000000e+02  -7.6620215745993406e+01
   8.4200000000000000e+02  -7.6843465220252995e+01
   8.4300000000000000e+02  -7.6561492814759106e+01
   8.4400000000000000e+02  -7.6712686743697901e+01
   8.4500000000000000e+02  -7.6535749668172102e+01
   8.4600000000000000e+02  -7.5935026612777193e+01
   8.4700000000000000e+02  -7.5900811557354700e+01
   8.4800000000000000e+02  -7.6620158827382994e+01
   8.4900000000000000e+02  -7.6544441892076506e+01
   8.5000000000000000e+02  -7.6572720679835498e+01
   8.5100000000000000e+02  -7.6184900898819393e+01
   8.5200000000000000e+02  -7.6173042458680897e+01
   8.5300000000000000e+02  -7.5921358118559098e+01
   8.5400000000000000e+02  -7.5875772087064902e+01
   8.5500000000000000e+02  -7.5875352589711198e+01
   8.5600000000000000e+02  -7.5889959782047995e+01
   8.5700000000000000e+02  -7.6616773389473906e+01
   8.5800000000000000e+02  -7.6471449421677093e+01
   8.5900000000000000e+02  -7.6504733294523405e+01
   8.6000000000000000e+02  -7.6410144700990500e+01
   8.6100000000000000e+02  -7.6321667650518293e+01
   8.6200000000000000e+02  -7.6540045655282299e+01
   8.6300000000000000e+02  -7.6469614742908504e+01
   8.6400000000000000e+02  -7.6516882220088206e+01
   8.6500000000000000e+02  -7.6529930766216296e+01
   8.6600000000000000e+02  -7.6332399727065606e+01
   8.6700000000000000e+02  -7.6334954034984605e+01
   8.6800000000000000e+02  -7.6439764953556804e+01
   8.6900000000000000e+02  -7.6685062418779793e+01
   8.7000000000000000e+02  -7.6483732305652197e+01
   8.7100000000000000e+02  -7.5985365569014306e+01
   8.7200000000000000e+02  -7.5715827561992498e+01
   8.7300000000000000e+02  -7.5622712679276304e+01
   8.7400000000000000e+02  -7.4955803383714795e+01
   8.7500000000000000e+02  -7.5257134929229096e+01
   8.7600000000000000e+02  -7.5268123486716604e+01
   8.7700000000000000e+02  -7.5662696782466895e+01
   8.7800000000000000e+02  -7.5219617588649001e+01
   8.7900000000000000e+02  -7.5421382366871399e+01
   8.8000000000000000e+02  -7.5953458615011996e+01
   8.8100000000000000e+02  -7.5816684917747097e+01
   8.8200000000000000e+02  -7.6311066311080694e+01
   8.8300000000000000e+02  -7.6145109389329605e+01
   8.8400000000000000e+02  -7.6600278149854702e+01
   8.8500000000000000e+02  -7.6738635836518000e+01
   8.8600000000000000e+02  -7.6746129968510800e+01
   8.8700000000000000e+02  -7.7303926646031897e+01
   8.8800000000000000e+02  -7.6671921106691499e+01
   8.8900000000000000e+02  -7.6883202627517505e+01
   8.9000000000000000e+02  -7.6853281330365405e+01
   8.9100000000000000e+02  -7.7089016534748893e+01
   8.9200000000000000e+02  -7.7004960978323894e+01
   8.9300000000000000e+02  -7.6889540799171101e+01
   8.9400000000000000e+02  -7.6609664067322598e+01
   8.9500000000000000e+02  -7.6851304018411199e+01
   8.9600000000000000e+02  -7.6604187407344895e+01
   8.9700000000000000e+02  -7.6485835280955698e+01
   8.9800000000000000e+02  -7.6014680811017300e+01
   8.9900000000000000e+02  -7.6245732945208900e+01
   9.0000000000000000e+02  -7.6238296465152700e+01
   9.0100000000000000e+02  -7.5838928283441703e+01
   9.0200000000000000e+02  -7.5876138350835205e+01
   9.0300000000000000e+02  -7.5338486626917103e+01
   9.0400000000000000e+02  -7.5346336521070498e+01
   9.0500000000000000e+02  -7.5003562306997097e+01
   9.0600000000000000e+02  -7.5140116963591396e+01
   9.0700000000000000e+02  -7.4924044522954702e+01
   9.0800000000000000e+02  -7.4795772728333901e+01
   9.0900000000000000e+02  -7.4799808329733807e+01
   9.1000000000000000e+02  -7.4247412869015406e+01
   9.1100000000000000e+02  -7.4157487569562704e+01
   9.1200000000000000e+02  -7.4438011398895000e+01
   9.1300000000000000e+02  -7.3720083373042797e+01
   9.1400000000000000e+02  -7.3748457682281298e+01
   9.1500000000000000e+02  -7.3504612424879198e+01
   9.1600000000000000e+02  -7.3616564796932096e+01
   9.1700000000000000e+02  -7.3646451524534797e+01
   9.1800000000000000e+02  -7.3908403315162602e+01
   9.1900000000000000e+02  -7.3519863559572400e+01
   9.2000000000000000e+02  -7.3302065295491204e+01
   9.2100000000000000e+02  -7.2973786276204393e+01
   9.2200000000000000e+02  -7.3236779242251401e+01
   9.2300000000000000e+02  -7.3409146162019596e+01
   9.2400000000000000e+02  -7.3868640813662907e+01
   9.2500000000000000e+02  -7.3463194551227900e+01
   9.2600000000000000e+02  -7.3450863386639398e+01
   9.2700000000000000e+02  -7.3586081706628605e+01
   9.2800000000000000e+02  -7.4129291670364395e+01
   9.2900000000000000e+02  -7.3984159098010693e+01
   9.3000000000000000e+02  -7.4006611001785998e+01
   9.3100000000000000e+02  -7.3915288240917306e+01
   9.3200000000000000e+02  -7.3897515334803003e+01
   9.3300000000000000e+02  -7.3700749873477406e+01
   9.3400000000000000e+02  -7.3502071058750900e+01
   9.3500000000000000e+02  -7.3179994728756697e+01
   9.3600000000000000e+02  -7.2968527942218202e+01
   9.3700000000000000e+02  -7.3498613237066706e+01
   9.3800000000000000e+02  -7.3952757658553494e+01
   9.3900000000000000e+02  -7.4181023265689902e+01
   9.4000000000000000e+02  -7.4293124738593704e+01
   9.4100000000000000e+02  -7.3907346370898907e+01
   9.4200000000000000e+02  -7.3374023337372094e+01
   9.4300000000000000e+02  -7.2833806661771405e+01
   9.4400000000000000e+02  -7.3328948142798595e+01
   9.4500000000000000e+02  -7.3779749518314702e+01
   9.4600000000000000e+02  -7.3858659340531801e+01
   9.4700000000000000e+02  -7.3938598145418695e+01
   9.4800000000000000e+02  -7.3937177128703894e+01
   9.4900000000000000e+02  -7.4367831011592003e+01
   9.5000000000000000e+02  -7.4633790571591902e+01
   9.5100000000000000e+02  -7.4653915914143496e+01
   9.5200000000000000e+02  -7.4291331787386099e+01
   9.5300000000000000e+02  -7.3687651066252599e+01
   9.5400000000000000e+02  -7.4108267342042495e+01
   9.5500000000000000e+02  -7.4232932914151604e+01
   9.5600000000000000e+02  -7.4209085168306004e+01
   9.5700000000000000e+02  -7.4486744388902906e+01
   9.5800000000000000e+02  -7.3838120335455301e+01
   9.5900000000000000e+02  -7.4094820761655896e+01
   9.6000000000000000e+02  -7.3900389170671104e+01
   9.6100000000000000e+02  -7.4072807218466707e+01
   9.6200000000000000e+02  -7.3969752333567797e+01
   9.6300000000000000e+02  -7.4119816556646398e+01
   9.6400000000000000e+02  -7.4355316566909096e+01
   9.6500000000000000e+02  -7.4283110226136600e+01
   9.6600000000000000e+02  -7.4339198128206704e+01
   9.6700000000000000e+02  -7.3850791448546502e+01
   9.6800000000000000e+02  -7.3447551930004096e+01
   9.6900000000000000e+02  -7.3752781414802399e+01
   9.7000000000000000e+02  -7.3687360605786495e+01
   9.7100000000000000e+02  -7.3864956762782995e+01
   9.7200000000000000e+02  -7.3998802130809395e+01
   9.7300000000000000e+02  -7.3949181877027002e+01
   9.7400000000000000e+02  -7.4065514688834497e+01
   9.7500000000000000e+02  -7.3840039678218702e+01
   9.7600000000000000e+02  -7.3909108743753606e+01
   9.7700000000000000e+02  -7.4322701390427795e+01
   9.7800000000000000e+02  -7.5029939845067304e+01
   9.7900000000000000e+02  -7.4993416465257098e+01
   9.8000000000000000e+02  -7.5360069878995304e+01
   9.8100000000000000e+02  -7.5272817381149693e+01
   9.8200000000000000e+02  -7.5199046265558707e+01
   9.8300000000000000e+02  -7.4806734400195793e+01
   9.8400000000000000e+02  -7.4344611044927802e+01
   9.8500000000000000e+02  -7.3689046827275703e+01
   9.8600000000000000e+02  -7.3898631217758293e+01
   9.8700000000000000e+02  -7.3736334011870198e+01
   9.8800000000000000e+02  -7.3708645197867199e+01
   9.8900000000000000e+02  -7.3733627832512397e+01
   9.9000000000000000e+02  -7.3618631267197102e+01
   9.9100000000000000e+02  -7.3448580863267196e+01
   9.9200000000000000e+02  -7.3793419069488294e+01
   9.9300000000000000e+02  -7.4041129069261004e+01
   9.9400000000000000e+02  -7.3678799798898098e+01
   9.9500000000000000e+02  -7.4147954904137706e+01
   9.9600000000000000e+02  -7.4342223835625802e+01
   9.9700000000000000e+02  -7.4007358369661404e+01
   9.9800000000000000e+02  -7.4293337692364304e+01
   9.9900000000000000e+02  -7.4155152999378799e+01
   1.0000000000000000e+03  -7.4353647527138804e+01
   1.0010000000000000e+03  -7.4060503796014402e+01
   1.0020000000000000e+03  -7.3842753806722499e+01
   1.0030000000000000e+03  -7.4416904001892902e+01
   1.0040000000000000e+03  -7.3964920912729099e+01
   1.0050000000000000e+03  -7.4544579888616795e+01
   1.0060000000000000e+03  -7.4678852045739006e+01
   1.0070000000000000e+03  -7.4754597666331406e+01
   1.0080000000000000e+03  -7.4438254985672103e+01
   1.0090000000000000e+03  -7.4432419573850595e+01
   1.0100000000000000e+03  -7.4385226866704599e+01
   1.0110000000000000e+03  -7.4580533266554696e+01
   1.0120000000000000e+03  -7.5141682807417197e+01
   1.0130000000000000e+03  -7.4908167376813097e+01
   1.0140000000000000e+03  -7.4948668247804207e+01
   1.0150000000000000e+03  -7.4554844597763207e+01
   1.0160000000000000e+03  -7.4873815737111599e+01
   1.0170000000000000e+03  -7.4440932847155295e+01
   1.0180000000000000e+03  -7.4289086828137300e+01
   1.0190000000000000e+03  -7.3972732388737199e+01
   1.0200000000000000e+03  -7.3796245439475101e+01
   1.0210000000000000e+03  -7.3777238077003602e+01
   1.0220000000000000e+03  -7.3532447119043496e+01
   1.0230000000000000e+03  -7.3500493773860001e+01
   1.0240000000000000e+03  -7.3668887594457004e+01
   1.0250000000000000e+03  -7.3511740309783306e+01
   1.0260000000000000e+03  -7.3475996700473104e+01
   1.0270000000000000e+03  -7.3312754434433302e+01
   1.0280000000000000e+03  -7.3302154772866501e+01
   1.0290000000000000e+03  -7.3245909515727206e+01
   1.0300000000000000e+03  -7.3348411068207895e+01
   1.0310000000000000e+03  -7.3148888930381204e+01
   1.0320000000000000e+03  -7.3409240494842905e+01
   1.0330000000000000e+03  -7.3395359998805702e+01
   1.0340000000000000e+03  -7.3900263575207106e+01
   1.0350000000000000e+03  -7.3983846732613202e+01
   1.0360000000000000e+03  -7.4007938854173801e+01
   1.0370000000000000e+03  -7.3446562006514995e+01
   1.0380000000000000e+03  -7.3255616877255804e+01
   1.0390000000000000e+03  -7.2867367387849697e+01
   1.0400000000000000e+03  -7.2918896298234202e+01
   1.0410000000000000e+03  -7.2160596714706600e+01
   1.0420000000000000e+03  -7.2220897173759596e+01
   1.0430000000000000e+03  -7.2253079089233097e+01
   1.0440000000000000e+03  -7.2369198350484794e+01
   1.0450000000000000e+03  -7.2000384452431902e+01
   1.0460000000000000e+03  -7.2302776119414602e+01
   1.0470000000000000e+03  -7.2226030929159904e+01
   1.0480000000000000e+03  -7.2630361007936699e+01
   1.0490000000000000e+03  -7.3503755295643302e+01
   1.0500000000000000e+03  -7.3338862110525795e+01
   1.0510000000000000e+03  -7.3184229290473198e+01
