  -1.0000000000000000e+02  -7.2754237775242103e+01
  -9.9000000000000000e+01  -7.2999583090171896e+01
  -9.8000000000000000e+01  -7.3207052662757803e+01
  -9.7000000000000000e+01  -7.3205085237691307e+01
  -9.6000000000000000e+01  -7.3401781857029903e+01
  -9.5000000000000000e+01  -7.3182076481460598e+01
  -9.4000000000000000e+01  -7.3742216441886399e+01
  -9.3000000000000000e+01  -7.3993267822125802e+01
  -9.2000000000000000e+01  -7.4267727061645303e+01
  -9.1000000000000000e+01  -7.4532136079509996e+01
  -9.0000000000000000e+01  -7.4197868573354100e+01
  -8.9000000000000000e+01  -7.4085170519406702e+01
  -8.8000000000000000e+01  -7.3774962568837694e+01
  -8.7000000000000000e+01  -7.3345932079302202e+01
  -8.6000000000000000e+01  -7.2928928460176905e+01
  -8.5000000000000000e+01  -7.3329402924394998e+01
  -8.4000000000000000e+01  -7.3091528426045997e+01
  -8.3000000000000000e+01  -7.3730304430413796e+01
  -8.2000000000000000e+01  -7.3893571039064895e+01
  -8.1000000000000000e+01  -7.3854234122530599e+01
  -8.0000000000000000e+01  -7.3776407731843904e+01
  -7.9000000000000000e+01  -7.4099306315394799e+01
  -7.8000000000000000e+01  -7.4092694858378806e+01
  -7.7000000000000000e+01  -7.3898505035673494e+01
  -7.6000000000000000e+01  -7.3834040775851506e+01
  -7.5000000000000000e+01  -7.3978564969012993e+01
  -7.4000000000000000e+01  -7.4080422581635403e+01
  -7.3000000000000000e+01  -7.3995300858213696e+01
  -7.2000000000000000e+01  -7.3717177729521396e+01
  -7.1000000000000000e+01  -7.3903362227032304e+01
  -7.0000000000000000e+01  -7.4152321602598093e+01
  -6.9000000000000000e+01  -7.3935939959538700e+01
  -6.8000000000000000e+01  -7.3857689290710994e+01
  -6.7000000000000000e+01  -7.4096929501249306e+01
  -6.6000000000000000e+01  -7.3934885468407799e+01
  -6.5000000000000000e+01  -7.3694415930039597e+01
  -6.4000000000000000e+01  -7.3918072085212899e+01
  -6.3000000000000000e+01  -7.3566455049979297e+01
  -6.2000000000000000e+01  -7.3027010342181796e+01
  -6.1000000000000000e+01  -7.2821788022816506e+01
  -6.0000000000000000e+01  -7.2586798440907700e+01
  -5.9000000000000000e+01  -7.1947519983790798e+01
  -5.8000000000000000e+01  -7.1867743464220098e+01
  -5.7000000000000000e+01  -7.1177355657576200e+01
  -5.6000000000000000e+01  -7.0599957592122706e+01
  -5.5000000000000000e+01  -7.0289877917341101e+01
  -5.4000000000000000e+01  -7.0398432885062704e+01
  -5.3000000000000000e+01  -7.0734199198391096e+01
  -5.2000000000000000e+01  -7.1098793543635793e+01
  -5.1000000000000000e+01  -7.0964962056546796e+01
  -5.0000000000000000e+01  -7.1334533513832895e+01
  -4.9000000000000000e+01  -7.1499302835334603e+01
  -4.8000000000000000e+01  -7.1402614517003002e+01
  -4.7000000000000000e+01  -7.1122913465086796e+01
  -4.6000000000000000e+01  -7.1167809384386501e+01
  -4.5000000000000000e+01  -7.1115501925418897e+01
  -4.4000000000000000e+01  -7.1277115533810701e+01
  -4.3000000000000000e+01  -7.1317524593116900e+01
  -4.2000000000000000e+01  -7.1000280045123503e+01
  -4.1000000000000000e+01  -7.0792248397139701e+01
  -4.0000000000000000e+01  -7.1163100830008901e+01
  -3.9000000000000000e+01  -7.1571125480050299e+01
  -3.8000000000000000e+01  -7.1128995730713001e+01
  -3.7000000000000000e+01  -7.1105297842151899e+01
  -3.6000000000000000e+01  -7.0855278717716203e+01
  -3.5000000000000000e+01  -7.1051481459483895e+01
  -3.4000000000000000e+01  -7.0123178157726699e+01
  -3.3000000000000000e+01  -6.9391830322866895e+01
  -3.2000000000000000e+01  -6.9258166931305894e+01
  -3.1000000000000000e+01  -6.9061161802969195e+01
  -3.0000000000000000e+01  -6.8670854792883404e+01
  -2.9000000000000000e+01  -6.8541278595405998e+01
  -2.8000000000000000e+01  -6.8205315874898503e+01
  -2.7000000000000000e+01  -6.7674000957833798e+01
  -2.6000000000000000e+01  -6.7658324529215406e+01
  -2.5000000000000000e+01  -6.7694497708839705e+01
  -2.4000000000000000e+01  -6.7655177943173499e+01
  -2.3000000000000000e+01  -6.7118705069461697e+01
  -2.2000000000000000e+01  -6.7086874886726505e+01
  -2.1000000000000000e+01  -6.6917097221141702e+01
  -2.0000000000000000e+01  -6.6581185430747098e+01
  -1.9000000000000000e+01  -6.6372089266695497e+01
  -1.8000000000000000e+01  -6.6631399381909105e+01
  -1.7000000000000000e+01  -6.6790320626686295e+01
  -1.6000000000000000e+01  -6.6565409450578798e+01
  -1.5000000000000000e+01  -6.6456879877538995e+01
  -1.4000000000000000e+01  -6.6404469351124803e+01
  -1.3000000000000000e+01  -6.5864026976846205e+01
  -1.2000000000000000e+01  -6.5054734141705296e+01
  -1.1000000000000000e+01  -6.4727349395443497e+01
  -1.0000000000000000e+01  -6.4138229365355400e+01
  -9.0000000000000000e+00  -6.3468033813613900e+01
  -8.0000000000000000e+00  -6.2893995803365002e+01
  -7.0000000000000000e+00  -6.2444284906681503e+01
  -6.0000000000000000e+00  -6.1804621586880401e+01
  -5.0000000000000000e+00  -6.0951572575176897e+01
  -4.0000000000000000e+00  -5.9427807983631197e+01
  -3.0000000000000000e+00  -5.6747174263115703e+01
  -2.0000000000000000e+00  -5.3089306927437100e+01
  -1.0000000000000000e+00  -4.2936985065241998e+01
   0.0000000000000000e+00  -1.4731733273201399e+01
   1.0000000000000000e+00   3.6630824119456400e+00
   2.0000000000000000e+00   1.5206070108061200e+01
   3.0000000000000000e+00   2.1082774247541600e+01
   4.0000000000000000e+00   2.4525123448478201e+01
   5.0000000000000000e+00   2.6204721663815299e+01
   6.0000000000000000e+00   2.7136249591592101e+01
   7.0000000000000000e+00   2.7148670669228501e+01
   8.0000000000000000e+00   2.7630422538548501e+01
   9.0000000000000000e+00   2.7928345188595600e+01
   1.0000000000000000e+01   2.7713052874087101e+01
   1.1000000000000000e+01   2.7616073632662200e+01
   1.2000000000000000e+01   2.7728189559596199e+01
   1.3000000000000000e+01   2.8700634274981500e+01
   1.4000000000000000e+01   2.9125840140849000e+01
   1.5000000000000000e+01   2.9430662982066000e+01
   1.6000000000000000e+01   2.9929787366937902e+01
   1.7000000000000000e+01   3.0365949854355499e+01
   1.8000000000000000e+01   3.0569378609590700e+01
   1.9000000000000000e+01   3.0507380804880501e+01
   2.0000000000000000e+01   3.0549612178674298e+01
   2.1000000000000000e+01   3.0644878113131600e+01
   2.2000000000000000e+01   3.0750786031892702e+01
   2.3000000000000000e+01   3.1306996447037999e+01
   2.4000000000000000e+01   3.1851498219543600e+01
   2.5000000000000000e+01   3.1954213493193301e+01
   2.6000000000000000e+01   3.1460435859512199e+01
   2.7000000000000000e+01   3.1552945596964300e+01
   2.8000000000000000e+01   3.1250134195022600e+01
   2.9000000000000000e+01   3.1257024304429400e+01
   3.0000000000000000e+01   3.2142975926877099e+01
   3.1000000000000000e+01   3.2400892850511497e+01
   3.2000000000000000e+01   3.2349493394221099e+01
   3.3000000000000000e+01   3.1804762453211200e+01
   3.4000000000000000e+01   3.2118209325477302e+01
   3.5000000000000000e+01   3.2017932757867001e+01
   3.6000000000000000e+01   3.2124894746681697e+01
   3.7000000000000000e+01   3.2373638122841001e+01
   3.8000000000000000e+01   3.2758688641200699e+01
   3.9000000000000000e+01   3.2698537327325198e+01
   4.0000000000000000e+01   3.2867189567085298e+01
   4.1000000000000000e+01   3.2810367326076999e+01
   4.2000000000000000e+01   3.3084199051646600e+01
   4.3000000000000000e+01   3.3019831216205702e+01
   4.4000000000000000e+01   3.2973899473982598e+01
   4.5000000000000000e+01   3.2788611096782198e+01
   4.6000000000000000e+01   3.2619200437166498e+01
   4.7000000000000000e+01   3.2677185485806099e+01
   4.8000000000000000e+01   3.2961520802857798e+01
   4.9000000000000000e+01   3.2676066111368002e+01
   5.0000000000000000e+01   3.3464306636177596e+01
   5.1000000000000000e+01   3.3292876652188603e+01
   5.2000000000000000e+01   3.3477932753349798e+01
   5.3000000000000000e+01   3.3095653498998701e+01
   5.4000000000000000e+01   3.3037075484678901e+01
   5.5000000000000000e+01   3.3306306836951499e+01
   5.6000000000000000e+01   3.3810633123480102e+01
   5.7000000000000000e+01   3.3939201211080999e+01
   5.8000000000000000e+01   3.3905505952070200e+01
   5.9000000000000000e+01   3.4453309475504497e+01
   6.0000000000000000e+01   3.4868023077896900e+01
   6.1000000000000000e+01   3.5038531001354301e+01
   6.2000000000000000e+01   3.5029428832614798e+01
   6.3000000000000000e+01   3.4959878251945398e+01
   6.4000000000000000e+01   3.5255380644916698e+01
   6.5000000000000000e+01   3.5277971359319203e+01
   6.6000000000000000e+01   3.4783181986423401e+01
   6.7000000000000000e+01   3.4817211778390501e+01
   6.8000000000000000e+01   3.4524144567675599e+01
   6.9000000000000000e+01   3.4341286201327797e+01
   7.0000000000000000e+01   3.4194744444617598e+01
   7.1000000000000000e+01   3.4037484242655303e+01
   7.2000000000000000e+01   3.3897011315887603e+01
   7.3000000000000000e+01   3.3581922134830698e+01
   7.4000000000000000e+01   3.3904037535226003e+01
   7.5000000000000000e+01   3.3978420088008903e+01
   7.6000000000000000e+01   3.3771222721316200e+01
   7.7000000000000000e+01   3.4145295590671502e+01
   7.8000000000000000e+01   3.4142730767144002e+01
   7.9000000000000000e+01   3.4443421795229803e+01
   8.0000000000000000e+01   3.4936163521651203e+01
   8.1000000000000000e+01   3.4894360283658997e+01
   8.2000000000000000e+01   3.5118744231489501e+01
   8.3000000000000000e+01   3.4904229432587499e+01
   8.4000000000000000e+01   3.4596412587451098e+01
   8.5000000000000000e+01   3.5127860031143399e+01
   8.6000000000000000e+01   3.5221130106831303e+01
   8.7000000000000000e+01   3.5490199722831697e+01
   8.8000000000000000e+01   3.5621647929671397e+01
   8.9000000000000000e+01   3.5202653078303200e+01
   9.0000000000000000e+01   3.5135525954420402e+01
   9.1000000000000000e+01   3.5603763771607099e+01
   9.2000000000000000e+01   3.5574239775407399e+01
   9.3000000000000000e+01   3.5487226089471498e+01
   9.4000000000000000e+01   3.5094136589090702e+01
   9.5000000000000000e+01   3.5744532476284597e+01
   9.6000000000000000e+01   3.6309641325996701e+01
   9.7000000000000000e+01   3.6211659933569301e+01
   9.8000000000000000e+01   3.6100741811154300e+01
   9.9000000000000000e+01   3.6238368861387499e+01
   1.0000000000000000e+02   3.6183674932254597e+01
   1.0100000000000000e+02   3.6393473587356198e+01
   1.0200000000000000e+02   3.6739289893695599e+01
   1.0300000000000000e+02   3.7012370162293898e+01
   1.0400000000000000e+02   3.6816189855969597e+01
   1.0500000000000000e+02   3.6397131502694997e+01
   1.0600000000000000e+02   3.6627568942416602e+01
   1.0700000000000000e+02   3.6455576693843597e+01
   1.0800000000000000e+02   3.6090488696676097e+01
   1.0900000000000000e+02   3.5942273807718799e+01
   1.1000000000000000e+02   3.6026316380056301e+01
   1.1100000000000000e+02   3.5832456152317199e+01
   1.1200000000000000e+02   3.5900259481070997e+01
   1.1300000000000000e+02   3.6178406745907203e+01
   1.1400000000000000e+02   3.5894289594642302e+01
   1.1500000000000000e+02   3.5933512191430196e+01
   1.1600000000000000e+02   3.5826336542144297e+01
   1.1700000000000000e+02   3.5644608867770600e+01
   1.1800000000000000e+02   3.5713482460674300e+01
   1.1900000000000000e+02   3.5343124144909503e+01
   1.2000000000000000e+02   3.5050950757572203e+01
   1.2100000000000000e+02   3.4459600446479698e+01
   1.2200000000000000e+02   3.4535348815997402e+01
   1.2300000000000000e+02   3.4533887050822599e+01
   1.2400000000000000e+02   3.4547886582701402e+01
   1.2500000000000000e+02   3.4377307843251003e+01
   1.2600000000000000e+02   3.4120865872297998e+01
   1.2700000000000000e+02   3.4229988860477498e+01
   1.2800000000000000e+02   3.4116383241662497e+01
   1.2900000000000000e+02   3.3962741962976402e+01
   1.3000000000000000e+02   3.3382237394702898e+01
   1.3100000000000000e+02   3.3481337084873097e+01
   1.3200000000000000e+02   3.4206663802693598e+01
   1.3300000000000000e+02   3.3837998606052501e+01
   1.3400000000000000e+02   3.3969082500910297e+01
   1.3500000000000000e+02   3.3446619028159297e+01
   1.3600000000000000e+02   3.3246219339371301e+01
   1.3700000000000000e+02   3.3305398023260302e+01
   1.3800000000000000e+02   3.3289251777447397e+01
   1.3900000000000000e+02   3.3988626032784502e+01
   1.4000000000000000e+02   3.3643381925196302e+01
   1.4100000000000000e+02   3.3668248670840597e+01
   1.4200000000000000e+02   3.3694292451108403e+01
   1.4300000000000000e+02   3.3783980454731498e+01
   1.4400000000000000e+02   3.3944515312838597e+01
   1.4500000000000000e+02   3.4566924558017597e+01
   1.4600000000000000e+02   3.4468033607515402e+01
   1.4700000000000000e+02   3.4277638917568197e+01
   1.4800000000000000e+02   3.3910612788034200e+01
   1.4900000000000000e+02   3.3753403162145098e+01
   1.5000000000000000e+02   3.3334668793926703e+01
   1.5100000000000000e+02   3.3155403917913397e+01
   1.5200000000000000e+02   3.3104818138406003e+01
   1.5300000000000000e+02   3.2738433873385503e+01
   1.5400000000000000e+02   3.2929831922868701e+01
   1.5500000000000000e+02   3.2798510874938998e+01
   1.5600000000000000e+02   3.2855822008839198e+01
   1.5700000000000000e+02   3.2479575147136998e+01
   1.5800000000000000e+02   3.2484485362329501e+01
   1.5900000000000000e+02   3.2187253592015999e+01
   1.6000000000000000e+02   3.2075692551233701e+01
   1.6100000000000000e+02   3.1717278503914201e+01
   1.6200000000000000e+02   3.1366724298874299e+01
   1.6300000000000000e+02   3.1261455719273901e+01
   1.6400000000000000e+02   3.0819426499110801e+01
   1.6500000000000000e+02   3.0724447825544299e+01
   1.6600000000000000e+02   3.0964049280358800e+01
   1.6700000000000000e+02   3.1058657548254601e+01
   1.6800000000000000e+02   3.1454748552373101e+01
   1.6900000000000000e+02   3.1213636678907100e+01
   1.7000000000000000e+02   3.1392403637969799e+01
   1.7100000000000000e+02   3.0732881034000901e+01
   1.7200000000000000e+02   3.0730012190668202e+01
   1.7300000000000000e+02   3.0702175099270200e+01
   1.7400000000000000e+02   3.0767090417567498e+01
   1.7500000000000000e+02   3.0716054256216601e+01
   1.7600000000000000e+02   3.1042813150717500e+01
   1.7700000000000000e+02   3.0337298880367300e+01
   1.7800000000000000e+02   3.0191316412212000e+01
   1.7900000000000000e+02   2.9532041021721302e+01
   1.8000000000000000e+02   2.9854642624583200e+01
   1.8100000000000000e+02   2.9494533313158001e+01
   1.8200000000000000e+02   2.9899313357963599e+01
   1.8300000000000000e+02   2.9682086887900301e+01
   1.8400000000000000e+02   2.9743035341354901e+01
   1.8500000000000000e+02   2.9747970426039601e+01
   1.8600000000000000e+02   2.9175255486103701e+01
   1.8700000000000000e+02   2.8993207795386699e+01
   1.8800000000000000e+02   2.9227383115032001e+01
   1.8900000000000000e+02   2.9396462051797400e+01
   1.9000000000000000e+02   2.9880420516092499e+01
   1.9100000000000000e+02   3.0184855855967999e+01
   1.9200000000000000e+02   3.0454840360685100e+01
   1.9300000000000000e+02   2.9631325495224299e+01
   1.9400000000000000e+02   2.9465056175324499e+01
   1.9500000000000000e+02   2.9563419800477799e+01
   1.9600000000000000e+02   2.9473014441115101e+01
   1.9700000000000000e+02   2.9006984825414200e+01
   1.9800000000000000e+02   2.8927152682039999e+01
   1.9900000000000000e+02   2.9148495398419900e+01
   2.0000000000000000e+02   2.9072311339336501e+01
   2.0100000000000000e+02   2.9101297633444300e+01
   2.0200000000000000e+02   2.8602971706651999e+01
   2.0300000000000000e+02   2.8873821321667702e+01
   2.0400000000000000e+02   2.8924214828404200e+01
   2.0500000000000000e+02   2.8982269077483000e+01
   2.0600000000000000e+02   2.8584762422001901e+01
   2.0700000000000000e+02   2.9061772121237201e+01
   2.0800000000000000e+02   2.9487515325323901e+01
   2.0900000000000000e+02   3.0017373009245301e+01
   2.1000000000000000e+02   3.0050141960145201e+01
   2.1100000000000000e+02   2.9565767220958801e+01
   2.1200000000000000e+02   2.9584514022989801e+01
   2.1300000000000000e+02   2.9116594884057399e+01
   2.1400000000000000e+02   2.8201336241304801e+01
   2.1500000000000000e+02   2.7846382919169201e+01
   2.1600000000000000e+02   2.7679639482608600e+01
   2.1700000000000000e+02   2.7810690187590001e+01
   2.1800000000000000e+02   2.7097993815754400e+01
   2.1900000000000000e+02   2.7099843594616800e+01
   2.2000000000000000e+02   2.6656479150968401e+01
   2.2100000000000000e+02   2.6788199957105100e+01
   2.2200000000000000e+02   2.7043369943064000e+01
   2.2300000000000000e+02   2.6936743265987900e+01
   2.2400000000000000e+02   2.7122944212379799e+01
   2.2500000000000000e+02   2.6713018271690501e+01
   2.2600000000000000e+02   2.6525274933266100e+01
   2.2700000000000000e+02   2.6484229070253299e+01
   2.2800000000000000e+02   2.5772111924989300e+01
   2.2900000000000000e+02   2.5619129105848401e+01
   2.3000000000000000e+02   2.5344076143801100e+01
   2.3100000000000000e+02   2.4507479229091299e+01
   2.3200000000000000e+02   2.4317927913639501e+01
   2.3300000000000000e+02   2.4374970260892500e+01
   2.3400000000000000e+02   2.3836708627813302e+01
   2.3500000000000000e+02   2.3318427336410100e+01
   2.3600000000000000e+02   2.3676114289816699e+01
   2.3700000000000000e+02   2.3518412200970101e+01
   2.3800000000000000e+02   2.3237563352651300e+01
   2.3900000000000000e+02   2.3072079941785500e+01
   2.4000000000000000e+02   2.2897231639062600e+01
   2.4100000000000000e+02   2.2129938139593001e+01
   2.4200000000000000e+02   2.2688928981303999e+01
   2.4300000000000000e+02   2.2756760169139699e+01
   2.4400000000000000e+02   2.2966090103429998e+01
   2.4500000000000000e+02   2.2829276571379001e+01
   2.4600000000000000e+02   2.2451460136228501e+01
   2.4700000000000000e+02   2.2680522889364202e+01
   2.4800000000000000e+02   2.2396164085753199e+01
   2.4900000000000000e+02   2.1988421616001101e+01
   2.5000000000000000e+02   2.1863144745449301e+01
   2.5100000000000000e+02   2.1863113848322001e+01
   2.5200000000000000e+02   2.1954784481097501e+01
   2.5300000000000000e+02   2.1918491250733400e+01
   2.5400000000000000e+02   2.1676981594817100e+01
   2.5500000000000000e+02   2.1225156257515799e+01
   2.5600000000000000e+02   2.1097151784642900e+01
   2.5700000000000000e+02   2.0733754737649399e+01
   2.5800000000000000e+02   2.0979693360753899e+01
   2.5900000000000000e+02   2.0424421886659399e+01
   2.6000000000000000e+02   2.0969070156228600e+01
   2.6100000000000000e+02   2.1106757038275301e+01
   2.6200000000000000e+02   2.0845113365255099e+01
   2.6300000000000000e+02   2.1136453688703099e+01
   2.6400000000000000e+02   2.1334954860743299e+01
   2.6500000000000000e+02   2.2409336205727101e+01
   2.6600000000000000e+02   2.2310311898426701e+01
   2.6700000000000000e+02   2.2345885393504300e+01
   2.6800000000000000e+02   2.2118530205782200e+01
   2.6900000000000000e+02   2.1899967177088602e+01
   2.7000000000000000e+02   2.1629735272863201e+01
   2.7100000000000000e+02   2.1802510683090301e+01
   2.7200000000000000e+02   2.1474269398634199e+01
   2.7300000000000000e+02   2.1978815056220899e+01
   2.7400000000000000e+02   2.2360907901916999e+01
   2.7500000000000000e+02   2.2087586954798400e+01
   2.7600000000000000e+02   2.2038370195960901e+01
   2.7700000000000000e+02   2.1165829826659898e+01
   2.7800000000000000e+02   2.0956730307234199e+01
   2.7900000000000000e+02   2.0390348528187001e+01
   2.8000000000000000e+02   2.0419503446631200e+01
   2.8100000000000000e+02   2.0217963608096401e+01
   2.8200000000000000e+02   1.9987794657401199e+01
   2.8300000000000000e+02   2.0063608008089101e+01
   2.8400000000000000e+02   1.9935235061993598e+01
   2.8500000000000000e+02   1.9679415342296000e+01
   2.8600000000000000e+02   1.9138530981404099e+01
   2.8700000000000000e+02   1.8649864639295799e+01
   2.8800000000000000e+02   1.8694876006467599e+01
   2.8900000000000000e+02   1.8860735073758100e+01
   2.9000000000000000e+02   1.9195629490169299e+01
   2.9100000000000000e+02   1.9332398174429400e+01
   2.9200000000000000e+02   1.8865525434221201e+01
   2.9300000000000000e+02   1.8569442543002399e+01
   2.9400000000000000e+02   1.8443447103317300e+01
   2.9500000000000000e+02   1.8220607104320202e+01
   2.9600000000000000e+02   1.8344337605296300e+01
   2.9700000000000000e+02   1.8332014243763101e+01
   2.9800000000000000e+02   1.8000007295235900e+01
   2.9900000000000000e+02   1.7439783249663702e+01
   3.0000000000000000e+02   1.7171792565895000e+01
   3.0100000000000000e+02   1.7017534572427699e+01
   3.0200000000000000e+02   1.7343762325344599e+01
   3.0300000000000000e+02   1.7177321280335001e+01
   3.0400000000000000e+02   1.7437473083076700e+01
   3.0500000000000000e+02   1.7384615170019799e+01
   3.0600000000000000e+02   1.7237403132352899e+01
   3.0700000000000000e+02   1.7440131409968700e+01
   3.0800000000000000e+02   1.6985989520747101e+01
   3.0900000000000000e+02   1.7005883973551001e+01
   3.1000000000000000e+02   1.6508736093229199e+01
   3.1100000000000000e+02   1.6170814672691002e+01
   3.1200000000000000e+02   1.5928853452566999e+01
   3.1300000000000000e+02   1.5356535870510800e+01
   3.1400000000000000e+02   1.5181029998580501e+01
   3.1500000000000000e+02   1.5123177062901600e+01
   3.1600000000000000e+02   1.4873265513096300e+01
   3.1700000000000000e+02   1.4737238157209800e+01
   3.1800000000000000e+02   1.4548875140944499e+01
   3.1900000000000000e+02   1.4018196324177000e+01
   3.2000000000000000e+02   1.3321733873572800e+01
   3.2100000000000000e+02   1.3357867263930000e+01
   3.2200000000000000e+02   1.3060828656597300e+01
   3.2300000000000000e+02   1.2661057079724401e+01
   3.2400000000000000e+02   1.2565787367445600e+01
   3.2500000000000000e+02   1.2324318864313600e+01
   3.2600000000000000e+02   1.2431833060304500e+01
   3.2700000000000000e+02   1.2121630096382299e+01
   3.2800000000000000e+02   1.2134071828370599e+01
   3.2900000000000000e+02   1.2228328676992099e+01
   3.3000000000000000e+02   1.2035974023284499e+01
   3.3100000000000000e+02   1.1911630615800000e+01
   3.3200000000000000e+02   1.1781591203672200e+01
   3.3300000000000000e+02   1.1677241797728200e+01
   3.3400000000000000e+02   1.2068925220413700e+01
   3.3500000000000000e+02   1.1983621434118900e+01
   3.3600000000000000e+02   1.1896571990200000e+01
   3.3700000000000000e+02   1.2082361377715699e+01
   3.3800000000000000e+02   1.1806331586552000e+01
   3.3900000000000000e+02   1.1785106087214899e+01
   3.4000000000000000e+02   1.1839275464150701e+01
   3.4100000000000000e+02   1.1516705513288599e+01
   3.4200000000000000e+02   1.1562526619549001e+01
   3.4300000000000000e+02   1.1722015187627500e+01
   3.4400000000000000e+02   1.2028443242797300e+01
   3.4500000000000000e+02   1.2065102134578201e+01
   3.4600000000000000e+02   1.1334336860844999e+01
   3.4700000000000000e+02   1.0771212468509599e+01
   3.4800000000000000e+02   1.0497115687567300e+01
   3.4900000000000000e+02   1.0336650562135199e+01
   3.5000000000000000e+02   1.0347074966551000e+01
   3.5100000000000000e+02   9.7551686144680598e+00
   3.5200000000000000e+02   9.8582759488509097e+00
   3.5300000000000000e+02   9.6144837196543005e+00
   3.5400000000000000e+02   9.1284219515696599e+00
   3.5500000000000000e+02   8.7426187644077604e+00
   3.5600000000000000e+02   8.7202892382536703e+00
   3.5700000000000000e+02   9.0975928886519508e+00
   3.5800000000000000e+02   8.7905078535927004e+00
   3.5900000000000000e+02   8.7732604753436103e+00
   3.6000000000000000e+02   9.0453415964452706e+00
   3.6100000000000000e+02   8.9422501692663801e+00
   3.6200000000000000e+02   9.0049085968616893e+00
   3.6300000000000000e+02   8.5955415380334497e+00
   3.6400000000000000e+02   8.2268784219401905e+00
   3.6500000000000000e+02   7.9259088788802403e+00
   3.6600000000000000e+02   7.7420136507586497e+00
   3.6700000000000000e+02   7.7396189846181196e+00
   3.6800000000000000e+02   7.3837428234381104e+00
   3.6900000000000000e+02   6.8774890191827600e+00
   3.7000000000000000e+02   6.8261755622205298e+00
   3.7100000000000000e+02   6.3309958534004203e+00
   3.7200000000000000e+02   5.8892048301588096e+00
   3.7300000000000000e+02   5.4487439305485497e+00
   3.7400000000000000e+02   5.5699926525373300e+00
   3.7500000000000000e+02   5.0543101592648902e+00
   3.7600000000000000e+02   5.0318367458199296e+00
   3.7700000000000000e+02   4.6429992560946198e+00
   3.7800000000000000e+02   4.6382762433777396e+00
   3.7900000000000000e+02   4.5632957347644902e+00
   3.8000000000000000e+02   3.7176354964746201e+00
   3.8100000000000000e+02   3.4959000737785302e+00
   3.8200000000000000e+02   3.3870447670702699e+00
   3.8300000000000000e+02   2.8427468426604898e+00
   3.8400000000000000e+02   1.9537155318389601e+00
   3.8500000000000000e+02   2.0966698700285500e+00
   3.8600000000000000e+02   2.2533032274060099e+00
   3.8700000000000000e+02   1.6572415687273301e+00
   3.8800000000000000e+02   1.6517580181012499e+00
   3.8900000000000000e+02   1.2579136003463500e+00
   3.9000000000000000e+02   1.0127084467822001e+00
   3.9100000000000000e+02   5.0347784535799700e-01
   3.9200000000000000e+02  -1.5898144261450800e-01
   3.9300000000000000e+02  -7.5106372822809198e-01
   3.9400000000000000e+02  -5.3236446832858597e-01
   3.9500000000000000e+02  -1.1588531366003501e+00
   3.9600000000000000e+02  -1.1984126885760400e+00
   3.9700000000000000e+02  -1.3104436592374100e+00
   3.9800000000000000e+02  -1.4142953482307901e+00
   3.9900000000000000e+02  -1.7941116577748100e+00
   4.0000000000000000e+02  -1.6429801694587400e+00
   4.0100000000000000e+02  -2.2722616430596401e+00
   4.0200000000000000e+02  -2.6793925377850099e+00
   4.0300000000000000e+02  -3.0471187595487201e+00
   4.0400000000000000e+02  -3.1869881204280102e+00
   4.0500000000000000e+02  -3.5361579449078100e+00
   4.0600000000000000e+02  -4.3310145279181702e+00
   4.0700000000000000e+02  -4.5086117024193699e+00
   4.0800000000000000e+02  -4.9681229743838600e+00
   4.0900000000000000e+02  -5.3916845997188103e+00
   4.1000000000000000e+02  -5.6044051586506001e+00
   4.1100000000000000e+02  -5.9957234656827900e+00
   4.1200000000000000e+02  -5.7885440628377696e+00
   4.1300000000000000e+02  -5.6742905907487202e+00
   4.1400000000000000e+02  -5.8455672005347497e+00
   4.1500000000000000e+02  -6.3246144013111900e+00
   4.1600000000000000e+02  -6.8886537653172697e+00
   4.1700000000000000e+02  -7.5446301054068199e+00
   4.1800000000000000e+02  -7.5813986341318396e+00
   4.1900000000000000e+02  -8.1162905378592196e+00
   4.2000000000000000e+02  -8.3346836075086603e+00
   4.2100000000000000e+02  -8.7523306245577501e+00
   4.2200000000000000e+02  -9.1839319576864096e+00
   4.2300000000000000e+02  -9.5691526182232494e+00
   4.2400000000000000e+02  -9.8155016344769592e+00
   4.2500000000000000e+02  -9.8255907285865405e+00
   4.2600000000000000e+02  -1.0350396926138901e+01
   4.2700000000000000e+02  -1.0182120115068500e+01
   4.2800000000000000e+02  -1.0714481394737600e+01
   4.2900000000000000e+02  -1.0735998266762399e+01
   4.3000000000000000e+02  -1.1569968523586899e+01
   4.3100000000000000e+02  -1.1973556389141100e+01
   4.3200000000000000e+02  -1.2605817780895499e+01
   4.3300000000000000e+02  -1.3286289808086201e+01
   4.3400000000000000e+02  -1.3544414834559300e+01
   4.3500000000000000e+02  -1.3886540686477700e+01
   4.3600000000000000e+02  -1.4144238399984401e+01
   4.3700000000000000e+02  -1.4140130104978800e+01
   4.3800000000000000e+02  -1.4546614158896199e+01
   4.3900000000000000e+02  -1.5143592064988500e+01
   4.4000000000000000e+02  -1.5551618631770801e+01
   4.4100000000000000e+02  -1.6106127371206899e+01
   4.4200000000000000e+02  -1.6819664134273300e+01
   4.4300000000000000e+02  -1.7036124855729700e+01
   4.4400000000000000e+02  -1.7832546130023800e+01
   4.4500000000000000e+02  -1.7974935097597399e+01
   4.4600000000000000e+02  -1.8295529509840801e+01
   4.4700000000000000e+02  -1.8923566197558500e+01
   4.4800000000000000e+02  -1.9573441999128999e+01
   4.4900000000000000e+02  -2.0129209411039099e+01
   4.5000000000000000e+02  -2.0497953916292101e+01
   4.5100000000000000e+02  -2.1129477987256902e+01
   4.5200000000000000e+02  -2.1663906503980300e+01
   4.5300000000000000e+02  -2.1841719023577600e+01
   4.5400000000000000e+02  -2.2858838618870301e+01
   4.5500000000000000e+02  -2.3027440335030800e+01
   4.5600000000000000e+02  -2.3637750717151398e+01
   4.5700000000000000e+02  -2.4202811726144802e+01
   4.5800000000000000e+02  -2.4742656323052000e+01
   4.5900000000000000e+02  -2.4609825084055998e+01
   4.6000000000000000e+02  -2.4853224144260299e+01
   4.6100000000000000e+02  -2.5381888951892499e+01
   4.6200000000000000e+02  -2.5667277979094500e+01
   4.6300000000000000e+02  -2.5721457219164702e+01
   4.6400000000000000e+02  -2.6470755359942000e+01
   4.6500000000000000e+02  -2.6677389551020202e+01
   4.6600000000000000e+02  -2.7372082418975701e+01
   4.6700000000000000e+02  -2.8059628453403100e+01
   4.6800000000000000e+02  -2.8656751763614700e+01
   4.6900000000000000e+02  -2.9813517193194201e+01
   4.7000000000000000e+02  -3.0749836699419198e+01
   4.7100000000000000e+02  -3.0892775405565700e+01
   4.7200000000000000e+02  -3.1293638734422000e+01
   4.7300000000000000e+02  -3.1904536618988999e+01
   4.7400000000000000e+02  -3.2276425236817197e+01
   4.7500000000000000e+02  -3.2336500463090204e+01
   4.7600000000000000e+02  -3.2924352830548102e+01
   4.7700000000000000e+02  -3.3074306238540103e+01
   4.7800000000000000e+02  -3.3449192284526397e+01
   4.7900000000000000e+02  -3.3859031070098901e+01
   4.8000000000000000e+02  -3.4104700872358897e+01
   4.8100000000000000e+02  -3.4761078776953802e+01
   4.8200000000000000e+02  -3.5385025232556302e+01
   4.8300000000000000e+02  -3.6242861664429597e+01
   4.8400000000000000e+02  -3.6647746365885503e+01
   4.8500000000000000e+02  -3.7134384805563997e+01
   4.8600000000000000e+02  -3.8062133735608597e+01
   4.8700000000000000e+02  -3.8609403173609003e+01
   4.8800000000000000e+02  -3.8960922069698597e+01
   4.8900000000000000e+02  -3.9098604576970800e+01
   4.9000000000000000e+02  -3.9275203139232197e+01
   4.9100000000000000e+02  -4.0005135465378203e+01
   4.9200000000000000e+02  -4.0621793094516697e+01
   4.9300000000000000e+02  -4.1384118662708602e+01
   4.9400000000000000e+02  -4.1704469873336798e+01
   4.9500000000000000e+02  -4.1764572204618098e+01
   4.9600000000000000e+02  -4.2197660553155501e+01
   4.9700000000000000e+02  -4.2888323166902701e+01
   4.9800000000000000e+02  -4.3559096937432798e+01
   4.9900000000000000e+02  -4.4221536991316903e+01
   5.0000000000000000e+02  -4.4056954466687301e+01
   5.0100000000000000e+02  -4.4474261779574000e+01
   5.0200000000000000e+02  -4.4533135616079299e+01
   5.0300000000000000e+02  -4.4647088730899398e+01
   5.0400000000000000e+02  -4.4835792288065797e+01
   5.0500000000000000e+02  -4.5693382439747403e+01
   5.0600000000000000e+02  -4.6131069985510003e+01
   5.0700000000000000e+02  -4.6310622652869498e+01
   5.0800000000000000e+02  -4.6193249367471502e+01
   5.0900000000000000e+02  -4.6973219456325999e+01
   5.1000000000000000e+02  -4.7081416859820401e+01
   5.1100000000000000e+02  -4.7505060272627297e+01
   5.1200000000000000e+02  -4.8318487776788700e+01
   5.1300000000000000e+02  -4.8768443934772598e+01
   5.1400000000000000e+02  -4.9271434100323098e+01
   5.1500000000000000e+02  -5.0309059532409002e+01
   5.1600000000000000e+02  -5.0831252028754498e+01
   5.1700000000000000e+02  -5.1559531787859697e+01
   5.1800000000000000e+02  -5.1050980503943201e+01
   5.1900000000000000e+02  -5.1254132663192301e+01
   5.2000000000000000e+02  -5.1788177000695100e+01
   5.2100000000000000e+02  -5.2367405093063098e+01
   5.2200000000000000e+02  -5.2415814608520598e+01
   5.2300000000000000e+02  -5.3124059713665297e+01
   5.2400000000000000e+02  -5.3399797935483200e+01
   5.2500000000000000e+02  -5.3422307980702300e+01
   5.2600000000000000e+02  -5.3275230418029103e+01
   5.2700000000000000e+02  -5.3959048604781003e+01
   5.2800000000000000e+02  -5.4221797049129599e+01
   5.2900000000000000e+02  -5.4624486645189201e+01
   5.3000000000000000e+02  -5.4468173379507100e+01
   5.3100000000000000e+02  -5.4815758835113300e+01
   5.3200000000000000e+02  -5.5596954967739897e+01
   5.3300000000000000e+02  -5.6140488434682503e+01
   5.3400000000000000e+02  -5.6675937618673501e+01
   5.3500000000000000e+02  -5.7405572541349599e+01
   5.3600000000000000e+02  -5.7789162055740100e+01
   5.3700000000000000e+02  -5.7734520602411202e+01
   5.3800000000000000e+02  -5.8795121139378999e+01
   5.3900000000000000e+02  -5.9104262719734898e+01
   5.4000000000000000e+02  -5.9226093971770297e+01
   5.4100000000000000e+02  -5.9513636412239201e+01
   5.4200000000000000e+02  -5.9868981962328199e+01
   5.4300000000000000e+02  -5.9963336284939103e+01
   5.4400000000000000e+02  -6.0178658260515498e+01
   5.4500000000000000e+02  -6.0884622903078203e+01
   5.4600000000000000e+02  -6.0889560437702301e+01
   5.4700000000000000e+02  -6.1037424180938800e+01
   5.4800000000000000e+02  -6.1032112920172899e+01
   5.4900000000000000e+02  -6.1335456103947998e+01
   5.5000000000000000e+02  -6.2009177703321399e+01
   5.5100000000000000e+02  -6.2465560529031897e+01
   5.5200000000000000e+02  -6.2975553679587001e+01
   5.5300000000000000e+02  -6.3325065042011197e+01
   5.5400000000000000e+02  -6.3641218145933699e+01
   5.5500000000000000e+02  -6.4214807246339603e+01
   5.5600000000000000e+02  -6.4213683362431098e+01
   5.5700000000000000e+02  -6.4567008274643300e+01
   5.5800000000000000e+02  -6.4530031641700205e+01
   5.5900000000000000e+02  -6.5025169371361301e+01
   5.6000000000000000e+02  -6.5528903453831205e+01
   5.6100000000000000e+02  -6.6318571367723393e+01
   5.6200000000000000e+02  -6.6337094084091603e+01
   5.6300000000000000e+02  -6.6692959152209596e+01
   5.6400000000000000e+02  -6.6859003058335901e+01
   5.6500000000000000e+02  -6.7259484745918400e+01
   5.6600000000000000e+02  -6.7395774805845804e+01
   5.6700000000000000e+02  -6.7810061897822706e+01
   5.6800000000000000e+02  -6.7983676104728900e+01
   5.6900000000000000e+02  -6.8318205776830794e+01
   5.7000000000000000e+02  -6.8524711338837804e+01
   5.7100000000000000e+02  -6.8901338444808204e+01
   5.7200000000000000e+02  -6.9413872344338401e+01
   5.7300000000000000e+02  -6.9811717886701999e+01
   5.7400000000000000e+02  -7.0173995575143294e+01
   5.7500000000000000e+02  -7.0231828493451303e+01
   5.7600000000000000e+02  -7.0790505982570394e+01
   5.7700000000000000e+02  -7.0720163319828501e+01
   5.7800000000000000e+02  -7.1190724242173104e+01
   5.7900000000000000e+02  -7.1574305782266705e+01
   5.8000000000000000e+02  -7.2063778331467404e+01
   5.8100000000000000e+02  -7.2139805964107893e+01
   5.8200000000000000e+02  -7.2674156061955998e+01
   5.8300000000000000e+02  -7.2863064464731593e+01
   5.8400000000000000e+02  -7.2751087978652805e+01
   5.8500000000000000e+02  -7.2935791063302503e+01
   5.8600000000000000e+02  -7.2491468794560006e+01
   5.8700000000000000e+02  -7.2744682801203993e+01
   5.8800000000000000e+02  -7.2557457459260903e+01
   5.8900000000000000e+02  -7.2480865342092997e+01
   5.9000000000000000e+02  -7.2357580399134307e+01
   5.9100000000000000e+02  -7.2329083797260196e+01
   5.9200000000000000e+02  -7.2384437063722203e+01
   5.9300000000000000e+02  -7.2814260848843105e+01
   5.9400000000000000e+02  -7.2992016089480103e+01
   5.9500000000000000e+02  -7.3339424130706405e+01
   5.9600000000000000e+02  -7.3722792123552395e+01
   5.9700000000000000e+02  -7.3676527121666297e+01
   5.9800000000000000e+02  -7.3757546170161802e+01
   5.9900000000000000e+02  -7.4172196904172907e+01
   6.0000000000000000e+02  -7.3933564604697395e+01
   6.0100000000000000e+02  -7.3934202349010704e+01
   6.0200000000000000e+02  -7.3764596748842195e+01
   6.0300000000000000e+02  -7.3944366632617701e+01
   6.0400000000000000e+02  -7.4397851489479606e+01
   6.0500000000000000e+02  -7.4478168654859701e+01
   6.0600000000000000e+02  -7.4559275248087005e+01
   6.0700000000000000e+02  -7.4573008256978795e+01
   6.0800000000000000e+02  -7.4895210287712899e+01
   6.0900000000000000e+02  -7.5100258500547199e+01
   6.1000000000000000e+02  -7.4812193370082397e+01
   6.1100000000000000e+02  -7.5339860252311297e+01
   6.1200000000000000e+02  -7.5118290292919298e+01
   6.1300000000000000e+02  -7.5071734212630503e+01
   6.1400000000000000e+02  -7.4930669880205599e+01
   6.1500000000000000e+02  -7.5378403606690298e+01
   6.1600000000000000e+02  -7.5442246221207199e+01
   6.1700000000000000e+02  -7.5950298754726205e+01
   6.1800000000000000e+02  -7.5916979751520799e+01
   6.1900000000000000e+02  -7.6463200841157004e+01
   6.2000000000000000e+02  -7.6575826807686298e+01
   6.2100000000000000e+02  -7.6757927471133598e+01
   6.2200000000000000e+02  -7.6291398939628905e+01
   6.2300000000000000e+02  -7.6750189012078906e+01
   6.2400000000000000e+02  -7.7110214026580493e+01
   6.2500000000000000e+02  -7.6917656113456204e+01
   6.2600000000000000e+02  -7.6743389446579101e+01
   6.2700000000000000e+02  -7.7075018407927999e+01
   6.2800000000000000e+02  -7.6733985142036701e+01
   6.2900000000000000e+02  -7.6607573088735705e+01
   6.3000000000000000e+02  -7.6438904279328000e+01
   6.3100000000000000e+02  -7.6744644017404795e+01
   6.3200000000000000e+02  -7.6947472466965195e+01
   6.3300000000000000e+02  -7.6619427590178304e+01
   6.3400000000000000e+02  -7.6761708032916900e+01
   6.3500000000000000e+02  -7.7106586049718899e+01
   6.3600000000000000e+02  -7.6867299319373799e+01
   6.3700000000000000e+02  -7.6867922710106399e+01
   6.3800000000000000e+02  -7.7065028288515805e+01
   6.3900000000000000e+02  -7.7018438158505603e+01
   6.4000000000000000e+02  -7.7192719935875900e+01
   6.4100000000000000e+02  -7.6906726017047802e+01
   6.4200000000000000e+02  -7.7026055133283407e+01
   6.4300000000000000e+02  -7.7096827833257393e+01
   6.4400000000000000e+02  -7.7259066823849096e+01
   6.4500000000000000e+02  -7.7188610482502099e+01
   6.4600000000000000e+02  -7.7126661503001301e+01
   6.4700000000000000e+02  -7.7061620515393699e+01
   6.4800000000000000e+02  -7.7457064403615107e+01
   6.4900000000000000e+02  -7.7322024948994596e+01
   6.5000000000000000e+02  -7.8126311593125195e+01
   6.5100000000000000e+02  -7.7738199176905297e+01
   6.5200000000000000e+02  -7.7560069446475893e+01
   6.5300000000000000e+02  -7.7930178215885405e+01
   6.5400000000000000e+02  -7.7383283263811805e+01
   6.5500000000000000e+02  -7.7499632793408907e+01
   6.5600000000000000e+02  -7.6940057269792305e+01
   6.5700000000000000e+02  -7.6965930922198297e+01
   6.5800000000000000e+02  -7.6548934651460200e+01
   6.5900000000000000e+02  -7.6255986091142603e+01
   6.6000000000000000e+02  -7.6250347229721299e+01
   6.6100000000000000e+02  -7.6273619445539794e+01
   6.6200000000000000e+02  -7.6089873826601107e+01
   6.6300000000000000e+02  -7.6278623303058893e+01
   6.6400000000000000e+02  -7.6251332599879106e+01
   6.6500000000000000e+02  -7.5682935730327301e+01
   6.6600000000000000e+02  -7.6038704084342598e+01
   6.6700000000000000e+02  -7.6596999490617407e+01
   6.6800000000000000e+02  -7.6947513968224598e+01
   6.6900000000000000e+02  -7.6745971242247506e+01
   6.7000000000000000e+02  -7.6903740418806706e+01
   6.7100000000000000e+02  -7.6870703393886302e+01
   6.7200000000000000e+02  -7.7194342710568094e+01
   6.7300000000000000e+02  -7.7000719704938007e+01
   6.7400000000000000e+02  -7.7288141469071107e+01
   6.7500000000000000e+02  -7.6830495223284501e+01
   6.7600000000000000e+02  -7.6775591711294098e+01
   6.7700000000000000e+02  -7.6624413949512700e+01
   6.7800000000000000e+02  -7.6973993656084403e+01
   6.7900000000000000e+02  -7.6874240307641998e+01
   6.8000000000000000e+02  -7.6322833401985704e+01
   6.8100000000000000e+02  -7.6154755871243793e+01
   6.8200000000000000e+02  -7.6094023713196293e+01
   6.8300000000000000e+02  -7.5557224686793006e+01
   6.8400000000000000e+02  -7.5652456800676404e+01
   6.8500000000000000e+02  -7.5508102509805596e+01
   6.8600000000000000e+02  -7.5233266718972203e+01
   6.8700000000000000e+02  -7.5511647947491596e+01
   6.8800000000000000e+02  -7.5222097657340598e+01
   6.8900000000000000e+02  -7.4822200881671193e+01
   6.9000000000000000e+02  -7.5467364521028998e+01
   6.9100000000000000e+02  -7.5983153261264405e+01
   6.9200000000000000e+02  -7.5978591635924701e+01
   6.9300000000000000e+02  -7.5667426251077799e+01
   6.9400000000000000e+02  -7.6317452166648707e+01
   6.9500000000000000e+02  -7.6631078393995693e+01
   6.9600000000000000e+02  -7.7350345154923104e+01
   6.9700000000000000e+02  -7.7028616726561197e+01
   6.9800000000000000e+02  -7.7269618985253601e+01
   6.9900000000000000e+02  -7.7454105884935601e+01
   7.0000000000000000e+02  -7.7299556756390999e+01
   7.0100000000000000e+02  -7.6965044949748702e+01
   7.0200000000000000e+02  -7.6755263103038303e+01
   7.0300000000000000e+02  -7.6735115672694604e+01
   7.0400000000000000e+02  -7.6587019709215895e+01
   7.0500000000000000e+02  -7.6128984286922901e+01
   7.0600000000000000e+02  -7.5910852128982398e+01
   7.0700000000000000e+02  -7.5818100541973493e+01
   7.0800000000000000e+02  -7.6221255585380007e+01
   7.0900000000000000e+02  -7.5829909823086496e+01
   7.1000000000000000e+02  -7.6320289395794902e+01
   7.1100000000000000e+02  -7.6727669256766006e+01
   7.1200000000000000e+02  -7.6591234699315507e+01
   7.1300000000000000e+02  -7.6206148785049294e+01
   7.1400000000000000e+02  -7.5850557684726795e+01
   7.1500000000000000e+02  -7.6155139868964696e+01
   7.1600000000000000e+02  -7.6637864709802002e+01
   7.1700000000000000e+02  -7.6487143412286699e+01
   7.1800000000000000e+02  -7.6132084029707002e+01
   7.1900000000000000e+02  -7.6381348550827894e+01
   7.2000000000000000e+02  -7.6187742011321603e+01
   7.2100000000000000e+02  -7.5888626420019094e+01
   7.2200000000000000e+02  -7.5831252834024099e+01
   7.2300000000000000e+02  -7.6130714079806296e+01
   7.2400000000000000e+02  -7.6681398274737305e+01
   7.2500000000000000e+02  -7.6473992572605695e+01
   7.2600000000000000e+02  -7.6486502529523193e+01
   7.2700000000000000e+02  -7.6468329039927298e+01
   7.2800000000000000e+02  -7.6517773803442296e+01
   7.2900000000000000e+02  -7.6799155086868595e+01
   7.3000000000000000e+02  -7.6667334539797494e+01
   7.3100000000000000e+02  -7.6521009247013694e+01
   7.3200000000000000e+02  -7.6756812339982005e+01
   7.3300000000000000e+02  -7.6893735390685805e+01
   7.3400000000000000e+02  -7.6893408692725799e+01
   7.3500000000000000e+02  -7.6408426031048705e+01
   7.3600000000000000e+02  -7.6352164520432297e+01
   7.3700000000000000e+02  -7.6089306183888198e+01
   7.3800000000000000e+02  -7.6414136060058993e+01
   7.3900000000000000e+02  -7.6210529880827195e+01
   7.4000000000000000e+02  -7.6230722669067802e+01
   7.4100000000000000e+02  -7.6276151888072206e+01
   7.4200000000000000e+02  -7.6505545314339102e+01
   7.4300000000000000e+02  -7.6340079866719407e+01
   7.4400000000000000e+02  -7.6276726303304301e+01
   7.4500000000000000e+02  -7.6303997228107406e+01
   7.4600000000000000e+02  -7.6342650876897807e+01
   7.4700000000000000e+02  -7.7057752956973403e+01
   7.4800000000000000e+02  -7.7035540766001702e+01
   7.4900000000000000e+02  -7.7095285086787001e+01
   7.5000000000000000e+02  -7.6737050041789303e+01
   7.5100000000000000e+02  -7.6746472052008897e+01
   7.5200000000000000e+02  -7.6956064686857999e+01
   7.5300000000000000e+02  -7.6799598688246405e+01
   7.5400000000000000e+02  -7.6976875810981298e+01
   7.5500000000000000e+02  -7.6940711538105404e+01
   7.5600000000000000e+02  -7.6907313403276603e+01
   7.5700000000000000e+02  -7.6935437386823196e+01
   7.5800000000000000e+02  -7.6558814534608601e+01
   7.5900000000000000e+02  -7.6510679525287401e+01
   7.6000000000000000e+02  -7.6618121637453100e+01
   7.6100000000000000e+02  -7.6797279365476797e+01
   7.6200000000000000e+02  -7.6927911791041296e+01
   7.6300000000000000e+02  -7.7423598099802405e+01
   7.6400000000000000e+02  -7.7978893372757597e+01
   7.6500000000000000e+02  -7.7634266366101301e+01
   7.6600000000000000e+02  -7.7219260094024406e+01
   7.6700000000000000e+02  -7.7082643929002202e+01
   7.6800000000000000e+02  -7.7311121639113296e+01
   7.6900000000000000e+02  -7.7062340573988607e+01
   7.7000000000000000e+02  -7.6767504722379002e+01
   7.7100000000000000e+02  -7.6759173384365894e+01
   7.7200000000000000e+02  -7.7055694750756899e+01
   7.7300000000000000e+02  -7.7341672094938900e+01
   7.7400000000000000e+02  -7.6653889162399693e+01
   7.7500000000000000e+02  -7.6526369509231898e+01
   7.7600000000000000e+02  -7.5796144621330697e+01
   7.7700000000000000e+02  -7.5853156637652901e+01
   7.7800000000000000e+02  -7.5846804285204101e+01
   7.7900000000000000e+02  -7.5978513658077901e+01
   7.8000000000000000e+02  -7.6278813969415907e+01
   7.8100000000000000e+02  -7.6130320073467800e+01
   7.8200000000000000e+02  -7.5807811369378200e+01
   7.8300000000000000e+02  -7.5624966155335699e+01
   7.8400000000000000e+02  -7.5196567581999005e+01
   7.8500000000000000e+02  -7.5312726289451803e+01
   7.8600000000000000e+02  -7.4876640250911507e+01
   7.8700000000000000e+02  -7.4180415122523698e+01
   7.8800000000000000e+02  -7.3923288407349403e+01
   7.8900000000000000e+02  -7.3819030928394099e+01
   7.9000000000000000e+02  -7.4215652704193204e+01
   7.9100000000000000e+02  -7.4144834398615998e+01
   7.9200000000000000e+02  -7.3949085703236307e+01
   7.9300000000000000e+02  -7.4000168300961803e+01
   7.9400000000000000e+02  -7.3779612901134399e+01
   7.9500000000000000e+02  -7.4310701340163106e+01
   7.9600000000000000e+02  -7.4361824296704896e+01
   7.9700000000000000e+02  -7.4645627417836295e+01
   7.9800000000000000e+02  -7.4687286819334901e+01
   7.9900000000000000e+02  -7.4307782154673006e+01
   8.0000000000000000e+02  -7.4156302644338993e+01
   8.0100000000000000e+02  -7.4270965232829994e+01
   8.0200000000000000e+02  -7.3507682815988204e+01
   8.0300000000000000e+02  -7.3116295289310500e+01
   8.0400000000000000e+02  -7.2769290698537006e+01
   8.0500000000000000e+02  -7.3002037780222594e+01
   8.0600000000000000e+02  -7.2949934215688998e+01
   8.0700000000000000e+02  -7.2900887577292707e+01
   8.0800000000000000e+02  -7.3744828627907197e+01
   8.0900000000000000e+02  -7.3753701129736498e+01
   8.1000000000000000e+02  -7.4033262549324604e+01
   8.1100000000000000e+02  -7.4260227226814493e+01
   8.1200000000000000e+02  -7.4592068001739193e+01
   8.1300000000000000e+02  -7.4588095854364497e+01
   8.1400000000000000e+02  -7.4121983248291301e+01
   8.1500000000000000e+02  -7.3721560551675907e+01
   8.1600000000000000e+02  -7.3238961561134801e+01
   8.1700000000000000e+02  -7.3516529950729506e+01
   8.1800000000000000e+02  -7.3989632061496806e+01
   8.1900000000000000e+02  -7.4317570624889200e+01
   8.2000000000000000e+02  -7.4511600298458504e+01
   8.2100000000000000e+02  -7.4095882825865402e+01
   8.2200000000000000e+02  -7.4373724121064100e+01
   8.2300000000000000e+02  -7.4332014633952198e+01
   8.2400000000000000e+02  -7.3971905940981799e+01
   8.2500000000000000e+02  -7.4402437229452303e+01
   8.2600000000000000e+02  -7.4541143885547598e+01
   8.2700000000000000e+02  -7.4442559965739207e+01
   8.2800000000000000e+02  -7.3937529759634700e+01
   8.2900000000000000e+02  -7.4222460064622197e+01
   8.3000000000000000e+02  -7.4484058892488704e+01
   8.3100000000000000e+02  -7.4078802301846594e+01
   8.3200000000000000e+02  -7.4671118391671797e+01
   8.3300000000000000e+02  -7.4700035258525503e+01
   8.3400000000000000e+02  -7.5060258614725598e+01
   8.3500000000000000e+02  -7.5330359869678105e+01
   8.3600000000000000e+02  -7.5645234388183496e+01
   8.3700000000000000e+02  -7.5973232571344397e+01
   8.3800000000000000e+02  -7.5207921894628896e+01
   8.3900000000000000e+02  -7.5234437394903395e+01
   8.4000000000000000e+02  -7.5300691112887506e+01
   8.4100000000000000e+02  -7.5329043696618101e+01
   8.4200000000000000e+02  -7.5394681325738603e+01
   8.4300000000000000e+02  -7.5308500050375599e+01
   8.4400000000000000e+02  -7.5160341858905298e+01
   8.4500000000000000e+02  -7.4939863509544693e+01
   8.4600000000000000e+02  -7.5137180624069700e+01
   8.4700000000000000e+02  -7.5117327505608600e+01
   8.4800000000000000e+02  -7.4842733147418897e+01
   8.4900000000000000e+02  -7.4144687845699707e+01
   8.5000000000000000e+02  -7.3892142267543306e+01
   8.5100000000000000e+02  -7.4019379151661298e+01
   8.5200000000000000e+02  -7.4244391582627102e+01
   8.5300000000000000e+02  -7.4110011090240704e+01
   8.5400000000000000e+02  -7.4199467670621701e+01
   8.5500000000000000e+02  -7.3886231410514895e+01
   8.5600000000000000e+02  -7.4029828212486507e+01
   8.5700000000000000e+02  -7.3957272000491798e+01
   8.5800000000000000e+02  -7.3905027152707305e+01
   8.5900000000000000e+02  -7.4169796412051397e+01
   8.6000000000000000e+02  -7.4306643336148099e+01
   8.6100000000000000e+02  -7.4122060162853103e+01
   8.6200000000000000e+02  -7.4036400744147699e+01
   8.6300000000000000e+02  -7.4188494601427905e+01
   8.6400000000000000e+02  -7.4116156244212505e+01
   8.6500000000000000e+02  -7.4338034328891496e+01
   8.6600000000000000e+02  -7.4472810397043006e+01
   8.6700000000000000e+02  -7.4231669718747696e+01
   8.6800000000000000e+02  -7.3821713461140405e+01
   8.6900000000000000e+02  -7.3480549073866001e+01
   8.7000000000000000e+02  -7.3199109688209006e+01
   8.7100000000000000e+02  -7.3085294785655805e+01
   8.7200000000000000e+02  -7.3505738634601002e+01
   8.7300000000000000e+02  -7.3623346210789705e+01
   8.7400000000000000e+02  -7.4037008479419896e+01
   8.7500000000000000e+02  -7.3886878284853395e+01
   8.7600000000000000e+02  -7.4410384528353603e+01
   8.7700000000000000e+02  -7.4294149500456200e+01
   8.7800000000000000e+02  -7.4009115115805500e+01
   8.7900000000000000e+02  -7.3965628868531596e+01
   8.8000000000000000e+02  -7.3776058939522599e+01
   8.8100000000000000e+02  -7.3649038356018906e+01
   8.8200000000000000e+02  -7.3990388891526806e+01
   8.8300000000000000e+02  -7.4103914801432893e+01
   8.8400000000000000e+02  -7.3844083342393603e+01
   8.8500000000000000e+02  -7.3970366517092899e+01
   8.8600000000000000e+02  -7.3753317488265793e+01
   8.8700000000000000e+02  -7.3969165933719196e+01
   8.8800000000000000e+02  -7.3979023773472903e+01
   8.8900000000000000e+02  -7.4038526083100805e+01
   8.9000000000000000e+02  -7.3629619661344805e+01
   8.9100000000000000e+02  -7.3546138188858194e+01
   8.9200000000000000e+02  -7.3103971536313097e+01
   8.9300000000000000e+02  -7.3390150633559301e+01
   8.9400000000000000e+02  -7.3527231761583707e+01
   8.9500000000000000e+02  -7.3709848118703604e+01
   8.9600000000000000e+02  -7.3960569018966098e+01
   8.9700000000000000e+02  -7.4525513124924998e+01
   8.9800000000000000e+02  -7.4803429012530600e+01
   8.9900000000000000e+02  -7.4649790191291700e+01
   9.0000000000000000e+02  -7.4562506283070107e+01
   9.0100000000000000e+02  -7.4687403035072293e+01
   9.0200000000000000e+02  -7.4678940290987995e+01
   9.0300000000000000e+02  -7.4972739133459200e+01
   9.0400000000000000e+02  -7.5011561384575700e+01
   9.0500000000000000e+02  -7.4743015664562407e+01
   9.0600000000000000e+02  -7.4933754373369794e+01
   9.0700000000000000e+02  -7.4881332487598996e+01
   9.0800000000000000e+02  -7.4781918883987402e+01
   9.0900000000000000e+02  -7.4763900203521402e+01
   9.1000000000000000e+02  -7.4610009930896695e+01
   9.1100000000000000e+02  -7.5048372168881400e+01
   9.1200000000000000e+02  -7.5295391711650794e+01
   9.1300000000000000e+02  -7.5452364547326795e+01
   9.1400000000000000e+02  -7.5770452896105098e+01
   9.1500000000000000e+02  -7.5574885230375102e+01
   9.1600000000000000e+02  -7.5992385263781998e+01
   9.1700000000000000e+02  -7.6183127441883499e+01
   9.1800000000000000e+02  -7.6160929873151105e+01
   9.1900000000000000e+02  -7.6303431251166799e+01
   9.2000000000000000e+02  -7.5861251785743406e+01
   9.2100000000000000e+02  -7.5352061019715606e+01
   9.2200000000000000e+02  -7.5345681164014593e+01
   9.2300000000000000e+02  -7.5195876721841103e+01
   9.2400000000000000e+02  -7.5569395531926801e+01
   9.2500000000000000e+02  -7.5170431514930101e+01
   9.2600000000000000e+02  -7.5085783852255204e+01
   9.2700000000000000e+02  -7.4929662102459403e+01
   9.2800000000000000e+02  -7.4919474196448604e+01
   9.2900000000000000e+02  -7.5166261697231107e+01
   9.3000000000000000e+02  -7.4985538717977306e+01
   9.3100000000000000e+02  -7.4879251548280706e+01
   9.3200000000000000e+02  -7.4369836099152593e+01
   9.3300000000000000e+02  -7.4140267679350899e+01
   9.3400000000000000e+02  -7.4295447570632703e+01
   9.3500000000000000e+02  -7.3733033435659195e+01
   9.3600000000000000e+02  -7.3827109406258103e+01
   9.3700000000000000e+02  -7.3259763746651799e+01
   9.3800000000000000e+02  -7.3603694666617102e+01
   9.3900000000000000e+02  -7.4038881574434100e+01
   9.4000000000000000e+02  -7.3705697128063207e+01
   9.4100000000000000e+02  -7.3768469024803196e+01
   9.4200000000000000e+02  -7.3628571801638103e+01
   9.4300000000000000e+02  -7.4552660446569902e+01
   9.4400000000000000e+02  -7.4464340747595301e+01
   9.4500000000000000e+02  -7.4968489672043901e+01
   9.4600000000000000e+02  -7.4517955243577205e+01
   9.4700000000000000e+02  -7.4279319675971195e+01
   9.4800000000000000e+02  -7.4143050843459704e+01
   9.4900000000000000e+02  -7.4030826650249793e+01
   9.5000000000000000e+02  -7.4473899681634407e+01
   9.5100000000000000e+02  -7.4489338376865703e+01
   9.5200000000000000e+02  -7.4719417677460598e+01
   9.5300000000000000e+02  -7.4879175626803502e+01
   9.5400000000000000e+02  -7.4258202765327795e+01
   9.5500000000000000e+02  -7.4958829246824905e+01
   9.5600000000000000e+02  -7.5002362251254297e+01
   9.5700000000000000e+02  -7.5312196811642593e+01
   9.5800000000000000e+02  -7.5064050158936098e+01
   9.5900000000000000e+02  -7.5002205651502194e+01
   9.6000000000000000e+02  -7.4969019443254894e+01
   9.6100000000000000e+02  -7.4733047352519407e+01
   9.6200000000000000e+02  -7.3997224140960398e+01
   9.6300000000000000e+02  -7.3955416224724800e+01
   9.6400000000000000e+02  -7.3854111349183299e+01
   9.6500000000000000e+02  -7.3738800576323996e+01
   9.6600000000000000e+02  -7.3870032439989004e+01
   9.6700000000000000e+02  -7.3890634106167894e+01
