  -1.0000000000000000e+02  -7.2337254116123702e+01
  -9.9000000000000000e+01  -7.2557835584606806e+01
  -9.8000000000000000e+01  -7.2262722488372404e+01
  -9.7000000000000000e+01  -7.2670585899860598e+01
  -9.6000000000000000e+01  -7.2666967196961096e+01
  -9.5000000000000000e+01  -7.2614924206308402e+01
  -9.4000000000000000e+01  -7.2541231458174494e+01
  -9.3000000000000000e+01  -7.2522036772020400e+01
  -9.2000000000000000e+01  -7.2685538806549800e+01
  -9.1000000000000000e+01  -7.2834409191829593e+01
  -9.0000000000000000e+01  -7.2298634147287402e+01
  -8.9000000000000000e+01  -7.2222632445679693e+01
  -8.8000000000000000e+01  -7.1831095364462001e+01
  -8.7000000000000000e+01  -7.1879344796742203e+01
  -8.6000000000000000e+01  -7.2451365258455994e+01
  -8.5000000000000000e+01  -7.2569433183630693e+01
  -8.4000000000000000e+01  -7.2793663268639705e+01
  -8.3000000000000000e+01  -7.2675193453820199e+01
  -8.2000000000000000e+01  -7.2623291965882203e+01
  -8.1000000000000000e+01  -7.2715592979634593e+01
  -8.0000000000000000e+01  -7.3038729230541193e+01
  -7.9000000000000000e+01  -7.3410244739435498e+01
  -7.8000000000000000e+01  -7.3363323355874400e+01
  -7.7000000000000000e+01  -7.3649887675675004e+01
  -7.6000000000000000e+01  -7.4256764590786105e+01
  -7.5000000000000000e+01  -7.4063478582928695e+01
  -7.4000000000000000e+01  -7.4184108926794096e+01
  -7.3000000000000000e+01  -7.4137894870469694e+01
  -7.2000000000000000e+01  -7.4251541567804395e+01
  -7.1000000000000000e+01  -7.4669317673074303e+01
  -7.0000000000000000e+01  -7.4643891504910201e+01
  -6.9000000000000000e+01  -7.4351350391452002e+01
  -6.8000000000000000e+01  -7.3854605632398602e+01
  -6.7000000000000000e+01  -7.3638461205220906e+01
  -6.6000000000000000e+01  -7.3384792036150799e+01
  -6.5000000000000000e+01  -7.3294923590472493e+01
  -6.4000000000000000e+01  -7.3470518676569696e+01
  -6.3000000000000000e+01  -7.3965704772329403e+01
  -6.2000000000000000e+01  -7.3849104366969897e+01
  -6.1000000000000000e+01  -7.3951073028244394e+01
  -6.0000000000000000e+01  -7.4028866028344197e+01
  -5.9000000000000000e+01  -7.3886738640314405e+01
  -5.8000000000000000e+01  -7.3222093949390896e+01
  -5.7000000000000000e+01  -7.3145433190771598e+01
  -5.6000000000000000e+01  -7.2908608135359302e+01
  -5.5000000000000000e+01  -7.3065953742756406e+01
  -5.4000000000000000e+01  -7.3321498561668307e+01
  -5.3000000000000000e+01  -7.2952400714925503e+01
  -5.2000000000000000e+01  -7.2331882846783301e+01
  -5.1000000000000000e+01  -7.2128120167703202e+01
  -5.0000000000000000e+01  -7.2451350302227993e+01
  -4.9000000000000000e+01  -7.2224475603127303e+01
  -4.8000000000000000e+01  -7.2102793234651699e+01
  -4.7000000000000000e+01  -7.2031870479266004e+01
  -4.6000000000000000e+01  -7.2223689713291805e+01
  -4.5000000000000000e+01  -7.2098021053779505e+01
  -4.4000000000000000e+01  -7.2102516782645907e+01
  -4.3000000000000000e+01  -7.2048349036006499e+01
  -4.2000000000000000e+01  -7.2085872105521702e+01
  -4.1000000000000000e+01  -7.1982497429667504e+01
  -4.0000000000000000e+01  -7.1885026272858099e+01
  -3.9000000000000000e+01  -7.2395276422662207e+01
  -3.8000000000000000e+01  -7.2674195571196293e+01
  -3.7000000000000000e+01  -7.2126587469200899e+01
  -3.6000000000000000e+01  -7.1825591056726495e+01
  -3.5000000000000000e+01  -7.1687252197247105e+01
  -3.4000000000000000e+01  -7.1185735694853904e+01
  -3.3000000000000000e+01  -7.0716776747274295e+01
  -3.2000000000000000e+01  -7.0942083669305106e+01
  -3.1000000000000000e+01  -7.0748617924338703e+01
  -3.0000000000000000e+01  -7.0733931586005298e+01
  -2.9000000000000000e+01  -7.0660630907780401e+01
  -2.8000000000000000e+01  -7.0681233589627695e+01
  -2.7000000000000000e+01  -7.0825173700830902e+01
  -2.6000000000000000e+01  -7.0047514531545303e+01
  -2.5000000000000000e+01  -6.9726363912707299e+01
  -2.4000000000000000e+01  -6.8793764684109902e+01
  -2.3000000000000000e+01  -6.8674640058272402e+01
  -2.2000000000000000e+01  -6.8494018398893601e+01
  -2.1000000000000000e+01  -6.8428637741541607e+01
  -2.0000000000000000e+01  -6.8566713209701007e+01
  -1.9000000000000000e+01  -6.8092320405623596e+01
  -1.8000000000000000e+01  -6.8045752401536504e+01
  -1.7000000000000000e+01  -6.7627695364318697e+01
  -1.6000000000000000e+01  -6.6900446432532902e+01
  -1.5000000000000000e+01  -6.6690332866854106e+01
  -1.4000000000000000e+01  -6.6288293946550098e+01
  -1.3000000000000000e+01  -6.5462357427163198e+01
  -1.2000000000000000e+01  -6.4898764346624205e+01
  -1.1000000000000000e+01  -6.4861551874653301e+01
  -1.0000000000000000e+01  -6.4224403092584296e+01
  -9.0000000000000000e+00  -6.4239393577379403e+01
  -8.0000000000000000e+00  -6.3549376284020603e+01
  -7.0000000000000000e+00  -6.3191767786641996e+01
  -6.0000000000000000e+00  -6.2489734453910202e+01
  -5.0000000000000000e+00  -6.1251993506265300e+01
  -4.0000000000000000e+00  -5.9767271997340899e+01
  -3.0000000000000000e+00  -5.7955114895741602e+01
  -2.0000000000000000e+00  -5.4913722471272202e+01
  -1.0000000000000000e+00  -4.7718548809275603e+01
   0.0000000000000000e+00  -1.9532540085152998e+01
   1.0000000000000000e+00   1.9860241458736900e+00
   2.0000000000000000e+00   1.4676403864518701e+01
   3.0000000000000000e+00   2.1213188364815402e+01
   4.0000000000000000e+00   2.4678057135104801e+01
   5.0000000000000000e+00   2.6567853989496601e+01
   6.0000000000000000e+00   2.7285416383957799e+01
   7.0000000000000000e+00   2.7736043288121099e+01
   8.0000000000000000e+00   2.7710691931263199e+01
   9.0000000000000000e+00   2.8288205999757299e+01
   1.0000000000000000e+01   2.8334818642734000e+01
   1.1000000000000000e+01   2.8538015491173699e+01
   1.2000000000000000e+01   2.8924789109908801e+01
   1.3000000000000000e+01   2.9282004749971801e+01
   1.4000000000000000e+01   2.9565251388793200e+01
   1.5000000000000000e+01   2.9873888452035601e+01
   1.6000000000000000e+01   3.0263499786676402e+01
   1.7000000000000000e+01   3.0551068622109899e+01
   1.8000000000000000e+01   3.0859387838564398e+01
   1.9000000000000000e+01   3.0994575803916401e+01
   2.0000000000000000e+01   3.1445194356448699e+01
   2.1000000000000000e+01   3.1274238986871399e+01
   2.2000000000000000e+01   3.1301720438844100e+01
   2.3000000000000000e+01   3.1286573302908401e+01
   2.4000000000000000e+01   3.1152776889836900e+01
   2.5000000000000000e+01   3.1462592421196199e+01
   2.6000000000000000e+01   3.1215112314297802e+01
   2.7000000000000000e+01   3.1198853089682299e+01
   2.8000000000000000e+01   3.1422673405906199e+01
   2.9000000000000000e+01   3.1351671590480802e+01
   3.0000000000000000e+01   3.1449874037990700e+01
   3.1000000000000000e+01   3.1288344794550898e+01
   3.2000000000000000e+01   3.2076486728605097e+01
   3.3000000000000000e+01   3.2650830162208898e+01
   3.4000000000000000e+01   3.2957415443441697e+01
   3.5000000000000000e+01   3.2807801436432598e+01
   3.6000000000000000e+01   3.2923164447740099e+01
   3.7000000000000000e+01   3.3130483159997802e+01
   3.8000000000000000e+01   3.2829192007780499e+01
   3.9000000000000000e+01   3.2410988003992600e+01
   4.0000000000000000e+01   3.2332067994602802e+01
   4.1000000000000000e+01   3.2204445587597100e+01
   4.2000000000000000e+01   3.2093452792474203e+01
   4.3000000000000000e+01   3.2338523049035999e+01
   4.4000000000000000e+01   3.2307757152500599e+01
   4.5000000000000000e+01   3.1873246400844401e+01
   4.6000000000000000e+01   3.2125211530019499e+01
   4.7000000000000000e+01   3.1998242757487599e+01
   4.8000000000000000e+01   3.2076596782081197e+01
   4.9000000000000000e+01   3.2152026456554999e+01
   5.0000000000000000e+01   3.2432524323238098e+01
   5.1000000000000000e+01   3.2627359258762198e+01
   5.2000000000000000e+01   3.2933190918839202e+01
   5.3000000000000000e+01   3.2980593153038498e+01
   5.4000000000000000e+01   3.3773976868847598e+01
   5.5000000000000000e+01   3.4232381624226598e+01
   5.6000000000000000e+01   3.4280166366331699e+01
   5.7000000000000000e+01   3.4453685203183298e+01
   5.8000000000000000e+01   3.4522915237971098e+01
   5.9000000000000000e+01   3.4803248666314502e+01
   6.0000000000000000e+01   3.4608523397977699e+01
   6.1000000000000000e+01   3.4999529093154599e+01
   6.2000000000000000e+01   3.4947069249212198e+01
   6.3000000000000000e+01   3.5269788550133903e+01
   6.4000000000000000e+01   3.5024801490795703e+01
   6.5000000000000000e+01   3.4654134716228697e+01
   6.6000000000000000e+01   3.4806946777145299e+01
   6.7000000000000000e+01   3.5086277165738402e+01
   6.8000000000000000e+01   3.4881162968334202e+01
   6.9000000000000000e+01   3.5226420403008099e+01
   7.0000000000000000e+01   3.6078852775872697e+01
   7.1000000000000000e+01   3.6528077126447300e+01
   7.2000000000000000e+01   3.6515060332679496e+01
   7.3000000000000000e+01   3.6130740688760199e+01
   7.4000000000000000e+01   3.6756796561876399e+01
   7.5000000000000000e+01   3.7306086789235401e+01
   7.6000000000000000e+01   3.7164076669015500e+01
   7.7000000000000000e+01   3.7066676462707697e+01
   7.8000000000000000e+01   3.6519853207442999e+01
   7.9000000000000000e+01   3.6482702629212298e+01
   8.0000000000000000e+01   3.6472951507803501e+01
   8.1000000000000000e+01   3.6215796641941097e+01
   8.2000000000000000e+01   3.5696309919361703e+01
   8.3000000000000000e+01   3.5694667222076099e+01
   8.4000000000000000e+01   3.5890700768359302e+01
   8.5000000000000000e+01   3.6193675054003698e+01
   8.6000000000000000e+01   3.6025522917386901e+01
   8.7000000000000000e+01   3.5826045810712600e+01
   8.8000000000000000e+01   3.6226862219583502e+01
   8.9000000000000000e+01   3.5978793136527102e+01
   9.0000000000000000e+01   3.6159290759210897e+01
   9.1000000000000000e+01   3.6436939665321702e+01
   9.2000000000000000e+01   3.6413470010497299e+01
   9.3000000000000000e+01   3.6354020752214197e+01
   9.4000000000000000e+01   3.6460618589031199e+01
   9.5000000000000000e+01   3.6077222648670897e+01
   9.6000000000000000e+01   3.6410848379152398e+01
   9.7000000000000000e+01   3.6965802309239301e+01
   9.8000000000000000e+01   3.7094538945123297e+01
   9.9000000000000000e+01   3.7394443518925499e+01
   1.0000000000000000e+02   3.7249376258370198e+01
   1.0100000000000000e+02   3.7595931861696897e+01
   1.0200000000000000e+02   3.7411934332358101e+01
   1.0300000000000000e+02   3.7129777606195901e+01
   1.0400000000000000e+02   3.7034245130166703e+01
   1.0500000000000000e+02   3.6781471747909102e+01
   1.0600000000000000e+02   3.6948425274277298e+01
   1.0700000000000000e+02   3.7598085160191999e+01
   1.0800000000000000e+02   3.8349070538063799e+01
   1.0900000000000000e+02   3.8401902583280403e+01
   1.1000000000000000e+02   3.7980683417339499e+01
   1.1100000000000000e+02   3.7600355524089302e+01
   1.1200000000000000e+02   3.7627439289190200e+01
   1.1300000000000000e+02   3.7803767881304999e+01
   1.1400000000000000e+02   3.7840234143983999e+01
   1.1500000000000000e+02   3.7427652032236402e+01
   1.1600000000000000e+02   3.6957663903947399e+01
   1.1700000000000000e+02   3.6782490165023198e+01
   1.1800000000000000e+02   3.5829233770159497e+01
   1.1900000000000000e+02   3.5936776704027203e+01
   1.2000000000000000e+02   3.5718353593477502e+01
   1.2100000000000000e+02   3.5631757122962398e+01
   1.2200000000000000e+02   3.5855794038644099e+01
   1.2300000000000000e+02   3.5641800984740300e+01
   1.2400000000000000e+02   3.5623759194873600e+01
   1.2500000000000000e+02   3.5554808436441697e+01
   1.2600000000000000e+02   3.5412908506093203e+01
   1.2700000000000000e+02   3.5581612658338301e+01
   1.2800000000000000e+02   3.5553783197759600e+01
   1.2900000000000000e+02   3.5302673393061198e+01
   1.3000000000000000e+02   3.5355465126062299e+01
   1.3100000000000000e+02   3.5245442955709102e+01
   1.3200000000000000e+02   3.5460589424943599e+01
   1.3300000000000000e+02   3.5463713263198500e+01
   1.3400000000000000e+02   3.5139598391934300e+01
   1.3500000000000000e+02   3.5547431486549499e+01
   1.3600000000000000e+02   3.5685086644189703e+01
   1.3700000000000000e+02   3.5876498714301299e+01
   1.3800000000000000e+02   3.6157793672609799e+01
   1.3900000000000000e+02   3.6670053621533498e+01
   1.4000000000000000e+02   3.6443849810836802e+01
   1.4100000000000000e+02   3.6036873176249301e+01
   1.4200000000000000e+02   3.5608919787398300e+01
   1.4300000000000000e+02   3.5080225937955198e+01
   1.4400000000000000e+02   3.5138343453595603e+01
   1.4500000000000000e+02   3.5049111393734101e+01
   1.4600000000000000e+02   3.4724160390047601e+01
   1.4700000000000000e+02   3.4821771631704699e+01
   1.4800000000000000e+02   3.4701760645568797e+01
   1.4900000000000000e+02   3.4591336619689798e+01
   1.5000000000000000e+02   3.4454105241394302e+01
   1.5100000000000000e+02   3.4985452794926097e+01
   1.5200000000000000e+02   3.4905847853612201e+01
   1.5300000000000000e+02   3.4945333421380496e+01
   1.5400000000000000e+02   3.5401231193979797e+01
   1.5500000000000000e+02   3.4698996174895797e+01
   1.5600000000000000e+02   3.4657077964352503e+01
   1.5700000000000000e+02   3.4866355069147197e+01
   1.5800000000000000e+02   3.4541904518529797e+01
   1.5900000000000000e+02   3.4710207859962203e+01
   1.6000000000000000e+02   3.5137886421645398e+01
   1.6100000000000000e+02   3.5444525685321203e+01
   1.6200000000000000e+02   3.5229343333695901e+01
   1.6300000000000000e+02   3.4978999012322703e+01
   1.6400000000000000e+02   3.4860502416491599e+01
   1.6500000000000000e+02   3.5116156972130902e+01
   1.6600000000000000e+02   3.5315568940244901e+01
   1.6700000000000000e+02   3.5848965024515401e+01
   1.6800000000000000e+02   3.5409280585540500e+01
   1.6900000000000000e+02   3.5174446338501298e+01
   1.7000000000000000e+02   3.5260898838201001e+01
   1.7100000000000000e+02   3.5203376822517299e+01
   1.7200000000000000e+02   3.5215036565277202e+01
   1.7300000000000000e+02   3.4549959978324800e+01
   1.7400000000000000e+02   3.4621240233926798e+01
   1.7500000000000000e+02   3.4377336289022097e+01
   1.7600000000000000e+02   3.4598054131843099e+01
   1.7700000000000000e+02   3.4401048497844798e+01
   1.7800000000000000e+02   3.4207237627920797e+01
   1.7900000000000000e+02   3.3778794517597099e+01
   1.8000000000000000e+02   3.3840092356346602e+01
   1.8100000000000000e+02   3.3240088410308203e+01
   1.8200000000000000e+02   3.3300985207121997e+01
   1.8300000000000000e+02   3.2924552071743001e+01
   1.8400000000000000e+02   3.2750931512473002e+01
   1.8500000000000000e+02   3.2525821885527300e+01
   1.8600000000000000e+02   3.2240038860854703e+01
   1.8700000000000000e+02   3.2215946446107900e+01
   1.8800000000000000e+02   3.2122786323648498e+01
   1.8900000000000000e+02   3.2122695441095800e+01
   1.9000000000000000e+02   3.2202623940214899e+01
   1.9100000000000000e+02   3.2190707867331298e+01
   1.9200000000000000e+02   3.2521380147215197e+01
   1.9300000000000000e+02   3.2444282278874098e+01
   1.9400000000000000e+02   3.2215395524261098e+01
   1.9500000000000000e+02   3.2163195751386603e+01
   1.9600000000000000e+02   3.2154060616834698e+01
   1.9700000000000000e+02   3.2017653935677700e+01
   1.9800000000000000e+02   3.1469986502178202e+01
   1.9900000000000000e+02   3.1295869826301001e+01
   2.0000000000000000e+02   3.0894543342374700e+01
   2.0100000000000000e+02   3.0573704792664799e+01
   2.0200000000000000e+02   3.0279252008872700e+01
   2.0300000000000000e+02   2.9766616589561000e+01
   2.0400000000000000e+02   2.9451670018664899e+01
   2.0500000000000000e+02   2.9481720459556300e+01
   2.0600000000000000e+02   2.9061235813807599e+01
   2.0700000000000000e+02   2.8811700441412299e+01
   2.0800000000000000e+02   2.9178327177745000e+01
   2.0900000000000000e+02   2.9039607101982199e+01
   2.1000000000000000e+02   2.8390573263915400e+01
   2.1100000000000000e+02   2.8477349379299099e+01
   2.1200000000000000e+02   2.8134615209279499e+01
   2.1300000000000000e+02   2.8640036194255799e+01
   2.1400000000000000e+02   2.8224858252966499e+01
   2.1500000000000000e+02   2.8327172128164900e+01
   2.1600000000000000e+02   2.8410456194297801e+01
   2.1700000000000000e+02   2.8221291235739798e+01
   2.1800000000000000e+02   2.8197875068479899e+01
   2.1900000000000000e+02   2.8238147312277899e+01
   2.2000000000000000e+02   2.7790021307569699e+01
   2.2100000000000000e+02   2.7564666442598401e+01
   2.2200000000000000e+02   2.7061993535554901e+01
   2.2300000000000000e+02   2.6825693957110001e+01
   2.2400000000000000e+02   2.6489604807763200e+01
   2.2500000000000000e+02   2.5997929433095099e+01
   2.2600000000000000e+02   2.6180354406919001e+01
   2.2700000000000000e+02   2.5460113479172399e+01
   2.2800000000000000e+02   2.5699906241485898e+01
   2.2900000000000000e+02   2.5583326039634802e+01
   2.3000000000000000e+02   2.5735754016893399e+01
   2.3100000000000000e+02   2.5569970709416101e+01
   2.3200000000000000e+02   2.5768393113396101e+01
   2.3300000000000000e+02   2.5577711783474800e+01
   2.3400000000000000e+02   2.5746278341206100e+01
   2.3500000000000000e+02   2.5749868750981300e+01
   2.3600000000000000e+02   2.5523280022999799e+01
   2.3700000000000000e+02   2.5574157856677399e+01
   2.3800000000000000e+02   2.5675556702178401e+01
   2.3900000000000000e+02   2.5545074506163498e+01
   2.4000000000000000e+02   2.5033623613591001e+01
   2.4100000000000000e+02   2.5230315086398502e+01
   2.4200000000000000e+02   2.5682864837061800e+01
   2.4300000000000000e+02   2.5417927352288100e+01
   2.4400000000000000e+02   2.4768303818983100e+01
   2.4500000000000000e+02   2.4290151220757100e+01
   2.4600000000000000e+02   2.4532181654663400e+01
   2.4700000000000000e+02   2.4825693614179201e+01
   2.4800000000000000e+02   2.4703191162124700e+01
   2.4900000000000000e+02   2.4051078944520000e+01
   2.5000000000000000e+02   2.4607649658649901e+01
   2.5100000000000000e+02   2.4480652436220399e+01
   2.5200000000000000e+02   2.4703134451860201e+01
   2.5300000000000000e+02   2.4044836418081601e+01
   2.5400000000000000e+02   2.4226553442699100e+01
   2.5500000000000000e+02   2.3766003734946199e+01
   2.5600000000000000e+02   2.3854149175844299e+01
   2.5700000000000000e+02   2.3673438141044400e+01
   2.5800000000000000e+02   2.3335129173062601e+01
   2.5900000000000000e+02   2.3027849667031202e+01
   2.6000000000000000e+02   2.2846990477542700e+01
   2.6100000000000000e+02   2.2288742023895399e+01
   2.6200000000000000e+02   2.2246112321758300e+01
   2.6300000000000000e+02   2.2531940756327000e+01
   2.6400000000000000e+02   2.2417528923697599e+01
   2.6500000000000000e+02   2.2562170104722000e+01
   2.6600000000000000e+02   2.2411914384256001e+01
   2.6700000000000000e+02   2.2129529572690100e+01
   2.6800000000000000e+02   2.1689753045882600e+01
   2.6900000000000000e+02   2.1397578219859302e+01
   2.7000000000000000e+02   2.0734551534067499e+01
   2.7100000000000000e+02   2.0758054006068001e+01
   2.7200000000000000e+02   2.0540258256286901e+01
   2.7300000000000000e+02   2.0785200903882401e+01
   2.7400000000000000e+02   2.0272715838144300e+01
   2.7500000000000000e+02   1.9958019293785700e+01
   2.7600000000000000e+02   2.0336678942597899e+01
   2.7700000000000000e+02   2.0212255977948800e+01
   2.7800000000000000e+02   2.0314802232024899e+01
   2.7900000000000000e+02   2.0008121419042901e+01
   2.8000000000000000e+02   1.9848382948346000e+01
   2.8100000000000000e+02   1.9272259721560300e+01
   2.8200000000000000e+02   1.9033574830527101e+01
   2.8300000000000000e+02   1.8925369846701798e+01
   2.8400000000000000e+02   1.8915741624584999e+01
   2.8500000000000000e+02   1.8956325218564800e+01
   2.8600000000000000e+02   1.8932887068990901e+01
   2.8700000000000000e+02   1.8559708480202101e+01
   2.8800000000000000e+02   1.7995233179570700e+01
   2.8900000000000000e+02   1.7615493465781601e+01
   2.9000000000000000e+02   1.7050853402700302e+01
   2.9100000000000000e+02   1.6996909148206200e+01
   2.9200000000000000e+02   1.6482946920633900e+01
   2.9300000000000000e+02   1.6773070830800400e+01
   2.9400000000000000e+02   1.6861969724943702e+01
   2.9500000000000000e+02   1.7134011815052400e+01
   2.9600000000000000e+02   1.6940887587072702e+01
   2.9700000000000000e+02   1.6692548726005199e+01
   2.9800000000000000e+02   1.6379282417918301e+01
   2.9900000000000000e+02   1.5903208610223100e+01
   3.0000000000000000e+02   1.6077892761655200e+01
   3.0100000000000000e+02   1.5969659648664500e+01
   3.0200000000000000e+02   1.6115757963130800e+01
   3.0300000000000000e+02   1.6205927571148099e+01
   3.0400000000000000e+02   1.5673688502368799e+01
   3.0500000000000000e+02   1.5447754833125000e+01
   3.0600000000000000e+02   1.5666712576237501e+01
   3.0700000000000000e+02   1.6266263944813900e+01
   3.0800000000000000e+02   1.5762402480537300e+01
   3.0900000000000000e+02   1.5734572478049600e+01
   3.1000000000000000e+02   1.5348630505742999e+01
   3.1100000000000000e+02   1.5543223753400101e+01
   3.1200000000000000e+02   1.4967749392544400e+01
   3.1300000000000000e+02   1.4960924813678700e+01
   3.1400000000000000e+02   1.4610645597739200e+01
   3.1500000000000000e+02   1.4438347617350100e+01
   3.1600000000000000e+02   1.4015683491838400e+01
   3.1700000000000000e+02   1.4075599207655101e+01
   3.1800000000000000e+02   1.4085839440313100e+01
   3.1900000000000000e+02   1.4039714911869799e+01
   3.2000000000000000e+02   1.3877368682765100e+01
   3.2100000000000000e+02   1.3459877560123100e+01
   3.2200000000000000e+02   1.3652805954079900e+01
   3.2300000000000000e+02   1.4175654752232800e+01
   3.2400000000000000e+02   1.3882389813924000e+01
   3.2500000000000000e+02   1.3824397354210699e+01
   3.2600000000000000e+02   1.3925648355360901e+01
   3.2700000000000000e+02   1.3920860448860800e+01
   3.2800000000000000e+02   1.3752997013544800e+01
   3.2900000000000000e+02   1.3532847792300100e+01
   3.3000000000000000e+02   1.3308263651422100e+01
   3.3100000000000000e+02   1.3125003666059500e+01
   3.3200000000000000e+02   1.2900772272871800e+01
   3.3300000000000000e+02   1.3423343935031101e+01
   3.3400000000000000e+02   1.3291774968316000e+01
   3.3500000000000000e+02   1.3161961732905100e+01
   3.3600000000000000e+02   1.3019272742647200e+01
   3.3700000000000000e+02   1.2491264870293501e+01
   3.3800000000000000e+02   1.2053647419275300e+01
   3.3900000000000000e+02   1.2536817833895400e+01
   3.4000000000000000e+02   1.2425158823415300e+01
   3.4100000000000000e+02   1.2222094880292000e+01
   3.4200000000000000e+02   1.1979363089623901e+01
   3.4300000000000000e+02   1.1724776104995200e+01
   3.4400000000000000e+02   1.1627007623648000e+01
   3.4500000000000000e+02   1.1046956473731001e+01
   3.4600000000000000e+02   1.0690306203200400e+01
   3.4700000000000000e+02   1.0771378325504500e+01
   3.4800000000000000e+02   1.1224115018443699e+01
   3.4900000000000000e+02   1.1132689303769499e+01
   3.5000000000000000e+02   1.0902096443634900e+01
   3.5100000000000000e+02   1.0545962672673101e+01
   3.5200000000000000e+02   1.0341435631548300e+01
   3.5300000000000000e+02   1.0577224736103201e+01
   3.5400000000000000e+02   1.0576271288906399e+01
   3.5500000000000000e+02   1.0040662698465200e+01
   3.5600000000000000e+02   9.6309242990788793e+00
   3.5700000000000000e+02   9.9755806952385093e+00
   3.5800000000000000e+02   9.6741784614584105e+00
   3.5900000000000000e+02   9.4144657861309504e+00
   3.6000000000000000e+02   9.4909272386741996e+00
   3.6100000000000000e+02   9.1865410238550407e+00
   3.6200000000000000e+02   9.4720119276063492e+00
   3.6300000000000000e+02   9.0373814739607798e+00
   3.6400000000000000e+02   8.9685571358299008e+00
   3.6500000000000000e+02   8.7769303653530297e+00
   3.6600000000000000e+02   8.5510846530516105e+00
   3.6700000000000000e+02   8.6225604753940495e+00
   3.6800000000000000e+02   8.9412140449295396e+00
   3.6900000000000000e+02   9.2426010147100204e+00
   3.7000000000000000e+02   9.3795213928385106e+00
   3.7100000000000000e+02   9.5939872061775908e+00
   3.7200000000000000e+02   9.8036646460746599e+00
   3.7300000000000000e+02   9.5520125614768503e+00
   3.7400000000000000e+02   9.4321351741786703e+00
   3.7500000000000000e+02   8.7287385814343992e+00
   3.7600000000000000e+02   8.8107282479039899e+00
   3.7700000000000000e+02   8.6780797451098497e+00
   3.7800000000000000e+02   8.8550549783652102e+00
   3.7900000000000000e+02   8.0848262098878791e+00
   3.8000000000000000e+02   8.1915578335772903e+00
   3.8100000000000000e+02   7.8643413106948303e+00
   3.8200000000000000e+02   6.8154597145692604e+00
   3.8300000000000000e+02   5.9601787623570699e+00
   3.8400000000000000e+02   6.2150641154212298e+00
   3.8500000000000000e+02   5.9213941624922803e+00
   3.8600000000000000e+02   6.1451927183721997e+00
   3.8700000000000000e+02   5.5801123855526997e+00
   3.8800000000000000e+02   5.3761523634393500e+00
   3.8900000000000000e+02   5.3179042331185897e+00
   3.9000000000000000e+02   5.6284235159840099e+00
   3.9100000000000000e+02   5.5010545758990501e+00
   3.9200000000000000e+02   5.1943710704894004e+00
   3.9300000000000000e+02   4.9239041990024903e+00
   3.9400000000000000e+02   4.6950101708315000e+00
   3.9500000000000000e+02   4.3529914730646704e+00
   3.9600000000000000e+02   3.9865412541099099e+00
   3.9700000000000000e+02   3.7665448573594098e+00
   3.9800000000000000e+02   3.3432226056622301e+00
   3.9900000000000000e+02   3.2350440194734502e+00
   4.0000000000000000e+02   3.2407509866726798e+00
   4.0100000000000000e+02   3.0707332632189299e+00
   4.0200000000000000e+02   3.0600885871717800e+00
   4.0300000000000000e+02   3.0453318172386301e+00
   4.0400000000000000e+02   2.4026302303369600e+00
   4.0500000000000000e+02   2.0961422453217500e+00
   4.0600000000000000e+02   1.8203730719717199e+00
   4.0700000000000000e+02   1.3069409731083399e+00
   4.0800000000000000e+02   1.3435319587334600e+00
   4.0900000000000000e+02   1.0477465608149199e+00
   4.1000000000000000e+02   4.8716382089632199e-01
   4.1100000000000000e+02   2.2056680430097400e-01
   4.1200000000000000e+02   1.2229273454585301e-02
   4.1300000000000000e+02  -3.2092555760532998e-01
   4.1400000000000000e+02  -5.5620565313212700e-01
   4.1500000000000000e+02  -3.3139733059283599e-01
   4.1600000000000000e+02  -5.3610348609428404e-01
   4.1700000000000000e+02  -7.1256371362779203e-01
   4.1800000000000000e+02  -1.1886960823984700e+00
   4.1900000000000000e+02  -1.4840222111315500e+00
   4.2000000000000000e+02  -2.0764583752798198e+00
   4.2100000000000000e+02  -2.0445059253516700e+00
   4.2200000000000000e+02  -2.2568832881145000e+00
   4.2300000000000000e+02  -2.4751788453371502e+00
   4.2400000000000000e+02  -3.1771140710942198e+00
   4.2500000000000000e+02  -3.7296528572459500e+00
   4.2600000000000000e+02  -4.0286449644954301e+00
   4.2700000000000000e+02  -4.4577400152273698e+00
   4.2800000000000000e+02  -5.0079550556923804e+00
   4.2900000000000000e+02  -5.4096977185708797e+00
   4.3000000000000000e+02  -5.6795101721641297e+00
   4.3100000000000000e+02  -6.3040796200013798e+00
   4.3200000000000000e+02  -6.3424177073751702e+00
   4.3300000000000000e+02  -6.1377058427540199e+00
   4.3400000000000000e+02  -6.4797235490071001e+00
   4.3500000000000000e+02  -7.1388868020618403e+00
   4.3600000000000000e+02  -7.5882362843274596e+00
   4.3700000000000000e+02  -8.4672792378161308e+00
   4.3800000000000000e+02  -8.6883200569546606e+00
   4.3900000000000000e+02  -9.4585292535707808e+00
   4.4000000000000000e+02  -9.5601714770474899e+00
   4.4100000000000000e+02  -9.8298004049473597e+00
   4.4200000000000000e+02  -1.0413728921763401e+01
   4.4300000000000000e+02  -1.0791438216710800e+01
   4.4400000000000000e+02  -1.1155819575699200e+01
   4.4500000000000000e+02  -1.1406138939292999e+01
   4.4600000000000000e+02  -1.1744095521666200e+01
   4.4700000000000000e+02  -1.2175074116256400e+01
   4.4800000000000000e+02  -1.2313632617920700e+01
   4.4900000000000000e+02  -1.2854959373376801e+01
   4.5000000000000000e+02  -1.3039890052376199e+01
   4.5100000000000000e+02  -1.3130383023478901e+01
   4.5200000000000000e+02  -1.3888136185302301e+01
   4.5300000000000000e+02  -1.4536700800097201e+01
   4.5400000000000000e+02  -1.4745967991799001e+01
   4.5500000000000000e+02  -1.4622613945170400e+01
   4.5600000000000000e+02  -1.4880969840423001e+01
   4.5700000000000000e+02  -1.5418043500790100e+01
   4.5800000000000000e+02  -1.5842323088525299e+01
   4.5900000000000000e+02  -1.6472539912984800e+01
   4.6000000000000000e+02  -1.6904699698878101e+01
   4.6100000000000000e+02  -1.7232824485832101e+01
   4.6200000000000000e+02  -1.7719014137904502e+01
   4.6300000000000000e+02  -1.8280196127032600e+01
   4.6400000000000000e+02  -1.8687106199094899e+01
   4.6500000000000000e+02  -1.9102095579225299e+01
   4.6600000000000000e+02  -1.9419478855346501e+01
   4.6700000000000000e+02  -1.9832692994950399e+01
   4.6800000000000000e+02  -1.9895829558804401e+01
   4.6900000000000000e+02  -2.0324230204795700e+01
   4.7000000000000000e+02  -2.0819899889576000e+01
   4.7100000000000000e+02  -2.1114694595612399e+01
   4.7200000000000000e+02  -2.2266001149014599e+01
   4.7300000000000000e+02  -2.2642377007188500e+01
   4.7400000000000000e+02  -2.3362445318877000e+01
   4.7500000000000000e+02  -2.3703138041454000e+01
   4.7600000000000000e+02  -2.3844031734471201e+01
   4.7700000000000000e+02  -2.4555034307512599e+01
   4.7800000000000000e+02  -2.5174267388798199e+01
   4.7900000000000000e+02  -2.5950631018274699e+01
   4.8000000000000000e+02  -2.6053218314405299e+01
   4.8100000000000000e+02  -2.6884833939423800e+01
   4.8200000000000000e+02  -2.6423479632572000e+01
   4.8300000000000000e+02  -2.6849164834360401e+01
   4.8400000000000000e+02  -2.6631988514221401e+01
   4.8500000000000000e+02  -2.6321189480064000e+01
   4.8600000000000000e+02  -2.6881125059975499e+01
   4.8700000000000000e+02  -2.7406588744653298e+01
   4.8800000000000000e+02  -2.8500469503656799e+01
   4.8900000000000000e+02  -2.8992763301197300e+01
   4.9000000000000000e+02  -2.9476919077011502e+01
   4.9100000000000000e+02  -2.9970390718025101e+01
   4.9200000000000000e+02  -3.0033743435170599e+01
   4.9300000000000000e+02  -3.0979008568027499e+01
   4.9400000000000000e+02  -3.1238877947202099e+01
   4.9500000000000000e+02  -3.1189010566024500e+01
   4.9600000000000000e+02  -3.1887650270676399e+01
   4.9700000000000000e+02  -3.2495127635688000e+01
   4.9800000000000000e+02  -3.3406599942624602e+01
   4.9900000000000000e+02  -3.4046890053498601e+01
   5.0000000000000000e+02  -3.3988598527314601e+01
   5.0100000000000000e+02  -3.4815662876377203e+01
   5.0200000000000000e+02  -3.5821844737315601e+01
   5.0300000000000000e+02  -3.6531703799331900e+01
   5.0400000000000000e+02  -3.6572179739689403e+01
   5.0500000000000000e+02  -3.6848949030628802e+01
   5.0600000000000000e+02  -3.7473695528151097e+01
   5.0700000000000000e+02  -3.7511665511307399e+01
   5.0800000000000000e+02  -3.8205179874821198e+01
   5.0900000000000000e+02  -3.8264268034290097e+01
   5.1000000000000000e+02  -3.8713925702246897e+01
   5.1100000000000000e+02  -3.8924594996659401e+01
   5.1200000000000000e+02  -3.9151179804014902e+01
   5.1300000000000000e+02  -3.8809789721513603e+01
   5.1400000000000000e+02  -3.9686689282569297e+01
   5.1500000000000000e+02  -4.0474293564511498e+01
   5.1600000000000000e+02  -4.1114971760714198e+01
   5.1700000000000000e+02  -4.1034776120122103e+01
   5.1800000000000000e+02  -4.1114664902781897e+01
   5.1900000000000000e+02  -4.1137922330136803e+01
   5.2000000000000000e+02  -4.1248920071960498e+01
   5.2100000000000000e+02  -4.1524222124294397e+01
   5.2200000000000000e+02  -4.1681796924669698e+01
   5.2300000000000000e+02  -4.1939958449182299e+01
   5.2400000000000000e+02  -4.2110277790570201e+01
   5.2500000000000000e+02  -4.2697175129162403e+01
   5.2600000000000000e+02  -4.3548867762364303e+01
   5.2700000000000000e+02  -4.4109267957937703e+01
   5.2800000000000000e+02  -4.4616129860190000e+01
   5.2900000000000000e+02  -4.5120711597580197e+01
   5.3000000000000000e+02  -4.5413307200909998e+01
   5.3100000000000000e+02  -4.6165534300656198e+01
   5.3200000000000000e+02  -4.6723553180318703e+01
   5.3300000000000000e+02  -4.6915291734609603e+01
   5.3400000000000000e+02  -4.7458672971135897e+01
   5.3500000000000000e+02  -4.8143841690655997e+01
   5.3600000000000000e+02  -4.8564576017709697e+01
   5.3700000000000000e+02  -4.8800666968411903e+01
   5.3800000000000000e+02  -4.9056789379729302e+01
   5.3900000000000000e+02  -4.9732274873335101e+01
   5.4000000000000000e+02  -5.0228087904809797e+01
   5.4100000000000000e+02  -5.0232194350850399e+01
   5.4200000000000000e+02  -5.0822042991291802e+01
   5.4300000000000000e+02  -5.1384937473660102e+01
   5.4400000000000000e+02  -5.1669461224878802e+01
   5.4500000000000000e+02  -5.2238886848584400e+01
   5.4600000000000000e+02  -5.2314356183706302e+01
   5.4700000000000000e+02  -5.2679151121210403e+01
   5.4800000000000000e+02  -5.3509375543452101e+01
   5.4900000000000000e+02  -5.3673317399859400e+01
   5.5000000000000000e+02  -5.4213749789650599e+01
   5.5100000000000000e+02  -5.4954313438966103e+01
   5.5200000000000000e+02  -5.5245207521072203e+01
   5.5300000000000000e+02  -5.6038208636490999e+01
   5.5400000000000000e+02  -5.6405666574503698e+01
   5.5500000000000000e+02  -5.6539550430988598e+01
   5.5600000000000000e+02  -5.7067510145346901e+01
   5.5700000000000000e+02  -5.7500711323496397e+01
   5.5800000000000000e+02  -5.8429401223359797e+01
   5.5900000000000000e+02  -5.8873483362776000e+01
   5.6000000000000000e+02  -5.9352882571793700e+01
   5.6100000000000000e+02  -5.9875463232015299e+01
   5.6200000000000000e+02  -6.0435192877203399e+01
   5.6300000000000000e+02  -6.0846749451939303e+01
   5.6400000000000000e+02  -6.1141167997297302e+01
   5.6500000000000000e+02  -6.1272187783383799e+01
   5.6600000000000000e+02  -6.1775266922844899e+01
   5.6700000000000000e+02  -6.2550108214692102e+01
   5.6800000000000000e+02  -6.3181869030129697e+01
   5.6900000000000000e+02  -6.3328228418936803e+01
   5.7000000000000000e+02  -6.3532364801199599e+01
   5.7100000000000000e+02  -6.3929967785652899e+01
   5.7200000000000000e+02  -6.4351347213137103e+01
   5.7300000000000000e+02  -6.4405384529018903e+01
   5.7400000000000000e+02  -6.4592906305644107e+01
   5.7500000000000000e+02  -6.5291622003345296e+01
   5.7600000000000000e+02  -6.5723087766016803e+01
   5.7700000000000000e+02  -6.6048554242318801e+01
   5.7800000000000000e+02  -6.6172295383363107e+01
   5.7900000000000000e+02  -6.6490957867730103e+01
   5.8000000000000000e+02  -6.7672284852775107e+01
   5.8100000000000000e+02  -6.7720885962661399e+01
   5.8200000000000000e+02  -6.8949258296777799e+01
   5.8300000000000000e+02  -6.9559653705417603e+01
   5.8400000000000000e+02  -6.9835865410869701e+01
   5.8500000000000000e+02  -6.9946962491265893e+01
   5.8600000000000000e+02  -7.0621009844520799e+01
   5.8700000000000000e+02  -7.0803706521179706e+01
   5.8800000000000000e+02  -7.0887084334999898e+01
   5.8900000000000000e+02  -7.0514007126735706e+01
   5.9000000000000000e+02  -7.0532213637576206e+01
   5.9100000000000000e+02  -7.0643523240700105e+01
   5.9200000000000000e+02  -7.1076864349510103e+01
   5.9300000000000000e+02  -7.1217039916805604e+01
   5.9400000000000000e+02  -7.1716494993094599e+01
   5.9500000000000000e+02  -7.1650354813095703e+01
   5.9600000000000000e+02  -7.1762290728457003e+01
   5.9700000000000000e+02  -7.1651551577540701e+01
   5.9800000000000000e+02  -7.1916969458829797e+01
   5.9900000000000000e+02  -7.1593350060841900e+01
   6.0000000000000000e+02  -7.1589067581577297e+01
   6.0100000000000000e+02  -7.1973260856471796e+01
   6.0200000000000000e+02  -7.2514008227923995e+01
   6.0300000000000000e+02  -7.2611549251780303e+01
   6.0400000000000000e+02  -7.2719574770609299e+01
   6.0500000000000000e+02  -7.2728471664296606e+01
   6.0600000000000000e+02  -7.2861922551113295e+01
   6.0700000000000000e+02  -7.2971333728483998e+01
   6.0800000000000000e+02  -7.3423404063343000e+01
   6.0900000000000000e+02  -7.3633373083405800e+01
   6.1000000000000000e+02  -7.4248453696143102e+01
   6.1100000000000000e+02  -7.4622255529208900e+01
   6.1200000000000000e+02  -7.4770555408928203e+01
   6.1300000000000000e+02  -7.4746941826881894e+01
   6.1400000000000000e+02  -7.4588836944799695e+01
   6.1500000000000000e+02  -7.4673225451927195e+01
   6.1600000000000000e+02  -7.4737992455066703e+01
   6.1700000000000000e+02  -7.4590548672878796e+01
   6.1800000000000000e+02  -7.4652629010301595e+01
   6.1900000000000000e+02  -7.3990637290919906e+01
   6.2000000000000000e+02  -7.4102399659154898e+01
   6.2100000000000000e+02  -7.4188903345740002e+01
   6.2200000000000000e+02  -7.4039124792541898e+01
   6.2300000000000000e+02  -7.4112610140961607e+01
   6.2400000000000000e+02  -7.4637641112523497e+01
   6.2500000000000000e+02  -7.4821066282097206e+01
   6.2600000000000000e+02  -7.4520602941377206e+01
   6.2700000000000000e+02  -7.5243795321690996e+01
   6.2800000000000000e+02  -7.5562338657234307e+01
   6.2900000000000000e+02  -7.6032280737249593e+01
   6.3000000000000000e+02  -7.6453492443509305e+01
   6.3100000000000000e+02  -7.7020800660710094e+01
   6.3200000000000000e+02  -7.6683604326957706e+01
   6.3300000000000000e+02  -7.6421745817862700e+01
   6.3400000000000000e+02  -7.6420766580766795e+01
   6.3500000000000000e+02  -7.6614048801272205e+01
   6.3600000000000000e+02  -7.6918314535559006e+01
   6.3700000000000000e+02  -7.7137214056758197e+01
   6.3800000000000000e+02  -7.6938502808604795e+01
   6.3900000000000000e+02  -7.6996758335485694e+01
   6.4000000000000000e+02  -7.7162069812156204e+01
   6.4100000000000000e+02  -7.6487553792540595e+01
   6.4200000000000000e+02  -7.6754659709868506e+01
   6.4300000000000000e+02  -7.7038924552615299e+01
   6.4400000000000000e+02  -7.6958439053812498e+01
   6.4500000000000000e+02  -7.7011473617600302e+01
   6.4600000000000000e+02  -7.6685266652397004e+01
   6.4700000000000000e+02  -7.6768895430481905e+01
   6.4800000000000000e+02  -7.6703942953406198e+01
   6.4900000000000000e+02  -7.6319082630398597e+01
   6.5000000000000000e+02  -7.6372808173810895e+01
   6.5100000000000000e+02  -7.6474425174973803e+01
   6.5200000000000000e+02  -7.6137030431686398e+01
   6.5300000000000000e+02  -7.6067827828420604e+01
   6.5400000000000000e+02  -7.5933563821589303e+01
   6.5500000000000000e+02  -7.5662358153565194e+01
   6.5600000000000000e+02  -7.5977515920087598e+01
   6.5700000000000000e+02  -7.5791489494252801e+01
   6.5800000000000000e+02  -7.5781981338626693e+01
   6.5900000000000000e+02  -7.6057154782475095e+01
   6.6000000000000000e+02  -7.6081482638072600e+01
   6.6100000000000000e+02  -7.6305817393472495e+01
   6.6200000000000000e+02  -7.6140946710775296e+01
   6.6300000000000000e+02  -7.6324491116755695e+01
   6.6400000000000000e+02  -7.6119934172546493e+01
   6.6500000000000000e+02  -7.5842158927340904e+01
   6.6600000000000000e+02  -7.6061480070560805e+01
   6.6700000000000000e+02  -7.6169896843703199e+01
   6.6800000000000000e+02  -7.6094707600972598e+01
   6.6900000000000000e+02  -7.6268419211805494e+01
   6.7000000000000000e+02  -7.6288337511901503e+01
   6.7100000000000000e+02  -7.6199418148179603e+01
   6.7200000000000000e+02  -7.6618223873948395e+01
   6.7300000000000000e+02  -7.6584097426737202e+01
   6.7400000000000000e+02  -7.6204980640213606e+01
   6.7500000000000000e+02  -7.6512087440591003e+01
   6.7600000000000000e+02  -7.6630601074876395e+01
   6.7700000000000000e+02  -7.6193688755826201e+01
   6.7800000000000000e+02  -7.6099580293566603e+01
   6.7900000000000000e+02  -7.6201521169475797e+01
   6.8000000000000000e+02  -7.5824446598569594e+01
   6.8100000000000000e+02  -7.5328108169455305e+01
   6.8200000000000000e+02  -7.4999783341589193e+01
   6.8300000000000000e+02  -7.5532628375531104e+01
   6.8400000000000000e+02  -7.5641843678113005e+01
   6.8500000000000000e+02  -7.5889557241055300e+01
   6.8600000000000000e+02  -7.5803892553687604e+01
   6.8700000000000000e+02  -7.6328824876319004e+01
   6.8800000000000000e+02  -7.5995897202655001e+01
   6.8900000000000000e+02  -7.5653980690870895e+01
   6.9000000000000000e+02  -7.5216223664227400e+01
   6.9100000000000000e+02  -7.4966459823266305e+01
   6.9200000000000000e+02  -7.5186108044166801e+01
   6.9300000000000000e+02  -7.5238530418372605e+01
   6.9400000000000000e+02  -7.5310677700173102e+01
   6.9500000000000000e+02  -7.5797228122323801e+01
   6.9600000000000000e+02  -7.5948075359793904e+01
   6.9700000000000000e+02  -7.6212745310559399e+01
   6.9800000000000000e+02  -7.6403340255673001e+01
   6.9900000000000000e+02  -7.6767182354029003e+01
   7.0000000000000000e+02  -7.6403155030996601e+01
   7.0100000000000000e+02  -7.6272267520862300e+01
   7.0200000000000000e+02  -7.6576040979906296e+01
   7.0300000000000000e+02  -7.6593935369741402e+01
   7.0400000000000000e+02  -7.6413835357075200e+01
   7.0500000000000000e+02  -7.6421944661137999e+01
   7.0600000000000000e+02  -7.6645231022902706e+01
   7.0700000000000000e+02  -7.7023600488895994e+01
   7.0800000000000000e+02  -7.6764397620356405e+01
   7.0900000000000000e+02  -7.6945398338455703e+01
   7.1000000000000000e+02  -7.7212166874677806e+01
   7.1100000000000000e+02  -7.6981327998269407e+01
   7.1200000000000000e+02  -7.6985431909425600e+01
   7.1300000000000000e+02  -7.6704092271230195e+01
   7.1400000000000000e+02  -7.6152287737508004e+01
   7.1500000000000000e+02  -7.6135115892038201e+01
   7.1600000000000000e+02  -7.6787666245460599e+01
   7.1700000000000000e+02  -7.6517103858180704e+01
   7.1800000000000000e+02  -7.6776108207057106e+01
   7.1900000000000000e+02  -7.6312767844450306e+01
   7.2000000000000000e+02  -7.6029586944712307e+01
   7.2100000000000000e+02  -7.5251250273173099e+01
   7.2200000000000000e+02  -7.5173777346159596e+01
   7.2300000000000000e+02  -7.5429975241094596e+01
   7.2400000000000000e+02  -7.5330164054007795e+01
   7.2500000000000000e+02  -7.5452240806582793e+01
   7.2600000000000000e+02  -7.6039137863436693e+01
   7.2700000000000000e+02  -7.5923715575731194e+01
   7.2800000000000000e+02  -7.5896258949019597e+01
   7.2900000000000000e+02  -7.5949442563774596e+01
   7.3000000000000000e+02  -7.5680763862886494e+01
   7.3100000000000000e+02  -7.5583206166166704e+01
   7.3200000000000000e+02  -7.5377042738258893e+01
   7.3300000000000000e+02  -7.5586223593565904e+01
   7.3400000000000000e+02  -7.5381572538823306e+01
   7.3500000000000000e+02  -7.5710398371459206e+01
   7.3600000000000000e+02  -7.5218782900524303e+01
   7.3700000000000000e+02  -7.5816244636492101e+01
   7.3800000000000000e+02  -7.5941124055244302e+01
   7.3900000000000000e+02  -7.6046963686574799e+01
   7.4000000000000000e+02  -7.5689725667121493e+01
   7.4100000000000000e+02  -7.5985052583547599e+01
   7.4200000000000000e+02  -7.6160961887959004e+01
   7.4300000000000000e+02  -7.6434741671054994e+01
   7.4400000000000000e+02  -7.7109102938205993e+01
   7.4500000000000000e+02  -7.7362388352249695e+01
   7.4600000000000000e+02  -7.6852725630296206e+01
   7.4700000000000000e+02  -7.6714509487435706e+01
   7.4800000000000000e+02  -7.6826790895303205e+01
   7.4900000000000000e+02  -7.7225608959116798e+01
   7.5000000000000000e+02  -7.7278995897298500e+01
   7.5100000000000000e+02  -7.7767120194000199e+01
   7.5200000000000000e+02  -7.7931643159822599e+01
   7.5300000000000000e+02  -7.7522033050481994e+01
   7.5400000000000000e+02  -7.7454093169477403e+01
   7.5500000000000000e+02  -7.7426214398374697e+01
   7.5600000000000000e+02  -7.6952248958485598e+01
   7.5700000000000000e+02  -7.6554650270174605e+01
   7.5800000000000000e+02  -7.6374140211779604e+01
   7.5900000000000000e+02  -7.6538044274670000e+01
   7.6000000000000000e+02  -7.6680576267605105e+01
   7.6100000000000000e+02  -7.6490882665832402e+01
   7.6200000000000000e+02  -7.6152090762951701e+01
   7.6300000000000000e+02  -7.6356674835461504e+01
   7.6400000000000000e+02  -7.6525530248494803e+01
   7.6500000000000000e+02  -7.6490148168985002e+01
   7.6600000000000000e+02  -7.6335691413174402e+01
   7.6700000000000000e+02  -7.6206688720438606e+01
   7.6800000000000000e+02  -7.6365958698413394e+01
   7.6900000000000000e+02  -7.6465680793234000e+01
   7.7000000000000000e+02  -7.6370554546236505e+01
   7.7100000000000000e+02  -7.6537124548910796e+01
   7.7200000000000000e+02  -7.6841693604830397e+01
   7.7300000000000000e+02  -7.6257955297687403e+01
   7.7400000000000000e+02  -7.6289050347480000e+01
   7.7500000000000000e+02  -7.6009398191307397e+01
   7.7600000000000000e+02  -7.5943882615295394e+01
   7.7700000000000000e+02  -7.6354367593782598e+01
   7.7800000000000000e+02  -7.5901068180153999e+01
   7.7900000000000000e+02  -7.5611400350592902e+01
   7.8000000000000000e+02  -7.5409375771842406e+01
   7.8100000000000000e+02  -7.5152853574172894e+01
   7.8200000000000000e+02  -7.5231287617077498e+01
   7.8300000000000000e+02  -7.5084132946902400e+01
   7.8400000000000000e+02  -7.5413283680530199e+01
   7.8500000000000000e+02  -7.5649205450776705e+01
   7.8600000000000000e+02  -7.5864685606323803e+01
   7.8700000000000000e+02  -7.6140386738224706e+01
   7.8800000000000000e+02  -7.5728631790710295e+01
   7.8900000000000000e+02  -7.5545643484560600e+01
   7.9000000000000000e+02  -7.5657158514252998e+01
   7.9100000000000000e+02  -7.5865936477781503e+01
   7.9200000000000000e+02  -7.6114207637792703e+01
   7.9300000000000000e+02  -7.6626464514081405e+01
   7.9400000000000000e+02  -7.5850564540402402e+01
   7.9500000000000000e+02  -7.5443521919837096e+01
   7.9600000000000000e+02  -7.5236211363289399e+01
   7.9700000000000000e+02  -7.5705254527724094e+01
   7.9800000000000000e+02  -7.6122376617710799e+01
   7.9900000000000000e+02  -7.6316563317723293e+01
   8.0000000000000000e+02  -7.6341422431057396e+01
   8.0100000000000000e+02  -7.6369339675689602e+01
   8.0200000000000000e+02  -7.6923433023719994e+01
   8.0300000000000000e+02  -7.7118859450587095e+01
   8.0400000000000000e+02  -7.7051832795219099e+01
   8.0500000000000000e+02  -7.7123424081239506e+01
   8.0600000000000000e+02  -7.7031533628396602e+01
   8.0700000000000000e+02  -7.7057755774105303e+01
   8.0800000000000000e+02  -7.7037471688881297e+01
   8.0900000000000000e+02  -7.6791713900789304e+01
   8.1000000000000000e+02  -7.6806187280227803e+01
   8.1100000000000000e+02  -7.6706108299566296e+01
   8.1200000000000000e+02  -7.6576799581577802e+01
   8.1300000000000000e+02  -7.6314121305288097e+01
   8.1400000000000000e+02  -7.5919673263000405e+01
   8.1500000000000000e+02  -7.5925698669319701e+01
   8.1600000000000000e+02  -7.5695779680985694e+01
   8.1700000000000000e+02  -7.6109317269185098e+01
   8.1800000000000000e+02  -7.5622776770370294e+01
   8.1900000000000000e+02  -7.5564042485918705e+01
   8.2000000000000000e+02  -7.5805842811711500e+01
   8.2100000000000000e+02  -7.5999215225859501e+01
   8.2200000000000000e+02  -7.6018562345823398e+01
   8.2300000000000000e+02  -7.5827839328463497e+01
   8.2400000000000000e+02  -7.5994964040987597e+01
   8.2500000000000000e+02  -7.5806254366424298e+01
   8.2600000000000000e+02  -7.5971953323852901e+01
   8.2700000000000000e+02  -7.6100108648543198e+01
   8.2800000000000000e+02  -7.6347330794427705e+01
   8.2900000000000000e+02  -7.6055317874452200e+01
   8.3000000000000000e+02  -7.5993117343215602e+01
   8.3100000000000000e+02  -7.6032843582261506e+01
   8.3200000000000000e+02  -7.5447580013864794e+01
   8.3300000000000000e+02  -7.5663357653968106e+01
   8.3400000000000000e+02  -7.6086753770748700e+01
   8.3500000000000000e+02  -7.6358152248421206e+01
   8.3600000000000000e+02  -7.6405484973186503e+01
   8.3700000000000000e+02  -7.6303182697005795e+01
   8.3800000000000000e+02  -7.6028345831562305e+01
   8.3900000000000000e+02  -7.5976568079425604e+01
   8.4000000000000000e+02  -7.5782273790504604e+01
   8.4100000000000000e+02  -7.5945108790329598e+01
   8.4200000000000000e+02  -7.6095701909535606e+01
   8.4300000000000000e+02  -7.6332095854613598e+01
   8.4400000000000000e+02  -7.6024248549109103e+01
   8.4500000000000000e+02  -7.6037745508278405e+01
   8.4600000000000000e+02  -7.5540832821035394e+01
   8.4700000000000000e+02  -7.5422762920289799e+01
   8.4800000000000000e+02  -7.5435609391508194e+01
   8.4900000000000000e+02  -7.6018241198881000e+01
   8.5000000000000000e+02  -7.5879494814629794e+01
   8.5100000000000000e+02  -7.6235666559561395e+01
   8.5200000000000000e+02  -7.6264918946646802e+01
   8.5300000000000000e+02  -7.5657004287200493e+01
   8.5400000000000000e+02  -7.5403508441844096e+01
   8.5500000000000000e+02  -7.5144529280904493e+01
   8.5600000000000000e+02  -7.5017914202812406e+01
   8.5700000000000000e+02  -7.5028833467888305e+01
   8.5800000000000000e+02  -7.4813113853620905e+01
   8.5900000000000000e+02  -7.4874772806090704e+01
   8.6000000000000000e+02  -7.5187355762946098e+01
   8.6100000000000000e+02  -7.5012646744479696e+01
   8.6200000000000000e+02  -7.4883118154798296e+01
   8.6300000000000000e+02  -7.5483565291247800e+01
   8.6400000000000000e+02  -7.4945512655884897e+01
   8.6500000000000000e+02  -7.5393684601681201e+01
   8.6600000000000000e+02  -7.5319937226466195e+01
   8.6700000000000000e+02  -7.5675489921589303e+01
   8.6800000000000000e+02  -7.5371275458503206e+01
   8.6900000000000000e+02  -7.5502951026119803e+01
   8.7000000000000000e+02  -7.5670461624101804e+01
   8.7100000000000000e+02  -7.6033449948743694e+01
   8.7200000000000000e+02  -7.6050655834118103e+01
   8.7300000000000000e+02  -7.5944283385610206e+01
   8.7400000000000000e+02  -7.6323693119458198e+01
   8.7500000000000000e+02  -7.6091715470635094e+01
   8.7600000000000000e+02  -7.6174441017226798e+01
   8.7700000000000000e+02  -7.5601452087206098e+01
   8.7800000000000000e+02  -7.6121630897169098e+01
   8.7900000000000000e+02  -7.6130999105726104e+01
   8.8000000000000000e+02  -7.5964184562699302e+01
   8.8100000000000000e+02  -7.5541437484876596e+01
   8.8200000000000000e+02  -7.6089066733488906e+01
   8.8300000000000000e+02  -7.5989336164667193e+01
   8.8400000000000000e+02  -7.5687010578111000e+01
   8.8500000000000000e+02  -7.5625955099921100e+01
   8.8600000000000000e+02  -7.6484111796476796e+01
   8.8700000000000000e+02  -7.6312131528460398e+01
   8.8800000000000000e+02  -7.6337712245632204e+01
   8.8900000000000000e+02  -7.6001253011994095e+01
   8.9000000000000000e+02  -7.5798165409303607e+01
   8.9100000000000000e+02  -7.5258740903708699e+01
   8.9200000000000000e+02  -7.4635724590258803e+01
   8.9300000000000000e+02  -7.4510493850374104e+01
   8.9400000000000000e+02  -7.4251790108154196e+01
   8.9500000000000000e+02  -7.4006009398786205e+01
   8.9600000000000000e+02  -7.3964640269980094e+01
   8.9700000000000000e+02  -7.4378688115329595e+01
   8.9800000000000000e+02  -7.4402033831258606e+01
   8.9900000000000000e+02  -7.4214160360683806e+01
   9.0000000000000000e+02  -7.3757383666458693e+01
   9.0100000000000000e+02  -7.3533929945837201e+01
   9.0200000000000000e+02  -7.3581487448278295e+01
   9.0300000000000000e+02  -7.3828283839892094e+01
   9.0400000000000000e+02  -7.3867168700440104e+01
   9.0500000000000000e+02  -7.3782160339495604e+01
   9.0600000000000000e+02  -7.3784949903579502e+01
   9.0700000000000000e+02  -7.3919196459220800e+01
   9.0800000000000000e+02  -7.3505976621966994e+01
   9.0900000000000000e+02  -7.3570445647306002e+01
   9.1000000000000000e+02  -7.3416228028344094e+01
   9.1100000000000000e+02  -7.2794160238954007e+01
   9.1200000000000000e+02  -7.2604540205241193e+01
   9.1300000000000000e+02  -7.2509582904447001e+01
   9.1400000000000000e+02  -7.2574959817568299e+01
   9.1500000000000000e+02  -7.2849947565865605e+01
   9.1600000000000000e+02  -7.3152740794994699e+01
   9.1700000000000000e+02  -7.3488557745316996e+01
   9.1800000000000000e+02  -7.3867348327487505e+01
   9.1900000000000000e+02  -7.3639236671966799e+01
   9.2000000000000000e+02  -7.3472761786114205e+01
   9.2100000000000000e+02  -7.3568738172260396e+01
   9.2200000000000000e+02  -7.3695243379991993e+01
   9.2300000000000000e+02  -7.3683156112215798e+01
   9.2400000000000000e+02  -7.3886375192368504e+01
   9.2500000000000000e+02  -7.3640194072160000e+01
   9.2600000000000000e+02  -7.3746811432902504e+01
   9.2700000000000000e+02  -7.3357065488333106e+01
   9.2800000000000000e+02  -7.3418295724189505e+01
   9.2900000000000000e+02  -7.3645315597977600e+01
   9.3000000000000000e+02  -7.3741859860150598e+01
   9.3100000000000000e+02  -7.3655190579489798e+01
   9.3200000000000000e+02  -7.4193260662789896e+01
   9.3300000000000000e+02  -7.4156584542554199e+01
   9.3400000000000000e+02  -7.4102960749469403e+01
   9.3500000000000000e+02  -7.4223823316700603e+01
   9.3600000000000000e+02  -7.4322962527519607e+01
   9.3700000000000000e+02  -7.4058828717326307e+01
   9.3800000000000000e+02  -7.3896878891650999e+01
   9.3900000000000000e+02  -7.4288989275504903e+01
   9.4000000000000000e+02  -7.4441379812611999e+01
   9.4100000000000000e+02  -7.4485351280331201e+01
   9.4200000000000000e+02  -7.4501865766994797e+01
   9.4300000000000000e+02  -7.4515592540659398e+01
   9.4400000000000000e+02  -7.4642064838165098e+01
   9.4500000000000000e+02  -7.4289604823140195e+01
   9.4600000000000000e+02  -7.4774218369900495e+01
   9.4700000000000000e+02  -7.4986023252574995e+01
   9.4800000000000000e+02  -7.5074611776759198e+01
   9.4900000000000000e+02  -7.5513825844470901e+01
   9.5000000000000000e+02  -7.5228638445371402e+01
   9.5100000000000000e+02  -7.5470041593015793e+01
   9.5200000000000000e+02  -7.5328838796122298e+01
   9.5300000000000000e+02  -7.5393324655084598e+01
   9.5400000000000000e+02  -7.5090865100690493e+01
   9.5500000000000000e+02  -7.5026968425985700e+01
   9.5600000000000000e+02  -7.4329608313792306e+01
   9.5700000000000000e+02  -7.3807963356208205e+01
   9.5800000000000000e+02  -7.3399947721223995e+01
   9.5900000000000000e+02  -7.3584559494932094e+01
   9.6000000000000000e+02  -7.3345669880254306e+01
   9.6100000000000000e+02  -7.3119724091705294e+01
   9.6200000000000000e+02  -7.2856276773436207e+01
   9.6300000000000000e+02  -7.2552374204578598e+01
   9.6400000000000000e+02  -7.2777020925473707e+01
   9.6500000000000000e+02  -7.3194932832450903e+01
   9.6600000000000000e+02  -7.3464372892676195e+01
   9.6700000000000000e+02  -7.3702304159384198e+01
   9.6800000000000000e+02  -7.3767862295646907e+01
   9.6900000000000000e+02  -7.3631020138918501e+01
   9.7000000000000000e+02  -7.4136620038764306e+01
   9.7100000000000000e+02  -7.4168131631932596e+01
   9.7200000000000000e+02  -7.4302967722693495e+01
   9.7300000000000000e+02  -7.4349347592681198e+01
   9.7400000000000000e+02  -7.3929139312103302e+01
   9.7500000000000000e+02  -7.3872354429966506e+01
   9.7600000000000000e+02  -7.4166283328079302e+01
   9.7700000000000000e+02  -7.4263589448300806e+01
   9.7800000000000000e+02  -7.4183285725651103e+01
   9.7900000000000000e+02  -7.4156215804824299e+01
   9.8000000000000000e+02  -7.4296983817982905e+01
   9.8100000000000000e+02  -7.3922834771176397e+01
   9.8200000000000000e+02  -7.4138582874591904e+01
   9.8300000000000000e+02  -7.4098991729126098e+01
   9.8400000000000000e+02  -7.4109832387861701e+01
   9.8500000000000000e+02  -7.4241077249341998e+01
   9.8600000000000000e+02  -7.4035021182013395e+01
   9.8700000000000000e+02  -7.4727894964541704e+01
   9.8800000000000000e+02  -7.4451518838203498e+01
   9.8900000000000000e+02  -7.4424314237197606e+01
   9.9000000000000000e+02  -7.4310437948493501e+01
   9.9100000000000000e+02  -7.4153705158142500e+01
   9.9200000000000000e+02  -7.4230466676854604e+01
   9.9300000000000000e+02  -7.4217594056020502e+01
   9.9400000000000000e+02  -7.3912180540890304e+01
   9.9500000000000000e+02  -7.3835195300481303e+01
   9.9600000000000000e+02  -7.3710280369161794e+01
   9.9700000000000000e+02  -7.3398575783457005e+01
   9.9800000000000000e+02  -7.3506891895988701e+01
   9.9900000000000000e+02  -7.2957203698792597e+01
   1.0000000000000000e+03  -7.2775846593896205e+01
   1.0010000000000000e+03  -7.2650943132179705e+01
   1.0020000000000000e+03  -7.2285897924633502e+01
   1.0030000000000000e+03  -7.2875343225019193e+01
   1.0040000000000000e+03  -7.2878097188917906e+01
   1.0050000000000000e+03  -7.2695090458469295e+01
   1.0060000000000000e+03  -7.2619653239944995e+01
   1.0070000000000000e+03  -7.2978971806800899e+01
   1.0080000000000000e+03  -7.2682507227911699e+01
   1.0090000000000000e+03  -7.2248255463207698e+01
   1.0100000000000000e+03  -7.1636182616009293e+01
   1.0110000000000000e+03  -7.1845933039358400e+01
   1.0120000000000000e+03  -7.1639087293817298e+01
   1.0130000000000000e+03  -7.1896446739112804e+01
   1.0140000000000000e+03  -7.2033117095091299e+01
   1.0150000000000000e+03  -7.2110221069887203e+01
   1.0160000000000000e+03  -7.2168540868018994e+01
   1.0170000000000000e+03  -7.2128622238228999e+01
   1.0180000000000000e+03  -7.2188497697259706e+01
   1.0190000000000000e+03  -7.2005227695302594e+01
   1.0200000000000000e+03  -7.1879498560577701e+01
   1.0210000000000000e+03  -7.2015785906663794e+01
   1.0220000000000000e+03  -7.2063679469444807e+01
   1.0230000000000000e+03  -7.2510350620070795e+01
   1.0240000000000000e+03  -7.2227877245103002e+01
   1.0250000000000000e+03  -7.2112231837658697e+01
   1.0260000000000000e+03  -7.1560568680935205e+01
   1.0270000000000000e+03  -7.1256444731095598e+01
   1.0280000000000000e+03  -7.1960648129045495e+01
   1.0290000000000000e+03  -7.2265034072464701e+01
   1.0300000000000000e+03  -7.2565563309317000e+01
   1.0310000000000000e+03  -7.2887028996333001e+01
   1.0320000000000000e+03  -7.3048509433532899e+01
   1.0330000000000000e+03  -7.2595086608042706e+01
   1.0340000000000000e+03  -7.2574207778640400e+01
   1.0350000000000000e+03  -7.2592101400459100e+01
   1.0360000000000000e+03  -7.2310403648057999e+01
   1.0370000000000000e+03  -7.1841333667790906e+01
   1.0380000000000000e+03  -7.2120985148287204e+01
   1.0390000000000000e+03  -7.2001433966643802e+01
   1.0400000000000000e+03  -7.1734326622520896e+01
   1.0410000000000000e+03  -7.1416525702257999e+01
   1.0420000000000000e+03  -7.1405450163349698e+01
   1.0430000000000000e+03  -7.1108563306199898e+01
   1.0440000000000000e+03  -7.1195564138238495e+01
   1.0450000000000000e+03  -7.1387791740982706e+01
   1.0460000000000000e+03  -7.1056559711444294e+01
   1.0470000000000000e+03  -7.0288764061952705e+01
   1.0480000000000000e+03  -7.0152722153839207e+01
   1.0490000000000000e+03  -7.0170909487267096e+01
   1.0500000000000000e+03  -7.0053565765395305e+01
   1.0510000000000000e+03  -6.9902789782721896e+01
   1.0520000000000000e+03  -6.9920488061034305e+01
   1.0530000000000000e+03  -7.0222967400797003e+01
   1.0540000000000000e+03  -7.0106556991119803e+01
   1.0550000000000000e+03  -7.0359216763269004e+01
   1.0560000000000000e+03  -7.0238042224555599e+01
   1.0570000000000000e+03  -7.0151630631810093e+01
   1.0580000000000000e+03  -7.0342614730162097e+01
   1.0590000000000000e+03  -7.0331653595070904e+01
   1.0600000000000000e+03  -7.0649530353950198e+01
   1.0610000000000000e+03  -7.0337413746160095e+01
   1.0620000000000000e+03  -7.0504728154145099e+01
   1.0630000000000000e+03  -7.0871601647370497e+01
   1.0640000000000000e+03  -7.1055601403124399e+01
   1.0650000000000000e+03  -7.1138500116564700e+01
   1.0660000000000000e+03  -7.0741804486813194e+01
   1.0670000000000000e+03  -7.0353831881215001e+01
   1.0680000000000000e+03  -6.9852067455080302e+01
   1.0690000000000000e+03  -6.9689273884851403e+01
   1.0700000000000000e+03  -6.9267168945299602e+01
   1.0710000000000000e+03  -6.9326957987547900e+01
   1.0720000000000000e+03  -6.8795059902584796e+01
   1.0730000000000000e+03  -6.8314155430507896e+01
   1.0740000000000000e+03  -6.8197815594448997e+01
   1.0750000000000000e+03  -6.7694633508110400e+01
   1.0760000000000000e+03  -6.7691278552915705e+01
   1.0770000000000000e+03  -6.7655561908731300e+01
