  -1.0000000000000000e+02  -7.1830310037820894e+01
  -9.9000000000000000e+01  -7.1958190076697406e+01
  -9.8000000000000000e+01  -7.1714463199275500e+01
  -9.7000000000000000e+01  -7.1535902772285198e+01
  -9.6000000000000000e+01  -7.1451685047804702e+01
  -9.5000000000000000e+01  -7.1603165418432894e+01
  -9.4000000000000000e+01  -7.1592765399426298e+01
  -9.3000000000000000e+01  -7.1780924786665807e+01
  -9.2000000000000000e+01  -7.1312264698853795e+01
  -9.1000000000000000e+01  -7.1163159491304498e+01
  -9.0000000000000000e+01  -7.1293585754654501e+01
  -8.9000000000000000e+01  -7.1042627204353494e+01
  -8.8000000000000000e+01  -7.1272022506585301e+01
  -8.7000000000000000e+01  -7.1728013460096093e+01
  -8.6000000000000000e+01  -7.1523764221365695e+01
  -8.5000000000000000e+01  -7.1216699743215102e+01
  -8.4000000000000000e+01  -7.1364596013590898e+01
  -8.3000000000000000e+01  -7.2110318252110005e+01
  -8.2000000000000000e+01  -7.1630879123191804e+01
  -8.1000000000000000e+01  -7.1897854863185898e+01
  -8.0000000000000000e+01  -7.2380133421934005e+01
  -7.9000000000000000e+01  -7.2251108991120503e+01
  -7.8000000000000000e+01  -7.1927072918413103e+01
  -7.7000000000000000e+01  -7.1748754848179900e+01
  -7.6000000000000000e+01  -7.1991409228437306e+01
  -7.5000000000000000e+01  -7.2309059192385206e+01
  -7.4000000000000000e+01  -7.2449914731640902e+01
  -7.3000000000000000e+01  -7.2330386691144497e+01
  -7.2000000000000000e+01  -7.2296034442406594e+01
  -7.1000000000000000e+01  -7.1544817248279699e+01
  -7.0000000000000000e+01  -7.1544428283584097e+01
  -6.9000000000000000e+01  -7.1923414940827698e+01
  -6.8000000000000000e+01  -7.1708863243799399e+01
  -6.7000000000000000e+01  -7.1769624227796896e+01
  -6.6000000000000000e+01  -7.1841278249050802e+01
  -6.5000000000000000e+01  -7.1386795497755600e+01
  -6.4000000000000000e+01  -7.0950500530012107e+01
  -6.3000000000000000e+01  -7.0849802888526398e+01
  -6.2000000000000000e+01  -7.0796573517435803e+01
  -6.1000000000000000e+01  -7.0812990034386303e+01
  -6.0000000000000000e+01  -7.0637471632685703e+01
  -5.9000000000000000e+01  -7.0639167099565697e+01
  -5.8000000000000000e+01  -7.0423172738784999e+01
  -5.7000000000000000e+01  -7.0397982631862106e+01
  -5.6000000000000000e+01  -7.0622409845711204e+01
  -5.5000000000000000e+01  -7.0477092241320705e+01
  -5.4000000000000000e+01  -7.0111808843180199e+01
  -5.3000000000000000e+01  -6.9814660141394896e+01
  -5.2000000000000000e+01  -6.9275955807680901e+01
  -5.1000000000000000e+01  -6.9929607303567096e+01
  -5.0000000000000000e+01  -6.9635559232423901e+01
  -4.9000000000000000e+01  -6.9449496972806003e+01
  -4.8000000000000000e+01  -6.9517275439974100e+01
  -4.7000000000000000e+01  -6.9346561654430204e+01
  -4.6000000000000000e+01  -6.9631915939268694e+01
  -4.5000000000000000e+01  -6.9971675786892007e+01
  -4.4000000000000000e+01  -6.9857936665173895e+01
  -4.3000000000000000e+01  -6.9281945065910406e+01
  -4.2000000000000000e+01  -6.8951708449533598e+01
  -4.1000000000000000e+01  -6.8929191325303904e+01
  -4.0000000000000000e+01  -6.8480282199982298e+01
  -3.9000000000000000e+01  -6.8453488834913500e+01
  -3.8000000000000000e+01  -6.8714370652724995e+01
  -3.7000000000000000e+01  -6.8437585254456394e+01
  -3.6000000000000000e+01  -6.8709931585713704e+01
  -3.5000000000000000e+01  -6.8796194405582199e+01
  -3.4000000000000000e+01  -6.9382243899387603e+01
  -3.3000000000000000e+01  -6.8829963331156094e+01
  -3.2000000000000000e+01  -6.8800836531555007e+01
  -3.1000000000000000e+01  -6.8627874046638397e+01
  -3.0000000000000000e+01  -6.8325455738621102e+01
  -2.9000000000000000e+01  -6.8317719097369803e+01
  -2.8000000000000000e+01  -6.8722194400552198e+01
  -2.7000000000000000e+01  -6.8763732216790899e+01
  -2.6000000000000000e+01  -6.8452774865011605e+01
  -2.5000000000000000e+01  -6.8385244087252303e+01
  -2.4000000000000000e+01  -6.7706739747944297e+01
  -2.3000000000000000e+01  -6.6915134345784693e+01
  -2.2000000000000000e+01  -6.7014224002083395e+01
  -2.1000000000000000e+01  -6.7543229185897403e+01
  -2.0000000000000000e+01  -6.7699665121018398e+01
  -1.9000000000000000e+01  -6.7858999532623102e+01
  -1.8000000000000000e+01  -6.7699080062860503e+01
  -1.7000000000000000e+01  -6.8059943430488104e+01
  -1.6000000000000000e+01  -6.7615569946022305e+01
  -1.5000000000000000e+01  -6.7427280636228005e+01
  -1.4000000000000000e+01  -6.7463130958298095e+01
  -1.3000000000000000e+01  -6.7039365934613997e+01
  -1.2000000000000000e+01  -6.6317064974706895e+01
  -1.1000000000000000e+01  -6.5753593764810503e+01
  -1.0000000000000000e+01  -6.5447347027839996e+01
  -9.0000000000000000e+00  -6.4643232181661801e+01
  -8.0000000000000000e+00  -6.3750310318257299e+01
  -7.0000000000000000e+00  -6.3407537330373998e+01
  -6.0000000000000000e+00  -6.2661202260762202e+01
  -5.0000000000000000e+00  -6.1383766022795200e+01
  -4.0000000000000000e+00  -5.9951320719358300e+01
  -3.0000000000000000e+00  -5.8212217931632900e+01
  -2.0000000000000000e+00  -5.5007951206523600e+01
  -1.0000000000000000e+00  -4.7770077768615600e+01
   0.0000000000000000e+00  -1.7584647264799099e+01
   1.0000000000000000e+00   3.4257659851122400e+00
   2.0000000000000000e+00   1.5751698417799400e+01
   3.0000000000000000e+00   2.1660835756383101e+01
   4.0000000000000000e+00   2.5351672460576498e+01
   5.0000000000000000e+00   2.6859647908964298e+01
   6.0000000000000000e+00   2.7787667491694702e+01
   7.0000000000000000e+00   2.8129880426482401e+01
   8.0000000000000000e+00   2.8051378858054200e+01
   9.0000000000000000e+00   2.8047708059122002e+01
   1.0000000000000000e+01   2.8456753749101399e+01
   1.1000000000000000e+01   2.9000989695578902e+01
   1.2000000000000000e+01   2.9612660611892700e+01
   1.3000000000000000e+01   2.9693296127298400e+01
   1.4000000000000000e+01   3.0464636883646001e+01
   1.5000000000000000e+01   3.1125062060527000e+01
   1.6000000000000000e+01   3.0954409330850101e+01
   1.7000000000000000e+01   3.1327662049120299e+01
   1.8000000000000000e+01   3.0825083123981400e+01
   1.9000000000000000e+01   3.0900848653668501e+01
   2.0000000000000000e+01   3.1202193588869001e+01
   2.1000000000000000e+01   3.1238373891860402e+01
   2.2000000000000000e+01   3.1559815178760100e+01
   2.3000000000000000e+01   3.1193293048746298e+01
   2.4000000000000000e+01   3.1804823335919700e+01
   2.5000000000000000e+01   3.1842944725907799e+01
   2.6000000000000000e+01   3.1755360067645700e+01
   2.7000000000000000e+01   3.1782881811782900e+01
   2.8000000000000000e+01   3.1697247386776102e+01
   2.9000000000000000e+01   3.1741802257529901e+01
   3.0000000000000000e+01   3.1268691613867698e+01
   3.1000000000000000e+01   3.1178183361208301e+01
   3.2000000000000000e+01   3.1325467807400901e+01
   3.3000000000000000e+01   3.1497095993379101e+01
   3.4000000000000000e+01   3.1779293794201099e+01
   3.5000000000000000e+01   3.2044587724199502e+01
   3.6000000000000000e+01   3.1935364837727001e+01
   3.7000000000000000e+01   3.1900566458391300e+01
   3.8000000000000000e+01   3.1635729925821799e+01
   3.9000000000000000e+01   3.1754452387741601e+01
   4.0000000000000000e+01   3.1516543463007800e+01
   4.1000000000000000e+01   3.1750762591069002e+01
   4.2000000000000000e+01   3.1888505970904198e+01
   4.3000000000000000e+01   3.1634550373635001e+01
   4.4000000000000000e+01   3.1832556811064499e+01
   4.5000000000000000e+01   3.1883778783648602e+01
   4.6000000000000000e+01   3.1687906014928998e+01
   4.7000000000000000e+01   3.1368356865435000e+01
   4.8000000000000000e+01   3.1759002056877300e+01
   4.9000000000000000e+01   3.1951156254051501e+01
   5.0000000000000000e+01   3.2593365997114603e+01
   5.1000000000000000e+01   3.2982654446769601e+01
   5.2000000000000000e+01   3.3556858687591003e+01
   5.3000000000000000e+01   3.3189503064413401e+01
   5.4000000000000000e+01   3.2869430547024500e+01
   5.5000000000000000e+01   3.2911867211040502e+01
   5.6000000000000000e+01   3.2836561542609402e+01
   5.7000000000000000e+01   3.4060721189661798e+01
   5.8000000000000000e+01   3.4273186964347502e+01
   5.9000000000000000e+01   3.4177003538282300e+01
   6.0000000000000000e+01   3.4127300228778303e+01
   6.1000000000000000e+01   3.4866437047089903e+01
   6.2000000000000000e+01   3.5000669065350699e+01
   6.3000000000000000e+01   3.5184152509295302e+01
   6.4000000000000000e+01   3.4768341755348203e+01
   6.5000000000000000e+01   3.5098976922628403e+01
   6.6000000000000000e+01   3.5291777998704603e+01
   6.7000000000000000e+01   3.5260524412855403e+01
   6.8000000000000000e+01   3.5166521406397003e+01
   6.9000000000000000e+01   3.5158013185344700e+01
   7.0000000000000000e+01   3.5369250316229198e+01
   7.1000000000000000e+01   3.5355016325950601e+01
   7.2000000000000000e+01   3.5232834018596598e+01
   7.3000000000000000e+01   3.5253925631283501e+01
   7.4000000000000000e+01   3.4841486874302703e+01
   7.5000000000000000e+01   3.5101198847891403e+01
   7.6000000000000000e+01   3.5777993907794297e+01
   7.7000000000000000e+01   3.6412346319911002e+01
   7.8000000000000000e+01   3.6119976854618599e+01
   7.9000000000000000e+01   3.6110088167921397e+01
   8.0000000000000000e+01   3.6560613937147501e+01
   8.1000000000000000e+01   3.7170315918028699e+01
   8.2000000000000000e+01   3.7150558289998997e+01
   8.3000000000000000e+01   3.7645359497321003e+01
   8.4000000000000000e+01   3.7042573176751098e+01
   8.5000000000000000e+01   3.7190062249579697e+01
   8.6000000000000000e+01   3.7137092032574799e+01
   8.7000000000000000e+01   3.7420480960241299e+01
   8.8000000000000000e+01   3.7514069624512800e+01
   8.9000000000000000e+01   3.7397949826066601e+01
   9.0000000000000000e+01   3.7534704452779401e+01
   9.1000000000000000e+01   3.7916988718133403e+01
   9.2000000000000000e+01   3.7562285933872900e+01
   9.3000000000000000e+01   3.7472887082895099e+01
   9.4000000000000000e+01   3.7409238727948498e+01
   9.5000000000000000e+01   3.6989194383359603e+01
   9.6000000000000000e+01   3.7412142251882202e+01
   9.7000000000000000e+01   3.7557586218349300e+01
   9.8000000000000000e+01   3.7562915950058397e+01
   9.9000000000000000e+01   3.7503043150766899e+01
   1.0000000000000000e+02   3.7605178148779402e+01
   1.0100000000000000e+02   3.7802812805484997e+01
   1.0200000000000000e+02   3.7515005793507903e+01
   1.0300000000000000e+02   3.7015490336451897e+01
   1.0400000000000000e+02   3.6837415892112503e+01
   1.0500000000000000e+02   3.6925903012664499e+01
   1.0600000000000000e+02   3.7264672605788903e+01
   1.0700000000000000e+02   3.7816569196582201e+01
   1.0800000000000000e+02   3.7846593272476397e+01
   1.0900000000000000e+02   3.7985581576982902e+01
   1.1000000000000000e+02   3.8357403843830099e+01
   1.1100000000000000e+02   3.8270332191550303e+01
   1.1200000000000000e+02   3.7826756025798197e+01
   1.1300000000000000e+02   3.7279066626611701e+01
   1.1400000000000000e+02   3.6816856736986402e+01
   1.1500000000000000e+02   3.6307714844929400e+01
   1.1600000000000000e+02   3.6176984587462499e+01
   1.1700000000000000e+02   3.6297051801331399e+01
   1.1800000000000000e+02   3.5864417975611900e+01
   1.1900000000000000e+02   3.5567520133536597e+01
   1.2000000000000000e+02   3.6045852287542203e+01
   1.2100000000000000e+02   3.6343480507474602e+01
   1.2200000000000000e+02   3.6308927507282398e+01
   1.2300000000000000e+02   3.6472433912326402e+01
   1.2400000000000000e+02   3.6487158647070999e+01
   1.2500000000000000e+02   3.6430819014274398e+01
   1.2600000000000000e+02   3.6164331473148899e+01
   1.2700000000000000e+02   3.5771921498357102e+01
   1.2800000000000000e+02   3.5773610557493299e+01
   1.2900000000000000e+02   3.6301048526136903e+01
   1.3000000000000000e+02   3.5957612421487497e+01
   1.3100000000000000e+02   3.5957868822082801e+01
   1.3200000000000000e+02   3.5726125967451303e+01
   1.3300000000000000e+02   3.5610448767131203e+01
   1.3400000000000000e+02   3.5738981299316301e+01
   1.3500000000000000e+02   3.5631720780304100e+01
   1.3600000000000000e+02   3.5787904113156500e+01
   1.3700000000000000e+02   3.5845614585614797e+01
   1.3800000000000000e+02   3.5878760611525799e+01
   1.3900000000000000e+02   3.6062747082500501e+01
   1.4000000000000000e+02   3.6218023081784999e+01
   1.4100000000000000e+02   3.6076709883537298e+01
   1.4200000000000000e+02   3.5874363158412699e+01
   1.4300000000000000e+02   3.5647465803767901e+01
   1.4400000000000000e+02   3.5642902499158701e+01
   1.4500000000000000e+02   3.5888209428301202e+01
   1.4600000000000000e+02   3.5557126326612902e+01
   1.4700000000000000e+02   3.5542639362488401e+01
   1.4800000000000000e+02   3.5068277397610998e+01
   1.4900000000000000e+02   3.4931547051161701e+01
   1.5000000000000000e+02   3.4731218298513703e+01
   1.5100000000000000e+02   3.4920280757514902e+01
   1.5200000000000000e+02   3.5157727056038198e+01
   1.5300000000000000e+02   3.4513972205963803e+01
   1.5400000000000000e+02   3.4256436869282297e+01
   1.5500000000000000e+02   3.4423328598001603e+01
   1.5600000000000000e+02   3.3972696888177303e+01
   1.5700000000000000e+02   3.3825411720172099e+01
   1.5800000000000000e+02   3.3946808974852701e+01
   1.5900000000000000e+02   3.3638079463338798e+01
   1.6000000000000000e+02   3.3880430713324003e+01
   1.6100000000000000e+02   3.4127876534145202e+01
   1.6200000000000000e+02   3.3784482111115999e+01
   1.6300000000000000e+02   3.3941972864641301e+01
   1.6400000000000000e+02   3.3968803776792498e+01
   1.6500000000000000e+02   3.3976577159115401e+01
   1.6600000000000000e+02   3.3927802585965999e+01
   1.6700000000000000e+02   3.3487121461664699e+01
   1.6800000000000000e+02   3.3511180102232501e+01
   1.6900000000000000e+02   3.3350952024889800e+01
   1.7000000000000000e+02   3.3385744437249500e+01
   1.7100000000000000e+02   3.3302538609105703e+01
   1.7200000000000000e+02   3.3111934325030496e+01
   1.7300000000000000e+02   3.3581521904209403e+01
   1.7400000000000000e+02   3.3491017801374802e+01
   1.7500000000000000e+02   3.3356871699032197e+01
   1.7600000000000000e+02   3.3134240415657700e+01
   1.7700000000000000e+02   3.3238116147809897e+01
   1.7800000000000000e+02   3.3302717957944502e+01
   1.7900000000000000e+02   3.3475839374718298e+01
   1.8000000000000000e+02   3.3360858281017599e+01
   1.8100000000000000e+02   3.2834281645285998e+01
   1.8200000000000000e+02   3.2512681424635801e+01
   1.8300000000000000e+02   3.2379700869072202e+01
   1.8400000000000000e+02   3.1939900931985001e+01
   1.8500000000000000e+02   3.2043150082835602e+01
   1.8600000000000000e+02   3.1985918497309800e+01
   1.8700000000000000e+02   3.1680291184608699e+01
   1.8800000000000000e+02   3.1263187667613099e+01
   1.8900000000000000e+02   3.1186530021778101e+01
   1.9000000000000000e+02   3.1325060243926799e+01
   1.9100000000000000e+02   3.0951023112704501e+01
   1.9200000000000000e+02   3.1102855153510600e+01
   1.9300000000000000e+02   3.0730954956514701e+01
   1.9400000000000000e+02   3.0832602880019699e+01
   1.9500000000000000e+02   3.1024457692979801e+01
   1.9600000000000000e+02   3.0598195252239201e+01
   1.9700000000000000e+02   3.0443795443199299e+01
   1.9800000000000000e+02   2.9985841040423999e+01
   1.9900000000000000e+02   2.9847282416770199e+01
   2.0000000000000000e+02   2.9488298365939400e+01
   2.0100000000000000e+02   2.9538972046023801e+01
   2.0200000000000000e+02   2.9375786559771701e+01
   2.0300000000000000e+02   2.9632993799182000e+01
   2.0400000000000000e+02   2.9620463636031602e+01
   2.0500000000000000e+02   2.9689197466604401e+01
   2.0600000000000000e+02   2.9637857515453099e+01
   2.0700000000000000e+02   2.9688364730907299e+01
   2.0800000000000000e+02   2.9597852686254502e+01
   2.0900000000000000e+02   2.9506148472991001e+01
   2.1000000000000000e+02   2.9588283189374199e+01
   2.1100000000000000e+02   2.9501138697314900e+01
   2.1200000000000000e+02   2.9229546918449600e+01
   2.1300000000000000e+02   2.9511369879530100e+01
   2.1400000000000000e+02   2.9015376149929999e+01
   2.1500000000000000e+02   2.9223232408746700e+01
   2.1600000000000000e+02   2.9248625741430399e+01
   2.1700000000000000e+02   2.9459399848594401e+01
   2.1800000000000000e+02   2.8779454676643400e+01
   2.1900000000000000e+02   2.8807688414474001e+01
   2.2000000000000000e+02   2.8831176576443301e+01
   2.2100000000000000e+02   2.8990084683210799e+01
   2.2200000000000000e+02   2.9201540405915001e+01
   2.2300000000000000e+02   2.8647925563580301e+01
   2.2400000000000000e+02   2.8654741718728999e+01
   2.2500000000000000e+02   2.8505045957062901e+01
   2.2600000000000000e+02   2.8427134720386402e+01
   2.2700000000000000e+02   2.8192759220526401e+01
   2.2800000000000000e+02   2.7881186871559599e+01
   2.2900000000000000e+02   2.7911049102609901e+01
   2.3000000000000000e+02   2.7704741155250900e+01
   2.3100000000000000e+02   2.7474862216779901e+01
   2.3200000000000000e+02   2.7599856619623200e+01
   2.3300000000000000e+02   2.7607538816165398e+01
   2.3400000000000000e+02   2.7852935357593498e+01
   2.3500000000000000e+02   2.7340852066483901e+01
   2.3600000000000000e+02   2.6733588154874401e+01
   2.3700000000000000e+02   2.6782632838996701e+01
   2.3800000000000000e+02   2.6515055243961200e+01
   2.3900000000000000e+02   2.6205184302009599e+01
   2.4000000000000000e+02   2.6098938361499201e+01
   2.4100000000000000e+02   2.5604912721982998e+01
   2.4200000000000000e+02   2.5209654248853301e+01
   2.4300000000000000e+02   2.4471404795023400e+01
   2.4400000000000000e+02   2.4621849314100999e+01
   2.4500000000000000e+02   2.4597588362058300e+01
   2.4600000000000000e+02   2.4666772265575698e+01
   2.4700000000000000e+02   2.4129740473599899e+01
   2.4800000000000000e+02   2.4530439337055601e+01
   2.4900000000000000e+02   2.4309401190248298e+01
   2.5000000000000000e+02   2.4032457663375499e+01
   2.5100000000000000e+02   2.3910650092305701e+01
   2.5200000000000000e+02   2.3514156600213600e+01
   2.5300000000000000e+02   2.3201050249619701e+01
   2.5400000000000000e+02   2.2859318804112998e+01
   2.5500000000000000e+02   2.2973229146899101e+01
   2.5600000000000000e+02   2.3096127497596601e+01
   2.5700000000000000e+02   2.3502697982101100e+01
   2.5800000000000000e+02   2.3174515328112001e+01
   2.5900000000000000e+02   2.2895841597448399e+01
   2.6000000000000000e+02   2.3113724469558299e+01
   2.6100000000000000e+02   2.2803032805923699e+01
   2.6200000000000000e+02   2.1783875181143401e+01
   2.6300000000000000e+02   2.1754513140752000e+01
   2.6400000000000000e+02   2.2248926835750002e+01
   2.6500000000000000e+02   2.2702101558922600e+01
   2.6600000000000000e+02   2.2478863805006501e+01
   2.6700000000000000e+02   2.2357604463181200e+01
   2.6800000000000000e+02   2.1912737336235001e+01
   2.6900000000000000e+02   2.1591770335517499e+01
   2.7000000000000000e+02   2.1921954974289001e+01
   2.7100000000000000e+02   2.1639414211645200e+01
   2.7200000000000000e+02   2.1792974431785101e+01
   2.7300000000000000e+02   2.1964272087748999e+01
   2.7400000000000000e+02   2.2183691766387199e+01
   2.7500000000000000e+02   2.1844954074031200e+01
   2.7600000000000000e+02   2.1817394835787098e+01
   2.7700000000000000e+02   2.1225459647644598e+01
   2.7800000000000000e+02   2.1222588955912300e+01
   2.7900000000000000e+02   2.1448722661157500e+01
   2.8000000000000000e+02   2.1304358797341202e+01
   2.8100000000000000e+02   2.0977998505393700e+01
   2.8200000000000000e+02   2.0911468846991902e+01
   2.8300000000000000e+02   2.0810739963591701e+01
   2.8400000000000000e+02   2.0719294707391398e+01
   2.8500000000000000e+02   2.0913210627498600e+01
   2.8600000000000000e+02   2.0887553196100399e+01
   2.8700000000000000e+02   2.0517869941107001e+01
   2.8800000000000000e+02   2.0029663305785100e+01
   2.8900000000000000e+02   1.9753599762078601e+01
   2.9000000000000000e+02   1.9137951604257601e+01
   2.9100000000000000e+02   1.8768245438781900e+01
   2.9200000000000000e+02   1.8567884395990902e+01
   2.9300000000000000e+02   1.8384013638864602e+01
   2.9400000000000000e+02   1.8407167864988299e+01
   2.9500000000000000e+02   1.8548668994566100e+01
   2.9600000000000000e+02   1.7910113208565999e+01
   2.9700000000000000e+02   1.7533779346957601e+01
   2.9800000000000000e+02   1.7153001520718298e+01
   2.9900000000000000e+02   1.6790443594132601e+01
   3.0000000000000000e+02   1.6420492605712099e+01
   3.0100000000000000e+02   1.5679463493678400e+01
   3.0200000000000000e+02   1.5322871747291201e+01
   3.0300000000000000e+02   1.5271982333293201e+01
   3.0400000000000000e+02   1.5522431701556400e+01
   3.0500000000000000e+02   1.5845636059952099e+01
   3.0600000000000000e+02   1.5417627315089900e+01
   3.0700000000000000e+02   1.5331193128112600e+01
   3.0800000000000000e+02   1.4899291322284700e+01
   3.0900000000000000e+02   1.4090791839390400e+01
   3.1000000000000000e+02   1.4197841638534401e+01
   3.1100000000000000e+02   1.4198523198991900e+01
   3.1200000000000000e+02   1.4056499361429900e+01
   3.1300000000000000e+02   1.3568684032098099e+01
   3.1400000000000000e+02   1.3757244794700300e+01
   3.1500000000000000e+02   1.3302090756058799e+01
   3.1600000000000000e+02   1.2838874531738000e+01
   3.1700000000000000e+02   1.2734663926596200e+01
   3.1800000000000000e+02   1.2466248099181200e+01
   3.1900000000000000e+02   1.2617290772392000e+01
   3.2000000000000000e+02   1.3112006935178499e+01
   3.2100000000000000e+02   1.2875390877536800e+01
   3.2200000000000000e+02   1.3145624592946900e+01
   3.2300000000000000e+02   1.2821824867874000e+01
   3.2400000000000000e+02   1.2591043400573801e+01
   3.2500000000000000e+02   1.2888351391699700e+01
   3.2600000000000000e+02   1.2731697328080600e+01
   3.2700000000000000e+02   1.2323442704752400e+01
   3.2800000000000000e+02   1.1635312775975200e+01
   3.2900000000000000e+02   1.1293106866905600e+01
   3.3000000000000000e+02   1.1232141495883701e+01
   3.3100000000000000e+02   1.1187054391925001e+01
   3.3200000000000000e+02   1.1189104223884801e+01
   3.3300000000000000e+02   1.1237847595063000e+01
   3.3400000000000000e+02   1.0929372756944799e+01
   3.3500000000000000e+02   1.0896229844283100e+01
   3.3600000000000000e+02   1.0860864103611201e+01
   3.3700000000000000e+02   1.0373172576777799e+01
   3.3800000000000000e+02   1.0438276767051400e+01
   3.3900000000000000e+02   1.0500221527434000e+01
   3.4000000000000000e+02   1.0093407477177800e+01
   3.4100000000000000e+02   9.3195058202826093e+00
   3.4200000000000000e+02   9.2974670551673508e+00
   3.4300000000000000e+02   8.8667051369527599e+00
   3.4400000000000000e+02   8.8298165965042799e+00
   3.4500000000000000e+02   8.7451520215851204e+00
   3.4600000000000000e+02   8.3724892660613506e+00
   3.4700000000000000e+02   8.0620310009253604e+00
   3.4800000000000000e+02   7.7749492678572096e+00
   3.4900000000000000e+02   7.7026710177810198e+00
   3.5000000000000000e+02   7.4711452576504698e+00
   3.5100000000000000e+02   6.5349012399751301e+00
   3.5200000000000000e+02   5.9252729509037199e+00
   3.5300000000000000e+02   6.1229333106804598e+00
   3.5400000000000000e+02   6.1379698039849204e+00
   3.5500000000000000e+02   6.0493174991994696e+00
   3.5600000000000000e+02   5.8757407412552602e+00
   3.5700000000000000e+02   5.3743670665964904e+00
   3.5800000000000000e+02   4.7039531221419404e+00
   3.5900000000000000e+02   4.4714025417675201e+00
   3.6000000000000000e+02   4.2737478011642702e+00
   3.6100000000000000e+02   4.1087346319209699e+00
   3.6200000000000000e+02   3.8323103414578998e+00
   3.6300000000000000e+02   3.7938510240022398e+00
   3.6400000000000000e+02   3.9205556187394701e+00
   3.6500000000000000e+02   3.5713115354609601e+00
   3.6600000000000000e+02   3.7289267865519098e+00
   3.6700000000000000e+02   3.6522155320417302e+00
   3.6800000000000000e+02   3.4750227964377798e+00
   3.6900000000000000e+02   3.4026500839064702e+00
   3.7000000000000000e+02   3.3993231248465401e+00
   3.7100000000000000e+02   3.7557460341273701e+00
   3.7200000000000000e+02   3.3366393702262100e+00
   3.7300000000000000e+02   3.2515402125243198e+00
   3.7400000000000000e+02   2.9993277310793300e+00
   3.7500000000000000e+02   3.4269269538499101e+00
   3.7600000000000000e+02   3.1754512150206500e+00
   3.7700000000000000e+02   3.0649730884174300e+00
   3.7800000000000000e+02   2.9630370174362000e+00
   3.7900000000000000e+02   2.2572144028691099e+00
   3.8000000000000000e+02   2.0753667749093498e+00
   3.8100000000000000e+02   2.0547385723409399e+00
   3.8200000000000000e+02   1.6591752338095400e+00
   3.8300000000000000e+02   1.6226018010357699e+00
   3.8400000000000000e+02   1.1015556434704299e+00
   3.8500000000000000e+02   1.1672360624798499e+00
   3.8600000000000000e+02   1.7357965133041700e+00
   3.8700000000000000e+02   9.3059614457438700e-01
   3.8800000000000000e+02   8.7923457412634298e-01
   3.8900000000000000e+02   6.9690931056049299e-01
   3.9000000000000000e+02   9.1103188767835797e-01
   3.9100000000000000e+02   7.6940525496908696e-01
   3.9200000000000000e+02   3.2597113414146101e-01
   3.9300000000000000e+02   1.4273213420873401e-01
   3.9400000000000000e+02  -2.3859833101771100e-01
   3.9500000000000000e+02  -6.2237455280285203e-01
   3.9600000000000000e+02  -6.1529757111127803e-01
   3.9700000000000000e+02  -7.8510778469716502e-01
   3.9800000000000000e+02  -1.4754471767139501e+00
   3.9900000000000000e+02  -1.6417654639390700e+00
   4.0000000000000000e+02  -1.6668186858653200e+00
   4.0100000000000000e+02  -1.8668598780977099e+00
   4.0200000000000000e+02  -2.4451133425573399e+00
   4.0300000000000000e+02  -3.0433943615428500e+00
   4.0400000000000000e+02  -3.3397651323699300e+00
   4.0500000000000000e+02  -3.7513940992628800e+00
   4.0600000000000000e+02  -4.1308548208455997e+00
   4.0700000000000000e+02  -3.9100334347167500e+00
   4.0800000000000000e+02  -4.1460495184207096e+00
   4.0900000000000000e+02  -3.9708868272969702e+00
   4.1000000000000000e+02  -4.3501708142573996e+00
   4.1100000000000000e+02  -4.8729407727208400e+00
   4.1200000000000000e+02  -4.7711956410099097e+00
   4.1300000000000000e+02  -5.4008291304844196e+00
   4.1400000000000000e+02  -5.5090389095389600e+00
   4.1500000000000000e+02  -5.6957333093532396e+00
   4.1600000000000000e+02  -5.5716744917343499e+00
   4.1700000000000000e+02  -5.9093613975296702e+00
   4.1800000000000000e+02  -5.8812887111027896e+00
   4.1900000000000000e+02  -6.1795671308066797e+00
   4.2000000000000000e+02  -6.7216845357203896e+00
   4.2100000000000000e+02  -6.1614286528108204e+00
   4.2200000000000000e+02  -5.9709810431811796e+00
   4.2300000000000000e+02  -6.0203628554162103e+00
   4.2400000000000000e+02  -5.8270545871484796e+00
   4.2500000000000000e+02  -6.1330696333876800e+00
   4.2600000000000000e+02  -6.3133148129265004e+00
   4.2700000000000000e+02  -6.7114065684610900e+00
   4.2800000000000000e+02  -7.0950342827376298e+00
   4.2900000000000000e+02  -7.0935471031372099e+00
   4.3000000000000000e+02  -7.7910695989483401e+00
   4.3100000000000000e+02  -7.9317486298473101e+00
   4.3200000000000000e+02  -8.5089597975887195e+00
   4.3300000000000000e+02  -9.2445049391630096e+00
   4.3400000000000000e+02  -9.5131588949889192e+00
   4.3500000000000000e+02  -9.9907891976511607e+00
   4.3600000000000000e+02  -1.0849331265279901e+01
   4.3700000000000000e+02  -1.1177600517961300e+01
   4.3800000000000000e+02  -1.1728357519374301e+01
   4.3900000000000000e+02  -1.2057730035624701e+01
   4.4000000000000000e+02  -1.2464503482253299e+01
   4.4100000000000000e+02  -1.3268003082881201e+01
   4.4200000000000000e+02  -1.3760915465632600e+01
   4.4300000000000000e+02  -1.3717846447242300e+01
   4.4400000000000000e+02  -1.4404167516246300e+01
   4.4500000000000000e+02  -1.4941055983993600e+01
   4.4600000000000000e+02  -1.5270249458847699e+01
   4.4700000000000000e+02  -1.5663475645361400e+01
   4.4800000000000000e+02  -1.5348976784703099e+01
   4.4900000000000000e+02  -1.5848893101876801e+01
   4.5000000000000000e+02  -1.5788072574462699e+01
   4.5100000000000000e+02  -1.5755788007001000e+01
   4.5200000000000000e+02  -1.6093878293046000e+01
   4.5300000000000000e+02  -1.6316844428534999e+01
   4.5400000000000000e+02  -1.6614157370228199e+01
   4.5500000000000000e+02  -1.7054935395779498e+01
   4.5600000000000000e+02  -1.7620334834098401e+01
   4.5700000000000000e+02  -1.7822713101923000e+01
   4.5800000000000000e+02  -1.8292649749054998e+01
   4.5900000000000000e+02  -1.9077884137845700e+01
   4.6000000000000000e+02  -1.9709148840630700e+01
   4.6100000000000000e+02  -2.0061579258020899e+01
   4.6200000000000000e+02  -1.9897135780407002e+01
   4.6300000000000000e+02  -2.0247587547148701e+01
   4.6400000000000000e+02  -2.0466133803562599e+01
   4.6500000000000000e+02  -2.1409674235581999e+01
   4.6600000000000000e+02  -2.1698102573578200e+01
   4.6700000000000000e+02  -2.1712568000062301e+01
   4.6800000000000000e+02  -2.2037292931192699e+01
   4.6900000000000000e+02  -2.2710349004146298e+01
   4.7000000000000000e+02  -2.3427736365347702e+01
   4.7100000000000000e+02  -2.3589409493669098e+01
   4.7200000000000000e+02  -2.3954993807939800e+01
   4.7300000000000000e+02  -2.4377651005016201e+01
   4.7400000000000000e+02  -2.4395464966639899e+01
   4.7500000000000000e+02  -2.4848101948215099e+01
   4.7600000000000000e+02  -2.5174256371287498e+01
   4.7700000000000000e+02  -2.5444012406164401e+01
   4.7800000000000000e+02  -2.5837105869633600e+01
   4.7900000000000000e+02  -2.5836602360889199e+01
   4.8000000000000000e+02  -2.6723796128439101e+01
   4.8100000000000000e+02  -2.6799447981772900e+01
   4.8200000000000000e+02  -2.7255544570215200e+01
   4.8300000000000000e+02  -2.8045074097888399e+01
   4.8400000000000000e+02  -2.8671150725007401e+01
   4.8500000000000000e+02  -2.9058343608685899e+01
   4.8600000000000000e+02  -2.8872701372574902e+01
   4.8700000000000000e+02  -2.9111204687376901e+01
   4.8800000000000000e+02  -2.9821496861725500e+01
   4.8900000000000000e+02  -3.0293264795293400e+01
   4.9000000000000000e+02  -3.0875873853866000e+01
   4.9100000000000000e+02  -3.1583213012850500e+01
   4.9200000000000000e+02  -3.2404769075448300e+01
   4.9300000000000000e+02  -3.2976532716989098e+01
   4.9400000000000000e+02  -3.3365283008105600e+01
   4.9500000000000000e+02  -3.3782799328289798e+01
   4.9600000000000000e+02  -3.3619168511543897e+01
   4.9700000000000000e+02  -3.3735378166220102e+01
   4.9800000000000000e+02  -3.4126631249558002e+01
   4.9900000000000000e+02  -3.4475939749053303e+01
   5.0000000000000000e+02  -3.4748437254258803e+01
   5.0100000000000000e+02  -3.5076347486707199e+01
   5.0200000000000000e+02  -3.5478587212562900e+01
   5.0300000000000000e+02  -3.6542539746131801e+01
   5.0400000000000000e+02  -3.6836352431591301e+01
   5.0500000000000000e+02  -3.7411537592766699e+01
   5.0600000000000000e+02  -3.7820308327049403e+01
   5.0700000000000000e+02  -3.8173520413869902e+01
   5.0800000000000000e+02  -3.8082343079898003e+01
   5.0900000000000000e+02  -3.8389581212610999e+01
   5.1000000000000000e+02  -3.9093683139600799e+01
   5.1100000000000000e+02  -3.9543122502465202e+01
   5.1200000000000000e+02  -4.0323676745634003e+01
   5.1300000000000000e+02  -4.0366373648154600e+01
   5.1400000000000000e+02  -4.0921795084494903e+01
   5.1500000000000000e+02  -4.0870765308046899e+01
   5.1600000000000000e+02  -4.0972179654414099e+01
   5.1700000000000000e+02  -4.1432572425758003e+01
   5.1800000000000000e+02  -4.2074152194211798e+01
   5.1900000000000000e+02  -4.2246047027229203e+01
   5.2000000000000000e+02  -4.2939703317315100e+01
   5.2100000000000000e+02  -4.3552189605525200e+01
   5.2200000000000000e+02  -4.4194128258436997e+01
   5.2300000000000000e+02  -4.4475138156192202e+01
   5.2400000000000000e+02  -4.4469805968141799e+01
   5.2500000000000000e+02  -4.4686468667062400e+01
   5.2600000000000000e+02  -4.4671627440417502e+01
   5.2700000000000000e+02  -4.5143958381569000e+01
   5.2800000000000000e+02  -4.5259947485591702e+01
   5.2900000000000000e+02  -4.5580940677628703e+01
   5.3000000000000000e+02  -4.5952369895680803e+01
   5.3100000000000000e+02  -4.6157479307132398e+01
   5.3200000000000000e+02  -4.6574237723456498e+01
   5.3300000000000000e+02  -4.6538966300983503e+01
   5.3400000000000000e+02  -4.6855677105912200e+01
   5.3500000000000000e+02  -4.7495637389874503e+01
   5.3600000000000000e+02  -4.7501094076508203e+01
   5.3700000000000000e+02  -4.7603921914654698e+01
   5.3800000000000000e+02  -4.7738053445357302e+01
   5.3900000000000000e+02  -4.8485023684265002e+01
   5.4000000000000000e+02  -4.9022712052969297e+01
   5.4100000000000000e+02  -4.9335070963295301e+01
   5.4200000000000000e+02  -4.9968563989451603e+01
   5.4300000000000000e+02  -5.0495266945300301e+01
   5.4400000000000000e+02  -5.0633029831610699e+01
   5.4500000000000000e+02  -5.0614499518372902e+01
   5.4600000000000000e+02  -5.1261579426688300e+01
   5.4700000000000000e+02  -5.1955922469629698e+01
   5.4800000000000000e+02  -5.2021296582047498e+01
   5.4900000000000000e+02  -5.2532294884034101e+01
   5.5000000000000000e+02  -5.3037879984872802e+01
   5.5100000000000000e+02  -5.3809427792309599e+01
   5.5200000000000000e+02  -5.4016835537218903e+01
   5.5300000000000000e+02  -5.4052876179033802e+01
   5.5400000000000000e+02  -5.4267682235319100e+01
   5.5500000000000000e+02  -5.4918793979520501e+01
   5.5600000000000000e+02  -5.5456818970100599e+01
   5.5700000000000000e+02  -5.6477445484697100e+01
   5.5800000000000000e+02  -5.7437812170037503e+01
   5.5900000000000000e+02  -5.7942948028338897e+01
   5.6000000000000000e+02  -5.8560349754149101e+01
   5.6100000000000000e+02  -5.8731852372388602e+01
   5.6200000000000000e+02  -5.9074896763006699e+01
   5.6300000000000000e+02  -5.9456546930868100e+01
   5.6400000000000000e+02  -5.9981977298676803e+01
   5.6500000000000000e+02  -6.0392010384625998e+01
   5.6600000000000000e+02  -6.0881522979025100e+01
   5.6700000000000000e+02  -6.0750945549244101e+01
   5.6800000000000000e+02  -6.1055540894477502e+01
   5.6900000000000000e+02  -6.1141949381448001e+01
   5.7000000000000000e+02  -6.1171382394762396e+01
   5.7100000000000000e+02  -6.1918036474699697e+01
   5.7200000000000000e+02  -6.2390052753500697e+01
   5.7300000000000000e+02  -6.2348968662548401e+01
   5.7400000000000000e+02  -6.2427089697634500e+01
   5.7500000000000000e+02  -6.2913442008347403e+01
   5.7600000000000000e+02  -6.3420632617236997e+01
   5.7700000000000000e+02  -6.3316427461895302e+01
   5.7800000000000000e+02  -6.3602511115043001e+01
   5.7900000000000000e+02  -6.4123917800523003e+01
   5.8000000000000000e+02  -6.4779718774577404e+01
   5.8100000000000000e+02  -6.4905381995296693e+01
   5.8200000000000000e+02  -6.4968777312386294e+01
   5.8300000000000000e+02  -6.4839003129391799e+01
   5.8400000000000000e+02  -6.5160236124850499e+01
   5.8500000000000000e+02  -6.6062455887453694e+01
   5.8600000000000000e+02  -6.6514846057288295e+01
   5.8700000000000000e+02  -6.7266315524045496e+01
   5.8800000000000000e+02  -6.7456066182498404e+01
   5.8900000000000000e+02  -6.7875951293160895e+01
   5.9000000000000000e+02  -6.8294606479360098e+01
   5.9100000000000000e+02  -6.9005313117048203e+01
   5.9200000000000000e+02  -6.9088257506842496e+01
   5.9300000000000000e+02  -6.8725888520524407e+01
   5.9400000000000000e+02  -6.9170633806463798e+01
   5.9500000000000000e+02  -6.9687084827935607e+01
   5.9600000000000000e+02  -7.0210710304889304e+01
   5.9700000000000000e+02  -7.0133128190424998e+01
   5.9800000000000000e+02  -7.0560465283409101e+01
   5.9900000000000000e+02  -7.0428408747300494e+01
   6.0000000000000000e+02  -7.0805563232346799e+01
   6.0100000000000000e+02  -7.1029823359497399e+01
   6.0200000000000000e+02  -7.0835034573592793e+01
   6.0300000000000000e+02  -7.1219587571865702e+01
   6.0400000000000000e+02  -7.1424217342935094e+01
   6.0500000000000000e+02  -7.1474161426943098e+01
   6.0600000000000000e+02  -7.1576867163045705e+01
   6.0700000000000000e+02  -7.1200418351052207e+01
   6.0800000000000000e+02  -7.1655910849504195e+01
   6.0900000000000000e+02  -7.1837961301953797e+01
   6.1000000000000000e+02  -7.2112604375147399e+01
   6.1100000000000000e+02  -7.1772310412568103e+01
   6.1200000000000000e+02  -7.1746556191451901e+01
   6.1300000000000000e+02  -7.1822895194217594e+01
   6.1400000000000000e+02  -7.1900127887287795e+01
   6.1500000000000000e+02  -7.1903459471054802e+01
   6.1600000000000000e+02  -7.1908335793040905e+01
   6.1700000000000000e+02  -7.2302249061488894e+01
   6.1800000000000000e+02  -7.2319349366484900e+01
   6.1900000000000000e+02  -7.2555461137085700e+01
   6.2000000000000000e+02  -7.2740662420636895e+01
   6.2100000000000000e+02  -7.2712085847627804e+01
   6.2200000000000000e+02  -7.2314151841663005e+01
   6.2300000000000000e+02  -7.2197011996255995e+01
   6.2400000000000000e+02  -7.2667221929718906e+01
   6.2500000000000000e+02  -7.2952032805164393e+01
   6.2600000000000000e+02  -7.2681760054351003e+01
   6.2700000000000000e+02  -7.2925025677879603e+01
   6.2800000000000000e+02  -7.2947923843721796e+01
   6.2900000000000000e+02  -7.3213425005514196e+01
   6.3000000000000000e+02  -7.3794420986874300e+01
   6.3100000000000000e+02  -7.4077512064730698e+01
   6.3200000000000000e+02  -7.4736051924416600e+01
   6.3300000000000000e+02  -7.4618164623074904e+01
   6.3400000000000000e+02  -7.4924507944351703e+01
   6.3500000000000000e+02  -7.4623533155927007e+01
   6.3600000000000000e+02  -7.4207449780490904e+01
   6.3700000000000000e+02  -7.4131848874003595e+01
   6.3800000000000000e+02  -7.4192813246961194e+01
   6.3900000000000000e+02  -7.4784887498267295e+01
   6.4000000000000000e+02  -7.5087201759331904e+01
   6.4100000000000000e+02  -7.5492524157435994e+01
   6.4200000000000000e+02  -7.5954759999409404e+01
   6.4300000000000000e+02  -7.5898751610470001e+01
   6.4400000000000000e+02  -7.5852712741896497e+01
   6.4500000000000000e+02  -7.6110560808204795e+01
   6.4600000000000000e+02  -7.6240277313495497e+01
   6.4700000000000000e+02  -7.5797739281890600e+01
   6.4800000000000000e+02  -7.6258915586265104e+01
   6.4900000000000000e+02  -7.6323089931763107e+01
   6.5000000000000000e+02  -7.5751819334115496e+01
   6.5100000000000000e+02  -7.6193044304709403e+01
   6.5200000000000000e+02  -7.6232677948894903e+01
   6.5300000000000000e+02  -7.6738488955764296e+01
   6.5400000000000000e+02  -7.6633511144770907e+01
   6.5500000000000000e+02  -7.6782196423120496e+01
   6.5600000000000000e+02  -7.6475966846128799e+01
   6.5700000000000000e+02  -7.6587459011620297e+01
   6.5800000000000000e+02  -7.6454463720103305e+01
   6.5900000000000000e+02  -7.6424034599760901e+01
   6.6000000000000000e+02  -7.6873073431465301e+01
   6.6100000000000000e+02  -7.7239161097734296e+01
   6.6200000000000000e+02  -7.7582989602927398e+01
   6.6300000000000000e+02  -7.7428665274795506e+01
   6.6400000000000000e+02  -7.7238200291580000e+01
   6.6500000000000000e+02  -7.7011609974711106e+01
   6.6600000000000000e+02  -7.7015394149958894e+01
   6.6700000000000000e+02  -7.7265491578423493e+01
   6.6800000000000000e+02  -7.7577435195381000e+01
   6.6900000000000000e+02  -7.7358786096461898e+01
   6.7000000000000000e+02  -7.7698325533793593e+01
   6.7100000000000000e+02  -7.7439026018867807e+01
   6.7200000000000000e+02  -7.7036364324862404e+01
   6.7300000000000000e+02  -7.6980383997407500e+01
   6.7400000000000000e+02  -7.6580220244126593e+01
   6.7500000000000000e+02  -7.6454972849342099e+01
   6.7600000000000000e+02  -7.6247165450671304e+01
   6.7700000000000000e+02  -7.6468916323832900e+01
   6.7800000000000000e+02  -7.6353959486882303e+01
   6.7900000000000000e+02  -7.6212975300277407e+01
   6.8000000000000000e+02  -7.6299667653950294e+01
   6.8100000000000000e+02  -7.6531982613296293e+01
   6.8200000000000000e+02  -7.6341336870350304e+01
   6.8300000000000000e+02  -7.6260766557240004e+01
   6.8400000000000000e+02  -7.6316332514930096e+01
   6.8500000000000000e+02  -7.5966692666242295e+01
   6.8600000000000000e+02  -7.6283310375316006e+01
   6.8700000000000000e+02  -7.6337914059412299e+01
   6.8800000000000000e+02  -7.6479336953177096e+01
   6.8900000000000000e+02  -7.6707573109385194e+01
   6.9000000000000000e+02  -7.6791351536882303e+01
   6.9100000000000000e+02  -7.6821302837228700e+01
   6.9200000000000000e+02  -7.6579422482952396e+01
   6.9300000000000000e+02  -7.6504460594126300e+01
   6.9400000000000000e+02  -7.6664387912694394e+01
   6.9500000000000000e+02  -7.6854909850812504e+01
   6.9600000000000000e+02  -7.6742324094017704e+01
   6.9700000000000000e+02  -7.7063719359823097e+01
   6.9800000000000000e+02  -7.7092566948265301e+01
   6.9900000000000000e+02  -7.6922877966818803e+01
   7.0000000000000000e+02  -7.7128085255787894e+01
   7.0100000000000000e+02  -7.7537420442018401e+01
   7.0200000000000000e+02  -7.7392636694365706e+01
   7.0300000000000000e+02  -7.7315118460670803e+01
   7.0400000000000000e+02  -7.6708753607356996e+01
   7.0500000000000000e+02  -7.6625175334550804e+01
   7.0600000000000000e+02  -7.6684119323053295e+01
   7.0700000000000000e+02  -7.6710130391162593e+01
   7.0800000000000000e+02  -7.6781301577137697e+01
   7.0900000000000000e+02  -7.6895120157638303e+01
   7.1000000000000000e+02  -7.6733860723545305e+01
   7.1100000000000000e+02  -7.6779321866021505e+01
   7.1200000000000000e+02  -7.6802406433788704e+01
   7.1300000000000000e+02  -7.6908376016833998e+01
   7.1400000000000000e+02  -7.7290288224678704e+01
   7.1500000000000000e+02  -7.7361013610629996e+01
   7.1600000000000000e+02  -7.7175057411745897e+01
   7.1700000000000000e+02  -7.7358710695279896e+01
   7.1800000000000000e+02  -7.7449399220281506e+01
   7.1900000000000000e+02  -7.7240469538808298e+01
   7.2000000000000000e+02  -7.7225499160618298e+01
   7.2100000000000000e+02  -7.7357558872133694e+01
   7.2200000000000000e+02  -7.7327586236634602e+01
   7.2300000000000000e+02  -7.7487648240835000e+01
   7.2400000000000000e+02  -7.7272645060391000e+01
   7.2500000000000000e+02  -7.6800283852922803e+01
   7.2600000000000000e+02  -7.6609212801702697e+01
   7.2700000000000000e+02  -7.6296399384061502e+01
   7.2800000000000000e+02  -7.6197728155465896e+01
   7.2900000000000000e+02  -7.6304286607081195e+01
   7.3000000000000000e+02  -7.6562729252604001e+01
   7.3100000000000000e+02  -7.6324188042823593e+01
   7.3200000000000000e+02  -7.6491819560470404e+01
   7.3300000000000000e+02  -7.6140640034719794e+01
   7.3400000000000000e+02  -7.6383727872714303e+01
   7.3500000000000000e+02  -7.6295433246787994e+01
   7.3600000000000000e+02  -7.6111835036829802e+01
   7.3700000000000000e+02  -7.6346698528945495e+01
   7.3800000000000000e+02  -7.5898225727206395e+01
   7.3900000000000000e+02  -7.6263539715018695e+01
   7.4000000000000000e+02  -7.6309121834087705e+01
   7.4100000000000000e+02  -7.6034192931537007e+01
   7.4200000000000000e+02  -7.6141718770878896e+01
   7.4300000000000000e+02  -7.6287408607783803e+01
   7.4400000000000000e+02  -7.6588285016034206e+01
   7.4500000000000000e+02  -7.6453207790081507e+01
   7.4600000000000000e+02  -7.6100879573240505e+01
   7.4700000000000000e+02  -7.6158634145150700e+01
   7.4800000000000000e+02  -7.6074900352035897e+01
   7.4900000000000000e+02  -7.6110571061419293e+01
   7.5000000000000000e+02  -7.6121455821043000e+01
   7.5100000000000000e+02  -7.6128387667289303e+01
   7.5200000000000000e+02  -7.5397559799345601e+01
   7.5300000000000000e+02  -7.5231421107451993e+01
   7.5400000000000000e+02  -7.5046188785879494e+01
   7.5500000000000000e+02  -7.5013614456454206e+01
   7.5600000000000000e+02  -7.5146511880660995e+01
   7.5700000000000000e+02  -7.4718616550899000e+01
   7.5800000000000000e+02  -7.4958912220708001e+01
   7.5900000000000000e+02  -7.5310705087623504e+01
   7.6000000000000000e+02  -7.5165269198275894e+01
   7.6100000000000000e+02  -7.5690768593349304e+01
   7.6200000000000000e+02  -7.5563514138431103e+01
   7.6300000000000000e+02  -7.5332146130188605e+01
   7.6400000000000000e+02  -7.5736803049992105e+01
   7.6500000000000000e+02  -7.5410822522988596e+01
   7.6600000000000000e+02  -7.5255825495330598e+01
   7.6700000000000000e+02  -7.5638988262178898e+01
   7.6800000000000000e+02  -7.5942851183667500e+01
   7.6900000000000000e+02  -7.5600970101690507e+01
   7.7000000000000000e+02  -7.6617153708754998e+01
   7.7100000000000000e+02  -7.6818848306048096e+01
   7.7200000000000000e+02  -7.6508193881646406e+01
   7.7300000000000000e+02  -7.6418980877864399e+01
   7.7400000000000000e+02  -7.5767732217140505e+01
   7.7500000000000000e+02  -7.6282813760089297e+01
   7.7600000000000000e+02  -7.6299891895620704e+01
   7.7700000000000000e+02  -7.6377231795573607e+01
   7.7800000000000000e+02  -7.6469015540247696e+01
   7.7900000000000000e+02  -7.6309656945251405e+01
   7.8000000000000000e+02  -7.6345879785932297e+01
   7.8100000000000000e+02  -7.6469646994136596e+01
   7.8200000000000000e+02  -7.6509536672536100e+01
   7.8300000000000000e+02  -7.7017494563728903e+01
   7.8400000000000000e+02  -7.6845400641449402e+01
   7.8500000000000000e+02  -7.6824377172121402e+01
   7.8600000000000000e+02  -7.6635342867384594e+01
   7.8700000000000000e+02  -7.6771153931895398e+01
   7.8800000000000000e+02  -7.6288565356950997e+01
   7.8900000000000000e+02  -7.6243057118935596e+01
   7.9000000000000000e+02  -7.6019195020901805e+01
   7.9100000000000000e+02  -7.5809131999294294e+01
   7.9200000000000000e+02  -7.5681015417615299e+01
   7.9300000000000000e+02  -7.6074999225558898e+01
   7.9400000000000000e+02  -7.6124598485618293e+01
   7.9500000000000000e+02  -7.6472385410118903e+01
   7.9600000000000000e+02  -7.6435846821584093e+01
   7.9700000000000000e+02  -7.6225683918398701e+01
   7.9800000000000000e+02  -7.6144971270924202e+01
   7.9900000000000000e+02  -7.6207307056699904e+01
   8.0000000000000000e+02  -7.6582181657703700e+01
   8.0100000000000000e+02  -7.6047041277681203e+01
   8.0200000000000000e+02  -7.6625011146897293e+01
   8.0300000000000000e+02  -7.6374207940279604e+01
   8.0400000000000000e+02  -7.6438191014979907e+01
   8.0500000000000000e+02  -7.6500134754849000e+01
   8.0600000000000000e+02  -7.6643790084433306e+01
   8.0700000000000000e+02  -7.6311291302157898e+01
   8.0800000000000000e+02  -7.6292019470801904e+01
   8.0900000000000000e+02  -7.6153085176415303e+01
   8.1000000000000000e+02  -7.5710076159990095e+01
   8.1100000000000000e+02  -7.5917367807312601e+01
   8.1200000000000000e+02  -7.6125916008733995e+01
   8.1300000000000000e+02  -7.5936315518241102e+01
   8.1400000000000000e+02  -7.5928013757904495e+01
   8.1500000000000000e+02  -7.5864831792308294e+01
   8.1600000000000000e+02  -7.6071258957539300e+01
   8.1700000000000000e+02  -7.6010577746788201e+01
   8.1800000000000000e+02  -7.5692425400771896e+01
   8.1900000000000000e+02  -7.5599919027284002e+01
   8.2000000000000000e+02  -7.5104713724366306e+01
   8.2100000000000000e+02  -7.4951347755115606e+01
   8.2200000000000000e+02  -7.5085295251773005e+01
   8.2300000000000000e+02  -7.5170001738537295e+01
   8.2400000000000000e+02  -7.5252510060059905e+01
   8.2500000000000000e+02  -7.5305778191525604e+01
   8.2600000000000000e+02  -7.5358540640394096e+01
   8.2700000000000000e+02  -7.5056954632257799e+01
   8.2800000000000000e+02  -7.4997862300145400e+01
   8.2900000000000000e+02  -7.5287109385597901e+01
   8.3000000000000000e+02  -7.5807200171581997e+01
   8.3100000000000000e+02  -7.5744128685239801e+01
   8.3200000000000000e+02  -7.5319489935076305e+01
   8.3300000000000000e+02  -7.5451845382614493e+01
   8.3400000000000000e+02  -7.5271479196528503e+01
   8.3500000000000000e+02  -7.5312847474113099e+01
   8.3600000000000000e+02  -7.5290506281343298e+01
   8.3700000000000000e+02  -7.5348155153784305e+01
   8.3800000000000000e+02  -7.5311283121120198e+01
   8.3900000000000000e+02  -7.5724021815678995e+01
   8.4000000000000000e+02  -7.5948943593073693e+01
   8.4100000000000000e+02  -7.6165978727210302e+01
   8.4200000000000000e+02  -7.5598987423345406e+01
   8.4300000000000000e+02  -7.5503872902902700e+01
   8.4400000000000000e+02  -7.5281015293367403e+01
   8.4500000000000000e+02  -7.5805015481835596e+01
   8.4600000000000000e+02  -7.5737471792174802e+01
   8.4700000000000000e+02  -7.5884657986602406e+01
   8.4800000000000000e+02  -7.5878194830539996e+01
   8.4900000000000000e+02  -7.5291105895239497e+01
   8.5000000000000000e+02  -7.5220929134669703e+01
   8.5100000000000000e+02  -7.5716285293263098e+01
   8.5200000000000000e+02  -7.5221859159042296e+01
   8.5300000000000000e+02  -7.5123237027853804e+01
   8.5400000000000000e+02  -7.5381227042931101e+01
   8.5500000000000000e+02  -7.5347133153399994e+01
   8.5600000000000000e+02  -7.5384223637033102e+01
   8.5700000000000000e+02  -7.5449812560219200e+01
   8.5800000000000000e+02  -7.6385233554385096e+01
   8.5900000000000000e+02  -7.6340601852478002e+01
   8.6000000000000000e+02  -7.6115938002260904e+01
   8.6100000000000000e+02  -7.6248967399347606e+01
   8.6200000000000000e+02  -7.5894697202549807e+01
   8.6300000000000000e+02  -7.6248711442910505e+01
   8.6400000000000000e+02  -7.5903720547855599e+01
   8.6500000000000000e+02  -7.6097679760364002e+01
   8.6600000000000000e+02  -7.6182256406514995e+01
   8.6700000000000000e+02  -7.6488752900229002e+01
   8.6800000000000000e+02  -7.6287107237907193e+01
   8.6900000000000000e+02  -7.6157313851913202e+01
   8.7000000000000000e+02  -7.5977388712826198e+01
   8.7100000000000000e+02  -7.5857696980373007e+01
   8.7200000000000000e+02  -7.5434104796121900e+01
   8.7300000000000000e+02  -7.5427996690580400e+01
   8.7400000000000000e+02  -7.5542548249250700e+01
   8.7500000000000000e+02  -7.5619019906054504e+01
   8.7600000000000000e+02  -7.5688927716653296e+01
   8.7700000000000000e+02  -7.5794955700295006e+01
   8.7800000000000000e+02  -7.5492292037088006e+01
   8.7900000000000000e+02  -7.5203269344549000e+01
   8.8000000000000000e+02  -7.5033003863831595e+01
   8.8100000000000000e+02  -7.5204152577825894e+01
   8.8200000000000000e+02  -7.5259061839271695e+01
   8.8300000000000000e+02  -7.4699225456542294e+01
   8.8400000000000000e+02  -7.4318040364150306e+01
   8.8500000000000000e+02  -7.3982935182416398e+01
   8.8600000000000000e+02  -7.3685251338662496e+01
   8.8700000000000000e+02  -7.3962079802002805e+01
   8.8800000000000000e+02  -7.3881410863295500e+01
   8.8900000000000000e+02  -7.3700860683419194e+01
   8.9000000000000000e+02  -7.3453143960183795e+01
   8.9100000000000000e+02  -7.3226302145010905e+01
   8.9200000000000000e+02  -7.3203801575743697e+01
   8.9300000000000000e+02  -7.3420400079950497e+01
   8.9400000000000000e+02  -7.3363942104281506e+01
   8.9500000000000000e+02  -7.3454598861904302e+01
   8.9600000000000000e+02  -7.2970775154889793e+01
   8.9700000000000000e+02  -7.2533087355652199e+01
   8.9800000000000000e+02  -7.2008392306282005e+01
   8.9900000000000000e+02  -7.2243562810450101e+01
   9.0000000000000000e+02  -7.2280092708805896e+01
   9.0100000000000000e+02  -7.2403214062796806e+01
   9.0200000000000000e+02  -7.2545613261699302e+01
   9.0300000000000000e+02  -7.2897867810441298e+01
   9.0400000000000000e+02  -7.2961305695493095e+01
   9.0500000000000000e+02  -7.2776009081484304e+01
   9.0600000000000000e+02  -7.2787010680229301e+01
   9.0700000000000000e+02  -7.2491048324754800e+01
   9.0800000000000000e+02  -7.2824689472986506e+01
   9.0900000000000000e+02  -7.3059900709187005e+01
   9.1000000000000000e+02  -7.2865379527904096e+01
   9.1100000000000000e+02  -7.2853803170640802e+01
   9.1200000000000000e+02  -7.3205722451421593e+01
   9.1300000000000000e+02  -7.2753258947852700e+01
   9.1400000000000000e+02  -7.2680302636394700e+01
   9.1500000000000000e+02  -7.2993209568826302e+01
   9.1600000000000000e+02  -7.3459474122152898e+01
   9.1700000000000000e+02  -7.3372233118717006e+01
   9.1800000000000000e+02  -7.3546860017108102e+01
   9.1900000000000000e+02  -7.3500514601244205e+01
   9.2000000000000000e+02  -7.3408561581222401e+01
   9.2100000000000000e+02  -7.3462478505951694e+01
   9.2200000000000000e+02  -7.3175754771235404e+01
   9.2300000000000000e+02  -7.3172688920287598e+01
   9.2400000000000000e+02  -7.3065789139267594e+01
   9.2500000000000000e+02  -7.2570390078077907e+01
   9.2600000000000000e+02  -7.2489050770957704e+01
   9.2700000000000000e+02  -7.2569369293853001e+01
   9.2800000000000000e+02  -7.2740043608975796e+01
   9.2900000000000000e+02  -7.2681133026755006e+01
   9.3000000000000000e+02  -7.2892936684419993e+01
   9.3100000000000000e+02  -7.2555258959576804e+01
   9.3200000000000000e+02  -7.2539989420750800e+01
   9.3300000000000000e+02  -7.2132988764364200e+01
   9.3400000000000000e+02  -7.2104683459943701e+01
   9.3500000000000000e+02  -7.1977552792623399e+01
   9.3600000000000000e+02  -7.2551289295654300e+01
   9.3700000000000000e+02  -7.3523190097863605e+01
   9.3800000000000000e+02  -7.3856989294501204e+01
   9.3900000000000000e+02  -7.3784698370386707e+01
   9.4000000000000000e+02  -7.3814284417433797e+01
   9.4100000000000000e+02  -7.3895613924032105e+01
   9.4200000000000000e+02  -7.3773455174598297e+01
   9.4300000000000000e+02  -7.3761837847924497e+01
   9.4400000000000000e+02  -7.4170481057649695e+01
   9.4500000000000000e+02  -7.4302547809925301e+01
   9.4600000000000000e+02  -7.4006096941137102e+01
   9.4700000000000000e+02  -7.3583957741333407e+01
   9.4800000000000000e+02  -7.3537593968045002e+01
   9.4900000000000000e+02  -7.3622579813145506e+01
   9.5000000000000000e+02  -7.3606596310254602e+01
   9.5100000000000000e+02  -7.3552148671483096e+01
   9.5200000000000000e+02  -7.3704375180069206e+01
   9.5300000000000000e+02  -7.3925770867307506e+01
   9.5400000000000000e+02  -7.3545828688394806e+01
   9.5500000000000000e+02  -7.3892311192820998e+01
   9.5600000000000000e+02  -7.4314674028587703e+01
   9.5700000000000000e+02  -7.4275159446742293e+01
   9.5800000000000000e+02  -7.4241830450500601e+01
   9.5900000000000000e+02  -7.4064640887511800e+01
   9.6000000000000000e+02  -7.3752016255042804e+01
   9.6100000000000000e+02  -7.3540228121982196e+01
   9.6200000000000000e+02  -7.3158673744870100e+01
   9.6300000000000000e+02  -7.3044801074250401e+01
   9.6400000000000000e+02  -7.3083079470820707e+01
   9.6500000000000000e+02  -7.3009875358752396e+01
   9.6600000000000000e+02  -7.2902585305164394e+01
   9.6700000000000000e+02  -7.3074508941797902e+01
   9.6800000000000000e+02  -7.3233758137551902e+01
   9.6900000000000000e+02  -7.3605640741579904e+01
   9.7000000000000000e+02  -7.3278723962324705e+01
   9.7100000000000000e+02  -7.3843282167074506e+01
   9.7200000000000000e+02  -7.3907576763072399e+01
   9.7300000000000000e+02  -7.3340789317272694e+01
   9.7400000000000000e+02  -7.2984451662777701e+01
   9.7500000000000000e+02  -7.2523643203413201e+01
   9.7600000000000000e+02  -7.2688940283537406e+01
   9.7700000000000000e+02  -7.2437983628178401e+01
   9.7800000000000000e+02  -7.2939568939506302e+01
   9.7900000000000000e+02  -7.2831869667199797e+01
   9.8000000000000000e+02  -7.3060397806984597e+01
   9.8100000000000000e+02  -7.3506181362519797e+01
   9.8200000000000000e+02  -7.3239726042361099e+01
   9.8300000000000000e+02  -7.3206017527200700e+01
   9.8400000000000000e+02  -7.3249965624421307e+01
   9.8500000000000000e+02  -7.4060250662002005e+01
   9.8600000000000000e+02  -7.3762955286503299e+01
   9.8700000000000000e+02  -7.3651899771238405e+01
   9.8800000000000000e+02  -7.3496804961204305e+01
   9.8900000000000000e+02  -7.3663074769351894e+01
   9.9000000000000000e+02  -7.3634614898475903e+01
   9.9100000000000000e+02  -7.3558870986772902e+01
   9.9200000000000000e+02  -7.3397365524025105e+01
   9.9300000000000000e+02  -7.2809089826402001e+01
   9.9400000000000000e+02  -7.2319035556726206e+01
   9.9500000000000000e+02  -7.2160600829903800e+01
   9.9600000000000000e+02  -7.2497107718051794e+01
   9.9700000000000000e+02  -7.2517730206780499e+01
   9.9800000000000000e+02  -7.2723462612605005e+01
   9.9900000000000000e+02  -7.2698804283696603e+01
   1.0000000000000000e+03  -7.2558874442550206e+01
   1.0010000000000000e+03  -7.2427685182629205e+01
   1.0020000000000000e+03  -7.2076784661599007e+01
   1.0030000000000000e+03  -7.2532442748510405e+01
   1.0040000000000000e+03  -7.2767176610966203e+01
   1.0050000000000000e+03  -7.2513731429925102e+01
   1.0060000000000000e+03  -7.2290865017607004e+01
   1.0070000000000000e+03  -7.2258426389785697e+01
   1.0080000000000000e+03  -7.2065069986241596e+01
   1.0090000000000000e+03  -7.1754399011824603e+01
   1.0100000000000000e+03  -7.1387236018148897e+01
   1.0110000000000000e+03  -7.1199051552797400e+01
   1.0120000000000000e+03  -7.1243363027995201e+01
   1.0130000000000000e+03  -7.0841255291287496e+01
   1.0140000000000000e+03  -7.0965705834259893e+01
   1.0150000000000000e+03  -7.1040174987822994e+01
   1.0160000000000000e+03  -7.1190044044415501e+01
   1.0170000000000000e+03  -7.0776228461898697e+01
   1.0180000000000000e+03  -7.0438508695591196e+01
   1.0190000000000000e+03  -7.0171479440926404e+01
   1.0200000000000000e+03  -7.0136352763858199e+01
   1.0210000000000000e+03  -7.0077183857360296e+01
   1.0220000000000000e+03  -7.0437316239522701e+01
   1.0230000000000000e+03  -7.0840496469184899e+01
   1.0240000000000000e+03  -7.0690600404235099e+01
   1.0250000000000000e+03  -7.0809338210811305e+01
   1.0260000000000000e+03  -7.0185303190555004e+01
   1.0270000000000000e+03  -7.0307707905482602e+01
   1.0280000000000000e+03  -7.1153391922511801e+01
   1.0290000000000000e+03  -7.0805098900295803e+01
   1.0300000000000000e+03  -7.0353603371112200e+01
   1.0310000000000000e+03  -6.9964088173528495e+01
   1.0320000000000000e+03  -6.9927447440079007e+01
   1.0330000000000000e+03  -6.9672806819724300e+01
   1.0340000000000000e+03  -6.9170091289917096e+01
   1.0350000000000000e+03  -6.8592255525361693e+01
   1.0360000000000000e+03  -6.8500478500477101e+01
   1.0370000000000000e+03  -6.8286666240100999e+01
   1.0380000000000000e+03  -6.8014953467671106e+01
   1.0390000000000000e+03  -6.7959656158384306e+01
   1.0400000000000000e+03  -6.8298699967486002e+01
   1.0410000000000000e+03  -6.8303748727885605e+01
   1.0420000000000000e+03  -6.8651362374844894e+01
   1.0430000000000000e+03  -6.8638322428396506e+01
   1.0440000000000000e+03  -6.9044875326494704e+01
   1.0450000000000000e+03  -6.8591505127390406e+01
   1.0460000000000000e+03  -6.8858135077977295e+01
   1.0470000000000000e+03  -6.8880758119318500e+01
   1.0480000000000000e+03  -6.8400407930793705e+01
   1.0490000000000000e+03  -6.8272988029867193e+01
   1.0500000000000000e+03  -6.7930279331763103e+01
   1.0510000000000000e+03  -6.7464957033112597e+01
   1.0520000000000000e+03  -6.7211532691883207e+01
   1.0530000000000000e+03  -6.7185231589469097e+01
   1.0540000000000000e+03  -6.6884309161224493e+01
   1.0550000000000000e+03  -6.6805983824457897e+01
   1.0560000000000000e+03  -6.6240466623328999e+01
   1.0570000000000000e+03  -6.6058644004761504e+01
   1.0580000000000000e+03  -6.5709534646199899e+01
   1.0590000000000000e+03  -6.5582457440006905e+01
   1.0600000000000000e+03  -6.5342884726094695e+01
   1.0610000000000000e+03  -6.4930608826017405e+01
   1.0620000000000000e+03  -6.5309838775815805e+01
   1.0630000000000000e+03  -6.4587811003732696e+01
   1.0640000000000000e+03  -6.4312347460100298e+01
   1.0650000000000000e+03  -6.3555521019960999e+01
   1.0660000000000000e+03  -6.2937939119253301e+01
   1.0670000000000000e+03  -6.2090024339778303e+01
   1.0680000000000000e+03  -6.1225437372423997e+01
   1.0690000000000000e+03  -6.0158079871544999e+01
   1.0700000000000000e+03  -5.9235163575325899e+01
   1.0710000000000000e+03  -5.7561188074374201e+01
   1.0720000000000000e+03  -5.4539954201966303e+01
   1.0730000000000000e+03  -4.8579390962340099e+01
   1.0740000000000000e+03  -2.7300082796663201e+01
   1.0750000000000000e+03  -5.7371869543755398e+00
   1.0760000000000000e+03   8.8153885478815095e+00
   1.0770000000000000e+03   1.7846659240257001e+01
   1.0780000000000000e+03   2.2208342691078201e+01
   1.0790000000000000e+03   2.4733105095014999e+01
   1.0800000000000000e+03   2.5704300841431198e+01
   1.0810000000000000e+03   2.6237795722146000e+01
   1.0820000000000000e+03   2.6778280006247599e+01
   1.0830000000000000e+03   2.7291318587541799e+01
   1.0840000000000000e+03   2.6835413835204399e+01
   1.0850000000000000e+03   2.7490037575996901e+01
   1.0860000000000000e+03   2.7949702045735101e+01
   1.0870000000000000e+03   2.8177757400239202e+01
   1.0880000000000000e+03   2.8240421683524001e+01
   1.0890000000000000e+03   2.8598941703632399e+01
   1.0900000000000000e+03   2.8779996759394301e+01
   1.0910000000000000e+03   2.9500904279811799e+01
   1.0920000000000000e+03   3.0026837229676900e+01
   1.0930000000000000e+03   3.0465682552061701e+01
   1.0940000000000000e+03   3.0014065244843799e+01
   1.0950000000000000e+03   3.0203309546311999e+01
   1.0960000000000000e+03   2.9914832417355800e+01
   1.0970000000000000e+03   3.0076027447083000e+01
   1.0980000000000000e+03   3.0123255946456201e+01
   1.0990000000000000e+03   3.0454271146529699e+01
   1.1000000000000000e+03   3.0567339124913101e+01
   1.1010000000000000e+03   3.0604848815156100e+01
   1.1020000000000000e+03   3.0434026692878600e+01
   1.1030000000000000e+03   3.0578276305723900e+01
   1.1040000000000000e+03   3.0893354963826400e+01
   1.1050000000000000e+03   3.0685226301686701e+01
   1.1060000000000000e+03   3.0915964116579200e+01
   1.1070000000000000e+03   3.0582841044635600e+01
   1.1080000000000000e+03   3.0871332306184001e+01
   1.1090000000000000e+03   3.0803559585299400e+01
   1.1100000000000000e+03   3.1170367117767402e+01
   1.1110000000000000e+03   3.0865847877222802e+01
   1.1120000000000000e+03   3.0744891153970400e+01
   1.1130000000000000e+03   3.0778774689242301e+01
   1.1140000000000000e+03   3.0830182747600698e+01
   1.1150000000000000e+03   3.0447179731937901e+01
   1.1160000000000000e+03   3.0685867908396499e+01
   1.1170000000000000e+03   3.0839937510942502e+01
   1.1180000000000000e+03   3.1217380312181302e+01
   1.1190000000000000e+03   3.1329275900595601e+01
   1.1200000000000000e+03   3.1560759268886500e+01
   1.1210000000000000e+03   3.1770912807576799e+01
   1.1220000000000000e+03   3.1972159571735300e+01
   1.1230000000000000e+03   3.2474851374953900e+01
   1.1240000000000000e+03   3.2657004554590998e+01
   1.1250000000000000e+03   3.3019485520446104e+01
   1.1260000000000000e+03   3.3490301554482699e+01
   1.1270000000000000e+03   3.3309664294186099e+01
   1.1280000000000000e+03   3.3416812048521898e+01
   1.1290000000000000e+03   3.3677537685450503e+01
   1.1300000000000000e+03   3.3431083197595001e+01
   1.1310000000000000e+03   3.3398399730885998e+01
   1.1320000000000000e+03   3.3327351527665797e+01
   1.1330000000000000e+03   3.2866327712119002e+01
   1.1340000000000000e+03   3.3138578097553399e+01
   1.1350000000000000e+03   3.2604006142258797e+01
   1.1360000000000000e+03   3.2996414850197198e+01
   1.1370000000000000e+03   3.3477303467108001e+01
   1.1380000000000000e+03   3.3443377241260798e+01
   1.1390000000000000e+03   3.3422671254471098e+01
   1.1400000000000000e+03   3.3038906645099402e+01
   1.1410000000000000e+03   3.3379886828172999e+01
   1.1420000000000000e+03   3.3191757335374398e+01
   1.1430000000000000e+03   3.2912962856856097e+01
   1.1440000000000000e+03   3.2699262972331397e+01
   1.1450000000000000e+03   3.2437818492529502e+01
   1.1460000000000000e+03   3.2717371663062700e+01
   1.1470000000000000e+03   3.2902646132988899e+01
   1.1480000000000000e+03   3.3398461293316302e+01
   1.1490000000000000e+03   3.3608959189328402e+01
   1.1500000000000000e+03   3.3761425211088600e+01
   1.1510000000000000e+03   3.3859612268052402e+01
   1.1520000000000000e+03   3.3917731521452701e+01
