  -1.0000000000000000e+02  -7.3269117481180501e+01
  -9.9000000000000000e+01  -7.3086412503826907e+01
  -9.8000000000000000e+01  -7.2950573445490093e+01
  -9.7000000000000000e+01  -7.2799191427388905e+01
  -9.6000000000000000e+01  -7.2685359326786497e+01
  -9.5000000000000000e+01  -7.2412628281121101e+01
  -9.4000000000000000e+01  -7.2126108816046596e+01
  -9.3000000000000000e+01  -7.2011597298053402e+01
  -9.2000000000000000e+01  -7.1822120855248102e+01
  -9.1000000000000000e+01  -7.1524149767047504e+01
  -9.0000000000000000e+01  -7.1553200110125204e+01
  -8.9000000000000000e+01  -7.1345047859892404e+01
  -8.8000000000000000e+01  -7.1482324072517301e+01
  -8.7000000000000000e+01  -7.0992611738406495e+01
  -8.6000000000000000e+01  -7.1133881409568900e+01
  -8.5000000000000000e+01  -7.0803542742957006e+01
  -8.4000000000000000e+01  -7.1008732539539906e+01
  -8.3000000000000000e+01  -7.0741580000048302e+01
  -8.2000000000000000e+01  -7.0680112536394802e+01
  -8.1000000000000000e+01  -7.0813269079509297e+01
  -8.0000000000000000e+01  -7.0792132059146098e+01
  -7.9000000000000000e+01  -7.0646883019421907e+01
  -7.8000000000000000e+01  -7.0282747995760005e+01
  -7.7000000000000000e+01  -7.1116465714085507e+01
  -7.6000000000000000e+01  -7.1121146510607701e+01
  -7.5000000000000000e+01  -7.0648075453993997e+01
  -7.4000000000000000e+01  -7.0485888637599103e+01
  -7.3000000000000000e+01  -7.0655843710446206e+01
  -7.2000000000000000e+01  -7.0876421712755601e+01
  -7.1000000000000000e+01  -7.0739301778188604e+01
  -7.0000000000000000e+01  -7.1322513327288902e+01
  -6.9000000000000000e+01  -7.1290318585715596e+01
  -6.8000000000000000e+01  -7.1452391572969404e+01
  -6.7000000000000000e+01  -7.1103792449733007e+01
  -6.6000000000000000e+01  -7.1419975526074793e+01
  -6.5000000000000000e+01  -7.1084053218604097e+01
  -6.4000000000000000e+01  -7.0997045121921005e+01
  -6.3000000000000000e+01  -7.0533540199496500e+01
  -6.2000000000000000e+01  -7.0352081400031693e+01
  -6.1000000000000000e+01  -7.0477115525407399e+01
  -6.0000000000000000e+01  -7.0296293433701706e+01
  -5.9000000000000000e+01  -7.0143578007636293e+01
  -5.8000000000000000e+01  -7.0411717676250902e+01
  -5.7000000000000000e+01  -7.0566523125510201e+01
  -5.6000000000000000e+01  -7.1362631437581399e+01
  -5.5000000000000000e+01  -7.1116440271765001e+01
  -5.4000000000000000e+01  -7.0679950665854193e+01
  -5.3000000000000000e+01  -7.0841083997181400e+01
  -5.2000000000000000e+01  -7.1028227293926093e+01
  -5.1000000000000000e+01  -7.1273179810891705e+01
  -5.0000000000000000e+01  -7.0823057151978105e+01
  -4.9000000000000000e+01  -7.0328674014590106e+01
  -4.8000000000000000e+01  -7.0081414828827903e+01
  -4.7000000000000000e+01  -6.9688818787201001e+01
  -4.6000000000000000e+01  -6.9761166261461995e+01
  -4.5000000000000000e+01  -6.9731911463022200e+01
  -4.4000000000000000e+01  -6.9645042552816093e+01
  -4.3000000000000000e+01  -6.9688748849694704e+01
  -4.2000000000000000e+01  -6.9762070100311803e+01
  -4.1000000000000000e+01  -7.0004511869711095e+01
  -4.0000000000000000e+01  -7.0133253455545699e+01
  -3.9000000000000000e+01  -6.9693182067419002e+01
  -3.8000000000000000e+01  -6.9560727207191505e+01
  -3.7000000000000000e+01  -6.9332111627746301e+01
  -3.6000000000000000e+01  -6.9045150058617295e+01
  -3.5000000000000000e+01  -6.8871018916664795e+01
  -3.4000000000000000e+01  -6.8721040842586604e+01
  -3.3000000000000000e+01  -6.9112138934308007e+01
  -3.2000000000000000e+01  -6.9225890117116606e+01
  -3.1000000000000000e+01  -6.8938902562341298e+01
  -3.0000000000000000e+01  -6.8990938822232096e+01
  -2.9000000000000000e+01  -6.8965400399624698e+01
  -2.8000000000000000e+01  -6.9591613937825997e+01
  -2.7000000000000000e+01  -6.9571159560043000e+01
  -2.6000000000000000e+01  -6.9289569743913304e+01
  -2.5000000000000000e+01  -6.9031494618624194e+01
  -2.4000000000000000e+01  -6.8897932466843400e+01
  -2.3000000000000000e+01  -6.8497033084325395e+01
  -2.2000000000000000e+01  -6.8346419733800900e+01
  -2.1000000000000000e+01  -6.8036830638508405e+01
  -2.0000000000000000e+01  -6.7804654263290104e+01
  -1.9000000000000000e+01  -6.7645018027097507e+01
  -1.8000000000000000e+01  -6.6861659008907097e+01
  -1.7000000000000000e+01  -6.6706614192368903e+01
  -1.6000000000000000e+01  -6.6741923961302106e+01
  -1.5000000000000000e+01  -6.6332866574217704e+01
  -1.4000000000000000e+01  -6.6436741414057806e+01
  -1.3000000000000000e+01  -6.6078118164691105e+01
  -1.2000000000000000e+01  -6.5415657897837406e+01
  -1.1000000000000000e+01  -6.4751049657560401e+01
  -1.0000000000000000e+01  -6.4192467360172898e+01
  -9.0000000000000000e+00  -6.3902995488958503e+01
  -8.0000000000000000e+00  -6.3030001230553403e+01
  -7.0000000000000000e+00  -6.2341113269087501e+01
  -6.0000000000000000e+00  -6.1097322759107399e+01
  -5.0000000000000000e+00  -6.0131780982116403e+01
  -4.0000000000000000e+00  -5.8605719195821003e+01
  -3.0000000000000000e+00  -5.6951093100455800e+01
  -2.0000000000000000e+00  -5.3838074356503597e+01
  -1.0000000000000000e+00  -4.5645932173074300e+01
   0.0000000000000000e+00  -2.1077831402165700e+01
   1.0000000000000000e+00  -2.3790637043984901e+00
   2.0000000000000000e+00   1.1500197742003900e+01
   3.0000000000000000e+00   1.8910325134270199e+01
   4.0000000000000000e+00   2.2789292600084799e+01
   5.0000000000000000e+00   2.4778215780557701e+01
   6.0000000000000000e+00   2.5554351765146500e+01
   7.0000000000000000e+00   2.6170179338755201e+01
   8.0000000000000000e+00   2.6077771515278499e+01
   9.0000000000000000e+00   2.6252289347495498e+01
   1.0000000000000000e+01   2.6636007256926099e+01
   1.1000000000000000e+01   2.6842033977516799e+01
   1.2000000000000000e+01   2.6994397405968598e+01
   1.3000000000000000e+01   2.7420861351216899e+01
   1.4000000000000000e+01   2.8020526445717898e+01
   1.5000000000000000e+01   2.8253967262553399e+01
   1.6000000000000000e+01   2.8610327416199599e+01
   1.7000000000000000e+01   2.8825432905530100e+01
   1.8000000000000000e+01   2.9148211756489399e+01
   1.9000000000000000e+01   2.9584198461042199e+01
   2.0000000000000000e+01   2.9578338547131800e+01
   2.1000000000000000e+01   2.9740653611428598e+01
   2.2000000000000000e+01   3.0373513229638000e+01
   2.3000000000000000e+01   3.0337414468318201e+01
   2.4000000000000000e+01   3.0096270823054901e+01
   2.5000000000000000e+01   3.0299592477383602e+01
   2.6000000000000000e+01   3.0664869117656600e+01
   2.7000000000000000e+01   3.0667027413447801e+01
   2.8000000000000000e+01   3.0875573779706698e+01
   2.9000000000000000e+01   3.0512809479981200e+01
   3.0000000000000000e+01   3.0632052353722500e+01
   3.1000000000000000e+01   3.0939872248687902e+01
   3.2000000000000000e+01   3.0547813615606699e+01
   3.3000000000000000e+01   3.0281464891571101e+01
   3.4000000000000000e+01   3.0266616822732601e+01
   3.5000000000000000e+01   3.0288491900329799e+01
   3.6000000000000000e+01   3.0142097574708700e+01
   3.7000000000000000e+01   3.0139555704705000e+01
   3.8000000000000000e+01   3.0091497255494499e+01
   3.9000000000000000e+01   3.0226330229634499e+01
   4.0000000000000000e+01   3.0829189213902200e+01
   4.1000000000000000e+01   3.0921617236690601e+01
   4.2000000000000000e+01   3.0924108906224902e+01
   4.3000000000000000e+01   3.0797459944768100e+01
   4.4000000000000000e+01   3.0646070342831798e+01
   4.5000000000000000e+01   3.0857287375664299e+01
   4.6000000000000000e+01   3.0639980363867199e+01
   4.7000000000000000e+01   3.0668578179215501e+01
   4.8000000000000000e+01   3.0298781713397101e+01
   4.9000000000000000e+01   3.0428274992759899e+01
   5.0000000000000000e+01   3.0665701152010399e+01
   5.1000000000000000e+01   3.0941515638267500e+01
   5.2000000000000000e+01   3.0771900568633299e+01
   5.3000000000000000e+01   3.1658098681630399e+01
   5.4000000000000000e+01   3.1846105066012900e+01
   5.5000000000000000e+01   3.2121592774791999e+01
   5.6000000000000000e+01   3.2131656649853497e+01
   5.7000000000000000e+01   3.2704185281219601e+01
   5.8000000000000000e+01   3.3153633215376999e+01
   5.9000000000000000e+01   3.3347356963000898e+01
   6.0000000000000000e+01   3.3249510016412302e+01
   6.1000000000000000e+01   3.3048564343478198e+01
   6.2000000000000000e+01   3.2913169302438398e+01
   6.3000000000000000e+01   3.3062374060571400e+01
   6.4000000000000000e+01   3.3315662996791801e+01
   6.5000000000000000e+01   3.3509247651065301e+01
   6.6000000000000000e+01   3.3651869337934301e+01
   6.7000000000000000e+01   3.3336392157480098e+01
   6.8000000000000000e+01   3.3094093608718900e+01
   6.9000000000000000e+01   3.3572172268367403e+01
   7.0000000000000000e+01   3.4394823898010401e+01
   7.1000000000000000e+01   3.4510826432092202e+01
   7.2000000000000000e+01   3.4885954194082700e+01
   7.3000000000000000e+01   3.4509981097809899e+01
   7.4000000000000000e+01   3.4261519595601598e+01
   7.5000000000000000e+01   3.4838993255287299e+01
   7.6000000000000000e+01   3.5034908991035898e+01
   7.7000000000000000e+01   3.4834360607190099e+01
   7.8000000000000000e+01   3.4844866829319500e+01
   7.9000000000000000e+01   3.5284940449878199e+01
   8.0000000000000000e+01   3.5041635524420698e+01
   8.1000000000000000e+01   3.4992137992989797e+01
   8.2000000000000000e+01   3.4658824442392600e+01
   8.3000000000000000e+01   3.4980375032086798e+01
   8.4000000000000000e+01   3.4654564048356100e+01
   8.5000000000000000e+01   3.4866638927051604e+01
   8.6000000000000000e+01   3.4812774942904802e+01
   8.7000000000000000e+01   3.4975759334186598e+01
   8.8000000000000000e+01   3.4654131667808301e+01
   8.9000000000000000e+01   3.4979693239445297e+01
   9.0000000000000000e+01   3.4928574096337996e+01
   9.1000000000000000e+01   3.4888264091462901e+01
   9.2000000000000000e+01   3.5366479758636501e+01
   9.3000000000000000e+01   3.5350299072516300e+01
   9.4000000000000000e+01   3.5456091710214302e+01
   9.5000000000000000e+01   3.5157883774371399e+01
   9.6000000000000000e+01   3.5183260545552898e+01
   9.7000000000000000e+01   3.4841587248426599e+01
   9.8000000000000000e+01   3.4952334318576398e+01
   9.9000000000000000e+01   3.4908813202686098e+01
   1.0000000000000000e+02   3.4296856258825201e+01
   1.0100000000000000e+02   3.4446164142595400e+01
   1.0200000000000000e+02   3.4359522887996903e+01
   1.0300000000000000e+02   3.4119843344136598e+01
   1.0400000000000000e+02   3.3977115778274403e+01
   1.0500000000000000e+02   3.4274316108162800e+01
   1.0600000000000000e+02   3.4215920395094500e+01
   1.0700000000000000e+02   3.4340382108955197e+01
   1.0800000000000000e+02   3.4526393215906801e+01
   1.0900000000000000e+02   3.4588665033630903e+01
   1.1000000000000000e+02   3.4797188248696699e+01
   1.1100000000000000e+02   3.4928261487954501e+01
   1.1200000000000000e+02   3.4770693728696997e+01
   1.1300000000000000e+02   3.4794042529829902e+01
   1.1400000000000000e+02   3.4910947220781502e+01
   1.1500000000000000e+02   3.5154169649236202e+01
   1.1600000000000000e+02   3.4749016267263301e+01
   1.1700000000000000e+02   3.4516472833251399e+01
   1.1800000000000000e+02   3.3744209357399598e+01
   1.1900000000000000e+02   3.4029255615839098e+01
   1.2000000000000000e+02   3.3983215150970601e+01
   1.2100000000000000e+02   3.4036542132713699e+01
   1.2200000000000000e+02   3.3676301573550802e+01
   1.2300000000000000e+02   3.3327639625394198e+01
   1.2400000000000000e+02   3.3440927351531997e+01
   1.2500000000000000e+02   3.3757900601301600e+01
   1.2600000000000000e+02   3.4054438183728401e+01
   1.2700000000000000e+02   3.3898564502483900e+01
   1.2800000000000000e+02   3.3970614414330100e+01
   1.2900000000000000e+02   3.3905176933030397e+01
   1.3000000000000000e+02   3.4241085424936898e+01
   1.3100000000000000e+02   3.4091064420626601e+01
   1.3200000000000000e+02   3.4054127955966997e+01
   1.3300000000000000e+02   3.4415212522843298e+01
   1.3400000000000000e+02   3.4163037581108000e+01
   1.3500000000000000e+02   3.3897454368502899e+01
   1.3600000000000000e+02   3.3548608538937998e+01
   1.3700000000000000e+02   3.3026832420751397e+01
   1.3800000000000000e+02   3.3009582978004502e+01
   1.3900000000000000e+02   3.3355288903820103e+01
   1.4000000000000000e+02   3.3403665565940102e+01
   1.4100000000000000e+02   3.3797297565799703e+01
   1.4200000000000000e+02   3.4151623568100099e+01
   1.4300000000000000e+02   3.3617365261242298e+01
   1.4400000000000000e+02   3.2803770141850499e+01
   1.4500000000000000e+02   3.2943319623188700e+01
   1.4600000000000000e+02   3.3129486570825499e+01
   1.4700000000000000e+02   3.3074005816798397e+01
   1.4800000000000000e+02   3.2412209384124900e+01
   1.4900000000000000e+02   3.2647880772530797e+01
   1.5000000000000000e+02   3.3045763866657403e+01
   1.5100000000000000e+02   3.3001618633102900e+01
   1.5200000000000000e+02   3.2765152979909601e+01
   1.5300000000000000e+02   3.2556691803528800e+01
   1.5400000000000000e+02   3.2544417151409498e+01
   1.5500000000000000e+02   3.2838158328147799e+01
   1.5600000000000000e+02   3.2652690846370398e+01
   1.5700000000000000e+02   3.2685088769627299e+01
   1.5800000000000000e+02   3.2552408372037497e+01
   1.5900000000000000e+02   3.2138640577005198e+01
   1.6000000000000000e+02   3.2019114171878897e+01
   1.6100000000000000e+02   3.2068584550865197e+01
   1.6200000000000000e+02   3.1780982261472499e+01
   1.6300000000000000e+02   3.1788948979757802e+01
   1.6400000000000000e+02   3.1508826672106000e+01
   1.6500000000000000e+02   3.1627430860205500e+01
   1.6600000000000000e+02   3.1642641307324901e+01
   1.6700000000000000e+02   3.1796610058983600e+01
   1.6800000000000000e+02   3.1380688043796400e+01
   1.6900000000000000e+02   3.1067910727444300e+01
   1.7000000000000000e+02   3.1254872520822399e+01
   1.7100000000000000e+02   3.1231000191376701e+01
   1.7200000000000000e+02   3.1619575561636200e+01
   1.7300000000000000e+02   3.1313705528762299e+01
   1.7400000000000000e+02   3.0953247359269199e+01
   1.7500000000000000e+02   3.1268519520224299e+01
   1.7600000000000000e+02   3.1358842832824699e+01
   1.7700000000000000e+02   3.1271406850364500e+01
   1.7800000000000000e+02   3.0719654600658600e+01
   1.7900000000000000e+02   3.0379728025544502e+01
   1.8000000000000000e+02   3.0754676765876599e+01
   1.8100000000000000e+02   3.0697164234336299e+01
   1.8200000000000000e+02   3.1198159947762999e+01
   1.8300000000000000e+02   3.0943895480385400e+01
   1.8400000000000000e+02   3.0842475273774799e+01
   1.8500000000000000e+02   3.0564829587852199e+01
   1.8600000000000000e+02   2.9991677921722300e+01
   1.8700000000000000e+02   2.9811345327745400e+01
   1.8800000000000000e+02   2.9183019172829901e+01
   1.8900000000000000e+02   2.9476623022371399e+01
   1.9000000000000000e+02   2.9252141499719801e+01
   1.9100000000000000e+02   2.9348570324536400e+01
   1.9200000000000000e+02   2.9347087985585599e+01
   1.9300000000000000e+02   2.9331589607397401e+01
   1.9400000000000000e+02   2.9439773028889999e+01
   1.9500000000000000e+02   2.9342892456582000e+01
   1.9600000000000000e+02   2.9526253112831998e+01
   1.9700000000000000e+02   2.9549689077856200e+01
   1.9800000000000000e+02   2.9480334891839000e+01
   1.9900000000000000e+02   2.9105247767259598e+01
   2.0000000000000000e+02   2.9259693515493101e+01
   2.0100000000000000e+02   2.8775501986797501e+01
   2.0200000000000000e+02   2.8043185590098801e+01
   2.0300000000000000e+02   2.8078343766932299e+01
   2.0400000000000000e+02   2.7646631374760702e+01
   2.0500000000000000e+02   2.7736517085062900e+01
   2.0600000000000000e+02   2.7739464178017901e+01
   2.0700000000000000e+02   2.8034192668043602e+01
   2.0800000000000000e+02   2.7454454133729801e+01
   2.0900000000000000e+02   2.7693290738054500e+01
   2.1000000000000000e+02   2.7177068245112899e+01
   2.1100000000000000e+02   2.7212914973383100e+01
   2.1200000000000000e+02   2.6520025862623900e+01
   2.1300000000000000e+02   2.6378343135512701e+01
   2.1400000000000000e+02   2.6427105307586100e+01
   2.1500000000000000e+02   2.6740049436496601e+01
   2.1600000000000000e+02   2.6416906910439899e+01
   2.1700000000000000e+02   2.6540691443754302e+01
   2.1800000000000000e+02   2.6635789402812701e+01
   2.1900000000000000e+02   2.6212276384305000e+01
   2.2000000000000000e+02   2.6310904762408999e+01
   2.2100000000000000e+02   2.6347260358521901e+01
   2.2200000000000000e+02   2.6575332506598201e+01
   2.2300000000000000e+02   2.5963674632325400e+01
   2.2400000000000000e+02   2.5714974667826102e+01
   2.2500000000000000e+02   2.5864094533415699e+01
   2.2600000000000000e+02   2.5737437351671002e+01
   2.2700000000000000e+02   2.5431549944517698e+01
   2.2800000000000000e+02   2.5165900755249300e+01
   2.2900000000000000e+02   2.4590152349435900e+01
   2.3000000000000000e+02   2.4273815341251400e+01
   2.3100000000000000e+02   2.4244805909424802e+01
   2.3200000000000000e+02   2.4444326628889200e+01
   2.3300000000000000e+02   2.4026159595651500e+01
   2.3400000000000000e+02   2.3822054177608500e+01
   2.3500000000000000e+02   2.4005506307898401e+01
   2.3600000000000000e+02   2.3493807237526699e+01
   2.3700000000000000e+02   2.3425030630755899e+01
   2.3800000000000000e+02   2.3478978401723602e+01
   2.3900000000000000e+02   2.3627426783742099e+01
   2.4000000000000000e+02   2.4097258442329100e+01
   2.4100000000000000e+02   2.3615114448143199e+01
   2.4200000000000000e+02   2.3642677760234900e+01
   2.4300000000000000e+02   2.3210968938950199e+01
   2.4400000000000000e+02   2.3119525863033399e+01
   2.4500000000000000e+02   2.3209531344721501e+01
   2.4600000000000000e+02   2.3146471421925298e+01
   2.4700000000000000e+02   2.3131145685396401e+01
   2.4800000000000000e+02   2.3138578720833699e+01
   2.4900000000000000e+02   2.3196627126210700e+01
   2.5000000000000000e+02   2.2877240526499900e+01
   2.5100000000000000e+02   2.3261037560321899e+01
   2.5200000000000000e+02   2.2514363691388802e+01
   2.5300000000000000e+02   2.2219243414873901e+01
   2.5400000000000000e+02   2.2319662684112501e+01
   2.5500000000000000e+02   2.2217269055241999e+01
   2.5600000000000000e+02   2.1596425413777698e+01
   2.5700000000000000e+02   2.1660737633177298e+01
   2.5800000000000000e+02   2.1908344985047901e+01
   2.5900000000000000e+02   2.1653769047073300e+01
   2.6000000000000000e+02   2.1389599117776100e+01
   2.6100000000000000e+02   2.1164983329108999e+01
   2.6200000000000000e+02   2.1124067162494200e+01
   2.6300000000000000e+02   2.0857451015384900e+01
   2.6400000000000000e+02   2.0880521247141100e+01
   2.6500000000000000e+02   2.0807759107605701e+01
   2.6600000000000000e+02   2.0555806306085799e+01
   2.6700000000000000e+02   2.0531446889887800e+01
   2.6800000000000000e+02   2.0437314966574700e+01
   2.6900000000000000e+02   1.9542144564310099e+01
   2.7000000000000000e+02   1.9747738117876601e+01
   2.7100000000000000e+02   1.9520937355129401e+01
   2.7200000000000000e+02   1.9283196861499501e+01
   2.7300000000000000e+02   1.9085495052151099e+01
   2.7400000000000000e+02   1.8839863357025699e+01
   2.7500000000000000e+02   1.8372660018706700e+01
   2.7600000000000000e+02   1.8309952592376000e+01
   2.7700000000000000e+02   1.7764651331616399e+01
   2.7800000000000000e+02   1.8110810453522301e+01
   2.7900000000000000e+02   1.7941681707653700e+01
   2.8000000000000000e+02   1.7040750130637601e+01
   2.8100000000000000e+02   1.6719775115807000e+01
   2.8200000000000000e+02   1.6196170088245701e+01
   2.8300000000000000e+02   1.5780574887509900e+01
   2.8400000000000000e+02   1.5512039047165700e+01
   2.8500000000000000e+02   1.4998516399288100e+01
   2.8600000000000000e+02   1.4916533234738500e+01
   2.8700000000000000e+02   1.4959586869294000e+01
   2.8800000000000000e+02   1.5058902941303300e+01
   2.8900000000000000e+02   1.4832345820150501e+01
   2.9000000000000000e+02   1.4401451635320800e+01
   2.9100000000000000e+02   1.4677359576863701e+01
   2.9200000000000000e+02   1.5077993749669000e+01
   2.9300000000000000e+02   1.4994432884970101e+01
   2.9400000000000000e+02   1.5327957399737899e+01
   2.9500000000000000e+02   1.5364049396573799e+01
   2.9600000000000000e+02   1.4631136812315701e+01
   2.9700000000000000e+02   1.4450947022071000e+01
   2.9800000000000000e+02   1.4477978449655801e+01
   2.9900000000000000e+02   1.4891471874035499e+01
   3.0000000000000000e+02   1.4980986853159800e+01
   3.0100000000000000e+02   1.4923262696612101e+01
   3.0200000000000000e+02   1.4758116188278001e+01
   3.0300000000000000e+02   1.4806809433985601e+01
   3.0400000000000000e+02   1.4501069809260100e+01
   3.0500000000000000e+02   1.4195200268446600e+01
   3.0600000000000000e+02   1.3999376449770500e+01
   3.0700000000000000e+02   1.4127802933302799e+01
   3.0800000000000000e+02   1.3927465767722699e+01
   3.0900000000000000e+02   1.3697135409163600e+01
   3.1000000000000000e+02   1.2993340803469099e+01
   3.1100000000000000e+02   1.2869750830649799e+01
   3.1200000000000000e+02   1.2694758396681500e+01
   3.1300000000000000e+02   1.3140200894985700e+01
   3.1400000000000000e+02   1.2804211131312000e+01
   3.1500000000000000e+02   1.2586907071507699e+01
   3.1600000000000000e+02   1.2919914901954501e+01
   3.1700000000000000e+02   1.2918841895985899e+01
   3.1800000000000000e+02   1.2877176353167300e+01
   3.1900000000000000e+02   1.3028975670951899e+01
   3.2000000000000000e+02   1.3117183944753600e+01
   3.2100000000000000e+02   1.3150640157327700e+01
   3.2200000000000000e+02   1.2974133504408300e+01
   3.2300000000000000e+02   1.2590299648992000e+01
   3.2400000000000000e+02   1.2141826424995401e+01
   3.2500000000000000e+02   1.1837559548844901e+01
   3.2600000000000000e+02   1.1509550499201399e+01
   3.2700000000000000e+02   1.1426424480975200e+01
   3.2800000000000000e+02   1.0809674935332501e+01
   3.2900000000000000e+02   9.9006082091941803e+00
   3.3000000000000000e+02   9.5453492701410791e+00
   3.3100000000000000e+02   8.9252808761308096e+00
   3.3200000000000000e+02   8.3010704218157603e+00
   3.3300000000000000e+02   8.1192863518718106e+00
   3.3400000000000000e+02   7.7291949734239003e+00
   3.3500000000000000e+02   7.4656928075364304e+00
   3.3600000000000000e+02   7.2959411918616803e+00
   3.3700000000000000e+02   7.3097829791709303e+00
   3.3800000000000000e+02   6.9001218409055900e+00
   3.3900000000000000e+02   6.7480643330646002e+00
   3.4000000000000000e+02   7.2354876405384703e+00
   3.4100000000000000e+02   7.1146692398257603e+00
   3.4200000000000000e+02   6.5890072784139502e+00
   3.4300000000000000e+02   6.4505642002497101e+00
   3.4400000000000000e+02   6.3991522796908598e+00
   3.4500000000000000e+02   6.3428645949036602e+00
   3.4600000000000000e+02   6.5704493529380903e+00
   3.4700000000000000e+02   7.0288829894990696e+00
   3.4800000000000000e+02   6.7752348857209803e+00
   3.4900000000000000e+02   6.8759759396295097e+00
   3.5000000000000000e+02   6.3185842436414799e+00
   3.5100000000000000e+02   6.0655079190260901e+00
   3.5200000000000000e+02   6.2146521645088901e+00
   3.5300000000000000e+02   5.8239726116941304e+00
   3.5400000000000000e+02   5.5619256802182102e+00
   3.5500000000000000e+02   5.1581720794826698e+00
   3.5600000000000000e+02   4.7091489895657599e+00
   3.5700000000000000e+02   4.5945117153615902e+00
   3.5800000000000000e+02   4.8512857676274104e+00
   3.5900000000000000e+02   4.6823940524800802e+00
   3.6000000000000000e+02   4.1989265596581804e+00
   3.6100000000000000e+02   4.0234134627086400e+00
   3.6200000000000000e+02   3.8862111267526198e+00
   3.6300000000000000e+02   4.3503991294084496e+00
   3.6400000000000000e+02   3.9658715613651401e+00
   3.6500000000000000e+02   3.4102797918423700e+00
   3.6600000000000000e+02   3.4746669771777499e+00
   3.6700000000000000e+02   2.7798568885047001e+00
   3.6800000000000000e+02   2.2578214651673001e+00
   3.6900000000000000e+02   2.5179343297404899e+00
   3.7000000000000000e+02   2.5847992909597002e+00
   3.7100000000000000e+02   1.9165951775922401e+00
   3.7200000000000000e+02   1.7705706059411801e+00
   3.7300000000000000e+02   1.5758611047494600e+00
   3.7400000000000000e+02   1.3045319724234099e+00
   3.7500000000000000e+02   1.2612148979468900e+00
   3.7600000000000000e+02   9.0868479405090696e-01
   3.7700000000000000e+02   1.0674029906450200e+00
   3.7800000000000000e+02   1.1609698485730500e+00
   3.7900000000000000e+02   9.4247380968802996e-01
   3.8000000000000000e+02   6.7272607585483302e-01
   3.8100000000000000e+02   4.4154560876346299e-01
   3.8200000000000000e+02   3.2605096920873999e-01
   3.8300000000000000e+02  -7.8866820224404097e-02
   3.8400000000000000e+02  -3.8083771783774001e-01
   3.8500000000000000e+02  -7.1270607076615999e-01
   3.8600000000000000e+02  -7.8706670633201603e-01
   3.8700000000000000e+02  -8.5365321005276595e-01
   3.8800000000000000e+02  -6.8039067089538596e-01
   3.8900000000000000e+02  -1.4434292247094300e+00
   3.9000000000000000e+02  -1.9356485499717599e+00
   3.9100000000000000e+02  -2.3198666154729599e+00
   3.9200000000000000e+02  -2.0675846554952502e+00
   3.9300000000000000e+02  -2.2436070032794300e+00
   3.9400000000000000e+02  -2.5600519264707402e+00
   3.9500000000000000e+02  -2.4443589282162099e+00
   3.9600000000000000e+02  -2.9215478353895601e+00
   3.9700000000000000e+02  -3.2394260661603900e+00
   3.9800000000000000e+02  -3.5182250116275200e+00
   3.9900000000000000e+02  -3.5862240564935601e+00
   4.0000000000000000e+02  -4.1904667573982799e+00
   4.0100000000000000e+02  -4.2735220110305603e+00
   4.0200000000000000e+02  -4.8347777618585797e+00
   4.0300000000000000e+02  -5.2221085067940400e+00
   4.0400000000000000e+02  -5.6118616097964900e+00
   4.0500000000000000e+02  -5.9441865542665102e+00
   4.0600000000000000e+02  -5.4453152570081498e+00
   4.0700000000000000e+02  -5.2013387073262898e+00
   4.0800000000000000e+02  -6.1197348340784004e+00
   4.0900000000000000e+02  -6.2890706160580798e+00
   4.1000000000000000e+02  -6.4585639483677904e+00
   4.1100000000000000e+02  -6.7628718607799803e+00
   4.1200000000000000e+02  -7.0523355451946799e+00
   4.1300000000000000e+02  -7.0808303788728404e+00
   4.1400000000000000e+02  -7.2137829755362102e+00
   4.1500000000000000e+02  -7.7180696198507501e+00
   4.1600000000000000e+02  -7.5677849653717297e+00
   4.1700000000000000e+02  -7.8988635594572099e+00
   4.1800000000000000e+02  -8.1869200536815097e+00
   4.1900000000000000e+02  -8.7444811087175296e+00
   4.2000000000000000e+02  -9.0505506025000209e+00
   4.2100000000000000e+02  -9.8789039759356108e+00
   4.2200000000000000e+02  -1.0236327356807401e+01
   4.2300000000000000e+02  -1.1094057674174200e+01
   4.2400000000000000e+02  -1.1138751583383799e+01
   4.2500000000000000e+02  -1.1266570079658701e+01
   4.2600000000000000e+02  -1.1572287152757200e+01
   4.2700000000000000e+02  -1.1990696798763199e+01
   4.2800000000000000e+02  -1.2633296950621800e+01
   4.2900000000000000e+02  -1.2643528838010299e+01
   4.3000000000000000e+02  -1.2899051316401300e+01
   4.3100000000000000e+02  -1.3169528900625901e+01
   4.3200000000000000e+02  -1.3264415064911500e+01
   4.3300000000000000e+02  -1.3909358293709300e+01
   4.3400000000000000e+02  -1.4036621413428300e+01
   4.3500000000000000e+02  -1.4284213813951499e+01
   4.3600000000000000e+02  -1.4502429737137700e+01
   4.3700000000000000e+02  -1.4953025454571700e+01
   4.3800000000000000e+02  -1.5502855893461000e+01
   4.3900000000000000e+02  -1.5829122946880400e+01
   4.4000000000000000e+02  -1.6055000015590299e+01
   4.4100000000000000e+02  -1.6523410544629900e+01
   4.4200000000000000e+02  -1.6989039846836100e+01
   4.4300000000000000e+02  -1.7146685664612900e+01
   4.4400000000000000e+02  -1.7180247430177001e+01
   4.4500000000000000e+02  -1.7752368835279899e+01
   4.4600000000000000e+02  -1.7946455380417301e+01
   4.4700000000000000e+02  -1.8258297717349400e+01
   4.4800000000000000e+02  -1.8502313063685900e+01
   4.4900000000000000e+02  -1.8405621536162599e+01
   4.5000000000000000e+02  -1.8768909316178799e+01
   4.5100000000000000e+02  -1.9609239997840699e+01
   4.5200000000000000e+02  -1.9461025258828300e+01
   4.5300000000000000e+02  -1.9977244467026001e+01
   4.5400000000000000e+02  -1.9670139307873999e+01
   4.5500000000000000e+02  -2.0456931152125200e+01
   4.5600000000000000e+02  -2.1079234352309999e+01
   4.5700000000000000e+02  -2.1658316367977701e+01
   4.5800000000000000e+02  -2.2646800381651701e+01
   4.5900000000000000e+02  -2.3087346458554201e+01
   4.6000000000000000e+02  -2.4055537333757400e+01
   4.6100000000000000e+02  -2.4228830422361799e+01
   4.6200000000000000e+02  -2.4356593566090599e+01
   4.6300000000000000e+02  -2.4857776986466401e+01
   4.6400000000000000e+02  -2.5165680536800298e+01
   4.6500000000000000e+02  -2.5214071713066900e+01
   4.6600000000000000e+02  -2.5743909129431199e+01
   4.6700000000000000e+02  -2.6028353922478100e+01
   4.6800000000000000e+02  -2.5872284064059102e+01
   4.6900000000000000e+02  -2.6417802002659300e+01
   4.7000000000000000e+02  -2.7265790040532401e+01
   4.7100000000000000e+02  -2.8055947407190999e+01
   4.7200000000000000e+02  -2.7918315560870099e+01
   4.7300000000000000e+02  -2.8323699119630199e+01
   4.7400000000000000e+02  -2.8415461659342899e+01
   4.7500000000000000e+02  -2.8812850416312099e+01
   4.7600000000000000e+02  -3.0165159285642801e+01
   4.7700000000000000e+02  -3.0533019382840500e+01
   4.7800000000000000e+02  -3.0835509790173301e+01
   4.7900000000000000e+02  -3.1531027417858901e+01
   4.8000000000000000e+02  -3.1894614024380299e+01
   4.8100000000000000e+02  -3.2392874673859602e+01
   4.8200000000000000e+02  -3.2879772415792097e+01
   4.8300000000000000e+02  -3.2857781043267600e+01
   4.8400000000000000e+02  -3.2967108419698299e+01
   4.8500000000000000e+02  -3.3285587759633998e+01
   4.8600000000000000e+02  -3.3427058063525799e+01
   4.8700000000000000e+02  -3.3827353688773897e+01
   4.8800000000000000e+02  -3.5174962731902298e+01
   4.8900000000000000e+02  -3.5609404770600896e+01
   4.9000000000000000e+02  -3.6144570790322703e+01
   4.9100000000000000e+02  -3.6532361389745297e+01
   4.9200000000000000e+02  -3.6697878343956702e+01
   4.9300000000000000e+02  -3.7140132345743297e+01
   4.9400000000000000e+02  -3.8119907216712697e+01
   4.9500000000000000e+02  -3.8698390125741597e+01
   4.9600000000000000e+02  -3.9213196358511098e+01
   4.9700000000000000e+02  -3.9725338170527102e+01
   4.9800000000000000e+02  -3.9891549065037502e+01
   4.9900000000000000e+02  -4.0856700910121702e+01
   5.0000000000000000e+02  -4.1492499813827898e+01
   5.0100000000000000e+02  -4.1691595311458997e+01
   5.0200000000000000e+02  -4.1726215829517699e+01
   5.0300000000000000e+02  -4.2065472270773903e+01
   5.0400000000000000e+02  -4.2474649344174800e+01
   5.0500000000000000e+02  -4.2215607004400503e+01
   5.0600000000000000e+02  -4.2404644817754601e+01
   5.0700000000000000e+02  -4.2846569514488998e+01
   5.0800000000000000e+02  -4.3442030472819198e+01
   5.0900000000000000e+02  -4.3925007009156701e+01
   5.1000000000000000e+02  -4.3561543405931303e+01
   5.1100000000000000e+02  -4.3765140973638204e+01
   5.1200000000000000e+02  -4.3819911394226999e+01
   5.1300000000000000e+02  -4.4710525543731698e+01
   5.1400000000000000e+02  -4.4864841542319603e+01
   5.1500000000000000e+02  -4.5594309014971500e+01
   5.1600000000000000e+02  -4.5558768979206498e+01
   5.1700000000000000e+02  -4.6216621094997798e+01
   5.1800000000000000e+02  -4.6517483945208802e+01
   5.1900000000000000e+02  -4.6850577841537699e+01
   5.2000000000000000e+02  -4.6958722343597600e+01
   5.2100000000000000e+02  -4.7112166920408100e+01
   5.2200000000000000e+02  -4.7294558052476098e+01
   5.2300000000000000e+02  -4.7430304554614303e+01
   5.2400000000000000e+02  -4.7769663978844903e+01
   5.2500000000000000e+02  -4.7844361503107599e+01
   5.2600000000000000e+02  -4.8280291545547300e+01
   5.2700000000000000e+02  -4.8367033020911599e+01
   5.2800000000000000e+02  -4.8299146812286097e+01
   5.2900000000000000e+02  -4.8405259831328401e+01
   5.3000000000000000e+02  -4.8499011746097899e+01
   5.3100000000000000e+02  -4.9274015132971300e+01
   5.3200000000000000e+02  -4.9802905170162198e+01
   5.3300000000000000e+02  -4.9621251572777503e+01
   5.3400000000000000e+02  -5.0023337106699501e+01
   5.3500000000000000e+02  -5.0671418022702902e+01
   5.3600000000000000e+02  -5.0861793513304399e+01
   5.3700000000000000e+02  -5.0595729961983601e+01
   5.3800000000000000e+02  -5.1862130138661897e+01
   5.3900000000000000e+02  -5.2135059024096002e+01
   5.4000000000000000e+02  -5.2658285424405300e+01
   5.4100000000000000e+02  -5.2639652416339601e+01
   5.4200000000000000e+02  -5.3183412575491403e+01
   5.4300000000000000e+02  -5.3020131238809000e+01
   5.4400000000000000e+02  -5.3648914883331898e+01
   5.4500000000000000e+02  -5.4648121932321800e+01
   5.4600000000000000e+02  -5.4883052861914102e+01
   5.4700000000000000e+02  -5.5202888740245697e+01
   5.4800000000000000e+02  -5.5837063953081298e+01
   5.4900000000000000e+02  -5.6475642551912600e+01
   5.5000000000000000e+02  -5.6564174974571500e+01
   5.5100000000000000e+02  -5.6984754376870697e+01
   5.5200000000000000e+02  -5.7273254645762897e+01
   5.5300000000000000e+02  -5.7684261040095301e+01
   5.5400000000000000e+02  -5.8142661673203101e+01
   5.5500000000000000e+02  -5.8055018649289302e+01
   5.5600000000000000e+02  -5.8735209626632397e+01
   5.5700000000000000e+02  -5.8983013784417203e+01
   5.5800000000000000e+02  -5.9516382409339002e+01
   5.5900000000000000e+02  -6.0296673169758598e+01
   5.6000000000000000e+02  -6.0924590680226402e+01
   5.6100000000000000e+02  -6.1208493042988898e+01
   5.6200000000000000e+02  -6.1767531556419797e+01
   5.6300000000000000e+02  -6.2568528868170297e+01
   5.6400000000000000e+02  -6.3108807250761998e+01
   5.6500000000000000e+02  -6.3797390786302799e+01
   5.6600000000000000e+02  -6.4025077180403400e+01
   5.6700000000000000e+02  -6.4368205868103203e+01
   5.6800000000000000e+02  -6.4636768366201494e+01
   5.6900000000000000e+02  -6.5082302847819506e+01
   5.7000000000000000e+02  -6.5398696379144397e+01
   5.7100000000000000e+02  -6.5907458635186700e+01
   5.7200000000000000e+02  -6.6474372312684906e+01
   5.7300000000000000e+02  -6.6707259459358696e+01
   5.7400000000000000e+02  -6.6676371280782604e+01
   5.7500000000000000e+02  -6.7279888696416805e+01
   5.7600000000000000e+02  -6.8171168907987706e+01
   5.7700000000000000e+02  -6.8472884842298598e+01
   5.7800000000000000e+02  -6.8801720889217094e+01
   5.7900000000000000e+02  -6.8859198889361906e+01
   5.8000000000000000e+02  -6.9420751983097503e+01
   5.8100000000000000e+02  -6.9563138327834295e+01
   5.8200000000000000e+02  -6.9934294724631599e+01
   5.8300000000000000e+02  -6.9922464993706896e+01
   5.8400000000000000e+02  -7.0894725605717696e+01
   5.8500000000000000e+02  -7.1074508722302895e+01
   5.8600000000000000e+02  -7.1613863124178593e+01
   5.8700000000000000e+02  -7.2122738400624002e+01
   5.8800000000000000e+02  -7.2391946201292399e+01
   5.8900000000000000e+02  -7.2649910418607604e+01
   5.9000000000000000e+02  -7.3115349751918700e+01
   5.9100000000000000e+02  -7.3486432754316098e+01
   5.9200000000000000e+02  -7.3717700817251696e+01
   5.9300000000000000e+02  -7.3650980270615193e+01
   5.9400000000000000e+02  -7.3804625610084898e+01
   5.9500000000000000e+02  -7.3980822378229405e+01
   5.9600000000000000e+02  -7.3922748508733505e+01
   5.9700000000000000e+02  -7.3424246800337500e+01
   5.9800000000000000e+02  -7.3290837168115203e+01
   5.9900000000000000e+02  -7.4088011708633104e+01
   6.0000000000000000e+02  -7.4228839307981900e+01
   6.0100000000000000e+02  -7.4241222655333900e+01
   6.0200000000000000e+02  -7.4242501225745997e+01
   6.0300000000000000e+02  -7.4393069412991906e+01
   6.0400000000000000e+02  -7.4928733024889098e+01
   6.0500000000000000e+02  -7.5152403427302801e+01
   6.0600000000000000e+02  -7.5763668654977906e+01
   6.0700000000000000e+02  -7.6021595035628295e+01
   6.0800000000000000e+02  -7.6031689012018205e+01
   6.0900000000000000e+02  -7.6251570374428098e+01
   6.1000000000000000e+02  -7.6791710909535595e+01
   6.1100000000000000e+02  -7.6664372565233705e+01
   6.1200000000000000e+02  -7.6674406516562897e+01
   6.1300000000000000e+02  -7.6906887284095404e+01
   6.1400000000000000e+02  -7.7523410413007298e+01
   6.1500000000000000e+02  -7.8127665413798894e+01
   6.1600000000000000e+02  -7.7775047416458193e+01
   6.1700000000000000e+02  -7.7578018401883398e+01
   6.1800000000000000e+02  -7.7468761408852501e+01
   6.1900000000000000e+02  -7.7628566618694606e+01
   6.2000000000000000e+02  -7.7912152302986897e+01
   6.2100000000000000e+02  -7.8298470890054006e+01
   6.2200000000000000e+02  -7.8888498151320505e+01
   6.2300000000000000e+02  -7.8498653701704995e+01
   6.2400000000000000e+02  -7.8443313630364997e+01
   6.2500000000000000e+02  -7.8522622936689402e+01
   6.2600000000000000e+02  -7.8629907542064998e+01
   6.2700000000000000e+02  -7.8468372339984597e+01
   6.2800000000000000e+02  -7.8287573938221300e+01
   6.2900000000000000e+02  -7.7739974109114300e+01
   6.3000000000000000e+02  -7.8105548766864302e+01
   6.3100000000000000e+02  -7.8111557260587603e+01
   6.3200000000000000e+02  -7.7990244936289500e+01
   6.3300000000000000e+02  -7.8036536651883196e+01
   6.3400000000000000e+02  -7.8429558019739503e+01
   6.3500000000000000e+02  -7.8519714209704205e+01
   6.3600000000000000e+02  -7.8528139243378405e+01
   6.3700000000000000e+02  -7.8475218565850099e+01
   6.3800000000000000e+02  -7.8265627454202203e+01
   6.3900000000000000e+02  -7.8047739207855898e+01
   6.4000000000000000e+02  -7.7733528285799906e+01
   6.4100000000000000e+02  -7.7656719963879794e+01
   6.4200000000000000e+02  -7.7801192244620296e+01
   6.4300000000000000e+02  -7.7234960642155698e+01
   6.4400000000000000e+02  -7.7157505165376506e+01
   6.4500000000000000e+02  -7.7204445826515098e+01
   6.4600000000000000e+02  -7.6902175983491901e+01
   6.4700000000000000e+02  -7.6785490007157406e+01
   6.4800000000000000e+02  -7.6809072888864193e+01
   6.4900000000000000e+02  -7.6505182831549405e+01
   6.5000000000000000e+02  -7.6292315020270905e+01
   6.5100000000000000e+02  -7.6543055972011899e+01
   6.5200000000000000e+02  -7.6424092511455200e+01
   6.5300000000000000e+02  -7.5974633699333495e+01
   6.5400000000000000e+02  -7.5763233758578394e+01
   6.5500000000000000e+02  -7.5954878538939994e+01
   6.5600000000000000e+02  -7.5398961865462894e+01
   6.5700000000000000e+02  -7.5374839337668107e+01
   6.5800000000000000e+02  -7.5859427033067604e+01
   6.5900000000000000e+02  -7.5590625805574902e+01
   6.6000000000000000e+02  -7.6031834636378704e+01
   6.6100000000000000e+02  -7.6634159995947002e+01
   6.6200000000000000e+02  -7.7021648652779604e+01
   6.6300000000000000e+02  -7.7343335093968307e+01
   6.6400000000000000e+02  -7.7925059835368103e+01
   6.6500000000000000e+02  -7.7672535060005302e+01
   6.6600000000000000e+02  -7.7632960041575402e+01
   6.6700000000000000e+02  -7.7636063208770295e+01
   6.6800000000000000e+02  -7.7514769243518501e+01
   6.6900000000000000e+02  -7.7825584682646394e+01
   6.7000000000000000e+02  -7.7952008755495399e+01
   6.7100000000000000e+02  -7.7896270571410497e+01
   6.7200000000000000e+02  -7.7630606851414001e+01
   6.7300000000000000e+02  -7.6933366239191201e+01
   6.7400000000000000e+02  -7.6678919741749297e+01
   6.7500000000000000e+02  -7.6845688325636701e+01
   6.7600000000000000e+02  -7.6774526318061106e+01
   6.7700000000000000e+02  -7.6703522431485993e+01
   6.7800000000000000e+02  -7.6423335811043899e+01
   6.7900000000000000e+02  -7.6622549847587095e+01
   6.8000000000000000e+02  -7.7110507752207994e+01
   6.8100000000000000e+02  -7.7136254723062905e+01
   6.8200000000000000e+02  -7.7177112884176296e+01
   6.8300000000000000e+02  -7.7489729194534902e+01
   6.8400000000000000e+02  -7.8307713268416293e+01
   6.8500000000000000e+02  -7.8056407402155500e+01
   6.8600000000000000e+02  -7.8090646783925095e+01
   6.8700000000000000e+02  -7.7803692609696000e+01
   6.8800000000000000e+02  -7.7728259462541104e+01
   6.8900000000000000e+02  -7.7923483158551704e+01
   6.9000000000000000e+02  -7.8509590605694399e+01
   6.9100000000000000e+02  -7.8683077601355706e+01
   6.9200000000000000e+02  -7.8562005476459802e+01
   6.9300000000000000e+02  -7.8152468080205296e+01
   6.9400000000000000e+02  -7.7912615662879105e+01
   6.9500000000000000e+02  -7.7778290480220903e+01
   6.9600000000000000e+02  -7.8022505387535304e+01
   6.9700000000000000e+02  -7.8156146203873206e+01
   6.9800000000000000e+02  -7.8617436508058006e+01
   6.9900000000000000e+02  -7.7987150062932898e+01
   7.0000000000000000e+02  -7.8345154500936502e+01
   7.0100000000000000e+02  -7.8246515398506702e+01
   7.0200000000000000e+02  -7.7865080010494594e+01
   7.0300000000000000e+02  -7.7928443489668794e+01
   7.0400000000000000e+02  -7.7852496755242498e+01
   7.0500000000000000e+02  -7.7844870826016404e+01
   7.0600000000000000e+02  -7.7180519401975005e+01
   7.0700000000000000e+02  -7.7032426876198699e+01
   7.0800000000000000e+02  -7.6727875722246594e+01
   7.0900000000000000e+02  -7.6533872681930703e+01
   7.1000000000000000e+02  -7.6250619780299402e+01
   7.1100000000000000e+02  -7.6338519348771896e+01
   7.1200000000000000e+02  -7.6092052015520906e+01
   7.1300000000000000e+02  -7.5553139854598797e+01
   7.1400000000000000e+02  -7.5241327957289897e+01
   7.1500000000000000e+02  -7.5226352743448103e+01
   7.1600000000000000e+02  -7.5723137608962503e+01
   7.1700000000000000e+02  -7.6036234289524600e+01
   7.1800000000000000e+02  -7.5961715275161197e+01
   7.1900000000000000e+02  -7.5606717539092500e+01
   7.2000000000000000e+02  -7.5816664093452104e+01
   7.2100000000000000e+02  -7.5627930711279106e+01
   7.2200000000000000e+02  -7.6144267315314394e+01
   7.2300000000000000e+02  -7.6233246831894704e+01
   7.2400000000000000e+02  -7.5858640667816104e+01
   7.2500000000000000e+02  -7.5798622751886100e+01
   7.2600000000000000e+02  -7.5736322468575693e+01
   7.2700000000000000e+02  -7.5827672578533793e+01
   7.2800000000000000e+02  -7.5746551877963697e+01
   7.2900000000000000e+02  -7.5859394164796299e+01
   7.3000000000000000e+02  -7.5445337417874896e+01
   7.3100000000000000e+02  -7.5512016646179603e+01
   7.3200000000000000e+02  -7.5026519876831699e+01
   7.3300000000000000e+02  -7.5331554623456995e+01
   7.3400000000000000e+02  -7.5584171635538397e+01
   7.3500000000000000e+02  -7.5539985722938198e+01
   7.3600000000000000e+02  -7.5343557957831607e+01
   7.3700000000000000e+02  -7.5492954806848303e+01
   7.3800000000000000e+02  -7.5596416374821203e+01
   7.3900000000000000e+02  -7.6058360213360203e+01
   7.4000000000000000e+02  -7.6657299030130702e+01
   7.4100000000000000e+02  -7.6365261008719898e+01
   7.4200000000000000e+02  -7.6257467519440596e+01
   7.4300000000000000e+02  -7.5818433995394102e+01
   7.4400000000000000e+02  -7.5927030633186703e+01
   7.4500000000000000e+02  -7.5556904075479395e+01
   7.4600000000000000e+02  -7.6560606700501907e+01
   7.4700000000000000e+02  -7.5934844447140307e+01
   7.4800000000000000e+02  -7.5537644690358704e+01
   7.4900000000000000e+02  -7.5913413901036293e+01
   7.5000000000000000e+02  -7.6336734527144799e+01
   7.5100000000000000e+02  -7.6143753538817606e+01
   7.5200000000000000e+02  -7.6064512500463394e+01
   7.5300000000000000e+02  -7.6137384462739305e+01
   7.5400000000000000e+02  -7.6321987967526198e+01
   7.5500000000000000e+02  -7.6281855197380096e+01
   7.5600000000000000e+02  -7.6433114162530899e+01
   7.5700000000000000e+02  -7.5989557553093604e+01
   7.5800000000000000e+02  -7.6748096065415695e+01
   7.5900000000000000e+02  -7.6953339430167304e+01
   7.6000000000000000e+02  -7.7088598260597493e+01
   7.6100000000000000e+02  -7.7132769543279693e+01
   7.6200000000000000e+02  -7.7086817850261497e+01
   7.6300000000000000e+02  -7.7430934319168102e+01
   7.6400000000000000e+02  -7.7705745192207402e+01
   7.6500000000000000e+02  -7.7553041021569896e+01
   7.6600000000000000e+02  -7.7158126946824794e+01
   7.6700000000000000e+02  -7.7247047869118106e+01
   7.6800000000000000e+02  -7.6882142183965399e+01
   7.6900000000000000e+02  -7.6801101411435795e+01
   7.7000000000000000e+02  -7.6947333464783895e+01
   7.7100000000000000e+02  -7.6901204398558093e+01
   7.7200000000000000e+02  -7.6775661629176497e+01
   7.7300000000000000e+02  -7.7024663427980798e+01
   7.7400000000000000e+02  -7.7173825185448194e+01
   7.7500000000000000e+02  -7.7110180894836802e+01
   7.7600000000000000e+02  -7.6758558004404804e+01
   7.7700000000000000e+02  -7.6852442690246306e+01
   7.7800000000000000e+02  -7.6560420959698902e+01
   7.7900000000000000e+02  -7.6536471241730894e+01
   7.8000000000000000e+02  -7.6521135628668503e+01
   7.8100000000000000e+02  -7.6460905136698599e+01
   7.8200000000000000e+02  -7.6259809626149206e+01
   7.8300000000000000e+02  -7.6241942642827397e+01
   7.8400000000000000e+02  -7.6236155244878702e+01
   7.8500000000000000e+02  -7.6539813169007203e+01
   7.8600000000000000e+02  -7.6894734201166997e+01
   7.8700000000000000e+02  -7.6963039227412906e+01
   7.8800000000000000e+02  -7.6826827441150897e+01
   7.8900000000000000e+02  -7.6228142871444405e+01
   7.9000000000000000e+02  -7.6114321302506994e+01
   7.9100000000000000e+02  -7.6192057975826600e+01
   7.9200000000000000e+02  -7.5697018197333904e+01
   7.9300000000000000e+02  -7.5753305417789093e+01
   7.9400000000000000e+02  -7.5158714390924800e+01
   7.9500000000000000e+02  -7.5105598465029999e+01
   7.9600000000000000e+02  -7.4915069566758305e+01
   7.9700000000000000e+02  -7.5010590224269293e+01
   7.9800000000000000e+02  -7.5124777927581107e+01
   7.9900000000000000e+02  -7.5421971879875898e+01
   8.0000000000000000e+02  -7.5216993351333699e+01
   8.0100000000000000e+02  -7.5234012942519698e+01
   8.0200000000000000e+02  -7.5567621196678203e+01
   8.0300000000000000e+02  -7.5545794873009598e+01
   8.0400000000000000e+02  -7.5551870656166898e+01
   8.0500000000000000e+02  -7.5207485984006894e+01
   8.0600000000000000e+02  -7.5213732367966898e+01
   8.0700000000000000e+02  -7.5145859925213401e+01
   8.0800000000000000e+02  -7.4932652433609405e+01
   8.0900000000000000e+02  -7.4930100792133800e+01
   8.1000000000000000e+02  -7.5149218109942296e+01
   8.1100000000000000e+02  -7.5916872340156601e+01
   8.1200000000000000e+02  -7.5513421611248901e+01
   8.1300000000000000e+02  -7.5466163681813697e+01
   8.1400000000000000e+02  -7.5671496172741698e+01
   8.1500000000000000e+02  -7.5780444814198702e+01
   8.1600000000000000e+02  -7.5588507322129303e+01
   8.1700000000000000e+02  -7.5989989367332001e+01
   8.1800000000000000e+02  -7.6106679856688103e+01
   8.1900000000000000e+02  -7.5721976556085906e+01
   8.2000000000000000e+02  -7.5589689014023506e+01
   8.2100000000000000e+02  -7.5782175715441298e+01
   8.2200000000000000e+02  -7.5714053984464897e+01
   8.2300000000000000e+02  -7.5933648965264794e+01
   8.2400000000000000e+02  -7.5483913416556604e+01
   8.2500000000000000e+02  -7.5524387416653795e+01
   8.2600000000000000e+02  -7.4857986276304899e+01
   8.2700000000000000e+02  -7.4420092739023403e+01
   8.2800000000000000e+02  -7.4418668891434393e+01
   8.2900000000000000e+02  -7.4763761868358898e+01
   8.3000000000000000e+02  -7.5199283368552599e+01
   8.3100000000000000e+02  -7.5193558253191398e+01
   8.3200000000000000e+02  -7.5028437850710304e+01
   8.3300000000000000e+02  -7.4755080351381395e+01
   8.3400000000000000e+02  -7.4744839365797404e+01
   8.3500000000000000e+02  -7.4836337814832504e+01
   8.3600000000000000e+02  -7.4917104828410402e+01
   8.3700000000000000e+02  -7.5241712953849699e+01
   8.3800000000000000e+02  -7.5168825113529394e+01
   8.3900000000000000e+02  -7.5072332894381205e+01
   8.4000000000000000e+02  -7.4949132260925097e+01
   8.4100000000000000e+02  -7.4188439491905001e+01
   8.4200000000000000e+02  -7.4094770429424003e+01
   8.4300000000000000e+02  -7.4071891347081007e+01
   8.4400000000000000e+02  -7.4434382724990897e+01
   8.4500000000000000e+02  -7.4523478281093006e+01
   8.4600000000000000e+02  -7.4814556193701804e+01
   8.4700000000000000e+02  -7.4972692819235704e+01
   8.4800000000000000e+02  -7.5324443613991406e+01
   8.4900000000000000e+02  -7.5686962091259502e+01
   8.5000000000000000e+02  -7.5814589099748204e+01
   8.5100000000000000e+02  -7.5464941367830093e+01
   8.5200000000000000e+02  -7.5661859215329400e+01
   8.5300000000000000e+02  -7.5745364207326901e+01
   8.5400000000000000e+02  -7.5676258488545500e+01
   8.5500000000000000e+02  -7.5868442076775807e+01
   8.5600000000000000e+02  -7.6040618861680699e+01
   8.5700000000000000e+02  -7.6050887879206698e+01
   8.5800000000000000e+02  -7.6023403854652699e+01
   8.5900000000000000e+02  -7.6390699069741501e+01
   8.6000000000000000e+02  -7.6575581822709196e+01
   8.6100000000000000e+02  -7.6858161407774503e+01
   8.6200000000000000e+02  -7.7127415244279305e+01
   8.6300000000000000e+02  -7.7399104384161205e+01
   8.6400000000000000e+02  -7.7332251920279901e+01
   8.6500000000000000e+02  -7.7661842053406104e+01
   8.6600000000000000e+02  -7.7084538267536502e+01
   8.6700000000000000e+02  -7.7260728511666102e+01
   8.6800000000000000e+02  -7.7567362639849605e+01
   8.6900000000000000e+02  -7.7558420727079493e+01
   8.7000000000000000e+02  -7.7341953664294095e+01
   8.7100000000000000e+02  -7.7641616475586204e+01
   8.7200000000000000e+02  -7.7480607673907699e+01
   8.7300000000000000e+02  -7.7688322562689805e+01
   8.7400000000000000e+02  -7.7678950943516199e+01
   8.7500000000000000e+02  -7.7429195499886106e+01
   8.7600000000000000e+02  -7.7393945516831806e+01
   8.7700000000000000e+02  -7.7431789718700401e+01
   8.7800000000000000e+02  -7.7547992803718998e+01
   8.7900000000000000e+02  -7.7083339553048404e+01
   8.8000000000000000e+02  -7.7384165676499805e+01
   8.8100000000000000e+02  -7.6857634999571800e+01
   8.8200000000000000e+02  -7.6332523016134701e+01
   8.8300000000000000e+02  -7.6158718543307799e+01
   8.8400000000000000e+02  -7.5982784141748894e+01
   8.8500000000000000e+02  -7.6016672471481996e+01
   8.8600000000000000e+02  -7.6662936471789294e+01
   8.8700000000000000e+02  -7.6882587553970794e+01
   8.8800000000000000e+02  -7.6700906750040801e+01
   8.8900000000000000e+02  -7.6385162867748903e+01
   8.9000000000000000e+02  -7.6006362942984595e+01
   8.9100000000000000e+02  -7.5223427392422707e+01
   8.9200000000000000e+02  -7.5122174471134898e+01
   8.9300000000000000e+02  -7.4946958063006406e+01
   8.9400000000000000e+02  -7.5024277030128005e+01
   8.9500000000000000e+02  -7.4903404337347993e+01
   8.9600000000000000e+02  -7.5050332763242494e+01
   8.9700000000000000e+02  -7.5634594649585296e+01
   8.9800000000000000e+02  -7.5807828319627404e+01
   8.9900000000000000e+02  -7.6268267332503797e+01
   9.0000000000000000e+02  -7.6081056882734401e+01
   9.0100000000000000e+02  -7.6424888912019597e+01
   9.0200000000000000e+02  -7.6967813845007399e+01
   9.0300000000000000e+02  -7.6596890607265806e+01
   9.0400000000000000e+02  -7.6883842472283206e+01
   9.0500000000000000e+02  -7.6997913038779899e+01
   9.0600000000000000e+02  -7.6682846385558705e+01
   9.0700000000000000e+02  -7.6928325588207301e+01
   9.0800000000000000e+02  -7.6808013286778802e+01
   9.0900000000000000e+02  -7.6247649215822506e+01
