  -1.0000000000000000e+02  -7.2768145668811499e+01
  -9.9000000000000000e+01  -7.2601223293810307e+01
  -9.8000000000000000e+01  -7.2186322852686601e+01
  -9.7000000000000000e+01  -7.2290707636978198e+01
  -9.6000000000000000e+01  -7.2020047071229200e+01
  -9.5000000000000000e+01  -7.1759639833868206e+01
  -9.4000000000000000e+01  -7.1522637835868593e+01
  -9.3000000000000000e+01  -7.1988786566512005e+01
  -9.2000000000000000e+01  -7.2041445082820104e+01
  -9.1000000000000000e+01  -7.1758676798126103e+01
  -9.0000000000000000e+01  -7.1632463761406697e+01
  -8.9000000000000000e+01  -7.1159111089364899e+01
  -8.8000000000000000e+01  -7.0860539679445395e+01
  -8.7000000000000000e+01  -7.0885722968461906e+01
  -8.6000000000000000e+01  -7.0685162550154402e+01
  -8.5000000000000000e+01  -7.0835405671413696e+01
  -8.4000000000000000e+01  -7.0200199494223895e+01
  -8.3000000000000000e+01  -7.0014168781705806e+01
  -8.2000000000000000e+01  -7.0269452837428403e+01
  -8.1000000000000000e+01  -7.0620948187188105e+01
  -8.0000000000000000e+01  -7.0847441888892305e+01
  -7.9000000000000000e+01  -7.1451903889462301e+01
  -7.8000000000000000e+01  -7.1230411570439202e+01
  -7.7000000000000000e+01  -7.1204960606648996e+01
  -7.6000000000000000e+01  -7.1255757778832304e+01
  -7.5000000000000000e+01  -7.0699414026673793e+01
  -7.4000000000000000e+01  -7.0857180200753206e+01
  -7.3000000000000000e+01  -7.1142271837264403e+01
  -7.2000000000000000e+01  -7.1461270847671599e+01
  -7.1000000000000000e+01  -7.1549226340007607e+01
  -7.0000000000000000e+01  -7.2054632713410598e+01
  -6.9000000000000000e+01  -7.1795048854339797e+01
  -6.8000000000000000e+01  -7.1666994944563598e+01
  -6.7000000000000000e+01  -7.1179621804600899e+01
  -6.6000000000000000e+01  -7.1391335494098797e+01
  -6.5000000000000000e+01  -7.1491572714604700e+01
  -6.4000000000000000e+01  -7.1092808767054194e+01
  -6.3000000000000000e+01  -7.1154514793268305e+01
  -6.2000000000000000e+01  -7.1165322076932299e+01
  -6.1000000000000000e+01  -7.0616437380443799e+01
  -6.0000000000000000e+01  -7.0612740508920098e+01
  -5.9000000000000000e+01  -7.1001031372174495e+01
  -5.8000000000000000e+01  -7.0983758712066702e+01
  -5.7000000000000000e+01  -7.0847335496227998e+01
  -5.6000000000000000e+01  -7.0621865137455202e+01
  -5.5000000000000000e+01  -7.1201246869188793e+01
  -5.4000000000000000e+01  -7.1255571700417903e+01
  -5.3000000000000000e+01  -7.1081420472328603e+01
  -5.2000000000000000e+01  -7.0965434649780306e+01
  -5.1000000000000000e+01  -7.1215115612814898e+01
  -5.0000000000000000e+01  -7.0594557433310001e+01
  -4.9000000000000000e+01  -7.0057974528872506e+01
  -4.8000000000000000e+01  -6.9621239313876202e+01
  -4.7000000000000000e+01  -6.9398375285378407e+01
  -4.6000000000000000e+01  -6.8934850514664404e+01
  -4.5000000000000000e+01  -6.8871049607516397e+01
  -4.4000000000000000e+01  -6.8501600976145696e+01
  -4.3000000000000000e+01  -6.8252544422843599e+01
  -4.2000000000000000e+01  -6.8262279482448704e+01
  -4.1000000000000000e+01  -6.8466233956080799e+01
  -4.0000000000000000e+01  -6.8504237843774803e+01
  -3.9000000000000000e+01  -6.8764323351795696e+01
  -3.8000000000000000e+01  -6.8989772804689096e+01
  -3.7000000000000000e+01  -6.8395700262957206e+01
  -3.6000000000000000e+01  -6.8081822079919107e+01
  -3.5000000000000000e+01  -6.8189662956986496e+01
  -3.4000000000000000e+01  -6.8443419109536904e+01
  -3.3000000000000000e+01  -6.8327791519537897e+01
  -3.2000000000000000e+01  -6.8176957383523003e+01
  -3.1000000000000000e+01  -6.8001527396974495e+01
  -3.0000000000000000e+01  -6.8470256228079094e+01
  -2.9000000000000000e+01  -6.8117411357176806e+01
  -2.8000000000000000e+01  -6.8395429310908298e+01
  -2.7000000000000000e+01  -6.8595653447026507e+01
  -2.6000000000000000e+01  -6.8803979197534204e+01
  -2.5000000000000000e+01  -6.8869074615774295e+01
  -2.4000000000000000e+01  -6.8705874889408406e+01
  -2.3000000000000000e+01  -6.8322838120982496e+01
  -2.2000000000000000e+01  -6.7966161864626699e+01
  -2.1000000000000000e+01  -6.7595041003079800e+01
  -2.0000000000000000e+01  -6.7901537518513706e+01
  -1.9000000000000000e+01  -6.7719071190426803e+01
  -1.8000000000000000e+01  -6.7217260001191505e+01
  -1.7000000000000000e+01  -6.6606331688018201e+01
  -1.6000000000000000e+01  -6.5988065377878499e+01
  -1.5000000000000000e+01  -6.5592811519307901e+01
  -1.4000000000000000e+01  -6.5321311729906697e+01
  -1.3000000000000000e+01  -6.4611957733912107e+01
  -1.2000000000000000e+01  -6.4403370120514595e+01
  -1.1000000000000000e+01  -6.4329129315595296e+01
  -1.0000000000000000e+01  -6.3918376845863797e+01
  -9.0000000000000000e+00  -6.3833992931659402e+01
  -8.0000000000000000e+00  -6.3028670304962098e+01
  -7.0000000000000000e+00  -6.2165329715945298e+01
  -6.0000000000000000e+00  -6.1327870848779099e+01
  -5.0000000000000000e+00  -6.0731504039320100e+01
  -4.0000000000000000e+00  -5.9261072210173602e+01
  -3.0000000000000000e+00  -5.7088627921064301e+01
  -2.0000000000000000e+00  -5.3276376666251203e+01
  -1.0000000000000000e+00  -4.3868643316767802e+01
   0.0000000000000000e+00  -1.6007830855992601e+01
   1.0000000000000000e+00   2.8081973473900099e+00
   2.0000000000000000e+00   1.4884324247774000e+01
   3.0000000000000000e+00   2.0977433515080602e+01
   4.0000000000000000e+00   2.4027355406209701e+01
   5.0000000000000000e+00   2.5568008816352801e+01
   6.0000000000000000e+00   2.6047928393917900e+01
   7.0000000000000000e+00   2.6520870364392898e+01
   8.0000000000000000e+00   2.7028984183965299e+01
   9.0000000000000000e+00   2.6897432930859800e+01
   1.0000000000000000e+01   2.7467140647876999e+01
   1.1000000000000000e+01   2.8327119166170501e+01
   1.2000000000000000e+01   2.8697886341848498e+01
   1.3000000000000000e+01   2.9477947965703500e+01
   1.4000000000000000e+01   2.9562817452807298e+01
   1.5000000000000000e+01   2.9637766809873899e+01
   1.6000000000000000e+01   2.9825869624984801e+01
   1.7000000000000000e+01   3.0101236132140301e+01
   1.8000000000000000e+01   3.0463377813173700e+01
   1.9000000000000000e+01   3.0201712737025499e+01
   2.0000000000000000e+01   3.0526750224320899e+01
   2.1000000000000000e+01   3.0984990491808901e+01
   2.2000000000000000e+01   3.1264800752639800e+01
   2.3000000000000000e+01   3.1265120971633198e+01
   2.4000000000000000e+01   3.1321192770244899e+01
   2.5000000000000000e+01   3.1045941341037199e+01
   2.6000000000000000e+01   3.0916974750648400e+01
   2.7000000000000000e+01   3.1056829019812799e+01
   2.8000000000000000e+01   3.1080405183283101e+01
   2.9000000000000000e+01   3.1163193780555499e+01
   3.0000000000000000e+01   3.1105551399649400e+01
   3.1000000000000000e+01   3.0766622407699000e+01
   3.2000000000000000e+01   3.1060047053202300e+01
   3.3000000000000000e+01   3.0735054913140399e+01
   3.4000000000000000e+01   3.0999931936339902e+01
   3.5000000000000000e+01   3.0935206172887199e+01
   3.6000000000000000e+01   3.1139880599581801e+01
   3.7000000000000000e+01   3.1503235129421100e+01
   3.8000000000000000e+01   3.1548346847607402e+01
   3.9000000000000000e+01   3.1318483815655501e+01
   4.0000000000000000e+01   3.1164114114532801e+01
   4.1000000000000000e+01   3.0901126941412901e+01
   4.2000000000000000e+01   3.0662848490868200e+01
   4.3000000000000000e+01   3.0842762285884401e+01
   4.4000000000000000e+01   3.1164698997730699e+01
   4.5000000000000000e+01   3.1441840923293601e+01
   4.6000000000000000e+01   3.1581173407545801e+01
   4.7000000000000000e+01   3.1078660843272498e+01
   4.8000000000000000e+01   3.1180640996910402e+01
   4.9000000000000000e+01   3.1961880778695399e+01
   5.0000000000000000e+01   3.2276619545541102e+01
   5.1000000000000000e+01   3.2343502469211501e+01
   5.2000000000000000e+01   3.2660740923475601e+01
   5.3000000000000000e+01   3.2743195273448698e+01
   5.4000000000000000e+01   3.3247741569791401e+01
   5.5000000000000000e+01   3.3767774516126600e+01
   5.6000000000000000e+01   3.3708508545572599e+01
   5.7000000000000000e+01   3.3929453621357403e+01
   5.8000000000000000e+01   3.4424497468509301e+01
   5.9000000000000000e+01   3.4795520293201200e+01
   6.0000000000000000e+01   3.4814676832358401e+01
   6.1000000000000000e+01   3.4739312949527303e+01
   6.2000000000000000e+01   3.4721118212143097e+01
   6.3000000000000000e+01   3.4730206180549203e+01
   6.4000000000000000e+01   3.4760097314666098e+01
   6.5000000000000000e+01   3.5340949901371197e+01
   6.6000000000000000e+01   3.5326321957233702e+01
   6.7000000000000000e+01   3.5750300013516600e+01
   6.8000000000000000e+01   3.5285345953852001e+01
   6.9000000000000000e+01   3.5065179440666697e+01
   7.0000000000000000e+01   3.4453687028764797e+01
   7.1000000000000000e+01   3.4576314915122197e+01
   7.2000000000000000e+01   3.5100903830489102e+01
   7.3000000000000000e+01   3.5052452738306101e+01
   7.4000000000000000e+01   3.5176608688934600e+01
   7.5000000000000000e+01   3.5263051849783302e+01
   7.6000000000000000e+01   3.5394797300278803e+01
   7.7000000000000000e+01   3.4338812892448701e+01
   7.8000000000000000e+01   3.4194347931563399e+01
   7.9000000000000000e+01   3.4042986233147602e+01
   8.0000000000000000e+01   3.3787567666652897e+01
   8.1000000000000000e+01   3.4317495681712700e+01
   8.2000000000000000e+01   3.5168789726284501e+01
   8.3000000000000000e+01   3.5229853480373002e+01
   8.4000000000000000e+01   3.5749162827702200e+01
   8.5000000000000000e+01   3.5953041631294198e+01
   8.6000000000000000e+01   3.5985393031358100e+01
   8.7000000000000000e+01   3.5833692834440299e+01
   8.8000000000000000e+01   3.5278611043657698e+01
   8.9000000000000000e+01   3.5111401519020703e+01
   9.0000000000000000e+01   3.4924028335895599e+01
   9.1000000000000000e+01   3.5057120761201404e+01
   9.2000000000000000e+01   3.5202108461820700e+01
   9.3000000000000000e+01   3.5638727794477298e+01
   9.4000000000000000e+01   3.5918810659601803e+01
   9.5000000000000000e+01   3.5897568446837298e+01
   9.6000000000000000e+01   3.5672896613111199e+01
   9.7000000000000000e+01   3.5509478596953002e+01
   9.8000000000000000e+01   3.5594547283282900e+01
   9.9000000000000000e+01   3.5677811058022201e+01
   1.0000000000000000e+02   3.5802266450877298e+01
   1.0100000000000000e+02   3.5662204035173097e+01
   1.0200000000000000e+02   3.5601350470575802e+01
   1.0300000000000000e+02   3.5573565511024299e+01
   1.0400000000000000e+02   3.4725287655738597e+01
   1.0500000000000000e+02   3.4421202329934097e+01
   1.0600000000000000e+02   3.4583413800221102e+01
   1.0700000000000000e+02   3.4987283185877999e+01
   1.0800000000000000e+02   3.5062427484196597e+01
   1.0900000000000000e+02   3.5634355403064397e+01
   1.1000000000000000e+02   3.5357739797885301e+01
   1.1100000000000000e+02   3.5269961521035597e+01
   1.1200000000000000e+02   3.5338280519563398e+01
   1.1300000000000000e+02   3.5331002177714900e+01
   1.1400000000000000e+02   3.5443414613835401e+01
   1.1500000000000000e+02   3.5416482506118200e+01
   1.1600000000000000e+02   3.5756634965039503e+01
   1.1700000000000000e+02   3.5402965414740599e+01
   1.1800000000000000e+02   3.5165837563315399e+01
   1.1900000000000000e+02   3.4810740751658003e+01
   1.2000000000000000e+02   3.4300215493335401e+01
   1.2100000000000000e+02   3.4118622552915802e+01
   1.2200000000000000e+02   3.4432414858899200e+01
   1.2300000000000000e+02   3.4388184051498698e+01
   1.2400000000000000e+02   3.3906804178520503e+01
   1.2500000000000000e+02   3.3628999855119403e+01
   1.2600000000000000e+02   3.3501197887236401e+01
   1.2700000000000000e+02   3.3319641237463699e+01
   1.2800000000000000e+02   3.3603749110967399e+01
   1.2900000000000000e+02   3.3528967551193603e+01
   1.3000000000000000e+02   3.3703139378315299e+01
   1.3100000000000000e+02   3.3514568639491898e+01
   1.3200000000000000e+02   3.3370899889146600e+01
   1.3300000000000000e+02   3.2985449371347300e+01
   1.3400000000000000e+02   3.2701749142257697e+01
   1.3500000000000000e+02   3.2617452080728597e+01
   1.3600000000000000e+02   3.2147125245001803e+01
   1.3700000000000000e+02   3.1756039184884600e+01
   1.3800000000000000e+02   3.1673997022176302e+01
   1.3900000000000000e+02   3.1416875292944599e+01
   1.4000000000000000e+02   3.0699432823353799e+01
   1.4100000000000000e+02   3.0806778069956199e+01
   1.4200000000000000e+02   3.0557044234078599e+01
   1.4300000000000000e+02   3.0722362838454000e+01
   1.4400000000000000e+02   3.0662500729465201e+01
   1.4500000000000000e+02   3.0424584775354099e+01
   1.4600000000000000e+02   3.0899970122192599e+01
   1.4700000000000000e+02   3.1062380729139701e+01
   1.4800000000000000e+02   3.1302513541497198e+01
   1.4900000000000000e+02   3.1380550151659101e+01
   1.5000000000000000e+02   3.1499803301880700e+01
   1.5100000000000000e+02   3.1536564102419199e+01
   1.5200000000000000e+02   3.1855884250692100e+01
   1.5300000000000000e+02   3.1827311705115900e+01
   1.5400000000000000e+02   3.1435279039404499e+01
   1.5500000000000000e+02   3.1401272912944702e+01
   1.5600000000000000e+02   3.1915658252966299e+01
   1.5700000000000000e+02   3.1991623587783899e+01
   1.5800000000000000e+02   3.1764045395380698e+01
   1.5900000000000000e+02   3.1377674486424301e+01
   1.6000000000000000e+02   3.1570686718607199e+01
   1.6100000000000000e+02   3.1662575762088998e+01
   1.6200000000000000e+02   3.2370888979300297e+01
   1.6300000000000000e+02   3.1856648468347501e+01
   1.6400000000000000e+02   3.1651870583059701e+01
   1.6500000000000000e+02   3.1858902034591601e+01
   1.6600000000000000e+02   3.1492480101894099e+01
   1.6700000000000000e+02   3.0821884340558899e+01
   1.6800000000000000e+02   3.0731630359299299e+01
   1.6900000000000000e+02   3.1145370166049901e+01
   1.7000000000000000e+02   3.1270673606329801e+01
   1.7100000000000000e+02   3.1381689742989700e+01
   1.7200000000000000e+02   3.1330605980644300e+01
   1.7300000000000000e+02   3.1190239550058500e+01
   1.7400000000000000e+02   3.1205128220673000e+01
   1.7500000000000000e+02   3.0656206900519699e+01
   1.7600000000000000e+02   3.0620572325241898e+01
   1.7700000000000000e+02   3.0323800749888299e+01
   1.7800000000000000e+02   3.0287470841117202e+01
   1.7900000000000000e+02   3.0567333078709598e+01
   1.8000000000000000e+02   3.0375292466896401e+01
   1.8100000000000000e+02   2.9468233704660602e+01
   1.8200000000000000e+02   2.9862969391359201e+01
   1.8300000000000000e+02   2.9597171782331898e+01
   1.8400000000000000e+02   2.9409741721214800e+01
   1.8500000000000000e+02   2.9526985851696200e+01
   1.8600000000000000e+02   2.8908720153108899e+01
   1.8700000000000000e+02   2.8309042376522498e+01
   1.8800000000000000e+02   2.8110066928840201e+01
   1.8900000000000000e+02   2.8369828189247201e+01
   1.9000000000000000e+02   2.8304487144218900e+01
   1.9100000000000000e+02   2.8169018004918200e+01
   1.9200000000000000e+02   2.8361745652119399e+01
   1.9300000000000000e+02   2.8205178178587900e+01
   1.9400000000000000e+02   2.7640572741355900e+01
   1.9500000000000000e+02   2.8122310577881201e+01
   1.9600000000000000e+02   2.8049600609270101e+01
   1.9700000000000000e+02   2.8210128401507301e+01
   1.9800000000000000e+02   2.8255199103577102e+01
   1.9900000000000000e+02   2.7805440960330699e+01
   2.0000000000000000e+02   2.7620972299778298e+01
   2.0100000000000000e+02   2.7816710433297999e+01
   2.0200000000000000e+02   2.7490824226556398e+01
   2.0300000000000000e+02   2.7513450097290701e+01
   2.0400000000000000e+02   2.7423586104581101e+01
   2.0500000000000000e+02   2.6935306634151999e+01
   2.0600000000000000e+02   2.6760382143889700e+01
   2.0700000000000000e+02   2.6991837309928201e+01
   2.0800000000000000e+02   2.6756974706122602e+01
   2.0900000000000000e+02   2.6662165334828000e+01
   2.1000000000000000e+02   2.6499218552071898e+01
   2.1100000000000000e+02   2.6218214624434900e+01
   2.1200000000000000e+02   2.6305104227897200e+01
   2.1300000000000000e+02   2.6488150905451999e+01
   2.1400000000000000e+02   2.6556245519318001e+01
   2.1500000000000000e+02   2.6390998497193898e+01
   2.1600000000000000e+02   2.6679900002292701e+01
   2.1700000000000000e+02   2.6780123782787498e+01
   2.1800000000000000e+02   2.6744242824488101e+01
   2.1900000000000000e+02   2.6839884143212899e+01
   2.2000000000000000e+02   2.7138414876590801e+01
   2.2100000000000000e+02   2.7060098201212700e+01
   2.2200000000000000e+02   2.6461453456289298e+01
   2.2300000000000000e+02   2.6710512505081599e+01
   2.2400000000000000e+02   2.6735124705671598e+01
   2.2500000000000000e+02   2.6926360455210499e+01
   2.2600000000000000e+02   2.6317644509055398e+01
   2.2700000000000000e+02   2.6058709238125800e+01
   2.2800000000000000e+02   2.5761211244753401e+01
   2.2900000000000000e+02   2.5546054533673399e+01
   2.3000000000000000e+02   2.5345791171252099e+01
   2.3100000000000000e+02   2.5458791360793700e+01
   2.3200000000000000e+02   2.5587081523281402e+01
   2.3300000000000000e+02   2.5317633145586900e+01
   2.3400000000000000e+02   2.5139055039199700e+01
   2.3500000000000000e+02   2.5336965442046299e+01
   2.3600000000000000e+02   2.5004336698814900e+01
   2.3700000000000000e+02   2.4531599084787601e+01
   2.3800000000000000e+02   2.3868799504660402e+01
   2.3900000000000000e+02   2.3632414743990100e+01
   2.4000000000000000e+02   2.3300125733399199e+01
   2.4100000000000000e+02   2.3194298871390401e+01
   2.4200000000000000e+02   2.2536146090102200e+01
   2.4300000000000000e+02   2.2161430370118900e+01
   2.4400000000000000e+02   2.2103544253090700e+01
   2.4500000000000000e+02   2.1700835233709299e+01
   2.4600000000000000e+02   2.1375569613660499e+01
   2.4700000000000000e+02   2.1061051623857100e+01
   2.4800000000000000e+02   2.1296208042095500e+01
   2.4900000000000000e+02   2.1153169481668300e+01
   2.5000000000000000e+02   2.1534629020070899e+01
   2.5100000000000000e+02   2.1334753740440899e+01
   2.5200000000000000e+02   2.1455381368352999e+01
   2.5300000000000000e+02   2.1320929781866099e+01
   2.5400000000000000e+02   2.1348095971534502e+01
   2.5500000000000000e+02   2.1564778478543701e+01
   2.5600000000000000e+02   2.1217886382449301e+01
   2.5700000000000000e+02   2.0842246898919900e+01
   2.5800000000000000e+02   2.1156798152536702e+01
   2.5900000000000000e+02   2.1337654918660601e+01
   2.6000000000000000e+02   2.1472695298191798e+01
   2.6100000000000000e+02   2.1528436198744000e+01
   2.6200000000000000e+02   2.1257773962860998e+01
   2.6300000000000000e+02   2.1420838026021499e+01
   2.6400000000000000e+02   2.0982674518070901e+01
   2.6500000000000000e+02   2.0208406074489101e+01
   2.6600000000000000e+02   2.0354905001672901e+01
   2.6700000000000000e+02   1.9933837268778500e+01
   2.6800000000000000e+02   1.9506455657074302e+01
   2.6900000000000000e+02   1.9510835705121501e+01
   2.7000000000000000e+02   1.9859450623482399e+01
   2.7100000000000000e+02   1.9679539758863200e+01
   2.7200000000000000e+02   2.0023308662264800e+01
   2.7300000000000000e+02   1.9558737529418899e+01
   2.7400000000000000e+02   1.9583704911041799e+01
   2.7500000000000000e+02   1.8978141461232401e+01
   2.7600000000000000e+02   1.8647675780443699e+01
   2.7700000000000000e+02   1.8687548885403601e+01
   2.7800000000000000e+02   1.8579318580344001e+01
   2.7900000000000000e+02   1.8520180739340098e+01
   2.8000000000000000e+02   1.8409534484188299e+01
   2.8100000000000000e+02   1.8449818731371000e+01
   2.8200000000000000e+02   1.8485966061810402e+01
   2.8300000000000000e+02   1.8293551965787699e+01
   2.8400000000000000e+02   1.8380946864584999e+01
   2.8500000000000000e+02   1.8357708254536799e+01
   2.8600000000000000e+02   1.8168272405299899e+01
   2.8700000000000000e+02   1.7819575346829499e+01
   2.8800000000000000e+02   1.7811405162730001e+01
   2.8900000000000000e+02   1.7767052372735400e+01
   2.9000000000000000e+02   1.7505250050641401e+01
   2.9100000000000000e+02   1.7496584177440099e+01
   2.9200000000000000e+02   1.7522043217630099e+01
   2.9300000000000000e+02   1.7584242608524601e+01
   2.9400000000000000e+02   1.7655970681869899e+01
   2.9500000000000000e+02   1.7059660726994000e+01
   2.9600000000000000e+02   1.7514482001708998e+01
   2.9700000000000000e+02   1.7291101134284400e+01
   2.9800000000000000e+02   1.6872731391997402e+01
   2.9900000000000000e+02   1.6307338790795502e+01
   3.0000000000000000e+02   1.6296423014452301e+01
   3.0100000000000000e+02   1.6404506062904900e+01
   3.0200000000000000e+02   1.5968380178177700e+01
   3.0300000000000000e+02   1.5728994739859900e+01
   3.0400000000000000e+02   1.5706020973985700e+01
   3.0500000000000000e+02   1.5708731201325699e+01
   3.0600000000000000e+02   1.6090964688946499e+01
   3.0700000000000000e+02   1.5900272915173201e+01
   3.0800000000000000e+02   1.5823902659432100e+01
   3.0900000000000000e+02   1.5922767560180001e+01
   3.1000000000000000e+02   1.6113500574524000e+01
   3.1100000000000000e+02   1.5371536157983201e+01
   3.1200000000000000e+02   1.5425883829801400e+01
   3.1300000000000000e+02   1.5471391752388399e+01
   3.1400000000000000e+02   1.4750225772845299e+01
   3.1500000000000000e+02   1.4571015215014700e+01
   3.1600000000000000e+02   1.4361141519893501e+01
   3.1700000000000000e+02   1.3713630268703000e+01
   3.1800000000000000e+02   1.3724057085345301e+01
   3.1900000000000000e+02   1.2942809143568301e+01
   3.2000000000000000e+02   1.2748382116568701e+01
   3.2100000000000000e+02   1.2203794480495000e+01
   3.2200000000000000e+02   1.1518913563064700e+01
   3.2300000000000000e+02   1.1350303220834601e+01
   3.2400000000000000e+02   1.1342935185040099e+01
   3.2500000000000000e+02   1.1173427540166600e+01
   3.2600000000000000e+02   1.1637184085587700e+01
   3.2700000000000000e+02   1.1299462420736001e+01
   3.2800000000000000e+02   1.1592142008697900e+01
   3.2900000000000000e+02   1.1206125252584700e+01
   3.3000000000000000e+02   1.0788957278064800e+01
   3.3100000000000000e+02   1.0848422734973100e+01
   3.3200000000000000e+02   1.1064225191499100e+01
   3.3300000000000000e+02   1.1014846177669099e+01
   3.3400000000000000e+02   1.0654514240629799e+01
   3.3500000000000000e+02   1.0796088064827300e+01
   3.3600000000000000e+02   1.1236329361042401e+01
   3.3700000000000000e+02   1.0815401680421701e+01
   3.3800000000000000e+02   1.0611160151109100e+01
   3.3900000000000000e+02   1.0238404488854300e+01
   3.4000000000000000e+02   1.0293351273781900e+01
   3.4100000000000000e+02   1.0038559560508700e+01
   3.4200000000000000e+02   9.9332958557376898e+00
   3.4300000000000000e+02   9.5517748890069107e+00
   3.4400000000000000e+02   8.8655356935756497e+00
   3.4500000000000000e+02   8.3849665142738203e+00
   3.4600000000000000e+02   8.8121249946022608e+00
   3.4700000000000000e+02   8.3853685340030903e+00
   3.4800000000000000e+02   8.5507177020658904e+00
   3.4900000000000000e+02   8.1317952081111606e+00
   3.5000000000000000e+02   7.2528478750485403e+00
   3.5100000000000000e+02   7.7783498535056497e+00
   3.5200000000000000e+02   7.5919142760347498e+00
   3.5300000000000000e+02   7.7174670781097703e+00
   3.5400000000000000e+02   7.5837041459275101e+00
   3.5500000000000000e+02   7.3780168610744603e+00
   3.5600000000000000e+02   7.2775392291447600e+00
   3.5700000000000000e+02   7.4043580168262801e+00
   3.5800000000000000e+02   7.7171205852935598e+00
   3.5900000000000000e+02   7.7101896466769304e+00
   3.6000000000000000e+02   7.3497979043335402e+00
   3.6100000000000000e+02   7.4377068173179399e+00
   3.6200000000000000e+02   6.9732140367893596e+00
   3.6300000000000000e+02   6.6641751745029500e+00
   3.6400000000000000e+02   6.7081475473849501e+00
   3.6500000000000000e+02   6.4077577972352602e+00
   3.6600000000000000e+02   5.9881815777605496e+00
   3.6700000000000000e+02   6.0684019020644300e+00
   3.6800000000000000e+02   5.7320974910650300e+00
   3.6900000000000000e+02   5.3140309053868799e+00
   3.7000000000000000e+02   5.4132319117660499e+00
   3.7100000000000000e+02   5.2019821964808797e+00
   3.7200000000000000e+02   4.7865480305194001e+00
   3.7300000000000000e+02   3.9365487968970299e+00
   3.7400000000000000e+02   4.2228390859398903e+00
   3.7500000000000000e+02   3.6990156733143902e+00
   3.7600000000000000e+02   3.2020739405871899e+00
   3.7700000000000000e+02   2.8400671402517901e+00
   3.7800000000000000e+02   2.1592555200394599e+00
   3.7900000000000000e+02   1.8867496156876800e+00
   3.8000000000000000e+02   1.5766384361777499e+00
   3.8100000000000000e+02   1.0949839970763300e+00
   3.8200000000000000e+02   4.3121946955324603e-01
   3.8300000000000000e+02   9.5600911099978994e-02
   3.8400000000000000e+02   1.1166264392514300e-01
   3.8500000000000000e+02  -3.4594415669310102e-01
   3.8600000000000000e+02  -3.4668104289498702e-01
   3.8700000000000000e+02  -6.6590229682250901e-01
   3.8800000000000000e+02  -1.0666178025346500e+00
   3.8900000000000000e+02  -1.2180821465728500e+00
   3.9000000000000000e+02  -1.2983902630297499e+00
   3.9100000000000000e+02  -9.0047675579508302e-01
   3.9200000000000000e+02  -1.2422237022058900e+00
   3.9300000000000000e+02  -1.1654572775722101e+00
   3.9400000000000000e+02  -1.9357097760666200e+00
   3.9500000000000000e+02  -2.2495691848624100e+00
   3.9600000000000000e+02  -2.5891951892075098e+00
   3.9700000000000000e+02  -2.6564265033140200e+00
   3.9800000000000000e+02  -2.5151290396122401e+00
   3.9900000000000000e+02  -2.5589147896547000e+00
   4.0000000000000000e+02  -2.6234957358390698e+00
   4.0100000000000000e+02  -2.8824302808788902e+00
   4.0200000000000000e+02  -3.2815168823222298e+00
   4.0300000000000000e+02  -3.2134223295840498e+00
   4.0400000000000000e+02  -3.7331297875893901e+00
   4.0500000000000000e+02  -3.8194372539268202e+00
   4.0600000000000000e+02  -4.0003911148237004e+00
   4.0700000000000000e+02  -4.3940664978080601e+00
   4.0800000000000000e+02  -4.7324891030892102e+00
   4.0900000000000000e+02  -4.7109856149982203e+00
   4.1000000000000000e+02  -4.5839473129548702e+00
   4.1100000000000000e+02  -4.5387107234898796e+00
   4.1200000000000000e+02  -4.2056450596288002e+00
   4.1300000000000000e+02  -4.4016449863486997e+00
   4.1400000000000000e+02  -4.6710156323035097e+00
   4.1500000000000000e+02  -4.9002881558405802e+00
   4.1600000000000000e+02  -4.9621136608791501e+00
   4.1700000000000000e+02  -5.0733345086936197e+00
   4.1800000000000000e+02  -5.2958587231438203e+00
   4.1900000000000000e+02  -5.4972963742182799e+00
   4.2000000000000000e+02  -5.5641671455383204e+00
   4.2100000000000000e+02  -5.8033560553249703e+00
   4.2200000000000000e+02  -6.0594567559057797e+00
   4.2300000000000000e+02  -6.6843486606459201e+00
   4.2400000000000000e+02  -6.9298496441381996e+00
   4.2500000000000000e+02  -7.1446476144760798e+00
   4.2600000000000000e+02  -7.1959387659069600e+00
   4.2700000000000000e+02  -7.6197518832782203e+00
   4.2800000000000000e+02  -7.9503711803552397e+00
   4.2900000000000000e+02  -7.8881246203214097e+00
   4.3000000000000000e+02  -8.3033404806908298e+00
   4.3100000000000000e+02  -8.5028591344470694e+00
   4.3200000000000000e+02  -8.3996778704936403e+00
   4.3300000000000000e+02  -8.4732374162626591e+00
   4.3400000000000000e+02  -8.7653456179564895e+00
   4.3500000000000000e+02  -9.2610964533202296e+00
   4.3600000000000000e+02  -9.5176258395106608e+00
   4.3700000000000000e+02  -9.6183053941947794e+00
   4.3800000000000000e+02  -1.0291848635076700e+01
   4.3900000000000000e+02  -1.0777956456071299e+01
   4.4000000000000000e+02  -1.1110360505333800e+01
   4.4100000000000000e+02  -1.0885750017363600e+01
   4.4200000000000000e+02  -1.1468993668808800e+01
   4.4300000000000000e+02  -1.2258125203766900e+01
   4.4400000000000000e+02  -1.2452945996827300e+01
   4.4500000000000000e+02  -1.2772927496832001e+01
   4.4600000000000000e+02  -1.2672589042805100e+01
   4.4700000000000000e+02  -1.3151847467695699e+01
   4.4800000000000000e+02  -1.3088044645768001e+01
   4.4900000000000000e+02  -1.3533623136894700e+01
   4.5000000000000000e+02  -1.3729938625909000e+01
   4.5100000000000000e+02  -1.4184238325427501e+01
   4.5200000000000000e+02  -1.5091978852289600e+01
   4.5300000000000000e+02  -1.5439814198843500e+01
   4.5400000000000000e+02  -1.5499834963073900e+01
   4.5500000000000000e+02  -1.5860966053913501e+01
   4.5600000000000000e+02  -1.6117041653290901e+01
   4.5700000000000000e+02  -1.6503125506711601e+01
   4.5800000000000000e+02  -1.6896636189397402e+01
   4.5900000000000000e+02  -1.7474313909066598e+01
   4.6000000000000000e+02  -1.7629947404495599e+01
   4.6100000000000000e+02  -1.8111193416517501e+01
   4.6200000000000000e+02  -1.8212276689142701e+01
   4.6300000000000000e+02  -1.9228152782362699e+01
   4.6400000000000000e+02  -1.9385936751364799e+01
   4.6500000000000000e+02  -1.9853047497340398e+01
   4.6600000000000000e+02  -2.0364313552528898e+01
   4.6700000000000000e+02  -2.0429808847372399e+01
   4.6800000000000000e+02  -2.0899657082986401e+01
   4.6900000000000000e+02  -2.1065749663493001e+01
   4.7000000000000000e+02  -2.1278722546577701e+01
   4.7100000000000000e+02  -2.1714861174851801e+01
   4.7200000000000000e+02  -2.2066118015087799e+01
   4.7300000000000000e+02  -2.2722267168988900e+01
   4.7400000000000000e+02  -2.2921439277280800e+01
   4.7500000000000000e+02  -2.3703077537018501e+01
   4.7600000000000000e+02  -2.3939048982496999e+01
   4.7700000000000000e+02  -2.4225137332261799e+01
   4.7800000000000000e+02  -2.4511374640951900e+01
   4.7900000000000000e+02  -2.5074277610578800e+01
   4.8000000000000000e+02  -2.5322690157902102e+01
   4.8100000000000000e+02  -2.6279424556871799e+01
   4.8200000000000000e+02  -2.6958022615227801e+01
   4.8300000000000000e+02  -2.7221076366018700e+01
   4.8400000000000000e+02  -2.8014081841260001e+01
   4.8500000000000000e+02  -2.8590876407538701e+01
   4.8600000000000000e+02  -2.8850439435867099e+01
   4.8700000000000000e+02  -2.8983741151478799e+01
   4.8800000000000000e+02  -2.9628658695816100e+01
   4.8900000000000000e+02  -2.9943479683510400e+01
   4.9000000000000000e+02  -3.0681419143667998e+01
   4.9100000000000000e+02  -3.1191029660909098e+01
   4.9200000000000000e+02  -3.1462942822248099e+01
   4.9300000000000000e+02  -3.1717945543808600e+01
   4.9400000000000000e+02  -3.2036927612571503e+01
   4.9500000000000000e+02  -3.2287587862752602e+01
   4.9600000000000000e+02  -3.2559002755460298e+01
   4.9700000000000000e+02  -3.2863596049356900e+01
   4.9800000000000000e+02  -3.3720378513915797e+01
   4.9900000000000000e+02  -3.4136498683552801e+01
   5.0000000000000000e+02  -3.4454498818369800e+01
   5.0100000000000000e+02  -3.4003898700276501e+01
   5.0200000000000000e+02  -3.4040973686005700e+01
   5.0300000000000000e+02  -3.4834008806292303e+01
   5.0400000000000000e+02  -3.4970376622051802e+01
   5.0500000000000000e+02  -3.5310516558816801e+01
   5.0600000000000000e+02  -3.5845804340744699e+01
   5.0700000000000000e+02  -3.6956099650834297e+01
   5.0800000000000000e+02  -3.7052429233903801e+01
   5.0900000000000000e+02  -3.7962571444570202e+01
   5.1000000000000000e+02  -3.8439805706156100e+01
   5.1100000000000000e+02  -3.8792314986559099e+01
   5.1200000000000000e+02  -3.8475104576836301e+01
   5.1300000000000000e+02  -3.9232444747627198e+01
   5.1400000000000000e+02  -3.9728932500291300e+01
   5.1500000000000000e+02  -4.0045849433207700e+01
   5.1600000000000000e+02  -4.0685446501358300e+01
   5.1700000000000000e+02  -4.1249817263534801e+01
   5.1800000000000000e+02  -4.2197378161915402e+01
   5.1900000000000000e+02  -4.2446012999191503e+01
   5.2000000000000000e+02  -4.3366454017125697e+01
   5.2100000000000000e+02  -4.3610758278742502e+01
   5.2200000000000000e+02  -4.4081024347426002e+01
   5.2300000000000000e+02  -4.4912158396832403e+01
   5.2400000000000000e+02  -4.6131722595822701e+01
   5.2500000000000000e+02  -4.7043305065759697e+01
   5.2600000000000000e+02  -4.7351483803149598e+01
   5.2700000000000000e+02  -4.7683315304942298e+01
   5.2800000000000000e+02  -4.8325053175806701e+01
   5.2900000000000000e+02  -4.8787950540790902e+01
   5.3000000000000000e+02  -4.8854225697990799e+01
   5.3100000000000000e+02  -4.8952221083972503e+01
   5.3200000000000000e+02  -4.9278724923714599e+01
   5.3300000000000000e+02  -4.9839321629627499e+01
   5.3400000000000000e+02  -5.0047021850302002e+01
   5.3500000000000000e+02  -5.0410877999021103e+01
   5.3600000000000000e+02  -5.0669175589326201e+01
   5.3700000000000000e+02  -5.1372676624714700e+01
   5.3800000000000000e+02  -5.1609828469270099e+01
   5.3900000000000000e+02  -5.2440572998667299e+01
   5.4000000000000000e+02  -5.2911617722036901e+01
   5.4100000000000000e+02  -5.3237902231171503e+01
   5.4200000000000000e+02  -5.3732142648083197e+01
   5.4300000000000000e+02  -5.4328522248358702e+01
   5.4400000000000000e+02  -5.4648741512830199e+01
   5.4500000000000000e+02  -5.4663649283021400e+01
   5.4600000000000000e+02  -5.5285957431075502e+01
   5.4700000000000000e+02  -5.6050386503016000e+01
   5.4800000000000000e+02  -5.6503799419515801e+01
   5.4900000000000000e+02  -5.7111478025652900e+01
   5.5000000000000000e+02  -5.7645251013128998e+01
   5.5100000000000000e+02  -5.8326066153344897e+01
   5.5200000000000000e+02  -5.8734351755194197e+01
   5.5300000000000000e+02  -5.8815027629863501e+01
   5.5400000000000000e+02  -5.8787316512038402e+01
   5.5500000000000000e+02  -5.9077989605824598e+01
   5.5600000000000000e+02  -5.9119930705393003e+01
   5.5700000000000000e+02  -5.9292556999856700e+01
   5.5800000000000000e+02  -5.9628193044404803e+01
   5.5900000000000000e+02  -5.9888721920639703e+01
   5.6000000000000000e+02  -6.0161370836098001e+01
   5.6100000000000000e+02  -6.0494156346553098e+01
   5.6200000000000000e+02  -6.0985220834930203e+01
   5.6300000000000000e+02  -6.1587737524970201e+01
   5.6400000000000000e+02  -6.2243048079620699e+01
   5.6500000000000000e+02  -6.2410375550518800e+01
   5.6600000000000000e+02  -6.3238626498355700e+01
   5.6700000000000000e+02  -6.3723506399121099e+01
   5.6800000000000000e+02  -6.4570902845726494e+01
   5.6900000000000000e+02  -6.5007358984184293e+01
   5.7000000000000000e+02  -6.5556845937742196e+01
   5.7100000000000000e+02  -6.6190768268801307e+01
   5.7200000000000000e+02  -6.7096216045798698e+01
   5.7300000000000000e+02  -6.7489593564739494e+01
   5.7400000000000000e+02  -6.7814863313501704e+01
   5.7500000000000000e+02  -6.8234425608919395e+01
   5.7600000000000000e+02  -6.8813772452630602e+01
   5.7700000000000000e+02  -6.9367411443310900e+01
   5.7800000000000000e+02  -6.9940820723971399e+01
   5.7900000000000000e+02  -7.1015551243565000e+01
   5.8000000000000000e+02  -7.1441488934969797e+01
   5.8100000000000000e+02  -7.1496119394013505e+01
   5.8200000000000000e+02  -7.1816569845503693e+01
   5.8300000000000000e+02  -7.2417836846027200e+01
   5.8400000000000000e+02  -7.2600713807407203e+01
   5.8500000000000000e+02  -7.2488018455061706e+01
   5.8600000000000000e+02  -7.2452581436911004e+01
   5.8700000000000000e+02  -7.2706570451052499e+01
   5.8800000000000000e+02  -7.2845287322834494e+01
   5.8900000000000000e+02  -7.3071568918737697e+01
   5.9000000000000000e+02  -7.3472027861653501e+01
   5.9100000000000000e+02  -7.3740293270315306e+01
   5.9200000000000000e+02  -7.4299378430894905e+01
   5.9300000000000000e+02  -7.4398262977268899e+01
   5.9400000000000000e+02  -7.4396363981793002e+01
   5.9500000000000000e+02  -7.4597643127029599e+01
   5.9600000000000000e+02  -7.4759601144767998e+01
   5.9700000000000000e+02  -7.4548547410214596e+01
   5.9800000000000000e+02  -7.5087791783008996e+01
   5.9900000000000000e+02  -7.5421067528624704e+01
   6.0000000000000000e+02  -7.5453003517758304e+01
   6.0100000000000000e+02  -7.5584166542633895e+01
   6.0200000000000000e+02  -7.5865794077753606e+01
   6.0300000000000000e+02  -7.5090918294129594e+01
   6.0400000000000000e+02  -7.5188877932832199e+01
   6.0500000000000000e+02  -7.4992063808070498e+01
   6.0600000000000000e+02  -7.4670793783585495e+01
   6.0700000000000000e+02  -7.4359961731178998e+01
   6.0800000000000000e+02  -7.4442572985185393e+01
   6.0900000000000000e+02  -7.4496055474908005e+01
   6.1000000000000000e+02  -7.3824720822168501e+01
   6.1100000000000000e+02  -7.3609804368820605e+01
   6.1200000000000000e+02  -7.4101114281182703e+01
   6.1300000000000000e+02  -7.4261312898107207e+01
   6.1400000000000000e+02  -7.4462607296528802e+01
   6.1500000000000000e+02  -7.4288690873315005e+01
   6.1600000000000000e+02  -7.4193264227502198e+01
   6.1700000000000000e+02  -7.4440479778706404e+01
   6.1800000000000000e+02  -7.4914092211015600e+01
   6.1900000000000000e+02  -7.5291691477499896e+01
   6.2000000000000000e+02  -7.6054209344311502e+01
   6.2100000000000000e+02  -7.6538001294651707e+01
   6.2200000000000000e+02  -7.6749923503259893e+01
   6.2300000000000000e+02  -7.6889105023457603e+01
   6.2400000000000000e+02  -7.6837373297221106e+01
   6.2500000000000000e+02  -7.7490851195418600e+01
   6.2600000000000000e+02  -7.7208461685421696e+01
   6.2700000000000000e+02  -7.7163193256832997e+01
   6.2800000000000000e+02  -7.7193300726692200e+01
   6.2900000000000000e+02  -7.7130532265802600e+01
   6.3000000000000000e+02  -7.6943639227613900e+01
   6.3100000000000000e+02  -7.6685196925159701e+01
   6.3200000000000000e+02  -7.6927886058580597e+01
   6.3300000000000000e+02  -7.6740738383057206e+01
   6.3400000000000000e+02  -7.6638687724989396e+01
   6.3500000000000000e+02  -7.6914079779399799e+01
   6.3600000000000000e+02  -7.6888897265711904e+01
   6.3700000000000000e+02  -7.6858270297234895e+01
   6.3800000000000000e+02  -7.7019748459166195e+01
   6.3900000000000000e+02  -7.7724609309886603e+01
   6.4000000000000000e+02  -7.7884533912268196e+01
   6.4100000000000000e+02  -7.8121548666836105e+01
   6.4200000000000000e+02  -7.7516455146168099e+01
   6.4300000000000000e+02  -7.7734233657684200e+01
   6.4400000000000000e+02  -7.7598583455671601e+01
   6.4500000000000000e+02  -7.6961897851288697e+01
   6.4600000000000000e+02  -7.7087502645411206e+01
   6.4700000000000000e+02  -7.7309543964089897e+01
   6.4800000000000000e+02  -7.7253331794589101e+01
   6.4900000000000000e+02  -7.7170757304686205e+01
   6.5000000000000000e+02  -7.7503600642528895e+01
   6.5100000000000000e+02  -7.7372253702232101e+01
   6.5200000000000000e+02  -7.7209189024065196e+01
   6.5300000000000000e+02  -7.7573543427872593e+01
   6.5400000000000000e+02  -7.7537138404954803e+01
   6.5500000000000000e+02  -7.7680140944589894e+01
   6.5600000000000000e+02  -7.7179380853082506e+01
   6.5700000000000000e+02  -7.7421350611343797e+01
   6.5800000000000000e+02  -7.7695897606488799e+01
   6.5900000000000000e+02  -7.7520844096885895e+01
   6.6000000000000000e+02  -7.7799357028898299e+01
   6.6100000000000000e+02  -7.7744498916435802e+01
   6.6200000000000000e+02  -7.7937827029958299e+01
   6.6300000000000000e+02  -7.8054731822718395e+01
   6.6400000000000000e+02  -7.8048459664178395e+01
   6.6500000000000000e+02  -7.7701080377621295e+01
   6.6600000000000000e+02  -7.7722156960824506e+01
   6.6700000000000000e+02  -7.7557216429415206e+01
   6.6800000000000000e+02  -7.7239662573206203e+01
   6.6900000000000000e+02  -7.6950027784747107e+01
   6.7000000000000000e+02  -7.7154580603829800e+01
   6.7100000000000000e+02  -7.7182026571866800e+01
   6.7200000000000000e+02  -7.7020130740141497e+01
   6.7300000000000000e+02  -7.6620566680420595e+01
   6.7400000000000000e+02  -7.6405039567483897e+01
   6.7500000000000000e+02  -7.6555574234905606e+01
   6.7600000000000000e+02  -7.6662103712812595e+01
   6.7700000000000000e+02  -7.6903487950925907e+01
   6.7800000000000000e+02  -7.7350365333045900e+01
   6.7900000000000000e+02  -7.7237499365815694e+01
   6.8000000000000000e+02  -7.7541862636988895e+01
   6.8100000000000000e+02  -7.7518420273843901e+01
   6.8200000000000000e+02  -7.7283518099459997e+01
   6.8300000000000000e+02  -7.7523575658339098e+01
   6.8400000000000000e+02  -7.7338092974500597e+01
   6.8500000000000000e+02  -7.7210406147236696e+01
   6.8600000000000000e+02  -7.7543669936441503e+01
   6.8700000000000000e+02  -7.7341036302267099e+01
   6.8800000000000000e+02  -7.7694572524597902e+01
   6.8900000000000000e+02  -7.7095180526211706e+01
   6.9000000000000000e+02  -7.6910007775469296e+01
   6.9100000000000000e+02  -7.6990974385081202e+01
   6.9200000000000000e+02  -7.7354264117684593e+01
   6.9300000000000000e+02  -7.7621410344774105e+01
   6.9400000000000000e+02  -7.7670805340273304e+01
   6.9500000000000000e+02  -7.7430505699937498e+01
   6.9600000000000000e+02  -7.7042656082331305e+01
   6.9700000000000000e+02  -7.6401263551158607e+01
   6.9800000000000000e+02  -7.6218307390630898e+01
   6.9900000000000000e+02  -7.6305682883784002e+01
   7.0000000000000000e+02  -7.6120965733844599e+01
   7.0100000000000000e+02  -7.5979117433638905e+01
   7.0200000000000000e+02  -7.5879942207176100e+01
   7.0300000000000000e+02  -7.6104165060718103e+01
   7.0400000000000000e+02  -7.6188015351689103e+01
   7.0500000000000000e+02  -7.6463465649422005e+01
   7.0600000000000000e+02  -7.6519005209679705e+01
   7.0700000000000000e+02  -7.6390695993861598e+01
   7.0800000000000000e+02  -7.6200635883442899e+01
   7.0900000000000000e+02  -7.6138781523033501e+01
   7.1000000000000000e+02  -7.6098360381809201e+01
   7.1100000000000000e+02  -7.5664784277427003e+01
   7.1200000000000000e+02  -7.5547189594309998e+01
   7.1300000000000000e+02  -7.5322611927020006e+01
   7.1400000000000000e+02  -7.5177630683860002e+01
   7.1500000000000000e+02  -7.5313616797464206e+01
   7.1600000000000000e+02  -7.5178994654927706e+01
   7.1700000000000000e+02  -7.4952677183934497e+01
   7.1800000000000000e+02  -7.4671908128249100e+01
   7.1900000000000000e+02  -7.4613406796934001e+01
   7.2000000000000000e+02  -7.4416474027998902e+01
   7.2100000000000000e+02  -7.4672862345674901e+01
   7.2200000000000000e+02  -7.4523805104176802e+01
   7.2300000000000000e+02  -7.4577370757207106e+01
   7.2400000000000000e+02  -7.4525012421587803e+01
   7.2500000000000000e+02  -7.4874449497207493e+01
   7.2600000000000000e+02  -7.4809111252872597e+01
   7.2700000000000000e+02  -7.5207621850843296e+01
   7.2800000000000000e+02  -7.5114139891426106e+01
   7.2900000000000000e+02  -7.4743309422627306e+01
   7.3000000000000000e+02  -7.4881609162911900e+01
   7.3100000000000000e+02  -7.4601146351118103e+01
   7.3200000000000000e+02  -7.4277821534092993e+01
   7.3300000000000000e+02  -7.5106678783525396e+01
   7.3400000000000000e+02  -7.5015799957593302e+01
   7.3500000000000000e+02  -7.5926083776091900e+01
   7.3600000000000000e+02  -7.6057410756419401e+01
   7.3700000000000000e+02  -7.6383486709958703e+01
   7.3800000000000000e+02  -7.5552675856534904e+01
   7.3900000000000000e+02  -7.5577163937782302e+01
   7.4000000000000000e+02  -7.5272743785927403e+01
   7.4100000000000000e+02  -7.5405024326777905e+01
   7.4200000000000000e+02  -7.5030015379086294e+01
   7.4300000000000000e+02  -7.5694911092507397e+01
   7.4400000000000000e+02  -7.5680761879415201e+01
   7.4500000000000000e+02  -7.5673182912860696e+01
   7.4600000000000000e+02  -7.6047520656613003e+01
   7.4700000000000000e+02  -7.6345115343149203e+01
   7.4800000000000000e+02  -7.6297654731281696e+01
   7.4900000000000000e+02  -7.6630036049911894e+01
   7.5000000000000000e+02  -7.6984063449731096e+01
   7.5100000000000000e+02  -7.6813882965669706e+01
   7.5200000000000000e+02  -7.6759954394537402e+01
   7.5300000000000000e+02  -7.7212184548668603e+01
   7.5400000000000000e+02  -7.7255314950656398e+01
   7.5500000000000000e+02  -7.7189115323669697e+01
   7.5600000000000000e+02  -7.6667220091483301e+01
   7.5700000000000000e+02  -7.6780534460954698e+01
   7.5800000000000000e+02  -7.6733842754172500e+01
   7.5900000000000000e+02  -7.6197896620418206e+01
   7.6000000000000000e+02  -7.6227688065177304e+01
   7.6100000000000000e+02  -7.6309794541747607e+01
   7.6200000000000000e+02  -7.6073238701161500e+01
   7.6300000000000000e+02  -7.6068446152156596e+01
   7.6400000000000000e+02  -7.6146461245785105e+01
   7.6500000000000000e+02  -7.6310788978747894e+01
   7.6600000000000000e+02  -7.6176441230747699e+01
   7.6700000000000000e+02  -7.6201455835543300e+01
   7.6800000000000000e+02  -7.6257982262178700e+01
   7.6900000000000000e+02  -7.6209813403323693e+01
   7.7000000000000000e+02  -7.5832470677894506e+01
   7.7100000000000000e+02  -7.5788032514467105e+01
   7.7200000000000000e+02  -7.5758015475276395e+01
   7.7300000000000000e+02  -7.5586163017891394e+01
   7.7400000000000000e+02  -7.5087870884651807e+01
   7.7500000000000000e+02  -7.4787329140943598e+01
   7.7600000000000000e+02  -7.4635005737306898e+01
   7.7700000000000000e+02  -7.4832284777206596e+01
   7.7800000000000000e+02  -7.4901384810024098e+01
   7.7900000000000000e+02  -7.5016281941058594e+01
   7.8000000000000000e+02  -7.5126614420128107e+01
   7.8100000000000000e+02  -7.4957980460459794e+01
   7.8200000000000000e+02  -7.4913380091842299e+01
   7.8300000000000000e+02  -7.4366990912964695e+01
   7.8400000000000000e+02  -7.4173095934329297e+01
   7.8500000000000000e+02  -7.4136238128083605e+01
   7.8600000000000000e+02  -7.4111895478487398e+01
   7.8700000000000000e+02  -7.3999346470548502e+01
   7.8800000000000000e+02  -7.3692213155058298e+01
   7.8900000000000000e+02  -7.3687369242465195e+01
   7.9000000000000000e+02  -7.3910759341702899e+01
   7.9100000000000000e+02  -7.3824017498594500e+01
   7.9200000000000000e+02  -7.3906969128984997e+01
   7.9300000000000000e+02  -7.4209234255404098e+01
   7.9400000000000000e+02  -7.4098547310506007e+01
   7.9500000000000000e+02  -7.4393741600934504e+01
   7.9600000000000000e+02  -7.4198430739231696e+01
   7.9700000000000000e+02  -7.4263160030186498e+01
   7.9800000000000000e+02  -7.4286183315256906e+01
   7.9900000000000000e+02  -7.4798929561717799e+01
   8.0000000000000000e+02  -7.4845757450336194e+01
   8.0100000000000000e+02  -7.4795081814954102e+01
   8.0200000000000000e+02  -7.4888013047703495e+01
   8.0300000000000000e+02  -7.4978388199172798e+01
   8.0400000000000000e+02  -7.5055178825506999e+01
   8.0500000000000000e+02  -7.4837364214688904e+01
   8.0600000000000000e+02  -7.5654259656126698e+01
   8.0700000000000000e+02  -7.5849420389694799e+01
   8.0800000000000000e+02  -7.6124189262195898e+01
   8.0900000000000000e+02  -7.5765400341933201e+01
   8.1000000000000000e+02  -7.5384781825359298e+01
   8.1100000000000000e+02  -7.5194959413082898e+01
   8.1200000000000000e+02  -7.5304930269270500e+01
   8.1300000000000000e+02  -7.5180417921676707e+01
   8.1400000000000000e+02  -7.5193593363991894e+01
   8.1500000000000000e+02  -7.5102532262470206e+01
   8.1600000000000000e+02  -7.5180446008129607e+01
   8.1700000000000000e+02  -7.4450254332652705e+01
   8.1800000000000000e+02  -7.4714563366832905e+01
   8.1900000000000000e+02  -7.4373049378401205e+01
   8.2000000000000000e+02  -7.4365124566405996e+01
   8.2100000000000000e+02  -7.4197646004144204e+01
   8.2200000000000000e+02  -7.4219574595399706e+01
   8.2300000000000000e+02  -7.4637520357122199e+01
   8.2400000000000000e+02  -7.4668186614087503e+01
   8.2500000000000000e+02  -7.4453496726661896e+01
   8.2600000000000000e+02  -7.4259217140133401e+01
   8.2700000000000000e+02  -7.4314019563127303e+01
   8.2800000000000000e+02  -7.4302086521899597e+01
   8.2900000000000000e+02  -7.4419970705876906e+01
   8.3000000000000000e+02  -7.5097342281682202e+01
   8.3100000000000000e+02  -7.5065810585795802e+01
   8.3200000000000000e+02  -7.5097733298485693e+01
   8.3300000000000000e+02  -7.5033317720907107e+01
   8.3400000000000000e+02  -7.5034812774409303e+01
   8.3500000000000000e+02  -7.4974213962042597e+01
   8.3600000000000000e+02  -7.5266139536638704e+01
   8.3700000000000000e+02  -7.5430976671070894e+01
   8.3800000000000000e+02  -7.4945187835223095e+01
   8.3900000000000000e+02  -7.4990800511887500e+01
   8.4000000000000000e+02  -7.5855404966795106e+01
   8.4100000000000000e+02  -7.5867211579786897e+01
   8.4200000000000000e+02  -7.5144757187332999e+01
   8.4300000000000000e+02  -7.5290909665215395e+01
   8.4400000000000000e+02  -7.5210052372918497e+01
   8.4500000000000000e+02  -7.5048653984457502e+01
   8.4600000000000000e+02  -7.5500931602940398e+01
   8.4700000000000000e+02  -7.5465146729332801e+01
   8.4800000000000000e+02  -7.5432838521445703e+01
   8.4900000000000000e+02  -7.5831020611823504e+01
   8.5000000000000000e+02  -7.6492022318050601e+01
   8.5100000000000000e+02  -7.6798494401075601e+01
   8.5200000000000000e+02  -7.6586608719791698e+01
   8.5300000000000000e+02  -7.6164047180938994e+01
   8.5400000000000000e+02  -7.6365815283290900e+01
   8.5500000000000000e+02  -7.6508706194440705e+01
   8.5600000000000000e+02  -7.6574088215460705e+01
   8.5700000000000000e+02  -7.5966581759762803e+01
   8.5800000000000000e+02  -7.5867504463797999e+01
   8.5900000000000000e+02  -7.5530807524973497e+01
   8.6000000000000000e+02  -7.5822375542515999e+01
   8.6100000000000000e+02  -7.5663118125140599e+01
   8.6200000000000000e+02  -7.6276821228275097e+01
   8.6300000000000000e+02  -7.6384226528488199e+01
   8.6400000000000000e+02  -7.6263131046060593e+01
   8.6500000000000000e+02  -7.6580624991527102e+01
   8.6600000000000000e+02  -7.6223542689650898e+01
   8.6700000000000000e+02  -7.6002453804117295e+01
   8.6800000000000000e+02  -7.6281188072372899e+01
   8.6900000000000000e+02  -7.6286475448212002e+01
   8.7000000000000000e+02  -7.6409570020711797e+01
   8.7100000000000000e+02  -7.6928875267098803e+01
   8.7200000000000000e+02  -7.6689009552104594e+01
   8.7300000000000000e+02  -7.6824243068743399e+01
   8.7400000000000000e+02  -7.6304138511369402e+01
   8.7500000000000000e+02  -7.5818424505876493e+01
   8.7600000000000000e+02  -7.5925570854780702e+01
   8.7700000000000000e+02  -7.5417807396181402e+01
   8.7800000000000000e+02  -7.5456485659663898e+01
   8.7900000000000000e+02  -7.5824047994164005e+01
   8.8000000000000000e+02  -7.5846755970996000e+01
   8.8100000000000000e+02  -7.5288155409472495e+01
   8.8200000000000000e+02  -7.5513815178759501e+01
   8.8300000000000000e+02  -7.5463384374458201e+01
   8.8400000000000000e+02  -7.4964190467905397e+01
   8.8500000000000000e+02  -7.4664484328522207e+01
   8.8600000000000000e+02  -7.4533013367155405e+01
   8.8700000000000000e+02  -7.4606626477295407e+01
   8.8800000000000000e+02  -7.4554700952082698e+01
   8.8900000000000000e+02  -7.4179804231104100e+01
   8.9000000000000000e+02  -7.4108019086546804e+01
   8.9100000000000000e+02  -7.3785612096991898e+01
   8.9200000000000000e+02  -7.4350416162367907e+01
   8.9300000000000000e+02  -7.4080674120023005e+01
   8.9400000000000000e+02  -7.3963629504413404e+01
   8.9500000000000000e+02  -7.3899194025690093e+01
   8.9600000000000000e+02  -7.3688573289984603e+01
   8.9700000000000000e+02  -7.3852332224927906e+01
   8.9800000000000000e+02  -7.3487358293635495e+01
   8.9900000000000000e+02  -7.3560690061342996e+01
   9.0000000000000000e+02  -7.3411360275349196e+01
   9.0100000000000000e+02  -7.4010324165406999e+01
   9.0200000000000000e+02  -7.4116445519253006e+01
   9.0300000000000000e+02  -7.4324601058364294e+01
   9.0400000000000000e+02  -7.3753563628914804e+01
   9.0500000000000000e+02  -7.3933943617038494e+01
   9.0600000000000000e+02  -7.4091119759041305e+01
   9.0700000000000000e+02  -7.3714218435563296e+01
   9.0800000000000000e+02  -7.4005026596600501e+01
   9.0900000000000000e+02  -7.3714690107805794e+01
   9.1000000000000000e+02  -7.3604398169153697e+01
   9.1100000000000000e+02  -7.3626864670443098e+01
   9.1200000000000000e+02  -7.3409797209746998e+01
   9.1300000000000000e+02  -7.3747338557050497e+01
   9.1400000000000000e+02  -7.3511994561946096e+01
   9.1500000000000000e+02  -7.3461928954436701e+01
   9.1600000000000000e+02  -7.3171913775042299e+01
   9.1700000000000000e+02  -7.3048203695894003e+01
   9.1800000000000000e+02  -7.3260227210100297e+01
   9.1900000000000000e+02  -7.3479633366013800e+01
   9.2000000000000000e+02  -7.3359189099881405e+01
   9.2100000000000000e+02  -7.3639791450435993e+01
   9.2200000000000000e+02  -7.3525797641404196e+01
   9.2300000000000000e+02  -7.3158113932711103e+01
   9.2400000000000000e+02  -7.3240701757366907e+01
   9.2500000000000000e+02  -7.3430289358898193e+01
   9.2600000000000000e+02  -7.3040112003351496e+01
   9.2700000000000000e+02  -7.3163467978661103e+01
   9.2800000000000000e+02  -7.3122537538815394e+01
   9.2900000000000000e+02  -7.2504267701187004e+01
   9.3000000000000000e+02  -7.2381310799003600e+01
   9.3100000000000000e+02  -7.2201807993411293e+01
   9.3200000000000000e+02  -7.1879957119772200e+01
   9.3300000000000000e+02  -7.2238707107359502e+01
   9.3400000000000000e+02  -7.2584104133617402e+01
   9.3500000000000000e+02  -7.2653159530180801e+01
   9.3600000000000000e+02  -7.2997076827188593e+01
   9.3700000000000000e+02  -7.2933487109311997e+01
   9.3800000000000000e+02  -7.2831194075028506e+01
   9.3900000000000000e+02  -7.2993940920054698e+01
   9.4000000000000000e+02  -7.2837167585737106e+01
   9.4100000000000000e+02  -7.2875862030174503e+01
   9.4200000000000000e+02  -7.2332122050010994e+01
   9.4300000000000000e+02  -7.2808564882653300e+01
   9.4400000000000000e+02  -7.3144001349244206e+01
   9.4500000000000000e+02  -7.3579238180668099e+01
   9.4600000000000000e+02  -7.3526250503685802e+01
   9.4700000000000000e+02  -7.3253119749219806e+01
   9.4800000000000000e+02  -7.3326967493669898e+01
   9.4900000000000000e+02  -7.3799227807861200e+01
   9.5000000000000000e+02  -7.4037887071973302e+01
   9.5100000000000000e+02  -7.4310875658043201e+01
   9.5200000000000000e+02  -7.4465820667640003e+01
   9.5300000000000000e+02  -7.4124139954135799e+01
   9.5400000000000000e+02  -7.4295901341322605e+01
   9.5500000000000000e+02  -7.3921185413192902e+01
   9.5600000000000000e+02  -7.3881877437803098e+01
   9.5700000000000000e+02  -7.4087145994468898e+01
   9.5800000000000000e+02  -7.3716675120816305e+01
   9.5900000000000000e+02  -7.3555449391552699e+01
   9.6000000000000000e+02  -7.3746461370522297e+01
   9.6100000000000000e+02  -7.3864777478461306e+01
   9.6200000000000000e+02  -7.3508454338642693e+01
   9.6300000000000000e+02  -7.3928037297756603e+01
   9.6400000000000000e+02  -7.3766444847668396e+01
   9.6500000000000000e+02  -7.3641201509279398e+01
   9.6600000000000000e+02  -7.4004214281632201e+01
   9.6700000000000000e+02  -7.3834415477487696e+01
   9.6800000000000000e+02  -7.4099847973177305e+01
   9.6900000000000000e+02  -7.4509164803534006e+01
   9.7000000000000000e+02  -7.4750409114014403e+01
   9.7100000000000000e+02  -7.4232590657360902e+01
   9.7200000000000000e+02  -7.4030620540846201e+01
   9.7300000000000000e+02  -7.4156128991732501e+01
   9.7400000000000000e+02  -7.4480991708922005e+01
   9.7500000000000000e+02  -7.4611499087943699e+01
   9.7600000000000000e+02  -7.4930011575229500e+01
   9.7700000000000000e+02  -7.5167715835428297e+01
   9.7800000000000000e+02  -7.4682675435468994e+01
   9.7900000000000000e+02  -7.4956699490485207e+01
   9.8000000000000000e+02  -7.4631411803022104e+01
   9.8100000000000000e+02  -7.5063835903514999e+01
   9.8200000000000000e+02  -7.5010901452329193e+01
   9.8300000000000000e+02  -7.4910196519565801e+01
   9.8400000000000000e+02  -7.4607829355340897e+01
   9.8500000000000000e+02  -7.4852480060399003e+01
   9.8600000000000000e+02  -7.4430911971382500e+01
   9.8700000000000000e+02  -7.4319144861222100e+01
   9.8800000000000000e+02  -7.4291015847580098e+01
   9.8900000000000000e+02  -7.4308815128548304e+01
   9.9000000000000000e+02  -7.4476307751207102e+01
   9.9100000000000000e+02  -7.4466475547129704e+01
   9.9200000000000000e+02  -7.3917631893893102e+01
   9.9300000000000000e+02  -7.3898985022755497e+01
   9.9400000000000000e+02  -7.3678220241373296e+01
   9.9500000000000000e+02  -7.3707751423435099e+01
   9.9600000000000000e+02  -7.3283302499484506e+01
   9.9700000000000000e+02  -7.3564893753032607e+01
   9.9800000000000000e+02  -7.3513798039874800e+01
   9.9900000000000000e+02  -7.3579990441713093e+01
   1.0000000000000000e+03  -7.3018068357516000e+01
   1.0010000000000000e+03  -7.2772731301761794e+01
   1.0020000000000000e+03  -7.2976566295370404e+01
   1.0030000000000000e+03  -7.2797291985432807e+01
   1.0040000000000000e+03  -7.3292181646376093e+01
   1.0050000000000000e+03  -7.3481143802637504e+01
