  -1.0000000000000000e+02  -7.2119031668604507e+01
  -9.9000000000000000e+01  -7.2379468913414399e+01
  -9.8000000000000000e+01  -7.2180490416535505e+01
  -9.7000000000000000e+01  -7.2111114821965998e+01
  -9.6000000000000000e+01  -7.2048034440484699e+01
  -9.5000000000000000e+01  -7.2172569387153999e+01
  -9.4000000000000000e+01  -7.2479330415655696e+01
  -9.3000000000000000e+01  -7.2320115448463397e+01
  -9.2000000000000000e+01  -7.2471657144285103e+01
  -9.1000000000000000e+01  -7.2200607257127700e+01
  -9.0000000000000000e+01  -7.2231297266615996e+01
  -8.9000000000000000e+01  -7.2023645095448998e+01
  -8.8000000000000000e+01  -7.1876914752152004e+01
  -8.7000000000000000e+01  -7.1879279769358007e+01
  -8.6000000000000000e+01  -7.2472389224257199e+01
  -8.5000000000000000e+01  -7.2011892427772693e+01
  -8.4000000000000000e+01  -7.2132261024894802e+01
  -8.3000000000000000e+01  -7.1623254014323805e+01
  -8.2000000000000000e+01  -7.2088517133244295e+01
  -8.1000000000000000e+01  -7.1838148676735997e+01
  -8.0000000000000000e+01  -7.2022682237173299e+01
  -7.9000000000000000e+01  -7.1652989194430802e+01
  -7.8000000000000000e+01  -7.1367182632471398e+01
  -7.7000000000000000e+01  -7.1133066245207502e+01
  -7.6000000000000000e+01  -7.1307482599804601e+01
  -7.5000000000000000e+01  -7.0799340215648002e+01
  -7.4000000000000000e+01  -7.0894077677318705e+01
  -7.3000000000000000e+01  -7.0577005707852294e+01
  -7.2000000000000000e+01  -7.0632154545058299e+01
  -7.1000000000000000e+01  -7.0542717737140705e+01
  -7.0000000000000000e+01  -7.0735935696084297e+01
  -6.9000000000000000e+01  -7.1179354552375798e+01
  -6.8000000000000000e+01  -7.0773301496212596e+01
  -6.7000000000000000e+01  -7.0783926147991096e+01
  -6.6000000000000000e+01  -7.1004932302464198e+01
  -6.5000000000000000e+01  -7.1197284172292996e+01
  -6.4000000000000000e+01  -7.1154322709824797e+01
  -6.3000000000000000e+01  -7.0844387168501299e+01
  -6.2000000000000000e+01  -7.1061510553793696e+01
  -6.1000000000000000e+01  -7.0670425783591696e+01
  -6.0000000000000000e+01  -7.0554093245960004e+01
  -5.9000000000000000e+01  -7.0217820424370302e+01
  -5.8000000000000000e+01  -6.9969951038615505e+01
  -5.7000000000000000e+01  -7.0104321317308802e+01
  -5.6000000000000000e+01  -6.9713393508549302e+01
  -5.5000000000000000e+01  -6.9541042014909607e+01
  -5.4000000000000000e+01  -6.9925583600911395e+01
  -5.3000000000000000e+01  -6.9096737292378805e+01
  -5.2000000000000000e+01  -6.9184257524120298e+01
  -5.1000000000000000e+01  -6.9325836754941903e+01
  -5.0000000000000000e+01  -6.9608407784858798e+01
  -4.9000000000000000e+01  -6.9014010365996299e+01
  -4.8000000000000000e+01  -6.9105980369362300e+01
  -4.7000000000000000e+01  -6.9328687958791406e+01
  -4.6000000000000000e+01  -6.9409732614599207e+01
  -4.5000000000000000e+01  -6.9629610392664503e+01
  -4.4000000000000000e+01  -6.9638740533639805e+01
  -4.3000000000000000e+01  -6.9574581184625600e+01
  -4.2000000000000000e+01  -7.0162822531316806e+01
  -4.1000000000000000e+01  -7.0457725470851898e+01
  -4.0000000000000000e+01  -7.0442718439770800e+01
  -3.9000000000000000e+01  -7.0357577109519497e+01
  -3.8000000000000000e+01  -7.0516807688899704e+01
  -3.7000000000000000e+01  -7.0451335322558606e+01
  -3.6000000000000000e+01  -7.0127005621872101e+01
  -3.5000000000000000e+01  -6.9638190538535198e+01
  -3.4000000000000000e+01  -6.9616614781324202e+01
  -3.3000000000000000e+01  -6.9331203158131203e+01
  -3.2000000000000000e+01  -6.9114306527454701e+01
  -3.1000000000000000e+01  -6.8772304677917802e+01
  -3.0000000000000000e+01  -6.8885751424316794e+01
  -2.9000000000000000e+01  -6.8972144700274200e+01
  -2.8000000000000000e+01  -6.9083016194885602e+01
  -2.7000000000000000e+01  -6.9299008157593093e+01
  -2.6000000000000000e+01  -6.9306062245874998e+01
  -2.5000000000000000e+01  -6.9603395063141605e+01
  -2.4000000000000000e+01  -6.9679390707628500e+01
  -2.3000000000000000e+01  -6.8715685676398607e+01
  -2.2000000000000000e+01  -6.8590504872689806e+01
  -2.1000000000000000e+01  -6.7923751029248805e+01
  -2.0000000000000000e+01  -6.7406872467308006e+01
  -1.9000000000000000e+01  -6.7189798558952504e+01
  -1.8000000000000000e+01  -6.6779555946616497e+01
  -1.7000000000000000e+01  -6.6268986763938599e+01
  -1.6000000000000000e+01  -6.5948147957987501e+01
  -1.5000000000000000e+01  -6.5190959202010703e+01
  -1.4000000000000000e+01  -6.4794161535233002e+01
  -1.3000000000000000e+01  -6.5021276635459003e+01
  -1.2000000000000000e+01  -6.4682530622464199e+01
  -1.1000000000000000e+01  -6.4077248442297503e+01
  -1.0000000000000000e+01  -6.3846024561888200e+01
  -9.0000000000000000e+00  -6.2967608100547700e+01
  -8.0000000000000000e+00  -6.2085453847617998e+01
  -7.0000000000000000e+00  -6.1117643616133797e+01
  -6.0000000000000000e+00  -6.0204231931824800e+01
  -5.0000000000000000e+00  -5.8652807753204300e+01
  -4.0000000000000000e+00  -5.6924217417576202e+01
  -3.0000000000000000e+00  -5.3957768472635202e+01
  -2.0000000000000000e+00  -4.8063278785186000e+01
  -1.0000000000000000e+00  -3.0699878660458999e+01
   0.0000000000000000e+00  -1.0118355004381600e+01
   1.0000000000000000e+00   5.5460935845460897e+00
   2.0000000000000000e+00   1.5061540276106500e+01
   3.0000000000000000e+00   2.0230088157950298e+01
   4.0000000000000000e+00   2.3051670287493000e+01
   5.0000000000000000e+00   2.4871315428944200e+01
   6.0000000000000000e+00   2.5423333318299399e+01
   7.0000000000000000e+00   2.6286448083733799e+01
   8.0000000000000000e+00   2.6153866786590601e+01
   9.0000000000000000e+00   2.5930314192290201e+01
   1.0000000000000000e+01   2.6379933882516699e+01
   1.1000000000000000e+01   2.6517230311391199e+01
   1.2000000000000000e+01   2.7100535746525399e+01
   1.3000000000000000e+01   2.7574162416556600e+01
   1.4000000000000000e+01   2.8117102840487000e+01
   1.5000000000000000e+01   2.8326474974253799e+01
   1.6000000000000000e+01   2.8286985406809301e+01
   1.7000000000000000e+01   2.8768015667792401e+01
   1.8000000000000000e+01   2.9035004169306202e+01
   1.9000000000000000e+01   2.9326156696423102e+01
   2.0000000000000000e+01   2.9123806813328201e+01
   2.1000000000000000e+01   2.8762898170492999e+01
   2.2000000000000000e+01   2.8892825031626799e+01
   2.3000000000000000e+01   2.8681708866825002e+01
   2.4000000000000000e+01   2.9057648806859898e+01
   2.5000000000000000e+01   2.9486554895812901e+01
   2.6000000000000000e+01   2.9642011677379902e+01
   2.7000000000000000e+01   2.9916113642476599e+01
   2.8000000000000000e+01   2.9495348559184400e+01
   2.9000000000000000e+01   2.9637689753256399e+01
   3.0000000000000000e+01   2.9971317856533801e+01
   3.1000000000000000e+01   3.0072490689023500e+01
   3.2000000000000000e+01   3.0161798850411301e+01
   3.3000000000000000e+01   3.0113597441629398e+01
   3.4000000000000000e+01   3.0338196518988301e+01
   3.5000000000000000e+01   3.0741737859408300e+01
   3.6000000000000000e+01   3.0326991951308699e+01
   3.7000000000000000e+01   3.0468430146845201e+01
   3.8000000000000000e+01   3.0147081973632101e+01
   3.9000000000000000e+01   3.0312798656670299e+01
   4.0000000000000000e+01   3.0455274328443000e+01
   4.1000000000000000e+01   3.0211980686271598e+01
   4.2000000000000000e+01   3.0110873920852999e+01
   4.3000000000000000e+01   3.0226156617184699e+01
   4.4000000000000000e+01   3.0103439968940201e+01
   4.5000000000000000e+01   3.0546244992222402e+01
   4.6000000000000000e+01   3.0311025457396799e+01
   4.7000000000000000e+01   3.0117909630373301e+01
   4.8000000000000000e+01   3.0302546646389899e+01
   4.9000000000000000e+01   2.9911654174041900e+01
   5.0000000000000000e+01   3.0699222284340401e+01
   5.1000000000000000e+01   3.0715197760276698e+01
   5.2000000000000000e+01   3.0979458794229298e+01
   5.3000000000000000e+01   3.0989826270454500e+01
   5.4000000000000000e+01   3.1321606831354199e+01
   5.5000000000000000e+01   3.1256624749178201e+01
   5.6000000000000000e+01   3.1748366090158399e+01
   5.7000000000000000e+01   3.2177690728534202e+01
   5.8000000000000000e+01   3.1972482851541098e+01
   5.9000000000000000e+01   3.1961128386953000e+01
   6.0000000000000000e+01   3.1971110973217201e+01
   6.1000000000000000e+01   3.2081796907860500e+01
   6.2000000000000000e+01   3.2356652004145602e+01
   6.3000000000000000e+01   3.2638964044562897e+01
   6.4000000000000000e+01   3.2833261179114601e+01
   6.5000000000000000e+01   3.2943294884049202e+01
   6.6000000000000000e+01   3.2870300452258299e+01
   6.7000000000000000e+01   3.3293142337290703e+01
   6.8000000000000000e+01   3.3108769349338900e+01
   6.9000000000000000e+01   3.2720826785167503e+01
   7.0000000000000000e+01   3.2849067181801900e+01
   7.1000000000000000e+01   3.3059492861090398e+01
   7.2000000000000000e+01   3.3066731182345698e+01
   7.3000000000000000e+01   3.3205957969699298e+01
   7.4000000000000000e+01   3.3220491302016100e+01
   7.5000000000000000e+01   3.3772725621393100e+01
   7.6000000000000000e+01   3.3888570543390202e+01
   7.7000000000000000e+01   3.3807163063325604e+01
   7.8000000000000000e+01   3.4210070842292701e+01
   7.9000000000000000e+01   3.4543891547964698e+01
   8.0000000000000000e+01   3.4908114620693297e+01
   8.1000000000000000e+01   3.5236438722350996e+01
   8.2000000000000000e+01   3.5213441783201198e+01
   8.3000000000000000e+01   3.4734083201585499e+01
   8.4000000000000000e+01   3.4582882493262801e+01
   8.5000000000000000e+01   3.4451150008408000e+01
   8.6000000000000000e+01   3.4984076676102298e+01
   8.7000000000000000e+01   3.4960170680238498e+01
   8.8000000000000000e+01   3.5084544089410798e+01
   8.9000000000000000e+01   3.5186895998929003e+01
   9.0000000000000000e+01   3.4926405629719000e+01
   9.1000000000000000e+01   3.4931982389605999e+01
   9.2000000000000000e+01   3.5093336689491601e+01
   9.3000000000000000e+01   3.4830513320421304e+01
   9.4000000000000000e+01   3.5172612109766298e+01
   9.5000000000000000e+01   3.5700457238170998e+01
   9.6000000000000000e+01   3.5513369765036501e+01
   9.7000000000000000e+01   3.5480515767783103e+01
   9.8000000000000000e+01   3.5689566690287101e+01
   9.9000000000000000e+01   3.5898568286350702e+01
   1.0000000000000000e+02   3.6026489326079002e+01
   1.0100000000000000e+02   3.5785751099226800e+01
   1.0200000000000000e+02   3.6273820124107701e+01
   1.0300000000000000e+02   3.6255214632937403e+01
   1.0400000000000000e+02   3.6325589800484003e+01
   1.0500000000000000e+02   3.5566728466991798e+01
   1.0600000000000000e+02   3.5005187824626901e+01
   1.0700000000000000e+02   3.5090244358115100e+01
   1.0800000000000000e+02   3.4732847180345303e+01
   1.0900000000000000e+02   3.4725082082683997e+01
   1.1000000000000000e+02   3.4575119408180903e+01
   1.1100000000000000e+02   3.4786248833781201e+01
   1.1200000000000000e+02   3.4496407203860500e+01
   1.1300000000000000e+02   3.4332289709062202e+01
   1.1400000000000000e+02   3.3824553842033900e+01
   1.1500000000000000e+02   3.4342426958941601e+01
   1.1600000000000000e+02   3.3941552384147101e+01
   1.1700000000000000e+02   3.3974739945464002e+01
   1.1800000000000000e+02   3.4209572887395503e+01
   1.1900000000000000e+02   3.4130536296080400e+01
   1.2000000000000000e+02   3.3838435186047299e+01
   1.2100000000000000e+02   3.3603425144569002e+01
   1.2200000000000000e+02   3.3804913020206797e+01
   1.2300000000000000e+02   3.3793897805832003e+01
   1.2400000000000000e+02   3.3467539368659303e+01
   1.2500000000000000e+02   3.3347516529651799e+01
   1.2600000000000000e+02   3.2956283164141297e+01
   1.2700000000000000e+02   3.2987147688867800e+01
   1.2800000000000000e+02   3.3309851965404299e+01
   1.2900000000000000e+02   3.2807910355729597e+01
   1.3000000000000000e+02   3.2561064935962698e+01
   1.3100000000000000e+02   3.2873966674748097e+01
   1.3200000000000000e+02   3.2582482308056598e+01
   1.3300000000000000e+02   3.2566814674829203e+01
   1.3400000000000000e+02   3.2676570965035900e+01
   1.3500000000000000e+02   3.2153044839356497e+01
   1.3600000000000000e+02   3.2278429117615701e+01
   1.3700000000000000e+02   3.2326148178866902e+01
   1.3800000000000000e+02   3.1990569308694500e+01
   1.3900000000000000e+02   3.1898432562187800e+01
   1.4000000000000000e+02   3.1566198174583000e+01
   1.4100000000000000e+02   3.1634921971546799e+01
   1.4200000000000000e+02   3.1333610278719298e+01
   1.4300000000000000e+02   3.0961576812346699e+01
   1.4400000000000000e+02   3.1262500506934700e+01
   1.4500000000000000e+02   3.1269291042206699e+01
   1.4600000000000000e+02   3.1313948898576200e+01
   1.4700000000000000e+02   3.1944303115143700e+01
   1.4800000000000000e+02   3.2189032616598098e+01
   1.4900000000000000e+02   3.2195611801946399e+01
   1.5000000000000000e+02   3.1764967350452899e+01
   1.5100000000000000e+02   3.1421303907949099e+01
   1.5200000000000000e+02   3.1192413811936898e+01
   1.5300000000000000e+02   3.1163317215331801e+01
   1.5400000000000000e+02   3.1238025262349900e+01
   1.5500000000000000e+02   3.0589539019257099e+01
   1.5600000000000000e+02   3.0538608724217600e+01
   1.5700000000000000e+02   3.0082796639349201e+01
   1.5800000000000000e+02   3.0131746586901102e+01
   1.5900000000000000e+02   2.9923638763791999e+01
   1.6000000000000000e+02   2.9718015101511799e+01
   1.6100000000000000e+02   2.9510445098914300e+01
   1.6200000000000000e+02   2.9047605351649100e+01
   1.6300000000000000e+02   2.8676732724972101e+01
   1.6400000000000000e+02   2.8887470818608701e+01
   1.6500000000000000e+02   2.8954399863597502e+01
   1.6600000000000000e+02   2.9252340482371601e+01
   1.6700000000000000e+02   2.9559016768340900e+01
   1.6800000000000000e+02   2.9769459607480201e+01
   1.6900000000000000e+02   2.9445211597945299e+01
   1.7000000000000000e+02   2.8990165532987600e+01
   1.7100000000000000e+02   2.8741690071633101e+01
   1.7200000000000000e+02   2.8677319561069002e+01
   1.7300000000000000e+02   2.9038049201534001e+01
   1.7400000000000000e+02   2.9119881380630300e+01
   1.7500000000000000e+02   2.8946450857271898e+01
   1.7600000000000000e+02   2.9079242700195799e+01
   1.7700000000000000e+02   2.8952548237960599e+01
   1.7800000000000000e+02   2.8757143369491299e+01
   1.7900000000000000e+02   2.8581708982255801e+01
   1.8000000000000000e+02   2.8326856600200198e+01
   1.8100000000000000e+02   2.8305062017171799e+01
   1.8200000000000000e+02   2.8096710677360100e+01
   1.8300000000000000e+02   2.8725780405528301e+01
   1.8400000000000000e+02   2.8610823015283700e+01
   1.8500000000000000e+02   2.8733665402205101e+01
   1.8600000000000000e+02   2.8766555567881799e+01
   1.8700000000000000e+02   2.8882955874983701e+01
   1.8800000000000000e+02   2.8398596476142401e+01
   1.8900000000000000e+02   2.8484848630228100e+01
   1.9000000000000000e+02   2.8648585038015000e+01
   1.9100000000000000e+02   2.8680567531685401e+01
   1.9200000000000000e+02   2.8589938600547999e+01
   1.9300000000000000e+02   2.8746080396123698e+01
   1.9400000000000000e+02   2.8555181893494598e+01
   1.9500000000000000e+02   2.8284266764036701e+01
   1.9600000000000000e+02   2.8519435882338598e+01
   1.9700000000000000e+02   2.8237359577451901e+01
   1.9800000000000000e+02   2.8555868416022001e+01
   1.9900000000000000e+02   2.8616680098575600e+01
   2.0000000000000000e+02   2.8173609861099401e+01
   2.0100000000000000e+02   2.7879619623897600e+01
   2.0200000000000000e+02   2.7969672936793899e+01
   2.0300000000000000e+02   2.7658567077211401e+01
   2.0400000000000000e+02   2.7046865500469600e+01
   2.0500000000000000e+02   2.7143345293220300e+01
   2.0600000000000000e+02   2.7039085173076099e+01
   2.0700000000000000e+02   2.6880483360108201e+01
   2.0800000000000000e+02   2.6597838367240399e+01
   2.0900000000000000e+02   2.6386322162207701e+01
   2.1000000000000000e+02   2.6481069807945900e+01
   2.1100000000000000e+02   2.6247411970891200e+01
   2.1200000000000000e+02   2.5950896456119100e+01
   2.1300000000000000e+02   2.5988787661340201e+01
   2.1400000000000000e+02   2.5410316783556400e+01
   2.1500000000000000e+02   2.5766667594284101e+01
   2.1600000000000000e+02   2.5638857000081298e+01
   2.1700000000000000e+02   2.5744631820915401e+01
   2.1800000000000000e+02   2.4963105176031501e+01
   2.1900000000000000e+02   2.4804851501843999e+01
   2.2000000000000000e+02   2.4232628648850600e+01
   2.2100000000000000e+02   2.3916284608557898e+01
   2.2200000000000000e+02   2.3858899513238299e+01
   2.2300000000000000e+02   2.3702010095452401e+01
   2.2400000000000000e+02   2.3507850034115599e+01
   2.2500000000000000e+02   2.2775243431177199e+01
   2.2600000000000000e+02   2.2972772131335201e+01
   2.2700000000000000e+02   2.3271447638169398e+01
   2.2800000000000000e+02   2.3561246266899602e+01
   2.2900000000000000e+02   2.3781061170371700e+01
   2.3000000000000000e+02   2.3657324847684201e+01
   2.3100000000000000e+02   2.3478503115678400e+01
   2.3200000000000000e+02   2.3542232264350702e+01
   2.3300000000000000e+02   2.3237039642423099e+01
   2.3400000000000000e+02   2.3291535936527900e+01
   2.3500000000000000e+02   2.3395649681842698e+01
   2.3600000000000000e+02   2.3514793319994599e+01
   2.3700000000000000e+02   2.2853596107525298e+01
   2.3800000000000000e+02   2.3093602751366198e+01
   2.3900000000000000e+02   2.2883096343051498e+01
   2.4000000000000000e+02   2.2315139913188901e+01
   2.4100000000000000e+02   2.2022998066149000e+01
   2.4200000000000000e+02   2.2299157788744399e+01
   2.4300000000000000e+02   2.2617632907216699e+01
   2.4400000000000000e+02   2.2675513848127501e+01
   2.4500000000000000e+02   2.2706011418497699e+01
   2.4600000000000000e+02   2.2795255060529598e+01
   2.4700000000000000e+02   2.2557249477033199e+01
   2.4800000000000000e+02   2.2305530140665201e+01
   2.4900000000000000e+02   2.2144261468028301e+01
   2.5000000000000000e+02   2.2326035868712601e+01
   2.5100000000000000e+02   2.2277548697885798e+01
   2.5200000000000000e+02   2.1886275272577400e+01
   2.5300000000000000e+02   2.1909397741573500e+01
   2.5400000000000000e+02   2.1752870820219002e+01
   2.5500000000000000e+02   2.1623547280070500e+01
   2.5600000000000000e+02   2.1217019633302598e+01
   2.5700000000000000e+02   2.0774144971346200e+01
   2.5800000000000000e+02   2.0667548903378400e+01
   2.5900000000000000e+02   2.0390199811751199e+01
   2.6000000000000000e+02   2.0293536458344700e+01
   2.6100000000000000e+02   2.0813446295727999e+01
   2.6200000000000000e+02   2.0324526733339901e+01
   2.6300000000000000e+02   1.9716213899817699e+01
   2.6400000000000000e+02   1.9740020733288901e+01
   2.6500000000000000e+02   1.9962437390105801e+01
   2.6600000000000000e+02   2.0254020988290200e+01
   2.6700000000000000e+02   2.0622220241267399e+01
   2.6800000000000000e+02   2.0796136274506001e+01
   2.6900000000000000e+02   2.0875210977946701e+01
   2.7000000000000000e+02   2.0632975088084599e+01
   2.7100000000000000e+02   2.0098405458650198e+01
   2.7200000000000000e+02   2.0053086064921800e+01
   2.7300000000000000e+02   1.9120915133819299e+01
   2.7400000000000000e+02   1.8844582989199100e+01
   2.7500000000000000e+02   1.8984298935739201e+01
   2.7600000000000000e+02   1.8442586123369601e+01
   2.7700000000000000e+02   1.8113374422488899e+01
   2.7800000000000000e+02   1.8129914919336400e+01
   2.7900000000000000e+02   1.8074899608897798e+01
   2.8000000000000000e+02   1.7810874448183000e+01
   2.8100000000000000e+02   1.7479335562506499e+01
   2.8200000000000000e+02   1.6703405288577500e+01
   2.8300000000000000e+02   1.6583364601521001e+01
   2.8400000000000000e+02   1.6487931900095699e+01
   2.8500000000000000e+02   1.6287569268859901e+01
   2.8600000000000000e+02   1.5872520647003400e+01
   2.8700000000000000e+02   1.5234163647571600e+01
   2.8800000000000000e+02   1.5355820431719300e+01
   2.8900000000000000e+02   1.5005466400718600e+01
   2.9000000000000000e+02   1.5207992156735900e+01
   2.9100000000000000e+02   1.5016748352004100e+01
   2.9200000000000000e+02   1.5287815198060700e+01
   2.9300000000000000e+02   1.4655811351470000e+01
   2.9400000000000000e+02   1.4447201309108801e+01
   2.9500000000000000e+02   1.3929896286131800e+01
   2.9600000000000000e+02   1.3135510766683501e+01
   2.9700000000000000e+02   1.2547195496407600e+01
   2.9800000000000000e+02   1.2974728462419700e+01
   2.9900000000000000e+02   1.2737407935297499e+01
   3.0000000000000000e+02   1.3048197319943100e+01
   3.0100000000000000e+02   1.2825702551242999e+01
   3.0200000000000000e+02   1.2672710707103700e+01
   3.0300000000000000e+02   1.2738056251436900e+01
   3.0400000000000000e+02   1.3130773459148600e+01
   3.0500000000000000e+02   1.2712785457611700e+01
   3.0600000000000000e+02   1.2275745523798800e+01
   3.0700000000000000e+02   1.2532014482266000e+01
   3.0800000000000000e+02   1.1975692229919400e+01
   3.0900000000000000e+02   1.1444582737401101e+01
   3.1000000000000000e+02   1.1504919259786099e+01
   3.1100000000000000e+02   1.1263317008678399e+01
   3.1200000000000000e+02   1.1661627615680400e+01
   3.1300000000000000e+02   1.1639684130960701e+01
   3.1400000000000000e+02   1.0863220437192499e+01
   3.1500000000000000e+02   1.0562390349989100e+01
   3.1600000000000000e+02   1.0476886861636601e+01
   3.1700000000000000e+02   9.6936770414185904e+00
   3.1800000000000000e+02   9.6870618227504206e+00
   3.1900000000000000e+02   8.7680578113501006e+00
   3.2000000000000000e+02   8.2632115605576697e+00
   3.2100000000000000e+02   8.0900990184427801e+00
   3.2200000000000000e+02   7.7128205654641704e+00
   3.2300000000000000e+02   7.3855929554776800e+00
   3.2400000000000000e+02   7.2201319826290797e+00
   3.2500000000000000e+02   6.8311808619719896e+00
   3.2600000000000000e+02   6.4010439773831802e+00
   3.2700000000000000e+02   6.1552169463053996e+00
   3.2800000000000000e+02   5.8281572320258803e+00
   3.2900000000000000e+02   5.9250110117547301e+00
   3.3000000000000000e+02   5.8143091437986598e+00
   3.3100000000000000e+02   5.0044841991825200e+00
   3.3200000000000000e+02   4.9885951720381998e+00
   3.3300000000000000e+02   4.7983093769855998e+00
   3.3400000000000000e+02   4.2910167445171101e+00
   3.3500000000000000e+02   4.1723061408985203e+00
   3.3600000000000000e+02   4.0014941269992201e+00
   3.3700000000000000e+02   3.7267064152445402e+00
   3.3800000000000000e+02   3.5786450227150799e+00
   3.3900000000000000e+02   3.8313314123406901e+00
   3.4000000000000000e+02   3.9102361476436300e+00
   3.4100000000000000e+02   3.7584428065616802e+00
   3.4200000000000000e+02   3.0646488956085101e+00
   3.4300000000000000e+02   2.5174029421053898e+00
   3.4400000000000000e+02   2.1735333267413299e+00
   3.4500000000000000e+02   2.2005404935658901e+00
   3.4600000000000000e+02   1.8572975711608100e+00
   3.4700000000000000e+02   1.5442716154630001e+00
   3.4800000000000000e+02   1.1832208938715900e+00
   3.4900000000000000e+02   5.1244217825259097e-01
   3.5000000000000000e+02   9.6511446973021303e-02
   3.5100000000000000e+02  -1.8932236168730801e-01
   3.5200000000000000e+02  -2.7126795849295998e-01
   3.5300000000000000e+02  -8.8535666817302405e-01
   3.5400000000000000e+02  -9.0510525335261305e-01
   3.5500000000000000e+02  -1.2992875979079901e+00
   3.5600000000000000e+02  -2.0423907318834100e+00
   3.5700000000000000e+02  -1.7843135921344200e+00
   3.5800000000000000e+02  -1.6108646629194701e+00
   3.5900000000000000e+02  -1.6595315742858701e+00
   3.6000000000000000e+02  -1.9048111124245000e+00
   3.6100000000000000e+02  -2.2626052453438001e+00
   3.6200000000000000e+02  -3.3096995980226800e+00
   3.6300000000000000e+02  -3.4442665633321901e+00
   3.6400000000000000e+02  -3.3534833238993702e+00
   3.6500000000000000e+02  -3.4669965689710098e+00
   3.6600000000000000e+02  -3.7941406990561299e+00
   3.6700000000000000e+02  -3.8404537399214802e+00
   3.6800000000000000e+02  -4.0677218771841801e+00
   3.6900000000000000e+02  -3.9905072405638702e+00
   3.7000000000000000e+02  -4.0099434764812703e+00
   3.7100000000000000e+02  -4.5459815832343597e+00
   3.7200000000000000e+02  -4.5105475038538296e+00
   3.7300000000000000e+02  -4.7540927962135298e+00
   3.7400000000000000e+02  -5.0811596209663303e+00
   3.7500000000000000e+02  -5.1544809598940997e+00
   3.7600000000000000e+02  -5.1532737713744501e+00
   3.7700000000000000e+02  -5.2060306954995097e+00
   3.7800000000000000e+02  -6.0052453632619303e+00
   3.7900000000000000e+02  -6.6203264603709897e+00
   3.8000000000000000e+02  -6.7502657850115098e+00
   3.8100000000000000e+02  -7.1422610659362897e+00
   3.8200000000000000e+02  -7.1336676808854396e+00
   3.8300000000000000e+02  -7.1240268569336997e+00
   3.8400000000000000e+02  -7.2835258870611899e+00
   3.8500000000000000e+02  -7.4955097235438304e+00
   3.8600000000000000e+02  -7.8829355586526200e+00
   3.8700000000000000e+02  -8.2151828961309104e+00
   3.8800000000000000e+02  -8.3437291116527295e+00
   3.8900000000000000e+02  -8.4629225784354105e+00
   3.9000000000000000e+02  -8.6142905777682106e+00
   3.9100000000000000e+02  -8.9749084449177907e+00
   3.9200000000000000e+02  -8.7658328400351007e+00
   3.9300000000000000e+02  -8.7248279340744492e+00
   3.9400000000000000e+02  -9.3856108657946304e+00
   3.9500000000000000e+02  -9.2627862350788206e+00
   3.9600000000000000e+02  -9.6939355159536706e+00
   3.9700000000000000e+02  -9.8397379288587903e+00
   3.9800000000000000e+02  -1.0601623647962400e+01
   3.9900000000000000e+02  -1.1190711858829101e+01
   4.0000000000000000e+02  -1.1637128776199900e+01
   4.0100000000000000e+02  -1.1899090328618200e+01
   4.0200000000000000e+02  -1.2110068029411099e+01
   4.0300000000000000e+02  -1.1964482855497200e+01
   4.0400000000000000e+02  -1.2329365287220000e+01
   4.0500000000000000e+02  -1.2700401979757300e+01
   4.0600000000000000e+02  -1.3091163046051999e+01
   4.0700000000000000e+02  -1.3760248509463899e+01
   4.0800000000000000e+02  -1.3767564902517201e+01
   4.0900000000000000e+02  -1.4145955786774200e+01
   4.1000000000000000e+02  -1.4235699166791200e+01
   4.1100000000000000e+02  -1.4697518312086400e+01
   4.1200000000000000e+02  -1.4715333722680500e+01
   4.1300000000000000e+02  -1.5215346154850399e+01
   4.1400000000000000e+02  -1.5499818757028100e+01
   4.1500000000000000e+02  -1.6602748519359999e+01
   4.1600000000000000e+02  -1.6700875949061299e+01
   4.1700000000000000e+02  -1.7265244316532499e+01
   4.1800000000000000e+02  -1.7993255262446301e+01
   4.1900000000000000e+02  -1.8055083202977901e+01
   4.2000000000000000e+02  -1.8641548100452699e+01
   4.2100000000000000e+02  -1.9552245641118901e+01
   4.2200000000000000e+02  -2.0036059800960700e+01
   4.2300000000000000e+02  -2.0425848433527701e+01
   4.2400000000000000e+02  -2.0498845993132900e+01
   4.2500000000000000e+02  -2.1359998181198002e+01
   4.2600000000000000e+02  -2.1596053087836498e+01
   4.2700000000000000e+02  -2.1464227140218199e+01
   4.2800000000000000e+02  -2.1956618209405999e+01
   4.2900000000000000e+02  -2.2194070231844499e+01
   4.3000000000000000e+02  -2.2563959129525202e+01
   4.3100000000000000e+02  -2.2876823545589001e+01
   4.3200000000000000e+02  -2.3263369550581299e+01
   4.3300000000000000e+02  -2.4248357587436999e+01
   4.3400000000000000e+02  -2.4499961469289200e+01
   4.3500000000000000e+02  -2.4711318697518600e+01
   4.3600000000000000e+02  -2.5281949583785700e+01
   4.3700000000000000e+02  -2.5889458421475300e+01
   4.3800000000000000e+02  -2.6214925134880101e+01
   4.3900000000000000e+02  -2.6724170548406299e+01
   4.4000000000000000e+02  -2.7454689829644600e+01
   4.4100000000000000e+02  -2.7595445917885598e+01
   4.4200000000000000e+02  -2.8398235557625402e+01
   4.4300000000000000e+02  -2.8603873220851501e+01
   4.4400000000000000e+02  -2.9086660502462301e+01
   4.4500000000000000e+02  -2.9930411006372299e+01
   4.4600000000000000e+02  -3.0290047739908299e+01
   4.4700000000000000e+02  -3.1008966798008800e+01
   4.4800000000000000e+02  -3.1730283114527801e+01
   4.4900000000000000e+02  -3.2654734394420601e+01
   4.5000000000000000e+02  -3.2917078459564998e+01
   4.5100000000000000e+02  -3.3069002614596997e+01
   4.5200000000000000e+02  -3.3563453795375302e+01
   4.5300000000000000e+02  -3.3568172700929601e+01
   4.5400000000000000e+02  -3.3558253665093503e+01
   4.5500000000000000e+02  -3.4043469683802698e+01
   4.5600000000000000e+02  -3.4852257774093701e+01
   4.5700000000000000e+02  -3.5088815173613398e+01
   4.5800000000000000e+02  -3.5313338069524200e+01
   4.5900000000000000e+02  -3.5889703961767800e+01
   4.6000000000000000e+02  -3.6233041438667698e+01
   4.6100000000000000e+02  -3.6389535149101398e+01
   4.6200000000000000e+02  -3.6477487305889902e+01
   4.6300000000000000e+02  -3.7186412298207898e+01
   4.6400000000000000e+02  -3.7838156413177501e+01
   4.6500000000000000e+02  -3.7685133579320201e+01
   4.6600000000000000e+02  -3.7467704081961799e+01
   4.6700000000000000e+02  -3.8167860145545298e+01
   4.6800000000000000e+02  -3.8716416854544697e+01
   4.6900000000000000e+02  -3.8833440054315503e+01
   4.7000000000000000e+02  -3.8861968968312802e+01
   4.7100000000000000e+02  -3.9186179404398501e+01
   4.7200000000000000e+02  -3.9162119447682599e+01
   4.7300000000000000e+02  -3.9524468620031001e+01
   4.7400000000000000e+02  -4.0160139918819802e+01
   4.7500000000000000e+02  -4.0178065803926103e+01
   4.7600000000000000e+02  -4.0652824787514703e+01
   4.7700000000000000e+02  -4.1498847783407001e+01
   4.7800000000000000e+02  -4.2049625901551998e+01
   4.7900000000000000e+02  -4.2584578626114002e+01
   4.8000000000000000e+02  -4.2033889620636003e+01
   4.8100000000000000e+02  -4.2587620345087899e+01
   4.8200000000000000e+02  -4.2875356722304197e+01
   4.8300000000000000e+02  -4.3335485676183197e+01
   4.8400000000000000e+02  -4.3289267695042597e+01
   4.8500000000000000e+02  -4.3113139342720700e+01
   4.8600000000000000e+02  -4.3203764637294697e+01
   4.8700000000000000e+02  -4.3427025750222199e+01
   4.8800000000000000e+02  -4.3629024241901497e+01
   4.8900000000000000e+02  -4.3814014918413903e+01
   4.9000000000000000e+02  -4.3587431699949903e+01
   4.9100000000000000e+02  -4.4126344727086298e+01
   4.9200000000000000e+02  -4.4816859528496998e+01
   4.9300000000000000e+02  -4.5119799055076001e+01
   4.9400000000000000e+02  -4.5880284688054203e+01
   4.9500000000000000e+02  -4.6551329765678403e+01
   4.9600000000000000e+02  -4.6865800415313501e+01
   4.9700000000000000e+02  -4.6655111696666097e+01
   4.9800000000000000e+02  -4.6753013833068401e+01
   4.9900000000000000e+02  -4.7135511328709498e+01
   5.0000000000000000e+02  -4.7456830225128499e+01
   5.0100000000000000e+02  -4.7732931555151097e+01
   5.0200000000000000e+02  -4.8478772202861400e+01
   5.0300000000000000e+02  -4.9039035852854298e+01
   5.0400000000000000e+02  -4.8681491417770701e+01
   5.0500000000000000e+02  -4.8766986203676701e+01
   5.0600000000000000e+02  -4.9204045266217797e+01
   5.0700000000000000e+02  -4.9590089935322801e+01
   5.0800000000000000e+02  -4.9602470291041300e+01
   5.0900000000000000e+02  -4.9858073588571102e+01
   5.1000000000000000e+02  -5.0163778540426698e+01
   5.1100000000000000e+02  -5.0808293607704499e+01
   5.1200000000000000e+02  -5.1304157359286599e+01
   5.1300000000000000e+02  -5.2004009701891100e+01
   5.1400000000000000e+02  -5.2363707767060802e+01
   5.1500000000000000e+02  -5.2649817039100597e+01
   5.1600000000000000e+02  -5.2664457613814101e+01
   5.1700000000000000e+02  -5.3285926723812501e+01
   5.1800000000000000e+02  -5.3259697690528199e+01
   5.1900000000000000e+02  -5.3484176670388699e+01
   5.2000000000000000e+02  -5.3601206812578098e+01
   5.2100000000000000e+02  -5.3888419096309299e+01
   5.2200000000000000e+02  -5.4785598397430299e+01
   5.2300000000000000e+02  -5.5212975820748802e+01
   5.2400000000000000e+02  -5.5826513631716701e+01
   5.2500000000000000e+02  -5.6435610823657100e+01
   5.2600000000000000e+02  -5.6405591792673498e+01
   5.2700000000000000e+02  -5.6664990913390803e+01
   5.2800000000000000e+02  -5.6866051214081601e+01
   5.2900000000000000e+02  -5.6783884388675602e+01
   5.3000000000000000e+02  -5.7579788394477198e+01
   5.3100000000000000e+02  -5.8025395939746197e+01
   5.3200000000000000e+02  -5.8762814144243698e+01
   5.3300000000000000e+02  -5.8945193060616397e+01
   5.3400000000000000e+02  -5.9421662530160603e+01
   5.3500000000000000e+02  -5.9989349531499897e+01
   5.3600000000000000e+02  -6.0400569095363203e+01
   5.3700000000000000e+02  -6.0439914154169998e+01
   5.3800000000000000e+02  -6.0680548009944403e+01
   5.3900000000000000e+02  -6.0908451225732300e+01
   5.4000000000000000e+02  -6.1518141999290002e+01
   5.4100000000000000e+02  -6.2210192025573200e+01
   5.4200000000000000e+02  -6.2556187298725398e+01
   5.4300000000000000e+02  -6.2880890864530500e+01
   5.4400000000000000e+02  -6.3381978742651199e+01
   5.4500000000000000e+02  -6.3697603740662501e+01
   5.4600000000000000e+02  -6.4264928322061905e+01
   5.4700000000000000e+02  -6.4273256822831897e+01
   5.4800000000000000e+02  -6.4583486931858403e+01
   5.4900000000000000e+02  -6.5329085040873693e+01
   5.5000000000000000e+02  -6.5989940379812197e+01
   5.5100000000000000e+02  -6.6156127500341796e+01
   5.5200000000000000e+02  -6.6238167942393801e+01
   5.5300000000000000e+02  -6.6534796566556395e+01
   5.5400000000000000e+02  -6.6519334424989594e+01
   5.5500000000000000e+02  -6.6687708112579401e+01
   5.5600000000000000e+02  -6.7362130085378197e+01
   5.5700000000000000e+02  -6.7368517445906605e+01
   5.5800000000000000e+02  -6.7972817311110305e+01
   5.5900000000000000e+02  -6.7739820268960500e+01
   5.6000000000000000e+02  -6.7959513202328594e+01
   5.6100000000000000e+02  -6.8115685454817907e+01
   5.6200000000000000e+02  -6.8661279327606294e+01
   5.6300000000000000e+02  -6.9179980798255400e+01
   5.6400000000000000e+02  -6.9369428077895705e+01
   5.6500000000000000e+02  -6.9816051086562297e+01
   5.6600000000000000e+02  -6.9813201728753000e+01
   5.6700000000000000e+02  -7.0088152736657193e+01
   5.6800000000000000e+02  -7.0207771569716499e+01
   5.6900000000000000e+02  -6.9986180798038205e+01
   5.7000000000000000e+02  -6.9759844318756095e+01
   5.7100000000000000e+02  -7.0467763223404106e+01
   5.7200000000000000e+02  -7.0686825633025194e+01
   5.7300000000000000e+02  -7.0974509206884093e+01
   5.7400000000000000e+02  -7.1434764265448507e+01
   5.7500000000000000e+02  -7.1575079076513205e+01
   5.7600000000000000e+02  -7.1351092816749400e+01
   5.7700000000000000e+02  -7.1417215012970104e+01
   5.7800000000000000e+02  -7.1713795780905201e+01
   5.7900000000000000e+02  -7.1801253655872898e+01
   5.8000000000000000e+02  -7.2346546280821400e+01
   5.8100000000000000e+02  -7.2613608987565996e+01
   5.8200000000000000e+02  -7.2529840493220604e+01
   5.8300000000000000e+02  -7.3024293655060703e+01
   5.8400000000000000e+02  -7.3160608401386597e+01
   5.8500000000000000e+02  -7.3422536640619100e+01
   5.8600000000000000e+02  -7.3839621561043899e+01
   5.8700000000000000e+02  -7.4158454193220294e+01
   5.8800000000000000e+02  -7.4228218559695605e+01
   5.8900000000000000e+02  -7.4371483531159299e+01
   5.9000000000000000e+02  -7.4327514872177701e+01
   5.9100000000000000e+02  -7.4470984839994898e+01
   5.9200000000000000e+02  -7.4957392015393097e+01
   5.9300000000000000e+02  -7.4731753717370694e+01
   5.9400000000000000e+02  -7.4826397811350802e+01
   5.9500000000000000e+02  -7.4880126761630294e+01
   5.9600000000000000e+02  -7.4955427973186204e+01
   5.9700000000000000e+02  -7.5442645812090504e+01
   5.9800000000000000e+02  -7.5422186257218002e+01
   5.9900000000000000e+02  -7.4888732455844405e+01
   6.0000000000000000e+02  -7.5120416661363606e+01
   6.0100000000000000e+02  -7.5645028130459707e+01
   6.0200000000000000e+02  -7.5550812503375695e+01
   6.0300000000000000e+02  -7.5179046627951905e+01
   6.0400000000000000e+02  -7.5341334968111596e+01
   6.0500000000000000e+02  -7.5316344395182099e+01
   6.0600000000000000e+02  -7.5235066549847204e+01
   6.0700000000000000e+02  -7.4938681594989802e+01
   6.0800000000000000e+02  -7.5218611595515100e+01
   6.0900000000000000e+02  -7.5341706347340207e+01
   6.1000000000000000e+02  -7.5192982943839098e+01
   6.1100000000000000e+02  -7.5568466816771107e+01
   6.1200000000000000e+02  -7.5608314184738106e+01
   6.1300000000000000e+02  -7.5569783167079194e+01
   6.1400000000000000e+02  -7.6094148760024396e+01
   6.1500000000000000e+02  -7.6320677602963599e+01
   6.1600000000000000e+02  -7.6762378265834599e+01
   6.1700000000000000e+02  -7.7059014358171595e+01
   6.1800000000000000e+02  -7.7418856870507099e+01
   6.1900000000000000e+02  -7.7483818232537203e+01
   6.2000000000000000e+02  -7.7733613200724406e+01
   6.2100000000000000e+02  -7.7184977526897001e+01
   6.2200000000000000e+02  -7.6956442332125206e+01
   6.2300000000000000e+02  -7.6878220531332104e+01
   6.2400000000000000e+02  -7.6615423290291901e+01
   6.2500000000000000e+02  -7.6538223428355806e+01
   6.2600000000000000e+02  -7.6356655722915207e+01
   6.2700000000000000e+02  -7.6167664019354405e+01
   6.2800000000000000e+02  -7.6448053259266104e+01
   6.2900000000000000e+02  -7.5511187187985101e+01
   6.3000000000000000e+02  -7.5146396088244202e+01
   6.3100000000000000e+02  -7.5000239615531697e+01
   6.3200000000000000e+02  -7.4484113603020802e+01
   6.3300000000000000e+02  -7.4433028864310401e+01
   6.3400000000000000e+02  -7.4486654387889203e+01
   6.3500000000000000e+02  -7.4117154400958995e+01
   6.3600000000000000e+02  -7.3730549005705498e+01
   6.3700000000000000e+02  -7.3717099036673702e+01
   6.3800000000000000e+02  -7.3963734385050898e+01
   6.3900000000000000e+02  -7.4010511786259201e+01
   6.4000000000000000e+02  -7.4100080694741095e+01
   6.4100000000000000e+02  -7.4308589717666294e+01
   6.4200000000000000e+02  -7.4182575404754104e+01
   6.4300000000000000e+02  -7.4144608603506597e+01
   6.4400000000000000e+02  -7.4414570479071003e+01
   6.4500000000000000e+02  -7.4406166093153900e+01
   6.4600000000000000e+02  -7.4121203199716206e+01
   6.4700000000000000e+02  -7.4044879482559196e+01
   6.4800000000000000e+02  -7.4231353953378402e+01
   6.4900000000000000e+02  -7.4398353018207402e+01
   6.5000000000000000e+02  -7.4552684098340507e+01
   6.5100000000000000e+02  -7.4710732685827395e+01
   6.5200000000000000e+02  -7.3986757530762105e+01
   6.5300000000000000e+02  -7.4246579416588403e+01
   6.5400000000000000e+02  -7.4649054449200605e+01
   6.5500000000000000e+02  -7.4641379771871399e+01
   6.5600000000000000e+02  -7.4501022582073801e+01
   6.5700000000000000e+02  -7.4466368056249905e+01
   6.5800000000000000e+02  -7.4618292488973296e+01
   6.5900000000000000e+02  -7.4881692594469300e+01
   6.6000000000000000e+02  -7.4947321537259796e+01
   6.6100000000000000e+02  -7.5250937478327799e+01
   6.6200000000000000e+02  -7.5384838758780006e+01
   6.6300000000000000e+02  -7.4796319453292398e+01
   6.6400000000000000e+02  -7.4877152947316105e+01
   6.6500000000000000e+02  -7.4963314793039899e+01
   6.6600000000000000e+02  -7.4947967363954305e+01
   6.6700000000000000e+02  -7.5271047676846194e+01
   6.6800000000000000e+02  -7.5015798297225004e+01
   6.6900000000000000e+02  -7.5108761203789697e+01
   6.7000000000000000e+02  -7.4730560015858103e+01
   6.7100000000000000e+02  -7.4626729555583594e+01
   6.7200000000000000e+02  -7.5073393695536694e+01
   6.7300000000000000e+02  -7.5172881292791701e+01
   6.7400000000000000e+02  -7.5523624812417694e+01
   6.7500000000000000e+02  -7.5466415501091703e+01
   6.7600000000000000e+02  -7.5675769530044093e+01
   6.7700000000000000e+02  -7.5675887192076800e+01
   6.7800000000000000e+02  -7.5266989086238297e+01
   6.7900000000000000e+02  -7.5170554123952599e+01
   6.8000000000000000e+02  -7.5084598703060493e+01
   6.8100000000000000e+02  -7.5002679158184705e+01
   6.8200000000000000e+02  -7.5294116440188702e+01
   6.8300000000000000e+02  -7.5378766906242902e+01
   6.8400000000000000e+02  -7.5609552077343693e+01
   6.8500000000000000e+02  -7.5184422510861097e+01
   6.8600000000000000e+02  -7.4942317786534701e+01
   6.8700000000000000e+02  -7.5390802885868794e+01
   6.8800000000000000e+02  -7.5338400204098207e+01
   6.8900000000000000e+02  -7.5309113943213703e+01
   6.9000000000000000e+02  -7.5706133035031698e+01
   6.9100000000000000e+02  -7.5954488644889807e+01
   6.9200000000000000e+02  -7.5876857186799498e+01
   6.9300000000000000e+02  -7.5840863561066101e+01
   6.9400000000000000e+02  -7.5969199242358499e+01
   6.9500000000000000e+02  -7.6227271917328906e+01
   6.9600000000000000e+02  -7.6030694170019601e+01
   6.9700000000000000e+02  -7.6001020878938405e+01
   6.9800000000000000e+02  -7.5793231800769107e+01
   6.9900000000000000e+02  -7.5753276841994094e+01
   7.0000000000000000e+02  -7.5825503180293595e+01
   7.0100000000000000e+02  -7.5689361405017806e+01
   7.0200000000000000e+02  -7.5075285803510198e+01
   7.0300000000000000e+02  -7.5060660513200006e+01
   7.0400000000000000e+02  -7.4903072750497003e+01
   7.0500000000000000e+02  -7.4607428747078600e+01
   7.0600000000000000e+02  -7.4174667497744196e+01
   7.0700000000000000e+02  -7.4269695504924798e+01
   7.0800000000000000e+02  -7.4561863233666998e+01
   7.0900000000000000e+02  -7.4616173223058397e+01
   7.1000000000000000e+02  -7.4960242628232905e+01
   7.1100000000000000e+02  -7.5273594544550804e+01
   7.1200000000000000e+02  -7.5401058209829799e+01
   7.1300000000000000e+02  -7.5234887155954397e+01
   7.1400000000000000e+02  -7.4718012194671402e+01
   7.1500000000000000e+02  -7.4697051476825806e+01
   7.1600000000000000e+02  -7.5273023061496801e+01
   7.1700000000000000e+02  -7.5579157275023306e+01
   7.1800000000000000e+02  -7.5737614762865903e+01
   7.1900000000000000e+02  -7.6046198814303494e+01
   7.2000000000000000e+02  -7.5826801240504395e+01
   7.2100000000000000e+02  -7.5927028562535597e+01
   7.2200000000000000e+02  -7.6077550131592304e+01
   7.2300000000000000e+02  -7.5971966658906396e+01
   7.2400000000000000e+02  -7.5730798807283094e+01
   7.2500000000000000e+02  -7.5683233971355094e+01
   7.2600000000000000e+02  -7.5684910209659705e+01
   7.2700000000000000e+02  -7.5701456655229705e+01
   7.2800000000000000e+02  -7.6141374761083000e+01
   7.2900000000000000e+02  -7.6470063919915802e+01
   7.3000000000000000e+02  -7.6732607034178002e+01
   7.3100000000000000e+02  -7.6852293770242596e+01
   7.3200000000000000e+02  -7.6584231854994002e+01
   7.3300000000000000e+02  -7.6744281645578198e+01
   7.3400000000000000e+02  -7.6623450635425101e+01
   7.3500000000000000e+02  -7.6520270426053500e+01
   7.3600000000000000e+02  -7.6509668290740805e+01
   7.3700000000000000e+02  -7.6295683164450196e+01
   7.3800000000000000e+02  -7.6112807172564999e+01
   7.3900000000000000e+02  -7.6570736920676197e+01
   7.4000000000000000e+02  -7.7072326339227899e+01
   7.4100000000000000e+02  -7.7394234785460995e+01
   7.4200000000000000e+02  -7.7113756938785599e+01
   7.4300000000000000e+02  -7.7079138379261593e+01
   7.4400000000000000e+02  -7.6876624453909400e+01
   7.4500000000000000e+02  -7.7254175320723803e+01
   7.4600000000000000e+02  -7.6684789707345601e+01
   7.4700000000000000e+02  -7.7340571049352306e+01
   7.4800000000000000e+02  -7.7045228634000694e+01
   7.4900000000000000e+02  -7.6743431273361594e+01
   7.5000000000000000e+02  -7.6402009673809005e+01
   7.5100000000000000e+02  -7.6196111176998500e+01
   7.5200000000000000e+02  -7.6159955244951107e+01
   7.5300000000000000e+02  -7.5883981440006096e+01
   7.5400000000000000e+02  -7.5952874115624198e+01
   7.5500000000000000e+02  -7.5921624610259201e+01
   7.5600000000000000e+02  -7.5779415436605703e+01
   7.5700000000000000e+02  -7.5545786464729403e+01
   7.5800000000000000e+02  -7.5121544798733396e+01
   7.5900000000000000e+02  -7.5030208710559407e+01
   7.6000000000000000e+02  -7.4924102668603993e+01
   7.6100000000000000e+02  -7.4702937548343499e+01
   7.6200000000000000e+02  -7.4536702779754194e+01
   7.6300000000000000e+02  -7.4374771359932794e+01
   7.6400000000000000e+02  -7.4051217011244603e+01
   7.6500000000000000e+02  -7.4233573017008098e+01
   7.6600000000000000e+02  -7.3766833098537106e+01
   7.6700000000000000e+02  -7.3665659544494801e+01
   7.6800000000000000e+02  -7.3756080331078095e+01
   7.6900000000000000e+02  -7.3813146071957703e+01
   7.7000000000000000e+02  -7.4656223076552905e+01
   7.7100000000000000e+02  -7.4898269921170794e+01
   7.7200000000000000e+02  -7.4787784141462694e+01
   7.7300000000000000e+02  -7.4579780428000205e+01
   7.7400000000000000e+02  -7.4191647014514203e+01
   7.7500000000000000e+02  -7.4682538942191897e+01
   7.7600000000000000e+02  -7.4916440519576895e+01
   7.7700000000000000e+02  -7.5260104934431794e+01
   7.7800000000000000e+02  -7.5320046242487194e+01
   7.7900000000000000e+02  -7.5431867028455201e+01
   7.8000000000000000e+02  -7.6027156396418306e+01
   7.8100000000000000e+02  -7.6011242627277895e+01
   7.8200000000000000e+02  -7.6458528777882293e+01
   7.8300000000000000e+02  -7.6244725523369596e+01
   7.8400000000000000e+02  -7.5825734520989002e+01
   7.8500000000000000e+02  -7.5956598892170604e+01
   7.8600000000000000e+02  -7.5257927904323395e+01
   7.8700000000000000e+02  -7.5282280292817504e+01
   7.8800000000000000e+02  -7.5373408994704405e+01
   7.8900000000000000e+02  -7.5521814899731595e+01
   7.9000000000000000e+02  -7.5161495625450996e+01
   7.9100000000000000e+02  -7.5242913558390896e+01
   7.9200000000000000e+02  -7.5344819960890305e+01
   7.9300000000000000e+02  -7.5589383844250307e+01
   7.9400000000000000e+02  -7.5695599402541305e+01
   7.9500000000000000e+02  -7.5901757078303604e+01
   7.9600000000000000e+02  -7.5642326369375397e+01
   7.9700000000000000e+02  -7.5885829351945304e+01
   7.9800000000000000e+02  -7.5808894842596004e+01
   7.9900000000000000e+02  -7.5838010249828102e+01
   8.0000000000000000e+02  -7.5398403482319793e+01
   8.0100000000000000e+02  -7.4874125285241902e+01
   8.0200000000000000e+02  -7.4615851242894394e+01
   8.0300000000000000e+02  -7.4544100120411201e+01
   8.0400000000000000e+02  -7.4485867522624702e+01
   8.0500000000000000e+02  -7.4754259271793401e+01
   8.0600000000000000e+02  -7.4832393823035702e+01
   8.0700000000000000e+02  -7.4032752837301203e+01
   8.0800000000000000e+02  -7.4333467616923400e+01
   8.0900000000000000e+02  -7.3968869240187900e+01
   8.1000000000000000e+02  -7.4201211731009494e+01
   8.1100000000000000e+02  -7.4648620181037700e+01
   8.1200000000000000e+02  -7.4526435614115897e+01
   8.1300000000000000e+02  -7.4412880795005506e+01
   8.1400000000000000e+02  -7.4761635642658305e+01
   8.1500000000000000e+02  -7.4880217595315003e+01
   8.1600000000000000e+02  -7.5659006062710304e+01
   8.1700000000000000e+02  -7.6336386557918104e+01
   8.1800000000000000e+02  -7.6222315493352795e+01
   8.1900000000000000e+02  -7.6192024920996602e+01
   8.2000000000000000e+02  -7.6770049137316306e+01
   8.2100000000000000e+02  -7.6914972201627194e+01
   8.2200000000000000e+02  -7.6708746461794604e+01
   8.2300000000000000e+02  -7.6656958486778393e+01
   8.2400000000000000e+02  -7.6505477001818804e+01
   8.2500000000000000e+02  -7.6841966074492106e+01
   8.2600000000000000e+02  -7.6234573715752802e+01
   8.2700000000000000e+02  -7.6178905802841498e+01
   8.2800000000000000e+02  -7.6487940770828999e+01
   8.2900000000000000e+02  -7.6353699394584893e+01
   8.3000000000000000e+02  -7.6432775061851899e+01
   8.3100000000000000e+02  -7.6046922184957396e+01
   8.3200000000000000e+02  -7.6141481844983105e+01
   8.3300000000000000e+02  -7.6587898821972303e+01
   8.3400000000000000e+02  -7.6636373852968603e+01
   8.3500000000000000e+02  -7.6227176431272397e+01
   8.3600000000000000e+02  -7.6500655764434100e+01
   8.3700000000000000e+02  -7.6364288208731196e+01
   8.3800000000000000e+02  -7.6009675941880900e+01
   8.3900000000000000e+02  -7.5823517575975302e+01
   8.4000000000000000e+02  -7.5910929088563293e+01
   8.4100000000000000e+02  -7.5581299294931100e+01
   8.4200000000000000e+02  -7.5728088290501105e+01
   8.4300000000000000e+02  -7.5749544663003107e+01
   8.4400000000000000e+02  -7.5726434997639501e+01
   8.4500000000000000e+02  -7.5986239041852699e+01
   8.4600000000000000e+02  -7.5841776784014002e+01
   8.4700000000000000e+02  -7.6338673127385803e+01
   8.4800000000000000e+02  -7.7021543617387707e+01
   8.4900000000000000e+02  -7.7362062941415303e+01
   8.5000000000000000e+02  -7.7284899581300493e+01
   8.5100000000000000e+02  -7.7452822568446194e+01
   8.5200000000000000e+02  -7.7130923905789302e+01
   8.5300000000000000e+02  -7.6996607286244497e+01
   8.5400000000000000e+02  -7.6398470992272195e+01
   8.5500000000000000e+02  -7.6241257854978997e+01
   8.5600000000000000e+02  -7.6297362437755396e+01
   8.5700000000000000e+02  -7.5733164970478100e+01
   8.5800000000000000e+02  -7.6382029918850904e+01
   8.5900000000000000e+02  -7.6299862921662097e+01
   8.6000000000000000e+02  -7.6257887679311807e+01
   8.6100000000000000e+02  -7.6662064077552003e+01
   8.6200000000000000e+02  -7.5923599907143597e+01
   8.6300000000000000e+02  -7.6008378503485204e+01
   8.6400000000000000e+02  -7.5959246507337397e+01
   8.6500000000000000e+02  -7.6264307978111702e+01
   8.6600000000000000e+02  -7.6133086523866197e+01
   8.6700000000000000e+02  -7.5821734341220704e+01
   8.6800000000000000e+02  -7.5490371500585795e+01
   8.6900000000000000e+02  -7.5628072287605505e+01
   8.7000000000000000e+02  -7.5228988021549995e+01
   8.7100000000000000e+02  -7.5155580801323694e+01
   8.7200000000000000e+02  -7.4740229444844701e+01
