  -1.0000000000000000e+02  -7.3475693066012298e+01
  -9.9000000000000000e+01  -7.3212008174425804e+01
  -9.8000000000000000e+01  -7.3285262018818898e+01
  -9.7000000000000000e+01  -7.3665482537206998e+01
  -9.6000000000000000e+01  -7.3737874052524205e+01
  -9.5000000000000000e+01  -7.3730364449117104e+01
  -9.4000000000000000e+01  -7.3462075362061199e+01
  -9.3000000000000000e+01  -7.3313498154579904e+01
  -9.2000000000000000e+01  -7.3375176608884999e+01
  -9.1000000000000000e+01  -7.3291025590223100e+01
  -9.0000000000000000e+01  -7.3395904014749107e+01
  -8.9000000000000000e+01  -7.3389128619084403e+01
  -8.8000000000000000e+01  -7.3653194202502604e+01
  -8.7000000000000000e+01  -7.3847418330609301e+01
  -8.6000000000000000e+01  -7.4330910123185802e+01
  -8.5000000000000000e+01  -7.4510851176015507e+01
  -8.4000000000000000e+01  -7.3728659637928203e+01
  -8.3000000000000000e+01  -7.3588501831632101e+01
  -8.2000000000000000e+01  -7.3517206371228497e+01
  -8.1000000000000000e+01  -7.3214830952959900e+01
  -8.0000000000000000e+01  -7.3066174853272699e+01
  -7.9000000000000000e+01  -7.3961648535839601e+01
  -7.8000000000000000e+01  -7.3700840245324002e+01
  -7.7000000000000000e+01  -7.3402215985397106e+01
  -7.6000000000000000e+01  -7.3436345211083605e+01
  -7.5000000000000000e+01  -7.3353474436547700e+01
  -7.4000000000000000e+01  -7.3867813435948904e+01
  -7.3000000000000000e+01  -7.3787918380374094e+01
  -7.2000000000000000e+01  -7.3658089708703102e+01
  -7.1000000000000000e+01  -7.3509373699849107e+01
  -7.0000000000000000e+01  -7.3670593405185102e+01
  -6.9000000000000000e+01  -7.3464347622156595e+01
  -6.8000000000000000e+01  -7.3879289605129202e+01
  -6.7000000000000000e+01  -7.3515551542574897e+01
  -6.6000000000000000e+01  -7.3376517723053396e+01
  -6.5000000000000000e+01  -7.3646074095391796e+01
  -6.4000000000000000e+01  -7.3810071892112305e+01
  -6.3000000000000000e+01  -7.3626125280606999e+01
  -6.2000000000000000e+01  -7.3138281637669394e+01
  -6.1000000000000000e+01  -7.2948546558367298e+01
  -6.0000000000000000e+01  -7.2688174946512007e+01
  -5.9000000000000000e+01  -7.2155529995131999e+01
  -5.8000000000000000e+01  -7.2505982407173093e+01
  -5.7000000000000000e+01  -7.2288704482162601e+01
  -5.6000000000000000e+01  -7.2322366662923400e+01
  -5.5000000000000000e+01  -7.2566219508149601e+01
  -5.4000000000000000e+01  -7.2345989705756693e+01
  -5.3000000000000000e+01  -7.2290827361869702e+01
  -5.2000000000000000e+01  -7.1989183793923800e+01
  -5.1000000000000000e+01  -7.2365828936695394e+01
  -5.0000000000000000e+01  -7.2199758338440603e+01
  -4.9000000000000000e+01  -7.1696593542294906e+01
  -4.8000000000000000e+01  -7.1349474760191796e+01
  -4.7000000000000000e+01  -7.1216822708355707e+01
  -4.6000000000000000e+01  -7.1538089798421296e+01
  -4.5000000000000000e+01  -7.1694750431697997e+01
  -4.4000000000000000e+01  -7.1630613212678696e+01
  -4.3000000000000000e+01  -7.1364441942395203e+01
  -4.2000000000000000e+01  -7.1048570130866906e+01
  -4.1000000000000000e+01  -7.0856551850658093e+01
  -4.0000000000000000e+01  -7.0805624942458806e+01
  -3.9000000000000000e+01  -7.1196319057228095e+01
  -3.8000000000000000e+01  -7.1261800530764404e+01
  -3.7000000000000000e+01  -7.1215293677303805e+01
  -3.6000000000000000e+01  -7.1081708740650299e+01
  -3.5000000000000000e+01  -7.1193337932909401e+01
  -3.4000000000000000e+01  -7.1181526522399693e+01
  -3.3000000000000000e+01  -7.1432546140159502e+01
  -3.2000000000000000e+01  -7.0994369243589801e+01
  -3.1000000000000000e+01  -7.0773636130176598e+01
  -3.0000000000000000e+01  -7.0902400749451701e+01
  -2.9000000000000000e+01  -7.0864728312006505e+01
  -2.8000000000000000e+01  -7.0582695609194701e+01
  -2.7000000000000000e+01  -7.1036153780500598e+01
  -2.6000000000000000e+01  -7.0761123664745398e+01
  -2.5000000000000000e+01  -7.0312728945039794e+01
  -2.4000000000000000e+01  -7.0248406533514896e+01
  -2.3000000000000000e+01  -7.0137294757922405e+01
  -2.2000000000000000e+01  -6.9678197164758998e+01
  -2.1000000000000000e+01  -6.9441709408895605e+01
  -2.0000000000000000e+01  -6.9252814199228098e+01
  -1.9000000000000000e+01  -6.9226262301998702e+01
  -1.8000000000000000e+01  -6.8736757715926899e+01
  -1.7000000000000000e+01  -6.8054265571997107e+01
  -1.6000000000000000e+01  -6.7831834512234494e+01
  -1.5000000000000000e+01  -6.7912558185975101e+01
  -1.4000000000000000e+01  -6.7264658787937293e+01
  -1.3000000000000000e+01  -6.6620893065032803e+01
  -1.2000000000000000e+01  -6.6324535376954003e+01
  -1.1000000000000000e+01  -6.5685885153331498e+01
  -1.0000000000000000e+01  -6.4833802134363907e+01
  -9.0000000000000000e+00  -6.4223204900943699e+01
  -8.0000000000000000e+00  -6.3838789549417399e+01
  -7.0000000000000000e+00  -6.3335426116360303e+01
  -6.0000000000000000e+00  -6.2529558447096399e+01
  -5.0000000000000000e+00  -6.1331797633231801e+01
  -4.0000000000000000e+00  -6.0242102299830599e+01
  -3.0000000000000000e+00  -5.8474141566295302e+01
  -2.0000000000000000e+00  -5.5715551502541103e+01
  -1.0000000000000000e+00  -4.9020066956602598e+01
   0.0000000000000000e+00  -2.2948750084714000e+01
   1.0000000000000000e+00   1.8255991544181499e-01
   2.0000000000000000e+00   1.3652722827219099e+01
   3.0000000000000000e+00   2.0440995740458600e+01
   4.0000000000000000e+00   2.4225021615465600e+01
   5.0000000000000000e+00   2.5985875356482499e+01
   6.0000000000000000e+00   2.6524163012009002e+01
   7.0000000000000000e+00   2.7193277494068798e+01
   8.0000000000000000e+00   2.7483173904030899e+01
   9.0000000000000000e+00   2.7484451649359201e+01
   1.0000000000000000e+01   2.7737604373228699e+01
   1.1000000000000000e+01   2.8511300308524799e+01
   1.2000000000000000e+01   2.9226478949798800e+01
   1.3000000000000000e+01   2.9019037342935999e+01
   1.4000000000000000e+01   2.9784159611681300e+01
   1.5000000000000000e+01   3.0174895578558200e+01
   1.6000000000000000e+01   2.9823946817216399e+01
   1.7000000000000000e+01   3.0429785500811501e+01
   1.8000000000000000e+01   3.1083725454561300e+01
   1.9000000000000000e+01   3.1391204781178601e+01
   2.0000000000000000e+01   3.1200004034275800e+01
   2.1000000000000000e+01   3.1035533153745401e+01
   2.2000000000000000e+01   3.1185716147840399e+01
   2.3000000000000000e+01   3.1134023100403201e+01
   2.4000000000000000e+01   3.0755515240390899e+01
   2.5000000000000000e+01   3.0994698229381399e+01
   2.6000000000000000e+01   3.0909968940959100e+01
   2.7000000000000000e+01   3.1148593653549000e+01
   2.8000000000000000e+01   3.1591642207929102e+01
   2.9000000000000000e+01   3.1306861946710001e+01
   3.0000000000000000e+01   3.1161571627157500e+01
   3.1000000000000000e+01   3.1408648704213100e+01
   3.2000000000000000e+01   3.1621172811601600e+01
   3.3000000000000000e+01   3.1556731844361799e+01
   3.4000000000000000e+01   3.1685970766171899e+01
   3.5000000000000000e+01   3.1515087681465101e+01
   3.6000000000000000e+01   3.1274279827073400e+01
   3.7000000000000000e+01   3.1314475197931198e+01
   3.8000000000000000e+01   3.1828719504643701e+01
   3.9000000000000000e+01   3.2018477979676597e+01
   4.0000000000000000e+01   3.2124504339923703e+01
   4.1000000000000000e+01   3.1999748359883299e+01
   4.2000000000000000e+01   3.1965247306856401e+01
   4.3000000000000000e+01   3.1777862070663801e+01
   4.4000000000000000e+01   3.2125039283531201e+01
   4.5000000000000000e+01   3.2594799653288199e+01
   4.6000000000000000e+01   3.3047298072110301e+01
   4.7000000000000000e+01   3.3275412990197303e+01
   4.8000000000000000e+01   3.3879014846113400e+01
   4.9000000000000000e+01   3.3642628126843697e+01
   5.0000000000000000e+01   3.3390119915847997e+01
   5.1000000000000000e+01   3.3656777019083698e+01
   5.2000000000000000e+01   3.3937808888422303e+01
   5.3000000000000000e+01   3.3656431855447202e+01
   5.4000000000000000e+01   3.3685990252726498e+01
   5.5000000000000000e+01   3.3394465361629400e+01
   5.6000000000000000e+01   3.3653443431734502e+01
   5.7000000000000000e+01   3.3358434965831400e+01
   5.8000000000000000e+01   3.3444106600970798e+01
   5.9000000000000000e+01   3.3208411342291697e+01
   6.0000000000000000e+01   3.3107522660000903e+01
   6.1000000000000000e+01   3.3005714919031597e+01
   6.2000000000000000e+01   3.3211418749039801e+01
   6.3000000000000000e+01   3.2992292025937999e+01
   6.4000000000000000e+01   3.3103695391450700e+01
   6.5000000000000000e+01   3.3547505628018499e+01
   6.6000000000000000e+01   3.3471714098215401e+01
   6.7000000000000000e+01   3.3862711788892803e+01
   6.8000000000000000e+01   3.4255273462611498e+01
   6.9000000000000000e+01   3.4142737963156499e+01
   7.0000000000000000e+01   3.4581957686776398e+01
   7.1000000000000000e+01   3.4587826054495302e+01
   7.2000000000000000e+01   3.4556705984958597e+01
   7.3000000000000000e+01   3.4175035005075699e+01
   7.4000000000000000e+01   3.3946958821316301e+01
   7.5000000000000000e+01   3.4296398445992203e+01
   7.6000000000000000e+01   3.4594179130603699e+01
   7.7000000000000000e+01   3.4270878041288498e+01
   7.8000000000000000e+01   3.4436353233137403e+01
   7.9000000000000000e+01   3.3334604399725698e+01
   8.0000000000000000e+01   3.3828111729911903e+01
   8.1000000000000000e+01   3.3553223977632797e+01
   8.2000000000000000e+01   3.3555060240931198e+01
   8.3000000000000000e+01   3.3754386340975103e+01
   8.4000000000000000e+01   3.3718912454526297e+01
   8.5000000000000000e+01   3.3788601082674198e+01
   8.6000000000000000e+01   3.3546619034242603e+01
   8.7000000000000000e+01   3.3331172884153503e+01
   8.8000000000000000e+01   3.2877232317066401e+01
   8.9000000000000000e+01   3.3030279850739802e+01
   9.0000000000000000e+01   3.3283428748909301e+01
   9.1000000000000000e+01   3.3189549496780501e+01
   9.2000000000000000e+01   3.3175167591452798e+01
   9.3000000000000000e+01   3.3343421605714397e+01
   9.4000000000000000e+01   3.3413125260193198e+01
   9.5000000000000000e+01   3.3555696869825503e+01
   9.6000000000000000e+01   3.3480146412142901e+01
   9.7000000000000000e+01   3.3809998835332401e+01
   9.8000000000000000e+01   3.3881223825209901e+01
   9.9000000000000000e+01   3.4660946176422399e+01
   1.0000000000000000e+02   3.4227064570902797e+01
   1.0100000000000000e+02   3.4346044037588001e+01
   1.0200000000000000e+02   3.4351147774815502e+01
   1.0300000000000000e+02   3.4095964528181298e+01
   1.0400000000000000e+02   3.4917918690660102e+01
   1.0500000000000000e+02   3.4246165980538798e+01
   1.0600000000000000e+02   3.4575760139519097e+01
   1.0700000000000000e+02   3.4887184962203797e+01
   1.0800000000000000e+02   3.4954830689442801e+01
   1.0900000000000000e+02   3.4767965640373099e+01
   1.1000000000000000e+02   3.4712785245378100e+01
   1.1100000000000000e+02   3.5069198668320901e+01
   1.1200000000000000e+02   3.4579780658228501e+01
   1.1300000000000000e+02   3.4466373587646999e+01
   1.1400000000000000e+02   3.4544422684621999e+01
   1.1500000000000000e+02   3.4034660697271804e+01
   1.1600000000000000e+02   3.4468437803321002e+01
   1.1700000000000000e+02   3.4884777977168902e+01
   1.1800000000000000e+02   3.4938522631700799e+01
   1.1900000000000000e+02   3.5205457509371300e+01
   1.2000000000000000e+02   3.5472246363817000e+01
   1.2100000000000000e+02   3.5558599499047801e+01
   1.2200000000000000e+02   3.5259363089134602e+01
   1.2300000000000000e+02   3.5088549397783801e+01
   1.2400000000000000e+02   3.4740044481807402e+01
   1.2500000000000000e+02   3.4425368740795797e+01
   1.2600000000000000e+02   3.4289105848030403e+01
   1.2700000000000000e+02   3.4356362356237497e+01
   1.2800000000000000e+02   3.4822236030765900e+01
   1.2900000000000000e+02   3.4755534264477298e+01
   1.3000000000000000e+02   3.4733401806121698e+01
   1.3100000000000000e+02   3.4719843643208499e+01
   1.3200000000000000e+02   3.4820909209557101e+01
   1.3300000000000000e+02   3.4584295858266202e+01
   1.3400000000000000e+02   3.4819991920527798e+01
   1.3500000000000000e+02   3.5227395539352202e+01
   1.3600000000000000e+02   3.5096920398279103e+01
   1.3700000000000000e+02   3.4801148727363099e+01
   1.3800000000000000e+02   3.4431250413883603e+01
   1.3900000000000000e+02   3.4760241555610499e+01
   1.4000000000000000e+02   3.4217527459170498e+01
   1.4100000000000000e+02   3.4221680315393598e+01
   1.4200000000000000e+02   3.4083299732204701e+01
   1.4300000000000000e+02   3.4207802832490799e+01
   1.4400000000000000e+02   3.4224184598344699e+01
   1.4500000000000000e+02   3.4754043673454497e+01
   1.4600000000000000e+02   3.4729020765913603e+01
   1.4700000000000000e+02   3.4732445827889201e+01
   1.4800000000000000e+02   3.4608899272441398e+01
   1.4900000000000000e+02   3.4874456152629001e+01
   1.5000000000000000e+02   3.5030232337901502e+01
   1.5100000000000000e+02   3.4593455156742799e+01
   1.5200000000000000e+02   3.4782915291465898e+01
   1.5300000000000000e+02   3.4860797474341297e+01
   1.5400000000000000e+02   3.5206656809108800e+01
   1.5500000000000000e+02   3.5420501256576003e+01
   1.5600000000000000e+02   3.5208045715894102e+01
   1.5700000000000000e+02   3.5026174442333001e+01
   1.5800000000000000e+02   3.4998351792961003e+01
   1.5900000000000000e+02   3.4744280353956000e+01
   1.6000000000000000e+02   3.4527975314894803e+01
   1.6100000000000000e+02   3.4049845792134299e+01
   1.6200000000000000e+02   3.4044249797844202e+01
   1.6300000000000000e+02   3.3847695507194899e+01
   1.6400000000000000e+02   3.3845943321561798e+01
   1.6500000000000000e+02   3.3721331669072200e+01
   1.6600000000000000e+02   3.3721999889226900e+01
   1.6700000000000000e+02   3.4230363320561104e+01
   1.6800000000000000e+02   3.3711427764383899e+01
   1.6900000000000000e+02   3.3417623743635701e+01
   1.7000000000000000e+02   3.3322667299442500e+01
   1.7100000000000000e+02   3.2479651001991698e+01
   1.7200000000000000e+02   3.2356228209974198e+01
   1.7300000000000000e+02   3.1813464202117299e+01
   1.7400000000000000e+02   3.2053648715041902e+01
   1.7500000000000000e+02   3.1619757806675601e+01
   1.7600000000000000e+02   3.1867970893277501e+01
   1.7700000000000000e+02   3.1952916629659700e+01
   1.7800000000000000e+02   3.1735002271429899e+01
   1.7900000000000000e+02   3.2063877002001803e+01
   1.8000000000000000e+02   3.1926784210056098e+01
   1.8100000000000000e+02   3.2581556320052101e+01
   1.8200000000000000e+02   3.2287689546178399e+01
   1.8300000000000000e+02   3.2225167474706303e+01
   1.8400000000000000e+02   3.1855003421485499e+01
   1.8500000000000000e+02   3.1275253542685999e+01
   1.8600000000000000e+02   3.1270677868511200e+01
   1.8700000000000000e+02   3.1330027425834700e+01
   1.8800000000000000e+02   3.1133933657337099e+01
   1.8900000000000000e+02   3.1334578361794001e+01
   1.9000000000000000e+02   3.0809507709938099e+01
   1.9100000000000000e+02   3.0366506194229000e+01
   1.9200000000000000e+02   3.0382115728049602e+01
   1.9300000000000000e+02   3.0087744429324999e+01
   1.9400000000000000e+02   2.9645299072642398e+01
   1.9500000000000000e+02   2.9600926831101599e+01
   1.9600000000000000e+02   2.9021790628719199e+01
   1.9700000000000000e+02   2.8807431536472901e+01
   1.9800000000000000e+02   2.8649766200707798e+01
   1.9900000000000000e+02   2.8391019378234301e+01
   2.0000000000000000e+02   2.8324604428724701e+01
   2.0100000000000000e+02   2.7681852464453701e+01
   2.0200000000000000e+02   2.7408868876766601e+01
   2.0300000000000000e+02   2.7265519019191700e+01
   2.0400000000000000e+02   2.7235935068725301e+01
   2.0500000000000000e+02   2.7523763287790899e+01
   2.0600000000000000e+02   2.7309483864824799e+01
   2.0700000000000000e+02   2.6797391886147000e+01
   2.0800000000000000e+02   2.6764989701560701e+01
   2.0900000000000000e+02   2.6555087882887001e+01
   2.1000000000000000e+02   2.6770502625060900e+01
   2.1100000000000000e+02   2.7016802542548799e+01
   2.1200000000000000e+02   2.6603275675942200e+01
   2.1300000000000000e+02   2.6939034987889599e+01
   2.1400000000000000e+02   2.6985015612352200e+01
   2.1500000000000000e+02   2.6597864264289200e+01
   2.1600000000000000e+02   2.7182996478484998e+01
   2.1700000000000000e+02   2.6747747423090800e+01
   2.1800000000000000e+02   2.6894118559341798e+01
   2.1900000000000000e+02   2.6758884698389199e+01
   2.2000000000000000e+02   2.6164444443875599e+01
   2.2100000000000000e+02   2.6043042887622398e+01
   2.2200000000000000e+02   2.5770864780050001e+01
   2.2300000000000000e+02   2.5451644852682598e+01
   2.2400000000000000e+02   2.5929222085762401e+01
   2.2500000000000000e+02   2.6442206403960800e+01
   2.2600000000000000e+02   2.6333246983259400e+01
   2.2700000000000000e+02   2.6313451842679100e+01
   2.2800000000000000e+02   2.6278470735612999e+01
   2.2900000000000000e+02   2.5819804470589400e+01
   2.3000000000000000e+02   2.5398800219800400e+01
   2.3100000000000000e+02   2.5615012510466901e+01
   2.3200000000000000e+02   2.5504491831312201e+01
   2.3300000000000000e+02   2.5615011185846999e+01
   2.3400000000000000e+02   2.6045782575695998e+01
   2.3500000000000000e+02   2.6578560609200299e+01
   2.3600000000000000e+02   2.6488989384305501e+01
   2.3700000000000000e+02   2.6165616557361201e+01
   2.3800000000000000e+02   2.6279633759681602e+01
   2.3900000000000000e+02   2.6088942358524299e+01
   2.4000000000000000e+02   2.5514235944597900e+01
   2.4100000000000000e+02   2.5500699805781299e+01
   2.4200000000000000e+02   2.5357011930353998e+01
   2.4300000000000000e+02   2.4983456578366301e+01
   2.4400000000000000e+02   2.4883002405553899e+01
   2.4500000000000000e+02   2.5011836289603099e+01
   2.4600000000000000e+02   2.5382163247949801e+01
   2.4700000000000000e+02   2.5262330584575800e+01
   2.4800000000000000e+02   2.5107853486630201e+01
   2.4900000000000000e+02   2.5601428136480902e+01
   2.5000000000000000e+02   2.5647406171188798e+01
   2.5100000000000000e+02   2.5492840214261200e+01
   2.5200000000000000e+02   2.5281622683387301e+01
   2.5300000000000000e+02   2.5105139920889400e+01
   2.5400000000000000e+02   2.4926984271327299e+01
   2.5500000000000000e+02   2.4767404397535199e+01
   2.5600000000000000e+02   2.4948018221188700e+01
   2.5700000000000000e+02   2.4542612085307301e+01
   2.5800000000000000e+02   2.4524650481892099e+01
   2.5900000000000000e+02   2.4359773123720000e+01
   2.6000000000000000e+02   2.4183676242308600e+01
   2.6100000000000000e+02   2.4336628932111100e+01
   2.6200000000000000e+02   2.4011646844396498e+01
   2.6300000000000000e+02   2.4311976458309800e+01
   2.6400000000000000e+02   2.4363543811474901e+01
   2.6500000000000000e+02   2.4754079974777500e+01
   2.6600000000000000e+02   2.4335622337003400e+01
   2.6700000000000000e+02   2.3993663233907100e+01
   2.6800000000000000e+02   2.3856471075151699e+01
   2.6900000000000000e+02   2.4153065099489702e+01
   2.7000000000000000e+02   2.3869679960348599e+01
   2.7100000000000000e+02   2.3718207319280200e+01
   2.7200000000000000e+02   2.3587136071110201e+01
   2.7300000000000000e+02   2.3273848399373101e+01
   2.7400000000000000e+02   2.2865510001567600e+01
   2.7500000000000000e+02   2.2703875318576099e+01
   2.7600000000000000e+02   2.2427305330799701e+01
   2.7700000000000000e+02   2.2092231163022500e+01
   2.7800000000000000e+02   2.1848793854146301e+01
   2.7900000000000000e+02   2.2383611691693101e+01
   2.8000000000000000e+02   2.2555154654146001e+01
   2.8100000000000000e+02   2.2576430517033302e+01
   2.8200000000000000e+02   2.1993421266983901e+01
   2.8300000000000000e+02   2.1843559177140399e+01
   2.8400000000000000e+02   2.1935341221407199e+01
   2.8500000000000000e+02   2.1519528849421501e+01
   2.8600000000000000e+02   2.1425134726056999e+01
   2.8700000000000000e+02   2.1016710536200200e+01
   2.8800000000000000e+02   2.0954258988570398e+01
   2.8900000000000000e+02   2.0703740949105200e+01
   2.9000000000000000e+02   2.0382328441265699e+01
   2.9100000000000000e+02   2.0263894089833901e+01
   2.9200000000000000e+02   2.0015362443543800e+01
   2.9300000000000000e+02   1.9969216282587201e+01
   2.9400000000000000e+02   1.9632728550623000e+01
   2.9500000000000000e+02   2.0193925236158599e+01
   2.9600000000000000e+02   2.0345013147029000e+01
   2.9700000000000000e+02   1.9502988561641398e+01
   2.9800000000000000e+02   1.9741144678343002e+01
   2.9900000000000000e+02   1.9290248523420601e+01
   3.0000000000000000e+02   1.9037162146120401e+01
   3.0100000000000000e+02   1.8701669915598998e+01
   3.0200000000000000e+02   1.8430841032217700e+01
   3.0300000000000000e+02   1.8499565135259001e+01
   3.0400000000000000e+02   1.8509212823824701e+01
   3.0500000000000000e+02   1.8048726850769700e+01
   3.0600000000000000e+02   1.7503659205575900e+01
   3.0700000000000000e+02   1.7288745201579498e+01
   3.0800000000000000e+02   1.7188936777615101e+01
   3.0900000000000000e+02   1.7159000800766702e+01
   3.1000000000000000e+02   1.7832914318008601e+01
   3.1100000000000000e+02   1.7496336290209701e+01
   3.1200000000000000e+02   1.6599761091365298e+01
   3.1300000000000000e+02   1.6815389131301401e+01
   3.1400000000000000e+02   1.6282241171682099e+01
   3.1500000000000000e+02   1.5985783672868100e+01
   3.1600000000000000e+02   1.6009574819662301e+01
   3.1700000000000000e+02   1.5695033750878000e+01
   3.1800000000000000e+02   1.5260857341843900e+01
   3.1900000000000000e+02   1.5168090595815601e+01
   3.2000000000000000e+02   1.4979602062286800e+01
   3.2100000000000000e+02   1.4807504468995299e+01
   3.2200000000000000e+02   1.4618875815621200e+01
   3.2300000000000000e+02   1.4149569047414200e+01
   3.2400000000000000e+02   1.3827490672538600e+01
   3.2500000000000000e+02   1.3126271929581399e+01
   3.2600000000000000e+02   1.2936224554533100e+01
   3.2700000000000000e+02   1.2872223064868900e+01
   3.2800000000000000e+02   1.2993410298554201e+01
   3.2900000000000000e+02   1.2914926423035400e+01
   3.3000000000000000e+02   1.2470696993763401e+01
   3.3100000000000000e+02   1.1999766403364100e+01
   3.3200000000000000e+02   1.1743942397741600e+01
   3.3300000000000000e+02   1.1567611041717401e+01
   3.3400000000000000e+02   1.1830619447280100e+01
   3.3500000000000000e+02   1.1788835243385700e+01
   3.3600000000000000e+02   1.1982462877059300e+01
   3.3700000000000000e+02   1.1710557730492701e+01
   3.3800000000000000e+02   1.1377707228116400e+01
   3.3900000000000000e+02   1.1046076149860800e+01
   3.4000000000000000e+02   1.0959394480804200e+01
   3.4100000000000000e+02   1.0514818665069900e+01
   3.4200000000000000e+02   1.0585621218039400e+01
   3.4300000000000000e+02   1.0544192727210200e+01
   3.4400000000000000e+02   1.0245740498531100e+01
   3.4500000000000000e+02   1.0407189742551600e+01
   3.4600000000000000e+02   9.9003797369627300e+00
   3.4700000000000000e+02   1.0098097943669099e+01
   3.4800000000000000e+02   1.0224860896226900e+01
   3.4900000000000000e+02   1.0062829862222900e+01
   3.5000000000000000e+02   1.0255059492815301e+01
   3.5100000000000000e+02   1.0052877887468400e+01
   3.5200000000000000e+02   9.9947310115930303e+00
   3.5300000000000000e+02   9.8845791051250291e+00
   3.5400000000000000e+02   9.3682818000962396e+00
   3.5500000000000000e+02   9.1826372876529092e+00
   3.5600000000000000e+02   9.0138899824435104e+00
   3.5700000000000000e+02   8.6409755593799709e+00
   3.5800000000000000e+02   8.7925433717035695e+00
   3.5900000000000000e+02   8.2870135568138696e+00
   3.6000000000000000e+02   7.7284936146268297e+00
   3.6100000000000000e+02   6.9837699937442599e+00
   3.6200000000000000e+02   6.5536424382915204e+00
   3.6300000000000000e+02   6.0501745776133902e+00
   3.6400000000000000e+02   6.0826200725294104e+00
   3.6500000000000000e+02   5.8374336432555296e+00
   3.6600000000000000e+02   5.4287929797089403e+00
   3.6700000000000000e+02   5.5451843390566298e+00
   3.6800000000000000e+02   4.6243366216474699e+00
   3.6900000000000000e+02   4.7207376147217603e+00
   3.7000000000000000e+02   4.9845079948967301e+00
   3.7100000000000000e+02   4.8393213840609697e+00
   3.7200000000000000e+02   4.4436444728763496e+00
   3.7300000000000000e+02   4.4128254193910301e+00
   3.7400000000000000e+02   4.3152547685131903e+00
   3.7500000000000000e+02   4.0105380031809199e+00
   3.7600000000000000e+02   4.0522146715034904e+00
   3.7700000000000000e+02   3.5570740370247300e+00
   3.7800000000000000e+02   3.1714695214722699e+00
   3.7900000000000000e+02   2.8297700184778698e+00
   3.8000000000000000e+02   2.4502918226672001e+00
   3.8100000000000000e+02   2.0502245642133401e+00
   3.8200000000000000e+02   1.7994089498171300e+00
   3.8300000000000000e+02   1.2581866991408699e+00
   3.8400000000000000e+02   1.1263032554381101e+00
   3.8500000000000000e+02   3.2856259701839002e-01
   3.8600000000000000e+02  -3.3183201419682601e-01
   3.8700000000000000e+02  -3.6758765905983798e-01
   3.8800000000000000e+02  -2.2789772526687099e-01
   3.8900000000000000e+02  -5.6307846915104898e-01
   3.9000000000000000e+02  -1.0988547024507000e+00
   3.9100000000000000e+02  -1.5341043665260901e+00
   3.9200000000000000e+02  -1.9506024160069899e+00
   3.9300000000000000e+02  -2.4441924028198900e+00
   3.9400000000000000e+02  -2.9621339369615298e+00
   3.9500000000000000e+02  -3.7263229242734601e+00
   3.9600000000000000e+02  -3.9831053010113799e+00
   3.9700000000000000e+02  -4.5938538863296703e+00
   3.9800000000000000e+02  -4.1859476234006001e+00
   3.9900000000000000e+02  -4.0617948559719803e+00
   4.0000000000000000e+02  -4.5093860802499801e+00
   4.0100000000000000e+02  -4.9308346800209000e+00
   4.0200000000000000e+02  -5.0464513046121899e+00
   4.0300000000000000e+02  -5.4563201745846399e+00
   4.0400000000000000e+02  -5.6987727521995604e+00
   4.0500000000000000e+02  -6.2052652451807804e+00
   4.0600000000000000e+02  -6.3257441614897099e+00
   4.0700000000000000e+02  -6.3953273054788404e+00
   4.0800000000000000e+02  -6.5182147106486203e+00
   4.0900000000000000e+02  -6.3023700852365403e+00
   4.1000000000000000e+02  -6.8944360711838000e+00
   4.1100000000000000e+02  -7.3977591620990202e+00
   4.1200000000000000e+02  -7.3623645140057903e+00
   4.1300000000000000e+02  -7.9160592105388599e+00
   4.1400000000000000e+02  -7.9380891227625101e+00
   4.1500000000000000e+02  -7.7168618213604701e+00
   4.1600000000000000e+02  -8.0166679932995297e+00
   4.1700000000000000e+02  -7.8034506223556299e+00
   4.1800000000000000e+02  -8.3470935983058201e+00
   4.1900000000000000e+02  -8.2477210090396600e+00
   4.2000000000000000e+02  -8.8975885279425402e+00
   4.2100000000000000e+02  -8.9418729732187803e+00
   4.2200000000000000e+02  -9.3921658529367207e+00
   4.2300000000000000e+02  -9.2607630360656898e+00
   4.2400000000000000e+02  -9.3348671058868700e+00
   4.2500000000000000e+02  -9.7426588279599802e+00
   4.2600000000000000e+02  -9.6977382180136402e+00
   4.2700000000000000e+02  -9.7255880097264100e+00
   4.2800000000000000e+02  -9.9344485664170001e+00
   4.2900000000000000e+02  -1.0420385233226201e+01
   4.3000000000000000e+02  -1.0429231588818899e+01
   4.3100000000000000e+02  -1.1003283678973901e+01
   4.3200000000000000e+02  -1.0958061502013900e+01
   4.3300000000000000e+02  -1.0832579743719799e+01
   4.3400000000000000e+02  -1.0866849619353699e+01
   4.3500000000000000e+02  -1.1163153190747000e+01
   4.3600000000000000e+02  -1.1747207698879199e+01
   4.3700000000000000e+02  -1.2532294472165400e+01
   4.3800000000000000e+02  -1.2490771816089200e+01
   4.3900000000000000e+02  -1.2902331592771899e+01
   4.4000000000000000e+02  -1.3187296264528401e+01
   4.4100000000000000e+02  -1.3585392003663801e+01
   4.4200000000000000e+02  -1.3684893475128700e+01
   4.4300000000000000e+02  -1.4254977084863899e+01
   4.4400000000000000e+02  -1.4339250331758800e+01
   4.4500000000000000e+02  -1.4726527828114600e+01
   4.4600000000000000e+02  -1.4947608730888399e+01
   4.4700000000000000e+02  -1.5019782668485901e+01
   4.4800000000000000e+02  -1.5804889271043800e+01
   4.4900000000000000e+02  -1.5957386130235900e+01
   4.5000000000000000e+02  -1.6067660421195502e+01
   4.5100000000000000e+02  -1.6640678311046901e+01
   4.5200000000000000e+02  -1.7146692341964801e+01
   4.5300000000000000e+02  -1.7430232359825400e+01
   4.5400000000000000e+02  -1.7900781331425101e+01
   4.5500000000000000e+02  -1.8707730483807001e+01
   4.5600000000000000e+02  -1.8971567890479701e+01
   4.5700000000000000e+02  -1.8976531117877698e+01
   4.5800000000000000e+02  -1.9046729556733400e+01
   4.5900000000000000e+02  -1.9677982262787101e+01
   4.6000000000000000e+02  -2.0310296874009499e+01
   4.6100000000000000e+02  -2.0692708405786199e+01
   4.6200000000000000e+02  -2.1123741343012600e+01
   4.6300000000000000e+02  -2.1621529393637299e+01
   4.6400000000000000e+02  -2.2875727708339902e+01
   4.6500000000000000e+02  -2.3225670416678600e+01
   4.6600000000000000e+02  -2.3654900797997200e+01
   4.6700000000000000e+02  -2.4066233375599200e+01
   4.6800000000000000e+02  -2.4832231773616300e+01
   4.6900000000000000e+02  -2.4822354920644599e+01
   4.7000000000000000e+02  -2.5008977263467401e+01
   4.7100000000000000e+02  -2.5485887497365699e+01
   4.7200000000000000e+02  -2.6319780112272099e+01
   4.7300000000000000e+02  -2.6523377660059900e+01
   4.7400000000000000e+02  -2.7171350739655399e+01
   4.7500000000000000e+02  -2.7860571533622100e+01
   4.7600000000000000e+02  -2.7816361017461102e+01
   4.7700000000000000e+02  -2.8099972695054600e+01
   4.7800000000000000e+02  -2.7936948500877801e+01
   4.7900000000000000e+02  -2.8661990030015001e+01
   4.8000000000000000e+02  -2.8864237643597999e+01
   4.8100000000000000e+02  -2.9607373770272201e+01
   4.8200000000000000e+02  -2.9600189742357099e+01
   4.8300000000000000e+02  -2.9811816066785799e+01
   4.8400000000000000e+02  -3.0402376815455298e+01
   4.8500000000000000e+02  -3.0994002549001902e+01
   4.8600000000000000e+02  -3.1392049600935000e+01
   4.8700000000000000e+02  -3.1891662482384898e+01
   4.8800000000000000e+02  -3.2371871508082002e+01
   4.8900000000000000e+02  -3.2681940713816502e+01
   4.9000000000000000e+02  -3.2967813404939598e+01
   4.9100000000000000e+02  -3.3442738815742103e+01
   4.9200000000000000e+02  -3.3184620074562702e+01
   4.9300000000000000e+02  -3.3170900068140199e+01
   4.9400000000000000e+02  -3.3642904561999899e+01
   4.9500000000000000e+02  -3.4439620048598599e+01
   4.9600000000000000e+02  -3.5627241768041799e+01
   4.9700000000000000e+02  -3.6961706462153600e+01
   4.9800000000000000e+02  -3.6795046127758901e+01
   4.9900000000000000e+02  -3.7453923198452699e+01
   5.0000000000000000e+02  -3.7598696134999898e+01
   5.0100000000000000e+02  -3.8030985552857899e+01
   5.0200000000000000e+02  -3.8485427065875200e+01
   5.0300000000000000e+02  -3.8605505067619099e+01
   5.0400000000000000e+02  -3.8448852946411897e+01
   5.0500000000000000e+02  -3.8288466689552003e+01
   5.0600000000000000e+02  -3.8757857875979496e+01
   5.0700000000000000e+02  -3.9216817697466702e+01
   5.0800000000000000e+02  -3.9874943577119303e+01
   5.0900000000000000e+02  -4.0747310983806798e+01
   5.1000000000000000e+02  -4.0492699510811100e+01
   5.1100000000000000e+02  -4.0768073593017100e+01
   5.1200000000000000e+02  -4.1104017247049100e+01
   5.1300000000000000e+02  -4.1753177763811202e+01
   5.1400000000000000e+02  -4.1871251760218001e+01
   5.1500000000000000e+02  -4.2131144388046401e+01
   5.1600000000000000e+02  -4.2819415744013597e+01
   5.1700000000000000e+02  -4.3420829951794303e+01
   5.1800000000000000e+02  -4.3519640401638497e+01
   5.1900000000000000e+02  -4.3980346964277899e+01
   5.2000000000000000e+02  -4.4784175975189399e+01
   5.2100000000000000e+02  -4.5508002916612398e+01
   5.2200000000000000e+02  -4.5752877646909297e+01
   5.2300000000000000e+02  -4.6059811476351499e+01
   5.2400000000000000e+02  -4.6561186058834799e+01
   5.2500000000000000e+02  -4.6801197233314603e+01
   5.2600000000000000e+02  -4.6873457152864702e+01
   5.2700000000000000e+02  -4.6772598782541898e+01
   5.2800000000000000e+02  -4.7003152013015203e+01
   5.2900000000000000e+02  -4.7684565424177102e+01
   5.3000000000000000e+02  -4.8120678942864700e+01
   5.3100000000000000e+02  -4.8373129476281299e+01
   5.3200000000000000e+02  -4.8897185657082503e+01
   5.3300000000000000e+02  -4.9128444120591297e+01
   5.3400000000000000e+02  -4.9729840517250999e+01
   5.3500000000000000e+02  -4.9790428872010700e+01
   5.3600000000000000e+02  -5.0291437938103002e+01
   5.3700000000000000e+02  -5.0435777050106601e+01
   5.3800000000000000e+02  -5.1004160828949701e+01
   5.3900000000000000e+02  -5.1724907241501803e+01
   5.4000000000000000e+02  -5.1829525869382401e+01
   5.4100000000000000e+02  -5.1984311279849500e+01
   5.4200000000000000e+02  -5.2135975257157099e+01
   5.4300000000000000e+02  -5.2680709267374297e+01
   5.4400000000000000e+02  -5.3615328532237399e+01
   5.4500000000000000e+02  -5.3585149032337704e+01
   5.4600000000000000e+02  -5.4441491353042103e+01
   5.4700000000000000e+02  -5.4657180833601601e+01
   5.4800000000000000e+02  -5.4707485106407503e+01
   5.4900000000000000e+02  -5.5107996811258801e+01
   5.5000000000000000e+02  -5.5415213608254000e+01
   5.5100000000000000e+02  -5.6137765475436403e+01
   5.5200000000000000e+02  -5.6534449730488603e+01
   5.5300000000000000e+02  -5.6619503481118898e+01
   5.5400000000000000e+02  -5.7534129536368802e+01
   5.5500000000000000e+02  -5.8147192452497798e+01
   5.5600000000000000e+02  -5.8582317504577603e+01
   5.5700000000000000e+02  -5.9162184225774602e+01
   5.5800000000000000e+02  -5.9554131416150597e+01
   5.5900000000000000e+02  -5.9952619446154898e+01
   5.6000000000000000e+02  -6.0088057041240198e+01
   5.6100000000000000e+02  -6.1031213218942298e+01
   5.6200000000000000e+02  -6.1525648997164801e+01
   5.6300000000000000e+02  -6.1841696406625303e+01
   5.6400000000000000e+02  -6.2355409454168999e+01
   5.6500000000000000e+02  -6.2915056171358302e+01
   5.6600000000000000e+02  -6.2794668389722297e+01
   5.6700000000000000e+02  -6.4215000424423195e+01
   5.6800000000000000e+02  -6.4528936620804302e+01
   5.6900000000000000e+02  -6.4628744474598605e+01
   5.7000000000000000e+02  -6.4645071283892506e+01
   5.7100000000000000e+02  -6.4847171106413597e+01
   5.7200000000000000e+02  -6.5446043786312501e+01
   5.7300000000000000e+02  -6.5828565821118900e+01
   5.7400000000000000e+02  -6.5592185313095797e+01
   5.7500000000000000e+02  -6.6496239699051301e+01
   5.7600000000000000e+02  -6.6945481664452402e+01
   5.7700000000000000e+02  -6.7345864598783294e+01
   5.7800000000000000e+02  -6.7817177697472800e+01
   5.7900000000000000e+02  -6.7981155006917803e+01
   5.8000000000000000e+02  -6.8563180128032101e+01
   5.8100000000000000e+02  -6.9688912322920601e+01
   5.8200000000000000e+02  -7.0321932405062398e+01
   5.8300000000000000e+02  -7.0688535774385102e+01
   5.8400000000000000e+02  -7.0958600112457106e+01
   5.8500000000000000e+02  -7.1285458554501304e+01
   5.8600000000000000e+02  -7.1499454395351805e+01
   5.8700000000000000e+02  -7.1626040799006901e+01
   5.8800000000000000e+02  -7.2539114680921003e+01
   5.8900000000000000e+02  -7.2824706289114900e+01
   5.9000000000000000e+02  -7.3723350915963195e+01
   5.9100000000000000e+02  -7.4188634873852294e+01
   5.9200000000000000e+02  -7.4310098886312005e+01
   5.9300000000000000e+02  -7.4679276572970807e+01
   5.9400000000000000e+02  -7.5108683729439903e+01
   5.9500000000000000e+02  -7.5359802851354402e+01
   5.9600000000000000e+02  -7.5558473805330607e+01
   5.9700000000000000e+02  -7.6089252244884406e+01
   5.9800000000000000e+02  -7.5951750007016500e+01
   5.9900000000000000e+02  -7.5859022608500595e+01
   6.0000000000000000e+02  -7.5962268567275103e+01
   6.0100000000000000e+02  -7.6447170389040593e+01
   6.0200000000000000e+02  -7.6324049292647103e+01
   6.0300000000000000e+02  -7.6205814816870998e+01
   6.0400000000000000e+02  -7.6131010223928996e+01
   6.0500000000000000e+02  -7.6089895186680593e+01
   6.0600000000000000e+02  -7.6091238660507997e+01
   6.0700000000000000e+02  -7.6924332944353395e+01
   6.0800000000000000e+02  -7.7365525006324702e+01
   6.0900000000000000e+02  -7.7325350569042797e+01
   6.1000000000000000e+02  -7.7075372917377607e+01
   6.1100000000000000e+02  -7.6549950369715901e+01
   6.1200000000000000e+02  -7.6569896885324297e+01
   6.1300000000000000e+02  -7.6644356331235599e+01
   6.1400000000000000e+02  -7.6664562087406793e+01
   6.1500000000000000e+02  -7.6781706703964900e+01
   6.1600000000000000e+02  -7.6738713712949405e+01
   6.1700000000000000e+02  -7.6845525878406207e+01
   6.1800000000000000e+02  -7.6234813533333195e+01
   6.1900000000000000e+02  -7.6758040207400398e+01
   6.2000000000000000e+02  -7.6349978787681806e+01
   6.2100000000000000e+02  -7.6277435250937700e+01
   6.2200000000000000e+02  -7.6764292734942202e+01
   6.2300000000000000e+02  -7.6597684839752503e+01
   6.2400000000000000e+02  -7.6246437941609202e+01
   6.2500000000000000e+02  -7.6118939963948407e+01
   6.2600000000000000e+02  -7.5683662793286999e+01
   6.2700000000000000e+02  -7.6208177242956097e+01
   6.2800000000000000e+02  -7.6394086021312205e+01
   6.2900000000000000e+02  -7.6371122020355799e+01
   6.3000000000000000e+02  -7.6176181313301896e+01
   6.3100000000000000e+02  -7.6364068326994996e+01
   6.3200000000000000e+02  -7.5851466780187593e+01
   6.3300000000000000e+02  -7.5347254052484601e+01
   6.3400000000000000e+02  -7.5626183149939095e+01
   6.3500000000000000e+02  -7.5296182717250701e+01
   6.3600000000000000e+02  -7.5410120663816102e+01
   6.3700000000000000e+02  -7.5669136461582099e+01
   6.3800000000000000e+02  -7.5584508785910501e+01
   6.3900000000000000e+02  -7.5645351190368501e+01
   6.4000000000000000e+02  -7.4898475331853604e+01
   6.4100000000000000e+02  -7.4962721458557297e+01
   6.4200000000000000e+02  -7.4816581749900493e+01
   6.4300000000000000e+02  -7.4833057206450405e+01
   6.4400000000000000e+02  -7.4774113972628996e+01
   6.4500000000000000e+02  -7.5036351086822805e+01
   6.4600000000000000e+02  -7.4841127748393703e+01
   6.4700000000000000e+02  -7.4903392952004594e+01
   6.4800000000000000e+02  -7.5419224763091805e+01
   6.4900000000000000e+02  -7.5811357488338501e+01
   6.5000000000000000e+02  -7.6009484055241103e+01
   6.5100000000000000e+02  -7.6143989260165199e+01
   6.5200000000000000e+02  -7.6103751623721706e+01
   6.5300000000000000e+02  -7.6457355306006207e+01
   6.5400000000000000e+02  -7.6290593056778206e+01
   6.5500000000000000e+02  -7.5892105057931801e+01
   6.5600000000000000e+02  -7.5904898062372197e+01
   6.5700000000000000e+02  -7.6058347262453907e+01
   6.5800000000000000e+02  -7.5917996167290895e+01
   6.5900000000000000e+02  -7.6543877291140504e+01
   6.6000000000000000e+02  -7.6845657917722505e+01
   6.6100000000000000e+02  -7.7386796173720199e+01
   6.6200000000000000e+02  -7.6910202413266106e+01
   6.6300000000000000e+02  -7.6826163205985694e+01
   6.6400000000000000e+02  -7.7051065515897704e+01
   6.6500000000000000e+02  -7.6701449422278202e+01
   6.6600000000000000e+02  -7.7009330551179104e+01
   6.6700000000000000e+02  -7.6663045344677499e+01
   6.6800000000000000e+02  -7.6511060710189795e+01
   6.6900000000000000e+02  -7.5992518082469601e+01
   6.7000000000000000e+02  -7.5598557164203697e+01
   6.7100000000000000e+02  -7.5444917714179994e+01
   6.7200000000000000e+02  -7.5346201665978796e+01
   6.7300000000000000e+02  -7.5044654479485104e+01
   6.7400000000000000e+02  -7.4861224956783701e+01
   6.7500000000000000e+02  -7.5016588311461206e+01
   6.7600000000000000e+02  -7.5039376829275000e+01
   6.7700000000000000e+02  -7.4667490324604003e+01
   6.7800000000000000e+02  -7.4256886017000795e+01
   6.7900000000000000e+02  -7.3843769327752597e+01
   6.8000000000000000e+02  -7.3660295376278398e+01
   6.8100000000000000e+02  -7.3622016748281894e+01
   6.8200000000000000e+02  -7.4018938354939394e+01
   6.8300000000000000e+02  -7.4049995251704004e+01
   6.8400000000000000e+02  -7.3942408868880506e+01
   6.8500000000000000e+02  -7.3992258777789502e+01
   6.8600000000000000e+02  -7.4017164568174707e+01
   6.8700000000000000e+02  -7.4189947695219203e+01
   6.8800000000000000e+02  -7.4009179229912206e+01
   6.8900000000000000e+02  -7.4070832686460605e+01
   6.9000000000000000e+02  -7.4046594240155102e+01
   6.9100000000000000e+02  -7.4373834926045106e+01
   6.9200000000000000e+02  -7.4906956529350893e+01
   6.9300000000000000e+02  -7.5037073447006904e+01
   6.9400000000000000e+02  -7.4955452128715095e+01
   6.9500000000000000e+02  -7.4803927369429601e+01
   6.9600000000000000e+02  -7.5225771132008205e+01
   6.9700000000000000e+02  -7.5185587547036903e+01
   6.9800000000000000e+02  -7.4746722089941400e+01
   6.9900000000000000e+02  -7.4758048472377993e+01
   7.0000000000000000e+02  -7.4768533642260195e+01
   7.0100000000000000e+02  -7.4576023370324705e+01
   7.0200000000000000e+02  -7.4624701589688897e+01
   7.0300000000000000e+02  -7.4559793026232995e+01
   7.0400000000000000e+02  -7.4999152264688902e+01
   7.0500000000000000e+02  -7.4881111744160094e+01
   7.0600000000000000e+02  -7.4777854252494294e+01
   7.0700000000000000e+02  -7.4549369502683405e+01
   7.0800000000000000e+02  -7.4598922910575894e+01
   7.0900000000000000e+02  -7.4373909162358004e+01
   7.1000000000000000e+02  -7.4080694453964995e+01
   7.1100000000000000e+02  -7.4227284217401703e+01
   7.1200000000000000e+02  -7.4868416441665701e+01
   7.1300000000000000e+02  -7.4829253882585604e+01
   7.1400000000000000e+02  -7.4409565038455597e+01
   7.1500000000000000e+02  -7.4629028352582793e+01
   7.1600000000000000e+02  -7.4531138330713404e+01
   7.1700000000000000e+02  -7.4978455128758100e+01
   7.1800000000000000e+02  -7.5341452577589294e+01
   7.1900000000000000e+02  -7.5694975972371097e+01
   7.2000000000000000e+02  -7.5767262508775403e+01
   7.2100000000000000e+02  -7.6018236931489497e+01
   7.2200000000000000e+02  -7.6061845001459702e+01
   7.2300000000000000e+02  -7.6288755878736595e+01
   7.2400000000000000e+02  -7.6243145387135797e+01
   7.2500000000000000e+02  -7.6766959071785905e+01
   7.2600000000000000e+02  -7.6474161649754905e+01
   7.2700000000000000e+02  -7.6778000093597797e+01
   7.2800000000000000e+02  -7.6550705788585802e+01
   7.2900000000000000e+02  -7.6639468017274595e+01
   7.3000000000000000e+02  -7.6445629651872594e+01
   7.3100000000000000e+02  -7.6417138691843505e+01
   7.3200000000000000e+02  -7.6596671472375704e+01
   7.3300000000000000e+02  -7.7001688828547103e+01
   7.3400000000000000e+02  -7.6835368455988899e+01
   7.3500000000000000e+02  -7.7040167793435103e+01
   7.3600000000000000e+02  -7.6695298321493098e+01
   7.3700000000000000e+02  -7.6744579658549696e+01
   7.3800000000000000e+02  -7.7070490139365603e+01
   7.3900000000000000e+02  -7.7122447037262205e+01
   7.4000000000000000e+02  -7.6553353010183898e+01
   7.4100000000000000e+02  -7.6373014513129803e+01
   7.4200000000000000e+02  -7.6306339053488003e+01
   7.4300000000000000e+02  -7.5896927822388406e+01
   7.4400000000000000e+02  -7.6097538171727393e+01
   7.4500000000000000e+02  -7.5883709534718193e+01
   7.4600000000000000e+02  -7.5654969256679493e+01
   7.4700000000000000e+02  -7.5466313994618403e+01
   7.4800000000000000e+02  -7.5135495218531702e+01
   7.4900000000000000e+02  -7.5439775151116194e+01
   7.5000000000000000e+02  -7.5366685534801505e+01
   7.5100000000000000e+02  -7.5220190451324697e+01
   7.5200000000000000e+02  -7.5182306904006794e+01
   7.5300000000000000e+02  -7.4866518421158105e+01
   7.5400000000000000e+02  -7.4964023188976796e+01
   7.5500000000000000e+02  -7.5108135854904603e+01
   7.5600000000000000e+02  -7.5101093773694600e+01
   7.5700000000000000e+02  -7.5053390116203900e+01
   7.5800000000000000e+02  -7.4928917221903703e+01
   7.5900000000000000e+02  -7.4950719517551903e+01
   7.6000000000000000e+02  -7.4691457683799300e+01
   7.6100000000000000e+02  -7.4499172524773499e+01
   7.6200000000000000e+02  -7.3903356549572706e+01
   7.6300000000000000e+02  -7.3369408038565197e+01
   7.6400000000000000e+02  -7.3669466443107495e+01
   7.6500000000000000e+02  -7.3765558444477307e+01
   7.6600000000000000e+02  -7.3290086809719696e+01
   7.6700000000000000e+02  -7.2706002064814300e+01
   7.6800000000000000e+02  -7.2688237284813795e+01
   7.6900000000000000e+02  -7.2433870188850804e+01
   7.7000000000000000e+02  -7.2469444819143803e+01
   7.7100000000000000e+02  -7.2263063764722006e+01
   7.7200000000000000e+02  -7.2380944695169703e+01
   7.7300000000000000e+02  -7.2433610856514804e+01
   7.7400000000000000e+02  -7.2374879368436396e+01
   7.7500000000000000e+02  -7.2708507786711195e+01
   7.7600000000000000e+02  -7.2546409495270794e+01
   7.7700000000000000e+02  -7.3686450036913897e+01
   7.7800000000000000e+02  -7.3307107500347698e+01
   7.7900000000000000e+02  -7.3324283223464704e+01
   7.8000000000000000e+02  -7.3179561818085801e+01
   7.8100000000000000e+02  -7.3604951710335101e+01
   7.8200000000000000e+02  -7.3617311352758804e+01
   7.8300000000000000e+02  -7.2973078656461894e+01
   7.8400000000000000e+02  -7.2800452750779897e+01
   7.8500000000000000e+02  -7.2982832754030895e+01
   7.8600000000000000e+02  -7.3084566194850296e+01
   7.8700000000000000e+02  -7.2750576808130901e+01
   7.8800000000000000e+02  -7.2941503789664793e+01
   7.8900000000000000e+02  -7.3199703429967599e+01
   7.9000000000000000e+02  -7.3453091043120907e+01
   7.9100000000000000e+02  -7.3444453018319706e+01
   7.9200000000000000e+02  -7.3144110733036598e+01
   7.9300000000000000e+02  -7.2918704571908904e+01
   7.9400000000000000e+02  -7.3193926715173802e+01
   7.9500000000000000e+02  -7.3323235317346800e+01
   7.9600000000000000e+02  -7.2943643651379602e+01
   7.9700000000000000e+02  -7.2989718345140005e+01
   7.9800000000000000e+02  -7.2767067853337295e+01
   7.9900000000000000e+02  -7.2892058553019993e+01
   8.0000000000000000e+02  -7.3034556887118299e+01
   8.0100000000000000e+02  -7.3523859910726699e+01
   8.0200000000000000e+02  -7.4052034070253100e+01
   8.0300000000000000e+02  -7.4139963134422601e+01
   8.0400000000000000e+02  -7.4099124952848598e+01
   8.0500000000000000e+02  -7.4034451666690899e+01
   8.0600000000000000e+02  -7.3791277099595405e+01
   8.0700000000000000e+02  -7.3408177899739798e+01
   8.0800000000000000e+02  -7.3704756633842607e+01
   8.0900000000000000e+02  -7.3942476240068203e+01
   8.1000000000000000e+02  -7.3993324399901795e+01
   8.1100000000000000e+02  -7.3842465994518804e+01
   8.1200000000000000e+02  -7.4351252955722998e+01
   8.1300000000000000e+02  -7.4469751097275704e+01
   8.1400000000000000e+02  -7.4077587122984099e+01
   8.1500000000000000e+02  -7.4282076566775501e+01
   8.1600000000000000e+02  -7.3977304280646194e+01
   8.1700000000000000e+02  -7.3861581375126505e+01
   8.1800000000000000e+02  -7.4393712995873997e+01
   8.1900000000000000e+02  -7.4589851973734596e+01
   8.2000000000000000e+02  -7.5088704342441304e+01
   8.2100000000000000e+02  -7.5022985633116505e+01
   8.2200000000000000e+02  -7.4981289095832096e+01
   8.2300000000000000e+02  -7.4968532411758105e+01
   8.2400000000000000e+02  -7.5102515083736606e+01
   8.2500000000000000e+02  -7.4528683483734298e+01
   8.2600000000000000e+02  -7.4398388713308705e+01
   8.2700000000000000e+02  -7.4089116997871699e+01
   8.2800000000000000e+02  -7.4153373808818202e+01
   8.2900000000000000e+02  -7.4336470755186298e+01
   8.3000000000000000e+02  -7.4363808353560202e+01
   8.3100000000000000e+02  -7.4226887136599203e+01
   8.3200000000000000e+02  -7.4009730769884996e+01
   8.3300000000000000e+02  -7.4202543005323804e+01
   8.3400000000000000e+02  -7.4133001260648896e+01
   8.3500000000000000e+02  -7.3987063805290305e+01
   8.3600000000000000e+02  -7.3711401270581405e+01
   8.3700000000000000e+02  -7.3631561950663794e+01
   8.3800000000000000e+02  -7.3640105713827595e+01
   8.3900000000000000e+02  -7.4091898873846006e+01
   8.4000000000000000e+02  -7.4360427552921394e+01
   8.4100000000000000e+02  -7.4485959401336800e+01
   8.4200000000000000e+02  -7.4105349603121496e+01
   8.4300000000000000e+02  -7.4262531937996798e+01
   8.4400000000000000e+02  -7.4176042721488500e+01
   8.4500000000000000e+02  -7.4921048591860995e+01
   8.4600000000000000e+02  -7.4638831565978094e+01
   8.4700000000000000e+02  -7.5079068875907197e+01
   8.4800000000000000e+02  -7.5161905155748499e+01
   8.4900000000000000e+02  -7.5236868657734107e+01
   8.5000000000000000e+02  -7.5492827261355899e+01
   8.5100000000000000e+02  -7.5786173533505703e+01
   8.5200000000000000e+02  -7.5756089702409199e+01
   8.5300000000000000e+02  -7.6026504677603199e+01
   8.5400000000000000e+02  -7.5918223378943907e+01
   8.5500000000000000e+02  -7.5739098898583507e+01
   8.5600000000000000e+02  -7.5781556669473503e+01
   8.5700000000000000e+02  -7.5632776642346897e+01
   8.5800000000000000e+02  -7.5444823332184995e+01
   8.5900000000000000e+02  -7.5221088347877796e+01
   8.6000000000000000e+02  -7.5495895245570296e+01
   8.6100000000000000e+02  -7.5050252936134299e+01
   8.6200000000000000e+02  -7.5287668219087493e+01
   8.6300000000000000e+02  -7.5725902937374201e+01
   8.6400000000000000e+02  -7.5524576286144907e+01
   8.6500000000000000e+02  -7.5656981470534205e+01
   8.6600000000000000e+02  -7.6234323143428398e+01
   8.6700000000000000e+02  -7.5841798283381195e+01
   8.6800000000000000e+02  -7.5962917087063204e+01
   8.6900000000000000e+02  -7.5595508262206707e+01
   8.7000000000000000e+02  -7.6173755966438605e+01
   8.7100000000000000e+02  -7.6198826891363495e+01
   8.7200000000000000e+02  -7.6012812834590207e+01
   8.7300000000000000e+02  -7.5653151288131497e+01
   8.7400000000000000e+02  -7.6103275063810003e+01
   8.7500000000000000e+02  -7.5787595672433895e+01
   8.7600000000000000e+02  -7.5531595408572997e+01
   8.7700000000000000e+02  -7.5287328684566603e+01
   8.7800000000000000e+02  -7.5551366283611898e+01
   8.7900000000000000e+02  -7.5842480866381607e+01
   8.8000000000000000e+02  -7.5650374530904401e+01
   8.8100000000000000e+02  -7.5692418195733495e+01
   8.8200000000000000e+02  -7.5923451568414293e+01
   8.8300000000000000e+02  -7.5848567492409998e+01
   8.8400000000000000e+02  -7.5939130667829005e+01
   8.8500000000000000e+02  -7.6131741790278099e+01
   8.8600000000000000e+02  -7.6278285324639299e+01
   8.8700000000000000e+02  -7.6058842305560901e+01
   8.8800000000000000e+02  -7.5988609765538797e+01
   8.8900000000000000e+02  -7.6365620068305802e+01
   8.9000000000000000e+02  -7.5807374079080603e+01
   8.9100000000000000e+02  -7.5686575986769995e+01
   8.9200000000000000e+02  -7.6167594793332896e+01
   8.9300000000000000e+02  -7.5788413982507606e+01
   8.9400000000000000e+02  -7.5922618269273897e+01
   8.9500000000000000e+02  -7.5562136090381600e+01
   8.9600000000000000e+02  -7.5148890665204405e+01
   8.9700000000000000e+02  -7.5115823088481605e+01
   8.9800000000000000e+02  -7.5249950807336603e+01
   8.9900000000000000e+02  -7.5223111722295400e+01
   9.0000000000000000e+02  -7.5316648651077500e+01
   9.0100000000000000e+02  -7.5346200040923094e+01
   9.0200000000000000e+02  -7.5564319019506499e+01
   9.0300000000000000e+02  -7.5639984317038994e+01
   9.0400000000000000e+02  -7.5060377493975494e+01
   9.0500000000000000e+02  -7.5105204020940903e+01
   9.0600000000000000e+02  -7.5196115020121397e+01
   9.0700000000000000e+02  -7.4631442438629307e+01
   9.0800000000000000e+02  -7.4336029705182696e+01
   9.0900000000000000e+02  -7.5207932169976701e+01
   9.1000000000000000e+02  -7.4719266655210205e+01
   9.1100000000000000e+02  -7.4640990034730294e+01
   9.1200000000000000e+02  -7.4248301196408207e+01
   9.1300000000000000e+02  -7.3992894745606307e+01
   9.1400000000000000e+02  -7.3771680425583696e+01
   9.1500000000000000e+02  -7.4053341610510500e+01
   9.1600000000000000e+02  -7.4447225887820096e+01
   9.1700000000000000e+02  -7.4174872007239202e+01
   9.1800000000000000e+02  -7.4473105938429299e+01
   9.1900000000000000e+02  -7.4685623054661207e+01
   9.2000000000000000e+02  -7.4767280073578902e+01
   9.2100000000000000e+02  -7.5107764056681802e+01
   9.2200000000000000e+02  -7.5460991421656303e+01
   9.2300000000000000e+02  -7.5649238388026504e+01
   9.2400000000000000e+02  -7.5744868600909399e+01
   9.2500000000000000e+02  -7.5986311986722896e+01
   9.2600000000000000e+02  -7.6196346621009894e+01
   9.2700000000000000e+02  -7.6035502774243099e+01
   9.2800000000000000e+02  -7.5846242138907698e+01
   9.2900000000000000e+02  -7.5818729394326994e+01
   9.3000000000000000e+02  -7.5934904855051698e+01
   9.3100000000000000e+02  -7.5646338044157901e+01
   9.3200000000000000e+02  -7.5696882136832102e+01
   9.3300000000000000e+02  -7.5620435218006193e+01
   9.3400000000000000e+02  -7.5828825270432304e+01
   9.3500000000000000e+02  -7.6019687497290505e+01
   9.3600000000000000e+02  -7.6046323623705703e+01
   9.3700000000000000e+02  -7.6648540523673006e+01
   9.3800000000000000e+02  -7.6282094863541005e+01
   9.3900000000000000e+02  -7.6012758589841994e+01
   9.4000000000000000e+02  -7.5899073762171994e+01
   9.4100000000000000e+02  -7.5770197073419794e+01
   9.4200000000000000e+02  -7.5417576601779601e+01
   9.4300000000000000e+02  -7.5133619963784795e+01
   9.4400000000000000e+02  -7.5028941872520804e+01
   9.4500000000000000e+02  -7.5174620713993306e+01
   9.4600000000000000e+02  -7.4861624600371997e+01
   9.4700000000000000e+02  -7.4839141610408404e+01
   9.4800000000000000e+02  -7.4906172515772496e+01
   9.4900000000000000e+02  -7.5109387275209599e+01
   9.5000000000000000e+02  -7.4636344202258499e+01
   9.5100000000000000e+02  -7.5387455418233799e+01
   9.5200000000000000e+02  -7.5519884866749507e+01
   9.5300000000000000e+02  -7.5482672936415497e+01
   9.5400000000000000e+02  -7.5310549293423804e+01
   9.5500000000000000e+02  -7.4823524660271602e+01
   9.5600000000000000e+02  -7.5377973245778904e+01
   9.5700000000000000e+02  -7.5085937807295295e+01
   9.5800000000000000e+02  -7.4767375892889305e+01
   9.5900000000000000e+02  -7.5070697874625793e+01
   9.6000000000000000e+02  -7.5041696934256706e+01
   9.6100000000000000e+02  -7.5210749841642894e+01
   9.6200000000000000e+02  -7.4779418695811302e+01
   9.6300000000000000e+02  -7.5068413367873305e+01
   9.6400000000000000e+02  -7.5671094352250904e+01
   9.6500000000000000e+02  -7.5596264008038304e+01
   9.6600000000000000e+02  -7.4903446406232405e+01
   9.6700000000000000e+02  -7.4884139577501699e+01
   9.6800000000000000e+02  -7.4640146305928496e+01
   9.6900000000000000e+02  -7.4851433446991507e+01
   9.7000000000000000e+02  -7.4617990339316705e+01
   9.7100000000000000e+02  -7.4885861147730196e+01
   9.7200000000000000e+02  -7.5124490754948496e+01
   9.7300000000000000e+02  -7.5047022771319504e+01
   9.7400000000000000e+02  -7.5394811337513104e+01
   9.7500000000000000e+02  -7.5510667553930503e+01
   9.7600000000000000e+02  -7.5219138167839802e+01
   9.7700000000000000e+02  -7.5093633662343507e+01
   9.7800000000000000e+02  -7.5767187664951507e+01
   9.7900000000000000e+02  -7.5656361848852796e+01
   9.8000000000000000e+02  -7.5816218937017197e+01
   9.8100000000000000e+02  -7.5541060547497693e+01
   9.8200000000000000e+02  -7.5490123963315995e+01
   9.8300000000000000e+02  -7.5295054095035894e+01
   9.8400000000000000e+02  -7.5267990277500104e+01
   9.8500000000000000e+02  -7.4971766988822793e+01
   9.8600000000000000e+02  -7.4573077611210493e+01
   9.8700000000000000e+02  -7.4323633992501698e+01
   9.8800000000000000e+02  -7.4088497791809502e+01
   9.8900000000000000e+02  -7.3488087460527595e+01
   9.9000000000000000e+02  -7.3127094293095695e+01
   9.9100000000000000e+02  -7.2623869616913197e+01
   9.9200000000000000e+02  -7.2518105213194502e+01
   9.9300000000000000e+02  -7.2984674397051094e+01
   9.9400000000000000e+02  -7.3175610417336998e+01
   9.9500000000000000e+02  -7.2864805101130599e+01
   9.9600000000000000e+02  -7.2803046031925604e+01
   9.9700000000000000e+02  -7.2893972357266406e+01
   9.9800000000000000e+02  -7.2702939676421906e+01
   9.9900000000000000e+02  -7.2902470313347493e+01
   1.0000000000000000e+03  -7.2523843970750704e+01
   1.0010000000000000e+03  -7.1911481854766507e+01
   1.0020000000000000e+03  -7.2212216965988802e+01
   1.0030000000000000e+03  -7.2085247264705302e+01
   1.0040000000000000e+03  -7.1997236740514694e+01
   1.0050000000000000e+03  -7.2161919865358996e+01
   1.0060000000000000e+03  -7.2062161814432400e+01
   1.0070000000000000e+03  -7.2334431337825706e+01
   1.0080000000000000e+03  -7.2539183439682603e+01
   1.0090000000000000e+03  -7.2549471684334705e+01
   1.0100000000000000e+03  -7.2426816807749901e+01
   1.0110000000000000e+03  -7.1991256816676596e+01
   1.0120000000000000e+03  -7.1933231376913199e+01
   1.0130000000000000e+03  -7.1603801806182702e+01
   1.0140000000000000e+03  -7.1617645525604701e+01
   1.0150000000000000e+03  -7.1829974798518194e+01
   1.0160000000000000e+03  -7.1771458632092106e+01
   1.0170000000000000e+03  -7.1392385290916096e+01
   1.0180000000000000e+03  -7.1339596953982806e+01
   1.0190000000000000e+03  -7.1495086076723595e+01
   1.0200000000000000e+03  -7.1275249906454306e+01
   1.0210000000000000e+03  -7.1334598739986504e+01
   1.0220000000000000e+03  -7.2139942756687404e+01
   1.0230000000000000e+03  -7.1820316066987004e+01
   1.0240000000000000e+03  -7.1542364200076904e+01
   1.0250000000000000e+03  -7.1597785066033097e+01
   1.0260000000000000e+03  -7.1582282551092405e+01
   1.0270000000000000e+03  -7.1895384044490996e+01
   1.0280000000000000e+03  -7.1475464521413201e+01
   1.0290000000000000e+03  -7.1791055747549805e+01
   1.0300000000000000e+03  -7.1905875082331505e+01
   1.0310000000000000e+03  -7.1954671218738397e+01
   1.0320000000000000e+03  -7.1600256203960598e+01
   1.0330000000000000e+03  -7.2243683447846706e+01
   1.0340000000000000e+03  -7.1908196818665203e+01
   1.0350000000000000e+03  -7.1945601859812001e+01
   1.0360000000000000e+03  -7.1582856600437694e+01
   1.0370000000000000e+03  -7.1920517731111900e+01
   1.0380000000000000e+03  -7.1724452151649501e+01
   1.0390000000000000e+03  -7.1760932754134700e+01
   1.0400000000000000e+03  -7.2213433329551194e+01
   1.0410000000000000e+03  -7.1917522853376994e+01
   1.0420000000000000e+03  -7.2279768138137001e+01
   1.0430000000000000e+03  -7.2518528878207704e+01
   1.0440000000000000e+03  -7.2292040840984001e+01
   1.0450000000000000e+03  -7.2040651679371706e+01
   1.0460000000000000e+03  -7.2254227815828997e+01
   1.0470000000000000e+03  -7.1867219259666697e+01
   1.0480000000000000e+03  -7.2641826496548504e+01
   1.0490000000000000e+03  -7.2628861360635199e+01
   1.0500000000000000e+03  -7.2633626092682604e+01
   1.0510000000000000e+03  -7.2796453962285995e+01
   1.0520000000000000e+03  -7.3263350585932898e+01
   1.0530000000000000e+03  -7.2880003737018200e+01
   1.0540000000000000e+03  -7.2501939245702900e+01
   1.0550000000000000e+03  -7.2223121349047304e+01
   1.0560000000000000e+03  -7.2342413706206102e+01
   1.0570000000000000e+03  -7.1633439886003700e+01
   1.0580000000000000e+03  -7.1564416889283706e+01
   1.0590000000000000e+03  -7.1509454590472302e+01
   1.0600000000000000e+03  -7.0759230448454502e+01
   1.0610000000000000e+03  -7.0898696946442399e+01
   1.0620000000000000e+03  -7.1310341377251902e+01
   1.0630000000000000e+03  -7.1298329218883097e+01
   1.0640000000000000e+03  -7.1733619277399200e+01
   1.0650000000000000e+03  -7.1577139916746901e+01
   1.0660000000000000e+03  -7.1825618347153807e+01
   1.0670000000000000e+03  -7.2227919367680997e+01
