  -1.0000000000000000e+02  -7.2307723553505994e+01
  -9.9000000000000000e+01  -7.2446958718049103e+01
  -9.8000000000000000e+01  -7.2375361995200905e+01
  -9.7000000000000000e+01  -7.2339608801841806e+01
  -9.6000000000000000e+01  -7.2520857851519693e+01
  -9.5000000000000000e+01  -7.2683127564863497e+01
  -9.4000000000000000e+01  -7.3087230762857203e+01
  -9.3000000000000000e+01  -7.3618501517824200e+01
  -9.2000000000000000e+01  -7.3633544110257404e+01
  -9.1000000000000000e+01  -7.3780463248509605e+01
  -9.0000000000000000e+01  -7.3618757272025306e+01
  -8.9000000000000000e+01  -7.3596465307239797e+01
  -8.8000000000000000e+01  -7.3557026082570204e+01
  -8.7000000000000000e+01  -7.3792837889483906e+01
  -8.6000000000000000e+01  -7.3824424790807100e+01
  -8.5000000000000000e+01  -7.3507442616442702e+01
  -8.4000000000000000e+01  -7.3220755972058299e+01
  -8.3000000000000000e+01  -7.2847941160034495e+01
  -8.2000000000000000e+01  -7.2833776153255201e+01
  -8.1000000000000000e+01  -7.2333698033656702e+01
  -8.0000000000000000e+01  -7.2400392840721196e+01
  -7.9000000000000000e+01  -7.3139002792670894e+01
  -7.8000000000000000e+01  -7.2941806168968697e+01
  -7.7000000000000000e+01  -7.2799815011334800e+01
  -7.6000000000000000e+01  -7.2498617752396598e+01
  -7.5000000000000000e+01  -7.2119745597155202e+01
  -7.4000000000000000e+01  -7.2240471368475696e+01
  -7.3000000000000000e+01  -7.2715777251229198e+01
  -7.2000000000000000e+01  -7.2470431006519107e+01
  -7.1000000000000000e+01  -7.2465850575832107e+01
  -7.0000000000000000e+01  -7.2675583363251107e+01
  -6.9000000000000000e+01  -7.2610561393486293e+01
  -6.8000000000000000e+01  -7.2476066915128996e+01
  -6.7000000000000000e+01  -7.2473918340799401e+01
  -6.6000000000000000e+01  -7.2018351406234004e+01
  -6.5000000000000000e+01  -7.2100760030210395e+01
  -6.4000000000000000e+01  -7.2144181828026603e+01
  -6.3000000000000000e+01  -7.2246404015922195e+01
  -6.2000000000000000e+01  -7.1913742122640500e+01
  -6.1000000000000000e+01  -7.2582429104198894e+01
  -6.0000000000000000e+01  -7.2661018734810597e+01
  -5.9000000000000000e+01  -7.2824023184624494e+01
  -5.8000000000000000e+01  -7.2158919486516993e+01
  -5.7000000000000000e+01  -7.1530439962300207e+01
  -5.6000000000000000e+01  -7.1493305650741902e+01
  -5.5000000000000000e+01  -7.1316809708320903e+01
  -5.4000000000000000e+01  -7.1251782160231699e+01
  -5.3000000000000000e+01  -7.1109860787078603e+01
  -5.2000000000000000e+01  -7.1023829378753305e+01
  -5.1000000000000000e+01  -7.0583095112424800e+01
  -5.0000000000000000e+01  -7.0821339679860600e+01
  -4.9000000000000000e+01  -7.0570298034264198e+01
  -4.8000000000000000e+01  -7.0483236457380897e+01
  -4.7000000000000000e+01  -7.0471748619636500e+01
  -4.6000000000000000e+01  -7.0533900193024195e+01
  -4.5000000000000000e+01  -7.0481762795467404e+01
  -4.4000000000000000e+01  -7.0328332034142207e+01
  -4.3000000000000000e+01  -7.0026413567206205e+01
  -4.2000000000000000e+01  -6.9679295272378695e+01
  -4.1000000000000000e+01  -6.9146010602740105e+01
  -4.0000000000000000e+01  -6.8839282569726507e+01
  -3.9000000000000000e+01  -6.8649847703728597e+01
  -3.8000000000000000e+01  -6.8134249691888400e+01
  -3.7000000000000000e+01  -6.8060856621800795e+01
  -3.6000000000000000e+01  -6.8160436559557496e+01
  -3.5000000000000000e+01  -6.8563631139145301e+01
  -3.4000000000000000e+01  -6.8592133452962202e+01
  -3.3000000000000000e+01  -6.8324670273786793e+01
  -3.2000000000000000e+01  -6.8173842582651304e+01
  -3.1000000000000000e+01  -6.8058801118174998e+01
  -3.0000000000000000e+01  -6.7969106764502300e+01
  -2.9000000000000000e+01  -6.7999835434563394e+01
  -2.8000000000000000e+01  -6.7469541629392296e+01
  -2.7000000000000000e+01  -6.7694581234903694e+01
  -2.6000000000000000e+01  -6.7635296837327402e+01
  -2.5000000000000000e+01  -6.7594737838218606e+01
  -2.4000000000000000e+01  -6.7360063077553093e+01
  -2.3000000000000000e+01  -6.6990531477720594e+01
  -2.2000000000000000e+01  -6.7075761039547999e+01
  -2.1000000000000000e+01  -6.6472846255434106e+01
  -2.0000000000000000e+01  -6.6224509144696199e+01
  -1.9000000000000000e+01  -6.5621614815973899e+01
  -1.8000000000000000e+01  -6.5379035786580900e+01
  -1.7000000000000000e+01  -6.5114180743291598e+01
  -1.6000000000000000e+01  -6.5124754669683597e+01
  -1.5000000000000000e+01  -6.4815114042692301e+01
  -1.4000000000000000e+01  -6.4434469501300001e+01
  -1.3000000000000000e+01  -6.4477489164893797e+01
  -1.2000000000000000e+01  -6.4334154798161705e+01
  -1.1000000000000000e+01  -6.4575261403965996e+01
  -1.0000000000000000e+01  -6.4037779747223894e+01
  -9.0000000000000000e+00  -6.3178581916051300e+01
  -8.0000000000000000e+00  -6.2356864681434402e+01
  -7.0000000000000000e+00  -6.1729765390179203e+01
  -6.0000000000000000e+00  -6.0824466176392598e+01
  -5.0000000000000000e+00  -5.9351070550446302e+01
  -4.0000000000000000e+00  -5.7559333469073998e+01
  -3.0000000000000000e+00  -5.5337914614600301e+01
  -2.0000000000000000e+00  -4.9704497024009100e+01
  -1.0000000000000000e+00  -3.1535481659695499e+01
   0.0000000000000000e+00  -7.9691343014341696e+00
   1.0000000000000000e+00   8.1711954306668400e+00
   2.0000000000000000e+00   1.7003647763445802e+01
   3.0000000000000000e+00   2.2021467049795600e+01
   4.0000000000000000e+00   2.4694687392622701e+01
   5.0000000000000000e+00   2.6304664080670499e+01
   6.0000000000000000e+00   2.6619269421118599e+01
   7.0000000000000000e+00   2.6510549362752599e+01
   8.0000000000000000e+00   2.6941394065180301e+01
   9.0000000000000000e+00   2.7236452454167999e+01
   1.0000000000000000e+01   2.7303242111576299e+01
   1.1000000000000000e+01   2.7714345989819599e+01
   1.2000000000000000e+01   2.7901414574904202e+01
   1.3000000000000000e+01   2.8565423412499200e+01
   1.4000000000000000e+01   2.8864701607432501e+01
   1.5000000000000000e+01   2.9109004766930600e+01
   1.6000000000000000e+01   2.9684053120123700e+01
   1.7000000000000000e+01   3.0329405179138600e+01
   1.8000000000000000e+01   3.0862877481024000e+01
   1.9000000000000000e+01   3.0722456099084699e+01
   2.0000000000000000e+01   3.0527236702143501e+01
   2.1000000000000000e+01   3.0242446978943999e+01
   2.2000000000000000e+01   3.0385159676750600e+01
   2.3000000000000000e+01   3.0219094298070701e+01
   2.4000000000000000e+01   3.0001453650013801e+01
   2.5000000000000000e+01   3.0129869202410799e+01
   2.6000000000000000e+01   3.0577720843895801e+01
   2.7000000000000000e+01   3.0893105372977601e+01
   2.8000000000000000e+01   3.0443810723475899e+01
   2.9000000000000000e+01   3.0455567281847699e+01
   3.0000000000000000e+01   3.0962647760240401e+01
   3.1000000000000000e+01   3.1376638889804099e+01
   3.2000000000000000e+01   3.0898729268371401e+01
   3.3000000000000000e+01   3.0698064481556301e+01
   3.4000000000000000e+01   3.1317983290948501e+01
   3.5000000000000000e+01   3.1071611782457900e+01
   3.6000000000000000e+01   3.1471706738588100e+01
   3.7000000000000000e+01   3.1717428322498002e+01
   3.8000000000000000e+01   3.2515582630808197e+01
   3.9000000000000000e+01   3.2309325907008201e+01
   4.0000000000000000e+01   3.2672119374833102e+01
   4.1000000000000000e+01   3.2859525414751197e+01
   4.2000000000000000e+01   3.2817182564699998e+01
   4.3000000000000000e+01   3.2434665760300298e+01
   4.4000000000000000e+01   3.2669336951520101e+01
   4.5000000000000000e+01   3.3174588041604402e+01
   4.6000000000000000e+01   3.2916354427306601e+01
   4.7000000000000000e+01   3.3728849857933000e+01
   4.8000000000000000e+01   3.3992920088425699e+01
   4.9000000000000000e+01   3.4006742599312801e+01
   5.0000000000000000e+01   3.4077981347401298e+01
   5.1000000000000000e+01   3.3645108290933301e+01
   5.2000000000000000e+01   3.3594429965235697e+01
   5.3000000000000000e+01   3.3484110860615402e+01
   5.4000000000000000e+01   3.3850099164654402e+01
   5.5000000000000000e+01   3.3653444559760800e+01
   5.6000000000000000e+01   3.4034149198444297e+01
   5.7000000000000000e+01   3.3822696593421000e+01
   5.8000000000000000e+01   3.4234729211583200e+01
   5.9000000000000000e+01   3.4426783748107802e+01
   6.0000000000000000e+01   3.4539036433108897e+01
   6.1000000000000000e+01   3.4568940096683797e+01
   6.2000000000000000e+01   3.4770539117298000e+01
   6.3000000000000000e+01   3.5025909647330799e+01
   6.4000000000000000e+01   3.5498730346407498e+01
   6.5000000000000000e+01   3.5319730601999197e+01
   6.6000000000000000e+01   3.5327736808662102e+01
   6.7000000000000000e+01   3.5730643825702401e+01
   6.8000000000000000e+01   3.5943480077934602e+01
   6.9000000000000000e+01   3.5425408556557798e+01
   7.0000000000000000e+01   3.5907582012535400e+01
   7.1000000000000000e+01   3.5843461838155598e+01
   7.2000000000000000e+01   3.5649959355130001e+01
   7.3000000000000000e+01   3.5799845724369803e+01
   7.4000000000000000e+01   3.5677388692171697e+01
   7.5000000000000000e+01   3.5952611791974100e+01
   7.6000000000000000e+01   3.6340796247978702e+01
   7.7000000000000000e+01   3.6053239533379099e+01
   7.8000000000000000e+01   3.6104630519230199e+01
   7.9000000000000000e+01   3.5773248432540001e+01
   8.0000000000000000e+01   3.5871388752439302e+01
   8.1000000000000000e+01   3.5689925970927000e+01
   8.2000000000000000e+01   3.5889268025681297e+01
   8.3000000000000000e+01   3.6150552580970697e+01
   8.4000000000000000e+01   3.5548502752990998e+01
   8.5000000000000000e+01   3.5081723292468197e+01
   8.6000000000000000e+01   3.5277799483426300e+01
   8.7000000000000000e+01   3.5491687734888700e+01
   8.8000000000000000e+01   3.5717408799047597e+01
   8.9000000000000000e+01   3.6194982472378697e+01
   9.0000000000000000e+01   3.6732940665146401e+01
   9.1000000000000000e+01   3.6966493242243601e+01
   9.2000000000000000e+01   3.6905991723822403e+01
   9.3000000000000000e+01   3.6359131641712899e+01
   9.4000000000000000e+01   3.6687658757171697e+01
   9.5000000000000000e+01   3.6655996357060701e+01
   9.6000000000000000e+01   3.6547148324330600e+01
   9.7000000000000000e+01   3.6193978221423400e+01
   9.8000000000000000e+01   3.6322823481378698e+01
   9.9000000000000000e+01   3.6604728803794799e+01
   1.0000000000000000e+02   3.6704370587794301e+01
   1.0100000000000000e+02   3.6767158564449701e+01
   1.0200000000000000e+02   3.6886850041925399e+01
   1.0300000000000000e+02   3.6902469744791198e+01
   1.0400000000000000e+02   3.7320536546356998e+01
   1.0500000000000000e+02   3.7127980763509200e+01
   1.0600000000000000e+02   3.6874597910728099e+01
   1.0700000000000000e+02   3.7079277723901498e+01
   1.0800000000000000e+02   3.7101801446421298e+01
   1.0900000000000000e+02   3.6709569343757401e+01
   1.1000000000000000e+02   3.6491233582398998e+01
   1.1100000000000000e+02   3.6231952366305897e+01
   1.1200000000000000e+02   3.6839780749307401e+01
   1.1300000000000000e+02   3.6335053317893703e+01
   1.1400000000000000e+02   3.6745533110505498e+01
   1.1500000000000000e+02   3.6349354407729400e+01
   1.1600000000000000e+02   3.6556896529011603e+01
   1.1700000000000000e+02   3.7075706504296498e+01
   1.1800000000000000e+02   3.7314082277704699e+01
   1.1900000000000000e+02   3.7521339392304903e+01
   1.2000000000000000e+02   3.7599244492019402e+01
   1.2100000000000000e+02   3.7615354988918597e+01
   1.2200000000000000e+02   3.7479973882348098e+01
   1.2300000000000000e+02   3.7112879608491902e+01
   1.2400000000000000e+02   3.7252507426191201e+01
   1.2500000000000000e+02   3.7309117224197102e+01
   1.2600000000000000e+02   3.7602022696250302e+01
   1.2700000000000000e+02   3.7555067051782999e+01
   1.2800000000000000e+02   3.7323573181322701e+01
   1.2900000000000000e+02   3.7099674122134900e+01
   1.3000000000000000e+02   3.7063757038223201e+01
   1.3100000000000000e+02   3.6947638896188700e+01
   1.3200000000000000e+02   3.7155862963927603e+01
   1.3300000000000000e+02   3.7261937067890202e+01
   1.3400000000000000e+02   3.7331442056378997e+01
   1.3500000000000000e+02   3.6956988706933203e+01
   1.3600000000000000e+02   3.6374205098652503e+01
   1.3700000000000000e+02   3.5985925527665799e+01
   1.3800000000000000e+02   3.5635924408483099e+01
   1.3900000000000000e+02   3.5680359158157501e+01
   1.4000000000000000e+02   3.6011774330243497e+01
   1.4100000000000000e+02   3.6059633081559397e+01
   1.4200000000000000e+02   3.5660455890114001e+01
   1.4300000000000000e+02   3.5888686815886800e+01
   1.4400000000000000e+02   3.5555115674931102e+01
   1.4500000000000000e+02   3.5407702151839700e+01
   1.4600000000000000e+02   3.5176076753395598e+01
   1.4700000000000000e+02   3.5536583553356202e+01
   1.4800000000000000e+02   3.5546838086449199e+01
   1.4900000000000000e+02   3.5737689457480400e+01
   1.5000000000000000e+02   3.6082403959614098e+01
   1.5100000000000000e+02   3.6046661320715202e+01
   1.5200000000000000e+02   3.5937341844201796e+01
   1.5300000000000000e+02   3.6268341995742098e+01
   1.5400000000000000e+02   3.6333510620871699e+01
   1.5500000000000000e+02   3.6711672993607500e+01
   1.5600000000000000e+02   3.6558633657659897e+01
   1.5700000000000000e+02   3.6593564300870099e+01
   1.5800000000000000e+02   3.6666559016846300e+01
   1.5900000000000000e+02   3.6710074735647702e+01
   1.6000000000000000e+02   3.6435490997830300e+01
   1.6100000000000000e+02   3.6552898479070102e+01
   1.6200000000000000e+02   3.6318852125875097e+01
   1.6300000000000000e+02   3.5962217948194301e+01
   1.6400000000000000e+02   3.5856945652945399e+01
   1.6500000000000000e+02   3.5334621974770300e+01
   1.6600000000000000e+02   3.5586215046826098e+01
   1.6700000000000000e+02   3.5817689833097198e+01
   1.6800000000000000e+02   3.5804077053062301e+01
   1.6900000000000000e+02   3.5437486695977498e+01
   1.7000000000000000e+02   3.5719908801236500e+01
   1.7100000000000000e+02   3.5748964206126800e+01
   1.7200000000000000e+02   3.5755947547237199e+01
   1.7300000000000000e+02   3.5939275545915997e+01
   1.7400000000000000e+02   3.5502626359853700e+01
   1.7500000000000000e+02   3.5350391873564902e+01
   1.7600000000000000e+02   3.4920754843650897e+01
   1.7700000000000000e+02   3.5046860412855303e+01
   1.7800000000000000e+02   3.4474927871546200e+01
   1.7900000000000000e+02   3.4169357256001597e+01
   1.8000000000000000e+02   3.4490659614841299e+01
   1.8100000000000000e+02   3.4212811375983001e+01
   1.8200000000000000e+02   3.4440978550911801e+01
   1.8300000000000000e+02   3.3946720482499501e+01
   1.8400000000000000e+02   3.3351617694915802e+01
   1.8500000000000000e+02   3.2956159789568801e+01
   1.8600000000000000e+02   3.2819676338268202e+01
   1.8700000000000000e+02   3.2551712657168800e+01
   1.8800000000000000e+02   3.2453499324708297e+01
   1.8900000000000000e+02   3.1915537471276700e+01
   1.9000000000000000e+02   3.1732253574919799e+01
   1.9100000000000000e+02   3.0936308897352902e+01
   1.9200000000000000e+02   3.1174071320470201e+01
   1.9300000000000000e+02   3.0882312842537502e+01
   1.9400000000000000e+02   3.0578543396752000e+01
   1.9500000000000000e+02   2.9754167967065001e+01
   1.9600000000000000e+02   3.0413038791017101e+01
   1.9700000000000000e+02   3.0016695659835900e+01
   1.9800000000000000e+02   2.9786121492404899e+01
   1.9900000000000000e+02   2.9995380253856901e+01
   2.0000000000000000e+02   2.9625151267833299e+01
   2.0100000000000000e+02   2.9138399411194101e+01
   2.0200000000000000e+02   2.9287453793939001e+01
   2.0300000000000000e+02   2.8785084717120501e+01
   2.0400000000000000e+02   2.8902494219995500e+01
   2.0500000000000000e+02   2.9374225219362099e+01
   2.0600000000000000e+02   3.0058187523157500e+01
   2.0700000000000000e+02   2.9598388827805401e+01
   2.0800000000000000e+02   2.9332455549518301e+01
   2.0900000000000000e+02   2.9167411108782300e+01
   2.1000000000000000e+02   2.8576238774536399e+01
   2.1100000000000000e+02   2.8844662623201000e+01
   2.1200000000000000e+02   2.9098855756696800e+01
   2.1300000000000000e+02   2.9384460249982801e+01
   2.1400000000000000e+02   2.9021457230186201e+01
   2.1500000000000000e+02   2.8583407989112999e+01
   2.1600000000000000e+02   2.8191253776092999e+01
   2.1700000000000000e+02   2.8340514328909300e+01
   2.1800000000000000e+02   2.7935998532712201e+01
   2.1900000000000000e+02   2.7616530762724999e+01
   2.2000000000000000e+02   2.7311423926793601e+01
   2.2100000000000000e+02   2.6691487263919502e+01
   2.2200000000000000e+02   2.6980921645262399e+01
   2.2300000000000000e+02   2.6643314417889101e+01
   2.2400000000000000e+02   2.6447192844406700e+01
   2.2500000000000000e+02   2.6251125577807400e+01
   2.2600000000000000e+02   2.6589380331678299e+01
   2.2700000000000000e+02   2.6732369525156500e+01
   2.2800000000000000e+02   2.6664071145077799e+01
   2.2900000000000000e+02   2.6753185102325801e+01
   2.3000000000000000e+02   2.6817576400724199e+01
   2.3100000000000000e+02   2.6882240753614301e+01
   2.3200000000000000e+02   2.6601436911228301e+01
   2.3300000000000000e+02   2.6419305307168202e+01
   2.3400000000000000e+02   2.6662043614200300e+01
   2.3500000000000000e+02   2.6600899042815499e+01
   2.3600000000000000e+02   2.5849849723548399e+01
   2.3700000000000000e+02   2.5589962118952400e+01
   2.3800000000000000e+02   2.5439575633904902e+01
   2.3900000000000000e+02   2.5277030055922999e+01
   2.4000000000000000e+02   2.4672778863113098e+01
   2.4100000000000000e+02   2.4489912622790200e+01
   2.4200000000000000e+02   2.3986721702926499e+01
   2.4300000000000000e+02   2.4079905382713701e+01
   2.4400000000000000e+02   2.3914389776692801e+01
   2.4500000000000000e+02   2.3321933444395700e+01
   2.4600000000000000e+02   2.2999730343119602e+01
   2.4700000000000000e+02   2.2825109521795898e+01
   2.4800000000000000e+02   2.2675729837745099e+01
   2.4900000000000000e+02   2.2325392065328298e+01
   2.5000000000000000e+02   2.2078032203111700e+01
   2.5100000000000000e+02   2.1903482273801600e+01
   2.5200000000000000e+02   2.1363550807834901e+01
   2.5300000000000000e+02   2.0888708444133400e+01
   2.5400000000000000e+02   2.0420267968255200e+01
   2.5500000000000000e+02   2.0543459907074698e+01
   2.5600000000000000e+02   2.0390950108276702e+01
   2.5700000000000000e+02   2.0356336471828801e+01
   2.5800000000000000e+02   2.0546761712682599e+01
   2.5900000000000000e+02   2.0636159102263001e+01
   2.6000000000000000e+02   2.0909144252367099e+01
   2.6100000000000000e+02   2.0818390980530399e+01
   2.6200000000000000e+02   2.0717730607045699e+01
   2.6300000000000000e+02   2.0441301535566701e+01
   2.6400000000000000e+02   1.9783588643060298e+01
   2.6500000000000000e+02   1.9820317699227399e+01
   2.6600000000000000e+02   1.9488730696849800e+01
   2.6700000000000000e+02   1.9473017456397599e+01
   2.6800000000000000e+02   1.9383490643891101e+01
   2.6900000000000000e+02   1.9002110799501398e+01
   2.7000000000000000e+02   1.9399560686540202e+01
   2.7100000000000000e+02   1.9255892204839999e+01
   2.7200000000000000e+02   1.8691556024698102e+01
   2.7300000000000000e+02   1.8487022233135299e+01
   2.7400000000000000e+02   1.8964891518437401e+01
   2.7500000000000000e+02   1.9059028077179700e+01
   2.7600000000000000e+02   1.9099211980834799e+01
   2.7700000000000000e+02   1.8604588753346501e+01
   2.7800000000000000e+02   1.8502426006939501e+01
   2.7900000000000000e+02   1.8689208023452199e+01
   2.8000000000000000e+02   1.8367335968055201e+01
   2.8100000000000000e+02   1.7971959335746000e+01
   2.8200000000000000e+02   1.7498664819389401e+01
   2.8300000000000000e+02   1.7497575679472298e+01
   2.8400000000000000e+02   1.7438479808169099e+01
   2.8500000000000000e+02   1.7567936056881301e+01
   2.8600000000000000e+02   1.7272661807317700e+01
   2.8700000000000000e+02   1.6965914675441599e+01
   2.8800000000000000e+02   1.7366423768211899e+01
   2.8900000000000000e+02   1.7522806905882401e+01
   2.9000000000000000e+02   1.7314689680447199e+01
   2.9100000000000000e+02   1.6976785488202001e+01
   2.9200000000000000e+02   1.6731681324498101e+01
   2.9300000000000000e+02   1.6980176058088901e+01
   2.9400000000000000e+02   1.6941093733845101e+01
   2.9500000000000000e+02   1.6590776853539101e+01
   2.9600000000000000e+02   1.6387114248959101e+01
   2.9700000000000000e+02   1.6354365668928299e+01
   2.9800000000000000e+02   1.6656100081481998e+01
   2.9900000000000000e+02   1.6412226803685499e+01
   3.0000000000000000e+02   1.6576159006958999e+01
   3.0100000000000000e+02   1.6176167158308498e+01
   3.0200000000000000e+02   1.5887067137372100e+01
   3.0300000000000000e+02   1.6002809417830498e+01
   3.0400000000000000e+02   1.6478699016725699e+01
   3.0500000000000000e+02   1.6851876878178700e+01
   3.0600000000000000e+02   1.7107887615589298e+01
   3.0700000000000000e+02   1.7538735861127499e+01
   3.0800000000000000e+02   1.6954054450347201e+01
   3.0900000000000000e+02   1.7003862785296700e+01
   3.1000000000000000e+02   1.6400591229070599e+01
   3.1100000000000000e+02   1.6488140837703600e+01
   3.1200000000000000e+02   1.6901951527484901e+01
   3.1300000000000000e+02   1.6627346156739002e+01
   3.1400000000000000e+02   1.6577099076354301e+01
   3.1500000000000000e+02   1.6139217173772600e+01
   3.1600000000000000e+02   1.6008159052529699e+01
   3.1700000000000000e+02   1.6097338870107802e+01
   3.1800000000000000e+02   1.6135780761854200e+01
   3.1900000000000000e+02   1.5870553916478199e+01
   3.2000000000000000e+02   1.4993624310009800e+01
   3.2100000000000000e+02   1.4375671546065799e+01
   3.2200000000000000e+02   1.4166020764297199e+01
   3.2300000000000000e+02   1.4378020857523300e+01
   3.2400000000000000e+02   1.3978683763535299e+01
   3.2500000000000000e+02   1.3775158403133400e+01
   3.2600000000000000e+02   1.3589495060853100e+01
   3.2700000000000000e+02   1.3466663959615200e+01
   3.2800000000000000e+02   1.2651350020475400e+01
   3.2900000000000000e+02   1.2833358323569700e+01
   3.3000000000000000e+02   1.3144404621042900e+01
   3.3100000000000000e+02   1.2950987709616200e+01
   3.3200000000000000e+02   1.2201271453748101e+01
   3.3300000000000000e+02   1.1998173461115201e+01
   3.3400000000000000e+02   1.1934840134456399e+01
   3.3500000000000000e+02   1.1680470817034500e+01
   3.3600000000000000e+02   1.1646511495597901e+01
   3.3700000000000000e+02   1.1216388776312900e+01
   3.3800000000000000e+02   1.1429450083131600e+01
   3.3900000000000000e+02   1.1096976258521400e+01
   3.4000000000000000e+02   1.1130236682027300e+01
   3.4100000000000000e+02   1.1441125976188401e+01
   3.4200000000000000e+02   1.1768565639349299e+01
   3.4300000000000000e+02   1.1860996537767100e+01
   3.4400000000000000e+02   1.1768444019467699e+01
   3.4500000000000000e+02   1.1177742085258300e+01
   3.4600000000000000e+02   1.0428382080758700e+01
   3.4700000000000000e+02   1.0495050335584400e+01
   3.4800000000000000e+02   1.0445243861790100e+01
   3.4900000000000000e+02   1.0485857561019200e+01
   3.5000000000000000e+02   1.0324221146384801e+01
   3.5100000000000000e+02   1.0106163158462200e+01
   3.5200000000000000e+02   9.8755601722514204e+00
   3.5300000000000000e+02   9.5159367876899204e+00
   3.5400000000000000e+02   8.8352801819961595e+00
   3.5500000000000000e+02   8.4206248140958593e+00
   3.5600000000000000e+02   8.0943081893812803e+00
   3.5700000000000000e+02   8.3241697917154802e+00
   3.5800000000000000e+02   8.4016967976484302e+00
   3.5900000000000000e+02   8.4149678914058494e+00
   3.6000000000000000e+02   8.0613922319976599e+00
   3.6100000000000000e+02   8.2662785423003395e+00
   3.6200000000000000e+02   7.6329592390702601e+00
   3.6300000000000000e+02   7.5909340436837400e+00
   3.6400000000000000e+02   7.2191081094376601e+00
   3.6500000000000000e+02   6.7189675921176599e+00
   3.6600000000000000e+02   6.6219585431163299e+00
   3.6700000000000000e+02   6.0627013980475404e+00
   3.6800000000000000e+02   5.7245912552918297e+00
   3.6900000000000000e+02   5.3612159051257597e+00
   3.7000000000000000e+02   5.0823236059799797e+00
   3.7100000000000000e+02   4.5450032958697397e+00
   3.7200000000000000e+02   4.0175007942036700e+00
   3.7300000000000000e+02   3.6234287273683998e+00
   3.7400000000000000e+02   3.3491767349071901e+00
   3.7500000000000000e+02   2.9553627998788801e+00
   3.7600000000000000e+02   2.5901041630549702e+00
   3.7700000000000000e+02   2.2185699394547300e+00
   3.7800000000000000e+02   2.5993431113741501e+00
   3.7900000000000000e+02   2.4137522521370700e+00
   3.8000000000000000e+02   2.7274075001290901e+00
   3.8100000000000000e+02   2.1077561188267100e+00
   3.8200000000000000e+02   1.9750031754666599e+00
   3.8300000000000000e+02   1.2151429454032801e+00
   3.8400000000000000e+02   6.1360737716771996e-01
   3.8500000000000000e+02   4.4141712286834500e-01
   3.8600000000000000e+02  -8.2357701721806106e-02
   3.8700000000000000e+02  -3.0706273156565000e-01
   3.8800000000000000e+02  -4.8304457343479601e-01
   3.8900000000000000e+02  -7.6129016720176301e-01
   3.9000000000000000e+02  -1.2401777410837200e+00
   3.9100000000000000e+02  -1.6125628084076300e+00
   3.9200000000000000e+02  -1.5167395268593400e+00
   3.9300000000000000e+02  -1.2059282800381601e+00
   3.9400000000000000e+02  -1.2803726426081401e+00
   3.9500000000000000e+02  -1.4754578161745999e+00
   3.9600000000000000e+02  -1.1207204392341701e+00
   3.9700000000000000e+02  -1.0038618134636399e+00
   3.9800000000000000e+02  -1.4711804600450700e+00
   3.9900000000000000e+02  -1.9754974392770199e+00
   4.0000000000000000e+02  -2.4620431933716000e+00
   4.0100000000000000e+02  -2.9462342808298398e+00
   4.0200000000000000e+02  -2.5936719431377901e+00
   4.0300000000000000e+02  -3.6003918467054099e+00
   4.0400000000000000e+02  -3.7539350646435001e+00
   4.0500000000000000e+02  -3.7808004442754899e+00
   4.0600000000000000e+02  -3.6010614107226200e+00
   4.0700000000000000e+02  -4.0639904573925101e+00
   4.0800000000000000e+02  -3.8357720312314099e+00
   4.0900000000000000e+02  -3.9953474670508999e+00
   4.1000000000000000e+02  -4.6878506371253303e+00
   4.1100000000000000e+02  -5.1962137642389798e+00
   4.1200000000000000e+02  -5.3467134509280401e+00
   4.1300000000000000e+02  -5.2023241818930703e+00
   4.1400000000000000e+02  -5.2535846430688000e+00
   4.1500000000000000e+02  -5.7162324491281797e+00
   4.1600000000000000e+02  -5.6455741199177796e+00
   4.1700000000000000e+02  -6.0951488054687601e+00
   4.1800000000000000e+02  -7.0069108348474503e+00
   4.1900000000000000e+02  -7.5450840855645502e+00
   4.2000000000000000e+02  -7.3522012658797697e+00
   4.2100000000000000e+02  -6.4653529193001198e+00
   4.2200000000000000e+02  -6.7589009837439900e+00
   4.2300000000000000e+02  -7.5856744224151003e+00
   4.2400000000000000e+02  -7.7867653352491804e+00
   4.2500000000000000e+02  -7.5668301516306800e+00
   4.2600000000000000e+02  -7.3870082694635002e+00
   4.2700000000000000e+02  -7.6932684879060202e+00
   4.2800000000000000e+02  -7.9581044014625304e+00
   4.2900000000000000e+02  -8.4845286428347499e+00
   4.3000000000000000e+02  -9.0254063437946108e+00
   4.3100000000000000e+02  -9.6641606776139000e+00
   4.3200000000000000e+02  -1.0157343717177399e+01
   4.3300000000000000e+02  -1.0707251585820099e+01
   4.3400000000000000e+02  -1.0896702428934899e+01
   4.3500000000000000e+02  -1.1169552291623701e+01
   4.3600000000000000e+02  -1.2034119038814000e+01
   4.3700000000000000e+02  -1.2649490447218700e+01
   4.3800000000000000e+02  -1.2919080787918199e+01
   4.3900000000000000e+02  -1.3612061999410500e+01
   4.4000000000000000e+02  -1.4201476903488601e+01
   4.4100000000000000e+02  -1.4220714092651500e+01
   4.4200000000000000e+02  -1.4281323209833699e+01
   4.4300000000000000e+02  -1.4022407191544900e+01
   4.4400000000000000e+02  -1.4440990965014500e+01
   4.4500000000000000e+02  -1.4752513041613300e+01
   4.4600000000000000e+02  -1.4397612504569301e+01
   4.4700000000000000e+02  -1.4770958391277500e+01
   4.4800000000000000e+02  -1.4862900534884400e+01
   4.4900000000000000e+02  -1.5108850109319601e+01
   4.5000000000000000e+02  -1.5479608634206800e+01
   4.5100000000000000e+02  -1.5861799184915100e+01
   4.5200000000000000e+02  -1.5767580071406901e+01
   4.5300000000000000e+02  -1.6700166101313599e+01
   4.5400000000000000e+02  -1.6382797481225300e+01
   4.5500000000000000e+02  -1.6327625109376200e+01
   4.5600000000000000e+02  -1.6325483229313601e+01
   4.5700000000000000e+02  -1.6647589995570101e+01
   4.5800000000000000e+02  -1.7716856161902800e+01
   4.5900000000000000e+02  -1.7920830785737401e+01
   4.6000000000000000e+02  -1.8695264262053399e+01
   4.6100000000000000e+02  -1.9174637136958701e+01
   4.6200000000000000e+02  -1.9353465350790000e+01
   4.6300000000000000e+02  -2.0046190263779099e+01
   4.6400000000000000e+02  -2.0139566313537099e+01
   4.6500000000000000e+02  -2.0218805107870999e+01
   4.6600000000000000e+02  -2.0657320666202700e+01
   4.6700000000000000e+02  -2.0955272854356799e+01
   4.6800000000000000e+02  -2.1106264906479101e+01
   4.6900000000000000e+02  -2.0963489269516302e+01
   4.7000000000000000e+02  -2.1027407852800899e+01
   4.7100000000000000e+02  -2.1424297839798399e+01
   4.7200000000000000e+02  -2.2048572797455400e+01
   4.7300000000000000e+02  -2.2431463954020199e+01
   4.7400000000000000e+02  -2.2831577435267501e+01
   4.7500000000000000e+02  -2.3798009844891101e+01
   4.7600000000000000e+02  -2.4086952493515199e+01
   4.7700000000000000e+02  -2.5077771909029401e+01
   4.7800000000000000e+02  -2.5318899915343000e+01
   4.7900000000000000e+02  -2.5720448823097399e+01
   4.8000000000000000e+02  -2.6321389508963701e+01
   4.8100000000000000e+02  -2.6364402038583801e+01
   4.8200000000000000e+02  -2.6953890969113200e+01
   4.8300000000000000e+02  -2.6889034295027901e+01
   4.8400000000000000e+02  -2.7916404683356401e+01
   4.8500000000000000e+02  -2.8292562012292901e+01
   4.8600000000000000e+02  -2.8626915916737801e+01
   4.8700000000000000e+02  -2.9010344753073500e+01
   4.8800000000000000e+02  -2.9446331648927600e+01
   4.8900000000000000e+02  -3.0119872415001300e+01
   4.9000000000000000e+02  -3.0740322447195702e+01
   4.9100000000000000e+02  -3.1096494966836200e+01
   4.9200000000000000e+02  -3.1378970358394898e+01
   4.9300000000000000e+02  -3.1747138078634698e+01
   4.9400000000000000e+02  -3.1792850186645900e+01
   4.9500000000000000e+02  -3.2094275084883897e+01
   4.9600000000000000e+02  -3.2212410577968498e+01
   4.9700000000000000e+02  -3.2781670141629903e+01
   4.9800000000000000e+02  -3.3211598446170498e+01
   4.9900000000000000e+02  -3.3562768999035903e+01
   5.0000000000000000e+02  -3.4056247558878297e+01
   5.0100000000000000e+02  -3.4929187857267998e+01
   5.0200000000000000e+02  -3.5195548277077400e+01
   5.0300000000000000e+02  -3.5745403612378503e+01
   5.0400000000000000e+02  -3.6523069816463199e+01
   5.0500000000000000e+02  -3.6748046967233599e+01
   5.0600000000000000e+02  -3.7117644102730203e+01
   5.0700000000000000e+02  -3.7208846171898699e+01
   5.0800000000000000e+02  -3.7434878186055101e+01
   5.0900000000000000e+02  -3.7982518543106899e+01
   5.1000000000000000e+02  -3.8661272217948500e+01
   5.1100000000000000e+02  -3.8637955519022199e+01
   5.1200000000000000e+02  -3.9641484013628599e+01
   5.1300000000000000e+02  -3.9843688106841398e+01
   5.1400000000000000e+02  -4.0267513491159299e+01
   5.1500000000000000e+02  -4.0765342777969899e+01
   5.1600000000000000e+02  -4.0753474971109398e+01
   5.1700000000000000e+02  -4.0697910059012102e+01
   5.1800000000000000e+02  -4.1090811102024198e+01
   5.1900000000000000e+02  -4.1858227982464904e+01
   5.2000000000000000e+02  -4.2003658553697001e+01
   5.2100000000000000e+02  -4.2733831406181999e+01
   5.2200000000000000e+02  -4.3607948842470599e+01
   5.2300000000000000e+02  -4.3878841376171700e+01
   5.2400000000000000e+02  -4.4271014787079999e+01
   5.2500000000000000e+02  -4.4618368550552098e+01
   5.2600000000000000e+02  -4.5000799337426699e+01
   5.2700000000000000e+02  -4.5278674057569397e+01
   5.2800000000000000e+02  -4.5266177942518198e+01
   5.2900000000000000e+02  -4.5924754737753297e+01
   5.3000000000000000e+02  -4.6280439276851801e+01
   5.3100000000000000e+02  -4.6717176617874699e+01
   5.3200000000000000e+02  -4.7172249936409401e+01
   5.3300000000000000e+02  -4.7627158116867903e+01
   5.3400000000000000e+02  -4.7776052483013700e+01
   5.3500000000000000e+02  -4.7464312001607198e+01
   5.3600000000000000e+02  -4.7361303185307797e+01
   5.3700000000000000e+02  -4.7443328781198097e+01
   5.3800000000000000e+02  -4.7648594473060598e+01
   5.3900000000000000e+02  -4.7756584456272002e+01
   5.4000000000000000e+02  -4.7472474071014403e+01
   5.4100000000000000e+02  -4.8121244528562897e+01
   5.4200000000000000e+02  -4.8403214184079800e+01
   5.4300000000000000e+02  -4.8629023485001099e+01
   5.4400000000000000e+02  -4.8853513390145601e+01
   5.4500000000000000e+02  -4.9693562769244402e+01
   5.4600000000000000e+02  -5.0444814970816701e+01
   5.4700000000000000e+02  -5.0925135657885399e+01
   5.4800000000000000e+02  -5.1367692793971102e+01
   5.4900000000000000e+02  -5.0998588601003704e+01
   5.5000000000000000e+02  -5.1709549630670800e+01
   5.5100000000000000e+02  -5.1895498294008299e+01
   5.5200000000000000e+02  -5.2352453592789097e+01
   5.5300000000000000e+02  -5.2936342515851699e+01
   5.5400000000000000e+02  -5.3817800323910802e+01
   5.5500000000000000e+02  -5.3918929611248799e+01
   5.5600000000000000e+02  -5.4446451549231902e+01
   5.5700000000000000e+02  -5.4900049980961903e+01
   5.5800000000000000e+02  -5.4748730539913097e+01
   5.5900000000000000e+02  -5.5075060424115797e+01
   5.6000000000000000e+02  -5.5419124718390002e+01
   5.6100000000000000e+02  -5.6449716633053399e+01
   5.6200000000000000e+02  -5.7163456524269897e+01
   5.6300000000000000e+02  -5.7138626562225902e+01
   5.6400000000000000e+02  -5.7115293406652000e+01
   5.6500000000000000e+02  -5.7765872311265703e+01
   5.6600000000000000e+02  -5.8053410889994801e+01
   5.6700000000000000e+02  -5.8469344297376601e+01
   5.6800000000000000e+02  -5.9049400727196300e+01
   5.6900000000000000e+02  -5.9837371882503497e+01
   5.7000000000000000e+02  -5.9474686249470999e+01
   5.7100000000000000e+02  -5.9955296806372097e+01
   5.7200000000000000e+02  -6.0320393506645097e+01
   5.7300000000000000e+02  -6.0199483525421400e+01
   5.7400000000000000e+02  -6.0672049608220398e+01
   5.7500000000000000e+02  -6.1251227117619003e+01
   5.7600000000000000e+02  -6.1802219821665197e+01
   5.7700000000000000e+02  -6.1790746420635401e+01
   5.7800000000000000e+02  -6.2371897713689997e+01
   5.7900000000000000e+02  -6.3020623938777398e+01
   5.8000000000000000e+02  -6.3302559106551001e+01
   5.8100000000000000e+02  -6.3221347489985000e+01
   5.8200000000000000e+02  -6.3523710726855697e+01
   5.8300000000000000e+02  -6.4181686422316702e+01
   5.8400000000000000e+02  -6.4750474120509196e+01
   5.8500000000000000e+02  -6.5291000931038397e+01
   5.8600000000000000e+02  -6.6280670964710694e+01
   5.8700000000000000e+02  -6.6227521377757895e+01
   5.8800000000000000e+02  -6.6692564161809599e+01
   5.8900000000000000e+02  -6.6686570024468196e+01
   5.9000000000000000e+02  -6.6724570196831195e+01
   5.9100000000000000e+02  -6.7047190095805902e+01
   5.9200000000000000e+02  -6.7520430948084993e+01
   5.9300000000000000e+02  -6.7600008304992400e+01
   5.9400000000000000e+02  -6.7727130962766694e+01
   5.9500000000000000e+02  -6.8461149895148694e+01
   5.9600000000000000e+02  -6.8974427476933897e+01
   5.9700000000000000e+02  -6.8853810200193905e+01
   5.9800000000000000e+02  -6.9030043146938596e+01
   5.9900000000000000e+02  -6.9751303356886396e+01
   6.0000000000000000e+02  -7.0003641801579306e+01
   6.0100000000000000e+02  -7.0421355519945195e+01
   6.0200000000000000e+02  -7.0490731811951406e+01
   6.0300000000000000e+02  -7.0038894126071099e+01
   6.0400000000000000e+02  -7.0431516540342400e+01
   6.0500000000000000e+02  -7.0749514552269204e+01
   6.0600000000000000e+02  -7.0587670482016307e+01
   6.0700000000000000e+02  -7.0813485997050606e+01
   6.0800000000000000e+02  -7.0716155892149104e+01
   6.0900000000000000e+02  -7.0938857708284502e+01
   6.1000000000000000e+02  -7.1614523039057403e+01
   6.1100000000000000e+02  -7.1523275247996494e+01
   6.1200000000000000e+02  -7.1707084574471395e+01
   6.1300000000000000e+02  -7.1971861841071302e+01
   6.1400000000000000e+02  -7.1729604935570904e+01
   6.1500000000000000e+02  -7.1904228192504505e+01
   6.1600000000000000e+02  -7.2177089376750700e+01
   6.1700000000000000e+02  -7.2680146097612294e+01
   6.1800000000000000e+02  -7.2943610074151593e+01
   6.1900000000000000e+02  -7.3035943246898100e+01
   6.2000000000000000e+02  -7.3682453361333003e+01
   6.2100000000000000e+02  -7.3468956022765397e+01
   6.2200000000000000e+02  -7.4293794093621102e+01
   6.2300000000000000e+02  -7.4393645445841500e+01
   6.2400000000000000e+02  -7.4288400974145901e+01
   6.2500000000000000e+02  -7.3987635929273495e+01
   6.2600000000000000e+02  -7.4157036103072102e+01
   6.2700000000000000e+02  -7.4067790182831402e+01
   6.2800000000000000e+02  -7.4173760315756397e+01
   6.2900000000000000e+02  -7.4577930831379902e+01
   6.3000000000000000e+02  -7.4833096108102097e+01
   6.3100000000000000e+02  -7.4739355106694006e+01
   6.3200000000000000e+02  -7.4990517816108607e+01
   6.3300000000000000e+02  -7.5439334005438198e+01
   6.3400000000000000e+02  -7.5445934071652701e+01
   6.3500000000000000e+02  -7.5112744791612300e+01
   6.3600000000000000e+02  -7.5331943088507401e+01
   6.3700000000000000e+02  -7.5469012773288895e+01
   6.3800000000000000e+02  -7.5694906025988601e+01
   6.3900000000000000e+02  -7.5898968984107995e+01
   6.4000000000000000e+02  -7.5961643234345601e+01
   6.4100000000000000e+02  -7.6053573143257594e+01
   6.4200000000000000e+02  -7.6163195251310498e+01
   6.4300000000000000e+02  -7.6416217939215898e+01
   6.4400000000000000e+02  -7.6609586049955894e+01
   6.4500000000000000e+02  -7.7081147734110601e+01
   6.4600000000000000e+02  -7.6567110267331799e+01
   6.4700000000000000e+02  -7.6875927749074805e+01
   6.4800000000000000e+02  -7.6763918727711101e+01
   6.4900000000000000e+02  -7.7006848044292099e+01
   6.5000000000000000e+02  -7.6892298780944898e+01
   6.5100000000000000e+02  -7.6813065626812502e+01
   6.5200000000000000e+02  -7.5821782029094905e+01
   6.5300000000000000e+02  -7.5799752122074395e+01
   6.5400000000000000e+02  -7.5631999499885495e+01
   6.5500000000000000e+02  -7.6165076820369706e+01
   6.5600000000000000e+02  -7.6247444216974500e+01
   6.5700000000000000e+02  -7.6167823196657594e+01
   6.5800000000000000e+02  -7.6517723847752706e+01
   6.5900000000000000e+02  -7.6482078345048194e+01
   6.6000000000000000e+02  -7.6062460801011696e+01
   6.6100000000000000e+02  -7.6050225299710206e+01
   6.6200000000000000e+02  -7.6267091538450998e+01
   6.6300000000000000e+02  -7.5919578130798897e+01
   6.6400000000000000e+02  -7.6509812439022895e+01
   6.6500000000000000e+02  -7.6879273465853103e+01
   6.6600000000000000e+02  -7.6821221659068797e+01
   6.6700000000000000e+02  -7.6482320868235007e+01
   6.6800000000000000e+02  -7.6385011438452693e+01
   6.6900000000000000e+02  -7.6209784247157202e+01
   6.7000000000000000e+02  -7.6325813121189199e+01
   6.7100000000000000e+02  -7.6596469773753000e+01
   6.7200000000000000e+02  -7.6967113830739507e+01
   6.7300000000000000e+02  -7.6706867037312406e+01
   6.7400000000000000e+02  -7.6784134126824299e+01
   6.7500000000000000e+02  -7.6667443658118302e+01
   6.7600000000000000e+02  -7.6749204964755506e+01
   6.7700000000000000e+02  -7.7293744810251098e+01
   6.7800000000000000e+02  -7.6954516370242303e+01
   6.7900000000000000e+02  -7.6893070619645798e+01
   6.8000000000000000e+02  -7.6785209127770202e+01
   6.8100000000000000e+02  -7.6800653684964104e+01
   6.8200000000000000e+02  -7.6857916112987198e+01
   6.8300000000000000e+02  -7.6913829503374998e+01
   6.8400000000000000e+02  -7.7001668407377593e+01
   6.8500000000000000e+02  -7.6459512410734803e+01
   6.8600000000000000e+02  -7.6319876989483006e+01
   6.8700000000000000e+02  -7.6708211922194295e+01
   6.8800000000000000e+02  -7.6691177740890097e+01
   6.8900000000000000e+02  -7.6673838304384006e+01
   6.9000000000000000e+02  -7.6951987088120504e+01
   6.9100000000000000e+02  -7.6932846029912199e+01
   6.9200000000000000e+02  -7.6404922498814798e+01
   6.9300000000000000e+02  -7.6914514047687803e+01
   6.9400000000000000e+02  -7.6687226148380702e+01
   6.9500000000000000e+02  -7.6671265016410103e+01
   6.9600000000000000e+02  -7.6443784068093194e+01
   6.9700000000000000e+02  -7.6582247731808195e+01
   6.9800000000000000e+02  -7.6922881642991896e+01
   6.9900000000000000e+02  -7.6482480294285907e+01
   7.0000000000000000e+02  -7.6673168443243696e+01
   7.0100000000000000e+02  -7.6946607192769804e+01
   7.0200000000000000e+02  -7.7506376349588095e+01
   7.0300000000000000e+02  -7.7213670801192904e+01
   7.0400000000000000e+02  -7.6873439142817901e+01
   7.0500000000000000e+02  -7.6419380858896702e+01
   7.0600000000000000e+02  -7.6263448280335595e+01
   7.0700000000000000e+02  -7.5343297425009894e+01
   7.0800000000000000e+02  -7.5315686305854797e+01
   7.0900000000000000e+02  -7.5520150693394200e+01
   7.1000000000000000e+02  -7.5030478396269103e+01
   7.1100000000000000e+02  -7.4900883322919896e+01
   7.1200000000000000e+02  -7.4906535298960193e+01
   7.1300000000000000e+02  -7.4759130015993193e+01
   7.1400000000000000e+02  -7.4838118965207499e+01
   7.1500000000000000e+02  -7.4853467667218695e+01
   7.1600000000000000e+02  -7.4571332178928898e+01
   7.1700000000000000e+02  -7.4375812339140793e+01
   7.1800000000000000e+02  -7.4344443515250006e+01
   7.1900000000000000e+02  -7.4808707285455000e+01
   7.2000000000000000e+02  -7.4741614541900702e+01
   7.2100000000000000e+02  -7.4682426365766702e+01
   7.2200000000000000e+02  -7.4558638028282900e+01
   7.2300000000000000e+02  -7.4836473604029706e+01
   7.2400000000000000e+02  -7.5042803556621294e+01
   7.2500000000000000e+02  -7.5149757145122393e+01
   7.2600000000000000e+02  -7.4963587272669400e+01
   7.2700000000000000e+02  -7.5762910632775800e+01
   7.2800000000000000e+02  -7.5934001091160695e+01
   7.2900000000000000e+02  -7.6295925288972100e+01
   7.3000000000000000e+02  -7.5965669225214299e+01
   7.3100000000000000e+02  -7.6076793243449103e+01
   7.3200000000000000e+02  -7.6100375025096099e+01
   7.3300000000000000e+02  -7.5924478834926404e+01
   7.3400000000000000e+02  -7.5861348231262397e+01
   7.3500000000000000e+02  -7.5446561402561201e+01
   7.3600000000000000e+02  -7.5757026905547093e+01
   7.3700000000000000e+02  -7.5781601539872597e+01
   7.3800000000000000e+02  -7.5917941963527397e+01
   7.3900000000000000e+02  -7.5922094694065393e+01
   7.4000000000000000e+02  -7.5825022084374893e+01
   7.4100000000000000e+02  -7.5613376231638895e+01
   7.4200000000000000e+02  -7.5534209783641600e+01
   7.4300000000000000e+02  -7.5432175969880504e+01
   7.4400000000000000e+02  -7.5576964672264097e+01
   7.4500000000000000e+02  -7.5356806349832993e+01
   7.4600000000000000e+02  -7.5378534377546103e+01
   7.4700000000000000e+02  -7.5281928202330306e+01
   7.4800000000000000e+02  -7.5018324279671006e+01
   7.4900000000000000e+02  -7.4929645859294496e+01
   7.5000000000000000e+02  -7.5217763892417196e+01
   7.5100000000000000e+02  -7.6109715683705403e+01
   7.5200000000000000e+02  -7.5971355209370202e+01
   7.5300000000000000e+02  -7.5775187971971206e+01
   7.5400000000000000e+02  -7.6076687478487699e+01
   7.5500000000000000e+02  -7.5986323187080203e+01
   7.5600000000000000e+02  -7.5634000201815397e+01
   7.5700000000000000e+02  -7.5852967714516097e+01
   7.5800000000000000e+02  -7.6587882634146197e+01
   7.5900000000000000e+02  -7.7140127444777505e+01
   7.6000000000000000e+02  -7.7318502862116205e+01
   7.6100000000000000e+02  -7.7584204709339502e+01
   7.6200000000000000e+02  -7.7183982673630396e+01
   7.6300000000000000e+02  -7.7218139140707507e+01
   7.6400000000000000e+02  -7.6968613547751403e+01
   7.6500000000000000e+02  -7.7456067836395903e+01
   7.6600000000000000e+02  -7.7130206808555599e+01
   7.6700000000000000e+02  -7.7312074065307399e+01
   7.6800000000000000e+02  -7.7460973995958994e+01
   7.6900000000000000e+02  -7.7252095473028902e+01
   7.7000000000000000e+02  -7.7300138640879595e+01
   7.7100000000000000e+02  -7.7324011291738799e+01
   7.7200000000000000e+02  -7.7225731879849505e+01
   7.7300000000000000e+02  -7.7268036608392606e+01
   7.7400000000000000e+02  -7.7629473020225802e+01
   7.7500000000000000e+02  -7.7523255933005302e+01
   7.7600000000000000e+02  -7.7564900742859606e+01
   7.7700000000000000e+02  -7.7654751094049402e+01
   7.7800000000000000e+02  -7.7474616275775006e+01
   7.7900000000000000e+02  -7.6849871381072106e+01
   7.8000000000000000e+02  -7.6810295827594999e+01
   7.8100000000000000e+02  -7.6931673085675001e+01
   7.8200000000000000e+02  -7.6369719633000699e+01
   7.8300000000000000e+02  -7.6193166569570494e+01
   7.8400000000000000e+02  -7.5907187822674899e+01
   7.8500000000000000e+02  -7.5834357438643906e+01
   7.8600000000000000e+02  -7.5852178786458097e+01
   7.8700000000000000e+02  -7.5721804863461799e+01
   7.8800000000000000e+02  -7.5569805771299798e+01
   7.8900000000000000e+02  -7.4932330389048801e+01
   7.9000000000000000e+02  -7.4942108313953597e+01
   7.9100000000000000e+02  -7.4706337304565395e+01
   7.9200000000000000e+02  -7.4819309567215299e+01
   7.9300000000000000e+02  -7.4837922032772198e+01
   7.9400000000000000e+02  -7.4750207549083299e+01
   7.9500000000000000e+02  -7.4839297902579503e+01
   7.9600000000000000e+02  -7.4837671526968506e+01
   7.9700000000000000e+02  -7.4698762932486801e+01
   7.9800000000000000e+02  -7.4905703242495207e+01
   7.9900000000000000e+02  -7.5130899437620499e+01
   8.0000000000000000e+02  -7.5365112084946901e+01
   8.0100000000000000e+02  -7.5327130851375202e+01
   8.0200000000000000e+02  -7.5388006604912405e+01
   8.0300000000000000e+02  -7.5278199766717194e+01
   8.0400000000000000e+02  -7.5341752599517307e+01
   8.0500000000000000e+02  -7.5700921527150399e+01
   8.0600000000000000e+02  -7.5582928025873201e+01
   8.0700000000000000e+02  -7.5777366847230198e+01
   8.0800000000000000e+02  -7.5550557864043199e+01
   8.0900000000000000e+02  -7.5042633960038998e+01
   8.1000000000000000e+02  -7.4814838190987700e+01
   8.1100000000000000e+02  -7.4447166372973101e+01
   8.1200000000000000e+02  -7.4599484176871002e+01
   8.1300000000000000e+02  -7.3888396467057106e+01
   8.1400000000000000e+02  -7.3484127510547395e+01
   8.1500000000000000e+02  -7.3701720795865498e+01
   8.1600000000000000e+02  -7.3934181008714305e+01
   8.1700000000000000e+02  -7.3871501670867801e+01
   8.1800000000000000e+02  -7.4028537022281398e+01
   8.1900000000000000e+02  -7.3699750021261096e+01
   8.2000000000000000e+02  -7.3778317482626605e+01
   8.2100000000000000e+02  -7.3953398360033802e+01
   8.2200000000000000e+02  -7.4344151774645297e+01
   8.2300000000000000e+02  -7.4178438867878697e+01
   8.2400000000000000e+02  -7.3988644733055096e+01
   8.2500000000000000e+02  -7.4379016621008105e+01
   8.2600000000000000e+02  -7.3932405315891003e+01
   8.2700000000000000e+02  -7.4153480534573703e+01
   8.2800000000000000e+02  -7.4185013198211493e+01
   8.2900000000000000e+02  -7.4176647696259195e+01
   8.3000000000000000e+02  -7.4519224981386401e+01
   8.3100000000000000e+02  -7.4127109395411097e+01
   8.3200000000000000e+02  -7.4419088135919097e+01
   8.3300000000000000e+02  -7.4446616215970494e+01
   8.3400000000000000e+02  -7.4814617054397800e+01
   8.3500000000000000e+02  -7.5277904939402603e+01
   8.3600000000000000e+02  -7.5571895058472293e+01
   8.3700000000000000e+02  -7.5653005600543594e+01
   8.3800000000000000e+02  -7.6284654448637298e+01
   8.3900000000000000e+02  -7.6160299292126396e+01
   8.4000000000000000e+02  -7.6033882115395500e+01
   8.4100000000000000e+02  -7.6877763238241798e+01
   8.4200000000000000e+02  -7.7012297287317395e+01
   8.4300000000000000e+02  -7.6639620163888296e+01
   8.4400000000000000e+02  -7.6772675165728700e+01
   8.4500000000000000e+02  -7.6933242859969297e+01
   8.4600000000000000e+02  -7.6746023656887900e+01
   8.4700000000000000e+02  -7.6854870097509206e+01
   8.4800000000000000e+02  -7.7095880975411802e+01
   8.4900000000000000e+02  -7.6802727775068504e+01
   8.5000000000000000e+02  -7.7190294133478005e+01
   8.5100000000000000e+02  -7.6759362394540702e+01
   8.5200000000000000e+02  -7.6420413113363296e+01
   8.5300000000000000e+02  -7.5970107159791894e+01
   8.5400000000000000e+02  -7.5996061541374502e+01
   8.5500000000000000e+02  -7.6090069504177393e+01
   8.5600000000000000e+02  -7.6213504101252596e+01
   8.5700000000000000e+02  -7.6495930956849705e+01
   8.5800000000000000e+02  -7.5984598619445194e+01
   8.5900000000000000e+02  -7.6079585032419601e+01
   8.6000000000000000e+02  -7.6058709121634195e+01
   8.6100000000000000e+02  -7.5416370185972298e+01
   8.6200000000000000e+02  -7.5243286904224405e+01
   8.6300000000000000e+02  -7.4979279727763000e+01
   8.6400000000000000e+02  -7.4986739387455799e+01
   8.6500000000000000e+02  -7.5105582979722300e+01
   8.6600000000000000e+02  -7.5864398412134307e+01
   8.6700000000000000e+02  -7.5657003059884403e+01
   8.6800000000000000e+02  -7.5291345794132894e+01
   8.6900000000000000e+02  -7.5256986320863803e+01
   8.7000000000000000e+02  -7.5335568378073006e+01
   8.7100000000000000e+02  -7.5527746644006697e+01
   8.7200000000000000e+02  -7.5761852635709303e+01
   8.7300000000000000e+02  -7.5995748790274305e+01
   8.7400000000000000e+02  -7.5570239358481999e+01
   8.7500000000000000e+02  -7.5690806123854898e+01
   8.7600000000000000e+02  -7.5642274282737702e+01
   8.7700000000000000e+02  -7.5820598134561394e+01
   8.7800000000000000e+02  -7.5544237216656200e+01
   8.7900000000000000e+02  -7.5806976266596095e+01
   8.8000000000000000e+02  -7.5799812922249203e+01
   8.8100000000000000e+02  -7.5692589446383295e+01
   8.8200000000000000e+02  -7.5662058574265501e+01
   8.8300000000000000e+02  -7.5441327412790301e+01
   8.8400000000000000e+02  -7.5105250517460803e+01
   8.8500000000000000e+02  -7.4496981235197893e+01
   8.8600000000000000e+02  -7.4182506394096507e+01
   8.8700000000000000e+02  -7.4234331836220406e+01
   8.8800000000000000e+02  -7.4389217654351299e+01
   8.8900000000000000e+02  -7.4634439803509807e+01
   8.9000000000000000e+02  -7.4213127305438903e+01
   8.9100000000000000e+02  -7.4068220960616301e+01
   8.9200000000000000e+02  -7.4105497042908794e+01
   8.9300000000000000e+02  -7.4516387745832304e+01
   8.9400000000000000e+02  -7.3901875109089502e+01
   8.9500000000000000e+02  -7.3784009371487500e+01
   8.9600000000000000e+02  -7.3801467621386294e+01
   8.9700000000000000e+02  -7.3868760984791706e+01
   8.9800000000000000e+02  -7.3239769274657405e+01
   8.9900000000000000e+02  -7.3435139498857097e+01
   9.0000000000000000e+02  -7.3394576188460206e+01
   9.0100000000000000e+02  -7.3749188110448699e+01
   9.0200000000000000e+02  -7.3693760698919903e+01
   9.0300000000000000e+02  -7.4076436618283097e+01
   9.0400000000000000e+02  -7.4386285066943799e+01
   9.0500000000000000e+02  -7.4234726956152699e+01
   9.0600000000000000e+02  -7.4767331535006704e+01
   9.0700000000000000e+02  -7.4603338224256007e+01
   9.0800000000000000e+02  -7.4397929540870805e+01
   9.0900000000000000e+02  -7.4384046824937997e+01
   9.1000000000000000e+02  -7.4072904199289894e+01
   9.1100000000000000e+02  -7.4189058026251203e+01
   9.1200000000000000e+02  -7.4253826560375600e+01
   9.1300000000000000e+02  -7.3736624652298502e+01
   9.1400000000000000e+02  -7.3804064259976002e+01
   9.1500000000000000e+02  -7.3693089222324403e+01
   9.1600000000000000e+02  -7.3979117817335094e+01
   9.1700000000000000e+02  -7.3871519846264903e+01
   9.1800000000000000e+02  -7.4222078493810002e+01
   9.1900000000000000e+02  -7.4161076223327299e+01
   9.2000000000000000e+02  -7.4264077330791096e+01
   9.2100000000000000e+02  -7.4376558320136496e+01
   9.2200000000000000e+02  -7.4878503086452994e+01
   9.2300000000000000e+02  -7.4478195809206596e+01
   9.2400000000000000e+02  -7.4804400773542000e+01
   9.2500000000000000e+02  -7.4887118124563898e+01
   9.2600000000000000e+02  -7.4646302463908896e+01
   9.2700000000000000e+02  -7.4474358133438500e+01
   9.2800000000000000e+02  -7.4537349229151502e+01
   9.2900000000000000e+02  -7.4964271653093704e+01
   9.3000000000000000e+02  -7.5423501004416593e+01
   9.3100000000000000e+02  -7.5992102757788103e+01
   9.3200000000000000e+02  -7.6192370947303800e+01
   9.3300000000000000e+02  -7.5996560911324195e+01
   9.3400000000000000e+02  -7.6161132070126399e+01
   9.3500000000000000e+02  -7.6173018245156300e+01
   9.3600000000000000e+02  -7.6175525628070901e+01
   9.3700000000000000e+02  -7.5987870973227800e+01
   9.3800000000000000e+02  -7.6336590645739804e+01
   9.3900000000000000e+02  -7.6234343495113805e+01
   9.4000000000000000e+02  -7.5714874941275497e+01
   9.4100000000000000e+02  -7.5138044207026994e+01
   9.4200000000000000e+02  -7.5357380977108093e+01
   9.4300000000000000e+02  -7.5351039752057901e+01
   9.4400000000000000e+02  -7.5310623787608606e+01
   9.4500000000000000e+02  -7.4933932117031304e+01
   9.4600000000000000e+02  -7.4999932649805999e+01
   9.4700000000000000e+02  -7.4852268006922500e+01
   9.4800000000000000e+02  -7.4633983555298599e+01
   9.4900000000000000e+02  -7.4602469104983797e+01
   9.5000000000000000e+02  -7.4598855775893398e+01
   9.5100000000000000e+02  -7.4310756697504900e+01
   9.5200000000000000e+02  -7.4820678941273101e+01
   9.5300000000000000e+02  -7.4607049447265794e+01
   9.5400000000000000e+02  -7.4405430808380501e+01
   9.5500000000000000e+02  -7.4221698949404001e+01
   9.5600000000000000e+02  -7.3779503255056099e+01
   9.5700000000000000e+02  -7.3838220757161594e+01
   9.5800000000000000e+02  -7.4355393436629100e+01
   9.5900000000000000e+02  -7.4744246569196903e+01
   9.6000000000000000e+02  -7.5005296745025106e+01
   9.6100000000000000e+02  -7.4641989250987606e+01
   9.6200000000000000e+02  -7.4235395899350806e+01
   9.6300000000000000e+02  -7.4086767322187697e+01
   9.6400000000000000e+02  -7.4690558360843696e+01
   9.6500000000000000e+02  -7.4288709566701002e+01
   9.6600000000000000e+02  -7.4204760079013198e+01
   9.6700000000000000e+02  -7.4524917469172806e+01
   9.6800000000000000e+02  -7.4840988665262600e+01
   9.6900000000000000e+02  -7.4973060852869807e+01
   9.7000000000000000e+02  -7.5336220631149104e+01
   9.7100000000000000e+02  -7.5433516185606805e+01
   9.7200000000000000e+02  -7.5145392874251101e+01
