  -1.0000000000000000e+02  -7.3093774457281100e+01
  -9.9000000000000000e+01  -7.3346923776426806e+01
  -9.8000000000000000e+01  -7.3254829572983894e+01
  -9.7000000000000000e+01  -7.3220057964420604e+01
  -9.6000000000000000e+01  -7.2919575942041405e+01
  -9.5000000000000000e+01  -7.3300088797117098e+01
  -9.4000000000000000e+01  -7.3567133596455605e+01
  -9.3000000000000000e+01  -7.3905833449609901e+01
  -9.2000000000000000e+01  -7.3655046658484906e+01
  -9.1000000000000000e+01  -7.3365904893069398e+01
  -9.0000000000000000e+01  -7.2871939288463494e+01
  -8.9000000000000000e+01  -7.3298721530234801e+01
  -8.8000000000000000e+01  -7.3063631546561396e+01
  -8.7000000000000000e+01  -7.2510386202136601e+01
  -8.6000000000000000e+01  -7.2237956100039298e+01
  -8.5000000000000000e+01  -7.2174716828013203e+01
  -8.4000000000000000e+01  -7.2166548299703607e+01
  -8.3000000000000000e+01  -7.2506999082611898e+01
  -8.2000000000000000e+01  -7.2160771626536700e+01
  -8.1000000000000000e+01  -7.1782971752533996e+01
  -8.0000000000000000e+01  -7.2117187576798202e+01
  -7.9000000000000000e+01  -7.2474168679214699e+01
  -7.8000000000000000e+01  -7.2510720106671499e+01
  -7.7000000000000000e+01  -7.2919348628442506e+01
  -7.6000000000000000e+01  -7.2709678599131806e+01
  -7.5000000000000000e+01  -7.2470457966350494e+01
  -7.4000000000000000e+01  -7.2822052116917803e+01
  -7.3000000000000000e+01  -7.2894753995519395e+01
  -7.2000000000000000e+01  -7.3288075768491794e+01
  -7.1000000000000000e+01  -7.3434757472212894e+01
  -7.0000000000000000e+01  -7.2953140355806596e+01
  -6.9000000000000000e+01  -7.2800576401464298e+01
  -6.8000000000000000e+01  -7.2690786254026705e+01
  -6.7000000000000000e+01  -7.2274140757388096e+01
  -6.6000000000000000e+01  -7.2330775719223695e+01
  -6.5000000000000000e+01  -7.2564715965695697e+01
  -6.4000000000000000e+01  -7.2582796216571595e+01
  -6.3000000000000000e+01  -7.2511454305355301e+01
  -6.2000000000000000e+01  -7.1861697715247800e+01
  -6.1000000000000000e+01  -7.1222559347394807e+01
  -6.0000000000000000e+01  -7.1305512157628002e+01
  -5.9000000000000000e+01  -7.0938250970146100e+01
  -5.8000000000000000e+01  -7.0542026580854099e+01
  -5.7000000000000000e+01  -7.0096744161811799e+01
  -5.6000000000000000e+01  -7.0150610885370696e+01
  -5.5000000000000000e+01  -7.0089262319999705e+01
  -5.4000000000000000e+01  -7.0100541459935798e+01
  -5.3000000000000000e+01  -7.0089315646772903e+01
  -5.2000000000000000e+01  -7.0690404677642505e+01
  -5.1000000000000000e+01  -7.0143072462380601e+01
  -5.0000000000000000e+01  -6.9910276455233600e+01
  -4.9000000000000000e+01  -6.8993686315188100e+01
  -4.8000000000000000e+01  -6.9310005644338503e+01
  -4.7000000000000000e+01  -6.9189086360717198e+01
  -4.6000000000000000e+01  -6.8694026879296004e+01
  -4.5000000000000000e+01  -6.8493516686120202e+01
  -4.4000000000000000e+01  -6.8716840125485106e+01
  -4.3000000000000000e+01  -6.9010268846865600e+01
  -4.2000000000000000e+01  -6.8790965113250707e+01
  -4.1000000000000000e+01  -6.8422410835770506e+01
  -4.0000000000000000e+01  -6.8342988820702104e+01
  -3.9000000000000000e+01  -6.8133012773894805e+01
  -3.8000000000000000e+01  -6.7779753443825300e+01
  -3.7000000000000000e+01  -6.7235175461568602e+01
  -3.6000000000000000e+01  -6.7201326642453097e+01
  -3.5000000000000000e+01  -6.7505840537853302e+01
  -3.4000000000000000e+01  -6.8190725275010905e+01
  -3.3000000000000000e+01  -6.8475265924501699e+01
  -3.2000000000000000e+01  -6.7845345471338604e+01
  -3.1000000000000000e+01  -6.7629492087349604e+01
  -3.0000000000000000e+01  -6.7545322291081106e+01
  -2.9000000000000000e+01  -6.7053187727774898e+01
  -2.8000000000000000e+01  -6.6549419159571997e+01
  -2.7000000000000000e+01  -6.6970045454156406e+01
  -2.6000000000000000e+01  -6.6564327888667606e+01
  -2.5000000000000000e+01  -6.6938030029088594e+01
  -2.4000000000000000e+01  -6.6786291713415594e+01
  -2.3000000000000000e+01  -6.7135082061988996e+01
  -2.2000000000000000e+01  -6.7066897784927406e+01
  -2.1000000000000000e+01  -6.7014046549170402e+01
  -2.0000000000000000e+01  -6.7336081244525403e+01
  -1.9000000000000000e+01  -6.7504217588868400e+01
  -1.8000000000000000e+01  -6.7449484209173605e+01
  -1.7000000000000000e+01  -6.7574042142406597e+01
  -1.6000000000000000e+01  -6.7190316503065702e+01
  -1.5000000000000000e+01  -6.6955022973757593e+01
  -1.4000000000000000e+01  -6.6518306954204405e+01
  -1.3000000000000000e+01  -6.6065562345198003e+01
  -1.2000000000000000e+01  -6.5957448077476002e+01
  -1.1000000000000000e+01  -6.5373906540548305e+01
  -1.0000000000000000e+01  -6.5287344211811501e+01
  -9.0000000000000000e+00  -6.4549367045988404e+01
  -8.0000000000000000e+00  -6.3392832935679699e+01
  -7.0000000000000000e+00  -6.2669661562992800e+01
  -6.0000000000000000e+00  -6.1243141366548898e+01
  -5.0000000000000000e+00  -5.9889768506248203e+01
  -4.0000000000000000e+00  -5.8319299371541497e+01
  -3.0000000000000000e+00  -5.5831308486620600e+01
  -2.0000000000000000e+00  -5.1142710478536799e+01
  -1.0000000000000000e+00  -3.3609512463388398e+01
   0.0000000000000000e+00  -7.1629101609546701e+00
   1.0000000000000000e+00   8.7646541140896304e+00
   2.0000000000000000e+00   1.7490466221135701e+01
   3.0000000000000000e+00   2.2283370487896601e+01
   4.0000000000000000e+00   2.4866620854852300e+01
   5.0000000000000000e+00   2.5972228994113099e+01
   6.0000000000000000e+00   2.6630734658476701e+01
   7.0000000000000000e+00   2.6474484059551099e+01
   8.0000000000000000e+00   2.6468975708194900e+01
   9.0000000000000000e+00   2.7198913989875098e+01
   1.0000000000000000e+01   2.7472026670407999e+01
   1.1000000000000000e+01   2.7994277781036001e+01
   1.2000000000000000e+01   2.8495599486224702e+01
   1.3000000000000000e+01   2.8010084642319001e+01
   1.4000000000000000e+01   2.8548573460137401e+01
   1.5000000000000000e+01   2.9057744337601601e+01
   1.6000000000000000e+01   2.9402589390512201e+01
   1.7000000000000000e+01   2.9867805389417398e+01
   1.8000000000000000e+01   2.9654795140173700e+01
   1.9000000000000000e+01   2.9954692253325501e+01
   2.0000000000000000e+01   3.0343229880717299e+01
   2.1000000000000000e+01   3.0563622179972199e+01
   2.2000000000000000e+01   3.0606799043967300e+01
   2.3000000000000000e+01   3.1016012976246699e+01
   2.4000000000000000e+01   3.0629789070002001e+01
   2.5000000000000000e+01   3.0310865006328900e+01
   2.6000000000000000e+01   3.0307744192017100e+01
   2.7000000000000000e+01   3.0195670015262301e+01
   2.8000000000000000e+01   3.0460271875066901e+01
   2.9000000000000000e+01   3.0243201975315898e+01
   3.0000000000000000e+01   3.0652335513172599e+01
   3.1000000000000000e+01   3.0634391625284401e+01
   3.2000000000000000e+01   3.1172016968365998e+01
   3.3000000000000000e+01   3.0896410694737799e+01
   3.4000000000000000e+01   3.1192253724636998e+01
   3.5000000000000000e+01   3.0629549335765699e+01
   3.6000000000000000e+01   3.0451937996537300e+01
   3.7000000000000000e+01   3.0688789513942901e+01
   3.8000000000000000e+01   3.0762210720881399e+01
   3.9000000000000000e+01   3.1009095380899598e+01
   4.0000000000000000e+01   3.1298551531188899e+01
   4.1000000000000000e+01   3.1205544736025100e+01
   4.2000000000000000e+01   3.1475297043803000e+01
   4.3000000000000000e+01   3.1400924195013200e+01
   4.4000000000000000e+01   3.1718524819733801e+01
   4.5000000000000000e+01   3.2533300646400903e+01
   4.6000000000000000e+01   3.2569089821081100e+01
   4.7000000000000000e+01   3.2111145909980301e+01
   4.8000000000000000e+01   3.2900457351369297e+01
   4.9000000000000000e+01   3.2866845157436501e+01
   5.0000000000000000e+01   3.3014718418856397e+01
   5.1000000000000000e+01   3.2960742914573203e+01
   5.2000000000000000e+01   3.3187851063299000e+01
   5.3000000000000000e+01   3.3198664222892901e+01
   5.4000000000000000e+01   3.3417831349197101e+01
   5.5000000000000000e+01   3.3633728702326600e+01
   5.6000000000000000e+01   3.4346328366071702e+01
   5.7000000000000000e+01   3.4073720723810702e+01
   5.8000000000000000e+01   3.4786741180346098e+01
   5.9000000000000000e+01   3.5231288349384997e+01
   6.0000000000000000e+01   3.5112269168426700e+01
   6.1000000000000000e+01   3.5167770897079201e+01
   6.2000000000000000e+01   3.5373185095216400e+01
   6.3000000000000000e+01   3.5307955907320000e+01
   6.4000000000000000e+01   3.4837693358817397e+01
   6.5000000000000000e+01   3.5119911728129800e+01
   6.6000000000000000e+01   3.5190877824617203e+01
   6.7000000000000000e+01   3.5353181206967299e+01
   6.8000000000000000e+01   3.6026341530300499e+01
   6.9000000000000000e+01   3.5906992463619702e+01
   7.0000000000000000e+01   3.5696342204085397e+01
   7.1000000000000000e+01   3.6176391623453803e+01
   7.2000000000000000e+01   3.6510626436225799e+01
   7.3000000000000000e+01   3.7032507308819298e+01
   7.4000000000000000e+01   3.7040452137187003e+01
   7.5000000000000000e+01   3.7483180067126597e+01
   7.6000000000000000e+01   3.7209786600087000e+01
   7.7000000000000000e+01   3.7313856860115997e+01
   7.8000000000000000e+01   3.7187477991837902e+01
   7.9000000000000000e+01   3.6701183058928699e+01
   8.0000000000000000e+01   3.6394294810723402e+01
   8.1000000000000000e+01   3.6261122811207699e+01
   8.2000000000000000e+01   3.6083180090444401e+01
   8.3000000000000000e+01   3.5793748784181901e+01
   8.4000000000000000e+01   3.5855940973962902e+01
   8.5000000000000000e+01   3.6376776922417100e+01
   8.6000000000000000e+01   3.6159903295077598e+01
   8.7000000000000000e+01   3.5790129186374998e+01
   8.8000000000000000e+01   3.6237923492756700e+01
   8.9000000000000000e+01   3.6474597995970399e+01
   9.0000000000000000e+01   3.6309778092596098e+01
   9.1000000000000000e+01   3.6175235780858301e+01
   9.2000000000000000e+01   3.6289062733884798e+01
   9.3000000000000000e+01   3.6136220329562200e+01
   9.4000000000000000e+01   3.6380723792487103e+01
   9.5000000000000000e+01   3.6126784129559702e+01
   9.6000000000000000e+01   3.6222933894030099e+01
   9.7000000000000000e+01   3.6278437953933597e+01
   9.8000000000000000e+01   3.6371160230624902e+01
   9.9000000000000000e+01   3.6769043155624502e+01
   1.0000000000000000e+02   3.6838291068037201e+01
   1.0100000000000000e+02   3.6838834172666999e+01
   1.0200000000000000e+02   3.6507106878740302e+01
   1.0300000000000000e+02   3.6466469452577002e+01
   1.0400000000000000e+02   3.6242808764380499e+01
   1.0500000000000000e+02   3.6130162784679598e+01
   1.0600000000000000e+02   3.6156201167334402e+01
   1.0700000000000000e+02   3.5883101747460302e+01
   1.0800000000000000e+02   3.6324120679418598e+01
   1.0900000000000000e+02   3.6233442014568297e+01
   1.1000000000000000e+02   3.5975229766762702e+01
   1.1100000000000000e+02   3.5767096776357903e+01
   1.1200000000000000e+02   3.5760760529879803e+01
   1.1300000000000000e+02   3.6093798449088297e+01
   1.1400000000000000e+02   3.5661666658663101e+01
   1.1500000000000000e+02   3.5394275956971299e+01
   1.1600000000000000e+02   3.5474339313645601e+01
   1.1700000000000000e+02   3.5134635530445202e+01
   1.1800000000000000e+02   3.5184523432282901e+01
   1.1900000000000000e+02   3.5193410548696903e+01
   1.2000000000000000e+02   3.5260148308046297e+01
   1.2100000000000000e+02   3.5216184710668102e+01
   1.2200000000000000e+02   3.5200639851369900e+01
   1.2300000000000000e+02   3.5022067277575502e+01
   1.2400000000000000e+02   3.5135074580690002e+01
   1.2500000000000000e+02   3.5536957130770098e+01
   1.2600000000000000e+02   3.5594131152482703e+01
   1.2700000000000000e+02   3.6075597208844300e+01
   1.2800000000000000e+02   3.6792916727594097e+01
   1.2900000000000000e+02   3.6037740134988901e+01
   1.3000000000000000e+02   3.6046826018456599e+01
   1.3100000000000000e+02   3.5824225914908901e+01
   1.3200000000000000e+02   3.5735744557002697e+01
   1.3300000000000000e+02   3.6137761979601301e+01
   1.3400000000000000e+02   3.6223843119420302e+01
   1.3500000000000000e+02   3.5791929820188102e+01
   1.3600000000000000e+02   3.5811250306569299e+01
   1.3700000000000000e+02   3.5232620023217997e+01
   1.3800000000000000e+02   3.4891184023791901e+01
   1.3900000000000000e+02   3.4692269100888197e+01
   1.4000000000000000e+02   3.5009291841377802e+01
   1.4100000000000000e+02   3.4794371845798800e+01
   1.4200000000000000e+02   3.4472925763614903e+01
   1.4300000000000000e+02   3.4599751825341201e+01
   1.4400000000000000e+02   3.4463400249124597e+01
   1.4500000000000000e+02   3.4067905340385003e+01
   1.4600000000000000e+02   3.3843469330517500e+01
   1.4700000000000000e+02   3.3611553614561899e+01
   1.4800000000000000e+02   3.3275072532996603e+01
   1.4900000000000000e+02   3.2827856984718203e+01
   1.5000000000000000e+02   3.3290684468878702e+01
   1.5100000000000000e+02   3.2508554170143597e+01
   1.5200000000000000e+02   3.2380730698587300e+01
   1.5300000000000000e+02   3.2401088211929299e+01
   1.5400000000000000e+02   3.2767495697385101e+01
   1.5500000000000000e+02   3.2891928409903699e+01
   1.5600000000000000e+02   3.2397634708690703e+01
   1.5700000000000000e+02   3.2908854817265301e+01
   1.5800000000000000e+02   3.3448439374812502e+01
   1.5900000000000000e+02   3.3430051902005502e+01
   1.6000000000000000e+02   3.3569088776526698e+01
   1.6100000000000000e+02   3.3453193436916102e+01
   1.6200000000000000e+02   3.3276481515334197e+01
   1.6300000000000000e+02   3.3044376000314003e+01
   1.6400000000000000e+02   3.2778223843767599e+01
   1.6500000000000000e+02   3.3122450557389499e+01
   1.6600000000000000e+02   3.2892170444265197e+01
   1.6700000000000000e+02   3.2972671283586202e+01
   1.6800000000000000e+02   3.3388053020062600e+01
   1.6900000000000000e+02   3.2995362857390397e+01
   1.7000000000000000e+02   3.2913149837812298e+01
   1.7100000000000000e+02   3.3078948528528400e+01
   1.7200000000000000e+02   3.3305587731448497e+01
   1.7300000000000000e+02   3.3862166161411800e+01
   1.7400000000000000e+02   3.3528633268102702e+01
   1.7500000000000000e+02   3.3485789983037897e+01
   1.7600000000000000e+02   3.3554738681913399e+01
   1.7700000000000000e+02   3.3360877227111203e+01
   1.7800000000000000e+02   3.3169688916164397e+01
   1.7900000000000000e+02   3.1894526853999501e+01
   1.8000000000000000e+02   3.1811948734728599e+01
   1.8100000000000000e+02   3.1510980218086001e+01
   1.8200000000000000e+02   3.1676794400909699e+01
   1.8300000000000000e+02   3.1239431718732899e+01
   1.8400000000000000e+02   3.1438555776068299e+01
   1.8500000000000000e+02   3.1379482259102002e+01
   1.8600000000000000e+02   3.1276701845196300e+01
   1.8700000000000000e+02   3.1224767068632200e+01
   1.8800000000000000e+02   3.1378993134949798e+01
   1.8900000000000000e+02   3.1234917349271399e+01
   1.9000000000000000e+02   3.1390367145957999e+01
   1.9100000000000000e+02   3.0683114829759401e+01
   1.9200000000000000e+02   3.0158065455094299e+01
   1.9300000000000000e+02   3.0380500276119299e+01
   1.9400000000000000e+02   3.0009404123408199e+01
   1.9500000000000000e+02   2.9891523245494199e+01
   1.9600000000000000e+02   2.9713180891613401e+01
   1.9700000000000000e+02   2.9406559737738899e+01
   1.9800000000000000e+02   2.8611090345983701e+01
   1.9900000000000000e+02   2.8393418843898800e+01
   2.0000000000000000e+02   2.7600259721002299e+01
   2.0100000000000000e+02   2.7515337487602700e+01
   2.0200000000000000e+02   2.7732641253283099e+01
   2.0300000000000000e+02   2.7559637715297100e+01
   2.0400000000000000e+02   2.7685224917349501e+01
   2.0500000000000000e+02   2.7507105991342399e+01
   2.0600000000000000e+02   2.7488416288388098e+01
   2.0700000000000000e+02   2.7531232575178500e+01
   2.0800000000000000e+02   2.7366674283278101e+01
   2.0900000000000000e+02   2.7340801588068199e+01
   2.1000000000000000e+02   2.7405759957690801e+01
   2.1100000000000000e+02   2.7537416970932100e+01
   2.1200000000000000e+02   2.7362605410972701e+01
   2.1300000000000000e+02   2.7783045768474601e+01
   2.1400000000000000e+02   2.7849913235244198e+01
   2.1500000000000000e+02   2.8208270997746499e+01
   2.1600000000000000e+02   2.8138806507485000e+01
   2.1700000000000000e+02   2.8332964998946000e+01
   2.1800000000000000e+02   2.8094272089218400e+01
   2.1900000000000000e+02   2.8028017676844499e+01
   2.2000000000000000e+02   2.7807498571775401e+01
   2.2100000000000000e+02   2.7768930876272400e+01
   2.2200000000000000e+02   2.8131479528526199e+01
   2.2300000000000000e+02   2.7899084251015100e+01
   2.2400000000000000e+02   2.7701471861573602e+01
   2.2500000000000000e+02   2.7872586207721699e+01
   2.2600000000000000e+02   2.7292820123606699e+01
   2.2700000000000000e+02   2.7289260689951899e+01
   2.2800000000000000e+02   2.7115701335820901e+01
   2.2900000000000000e+02   2.6606931853696501e+01
   2.3000000000000000e+02   2.6740546672898400e+01
   2.3100000000000000e+02   2.6371577570148499e+01
   2.3200000000000000e+02   2.6555914987653100e+01
   2.3300000000000000e+02   2.6578608812131002e+01
   2.3400000000000000e+02   2.6451478955275199e+01
   2.3500000000000000e+02   2.6199930108054399e+01
   2.3600000000000000e+02   2.6573023940237501e+01
   2.3700000000000000e+02   2.6428712125959098e+01
   2.3800000000000000e+02   2.6244944368365001e+01
   2.3900000000000000e+02   2.6121697647110000e+01
   2.4000000000000000e+02   2.6161849062948399e+01
   2.4100000000000000e+02   2.6175556352151400e+01
   2.4200000000000000e+02   2.6421809682794599e+01
   2.4300000000000000e+02   2.6853748180461199e+01
   2.4400000000000000e+02   2.6383358518893800e+01
   2.4500000000000000e+02   2.6211728849483102e+01
   2.4600000000000000e+02   2.5624555627630301e+01
   2.4700000000000000e+02   2.4871236902333099e+01
   2.4800000000000000e+02   2.3993013647029201e+01
   2.4900000000000000e+02   2.3454847785281199e+01
   2.5000000000000000e+02   2.3259574447202400e+01
   2.5100000000000000e+02   2.3300604534044801e+01
   2.5200000000000000e+02   2.3044207790829599e+01
   2.5300000000000000e+02   2.3139668823323099e+01
   2.5400000000000000e+02   2.3232085246868799e+01
   2.5500000000000000e+02   2.2844965525450199e+01
   2.5600000000000000e+02   2.3178125133476499e+01
   2.5700000000000000e+02   2.3316522910224300e+01
   2.5800000000000000e+02   2.3225303184290301e+01
   2.5900000000000000e+02   2.2832029784347899e+01
   2.6000000000000000e+02   2.3254227063430299e+01
   2.6100000000000000e+02   2.3186954046970399e+01
   2.6200000000000000e+02   2.2995365731439200e+01
   2.6300000000000000e+02   2.3121500940048900e+01
   2.6400000000000000e+02   2.3083863574965999e+01
   2.6500000000000000e+02   2.2763929534929400e+01
   2.6600000000000000e+02   2.2657843619516100e+01
   2.6700000000000000e+02   2.2771162525813100e+01
   2.6800000000000000e+02   2.2139683176381102e+01
   2.6900000000000000e+02   2.2624361255250800e+01
   2.7000000000000000e+02   2.2549473401142500e+01
   2.7100000000000000e+02   2.2186700557588502e+01
   2.7200000000000000e+02   2.2073856404434700e+01
   2.7300000000000000e+02   2.1918211500367999e+01
   2.7400000000000000e+02   2.1980529545783199e+01
   2.7500000000000000e+02   2.2224023255118400e+01
   2.7600000000000000e+02   2.2342419955568801e+01
   2.7700000000000000e+02   2.2526263894536100e+01
   2.7800000000000000e+02   2.2288077961521601e+01
   2.7900000000000000e+02   2.2208976705362101e+01
   2.8000000000000000e+02   2.1987480486467600e+01
   2.8100000000000000e+02   2.2094740977684499e+01
   2.8200000000000000e+02   2.2310928329844899e+01
   2.8300000000000000e+02   2.2216083939444101e+01
   2.8400000000000000e+02   2.1947150501410800e+01
   2.8500000000000000e+02   2.1507379021199000e+01
   2.8600000000000000e+02   2.1574147785034299e+01
   2.8700000000000000e+02   2.1177007439036601e+01
   2.8800000000000000e+02   2.0975823640040201e+01
   2.8900000000000000e+02   2.0985405079254601e+01
   2.9000000000000000e+02   2.0328192906670001e+01
   2.9100000000000000e+02   2.0003024925887502e+01
   2.9200000000000000e+02   1.9689430637318299e+01
   2.9300000000000000e+02   1.9216398085386199e+01
   2.9400000000000000e+02   1.9012778441520300e+01
   2.9500000000000000e+02   1.8799264986651799e+01
   2.9600000000000000e+02   1.9082251472292999e+01
   2.9700000000000000e+02   1.8321265161926402e+01
   2.9800000000000000e+02   1.8362921194933300e+01
   2.9900000000000000e+02   1.8094532342171799e+01
   3.0000000000000000e+02   1.8278851654669602e+01
   3.0100000000000000e+02   1.7926005482150501e+01
   3.0200000000000000e+02   1.7600460584392000e+01
   3.0300000000000000e+02   1.6865133070899699e+01
   3.0400000000000000e+02   1.6998974332910599e+01
   3.0500000000000000e+02   1.6825725931352601e+01
   3.0600000000000000e+02   1.6826249051466899e+01
   3.0700000000000000e+02   1.6525063477465501e+01
   3.0800000000000000e+02   1.6151308088633201e+01
   3.0900000000000000e+02   1.5825073998569700e+01
   3.1000000000000000e+02   1.5800490694471801e+01
   3.1100000000000000e+02   1.5853778171307599e+01
   3.1200000000000000e+02   1.5253035500816200e+01
   3.1300000000000000e+02   1.5283568065222200e+01
   3.1400000000000000e+02   1.4966242640723600e+01
   3.1500000000000000e+02   1.4448773377022601e+01
   3.1600000000000000e+02   1.3439639245603599e+01
   3.1700000000000000e+02   1.2699547454690000e+01
   3.1800000000000000e+02   1.3354331225423200e+01
   3.1900000000000000e+02   1.3742489236087801e+01
   3.2000000000000000e+02   1.3367938929253800e+01
   3.2100000000000000e+02   1.3397182014913399e+01
   3.2200000000000000e+02   1.3552463152685700e+01
   3.2300000000000000e+02   1.3639584851962899e+01
   3.2400000000000000e+02   1.3328624895575601e+01
   3.2500000000000000e+02   1.3659567950046499e+01
   3.2600000000000000e+02   1.3385460166822099e+01
   3.2700000000000000e+02   1.3068469495785900e+01
   3.2800000000000000e+02   1.2826761734531599e+01
   3.2900000000000000e+02   1.2573526122112400e+01
   3.3000000000000000e+02   1.2175121686740599e+01
   3.3100000000000000e+02   1.2245570288229800e+01
   3.3200000000000000e+02   1.2140804767530801e+01
   3.3300000000000000e+02   1.1923236977778600e+01
   3.3400000000000000e+02   1.1947579938207101e+01
   3.3500000000000000e+02   1.1890431363637100e+01
   3.3600000000000000e+02   1.1545524252893999e+01
   3.3700000000000000e+02   1.1513830346736301e+01
   3.3800000000000000e+02   1.1294525843704101e+01
   3.3900000000000000e+02   1.0964948139278700e+01
   3.4000000000000000e+02   1.0678118047063300e+01
   3.4100000000000000e+02   1.0833803074945600e+01
   3.4200000000000000e+02   1.0896888663619400e+01
   3.4300000000000000e+02   1.0234925899724400e+01
   3.4400000000000000e+02   1.0133877896580900e+01
   3.4500000000000000e+02   9.6283088804499801e+00
   3.4600000000000000e+02   9.7206207693800906e+00
   3.4700000000000000e+02   9.6935677780893705e+00
   3.4800000000000000e+02   9.6712992738595798e+00
   3.4900000000000000e+02   9.0722415254642694e+00
   3.5000000000000000e+02   8.7133683239795605e+00
   3.5100000000000000e+02   8.1938385919814092e+00
   3.5200000000000000e+02   8.0782692631558692e+00
   3.5300000000000000e+02   8.4476101260885308e+00
   3.5400000000000000e+02   7.8682557108978299e+00
   3.5500000000000000e+02   7.4612610495480798e+00
   3.5600000000000000e+02   6.8900181442918198e+00
   3.5700000000000000e+02   6.4521043118162300e+00
   3.5800000000000000e+02   6.2545636918535203e+00
   3.5900000000000000e+02   6.3712546246319999e+00
   3.6000000000000000e+02   6.3176679423156301e+00
   3.6100000000000000e+02   6.0243362020145401e+00
   3.6200000000000000e+02   5.8556738505558297e+00
   3.6300000000000000e+02   5.9341642054172903e+00
   3.6400000000000000e+02   5.6807082761487102e+00
   3.6500000000000000e+02   5.5297238909525497e+00
   3.6600000000000000e+02   5.6048218028025403e+00
   3.6700000000000000e+02   5.1365374173634697e+00
   3.6800000000000000e+02   4.9779913038889001e+00
   3.6900000000000000e+02   4.6459677074731296e+00
   3.7000000000000000e+02   4.2003241788086996e+00
   3.7100000000000000e+02   3.9576050997232399e+00
   3.7200000000000000e+02   3.8551829954314201e+00
   3.7300000000000000e+02   4.0309835913252297e+00
   3.7400000000000000e+02   3.8055673256834202e+00
   3.7500000000000000e+02   3.4093131665312599e+00
   3.7600000000000000e+02   3.5371234203647202e+00
   3.7700000000000000e+02   3.2074999552543599e+00
   3.7800000000000000e+02   2.8929087046175099e+00
   3.7900000000000000e+02   2.9159323200403700e+00
   3.8000000000000000e+02   2.5265961183299499e+00
   3.8100000000000000e+02   2.4796784763616602e+00
   3.8200000000000000e+02   2.2679640099741198e+00
   3.8300000000000000e+02   2.2826189801407399e+00
   3.8400000000000000e+02   2.4878531721183799e+00
   3.8500000000000000e+02   1.9684734623335600e+00
   3.8600000000000000e+02   1.6806454053238500e+00
   3.8700000000000000e+02   1.7116000114837100e+00
   3.8800000000000000e+02   1.6976040679189901e+00
   3.8900000000000000e+02   1.3188946678553199e+00
   3.9000000000000000e+02   1.0910770196732800e+00
   3.9100000000000000e+02   6.2931303987258702e-01
   3.9200000000000000e+02   3.4162848729206302e-01
   3.9300000000000000e+02  -1.7516832950415201e-01
   3.9400000000000000e+02  -2.5426265418314198e-01
   3.9500000000000000e+02  -3.5461120437689098e-01
   3.9600000000000000e+02  -4.1813766821346099e-01
   3.9700000000000000e+02  -9.2095690485261705e-01
   3.9800000000000000e+02  -1.1777576003139900e+00
   3.9900000000000000e+02  -1.4657226973505799e+00
   4.0000000000000000e+02  -1.8631813489980600e+00
   4.0100000000000000e+02  -1.9603054591406499e+00
   4.0200000000000000e+02  -2.1830111009982200e+00
   4.0300000000000000e+02  -2.1781744177072202e+00
   4.0400000000000000e+02  -2.1394157552788799e+00
   4.0500000000000000e+02  -2.6802853976225101e+00
   4.0600000000000000e+02  -3.0187261162845500e+00
   4.0700000000000000e+02  -2.9625071508777401e+00
   4.0800000000000000e+02  -3.5834519031064702e+00
   4.0900000000000000e+02  -3.6645798663597500e+00
   4.1000000000000000e+02  -3.9536657921040499e+00
   4.1100000000000000e+02  -4.0229088281162699e+00
   4.1200000000000000e+02  -4.6208072127265600e+00
   4.1300000000000000e+02  -5.1349125818592203e+00
   4.1400000000000000e+02  -5.4386421142080001e+00
   4.1500000000000000e+02  -5.1962309659345696e+00
   4.1600000000000000e+02  -5.9904928779628301e+00
   4.1700000000000000e+02  -6.0809555184388202e+00
   4.1800000000000000e+02  -6.3978282094011298e+00
   4.1900000000000000e+02  -6.8472467096914000e+00
   4.2000000000000000e+02  -7.5187128586256700e+00
   4.2100000000000000e+02  -8.2163296821483893e+00
   4.2200000000000000e+02  -8.2355219814450606e+00
   4.2300000000000000e+02  -8.6782423166937708e+00
   4.2400000000000000e+02  -8.8201328373999903e+00
   4.2500000000000000e+02  -9.3018263944552899e+00
   4.2600000000000000e+02  -9.1560165534336608e+00
   4.2700000000000000e+02  -9.9672951424847707e+00
   4.2800000000000000e+02  -1.0405043930604201e+01
   4.2900000000000000e+02  -1.0754370194852600e+01
   4.3000000000000000e+02  -1.0809898415047000e+01
   4.3100000000000000e+02  -1.0953096505233701e+01
   4.3200000000000000e+02  -1.1831956782029300e+01
   4.3300000000000000e+02  -1.2070392380137800e+01
   4.3400000000000000e+02  -1.2546802619040299e+01
   4.3500000000000000e+02  -1.2963801770705100e+01
   4.3600000000000000e+02  -1.3848337595023500e+01
   4.3700000000000000e+02  -1.4330810677928101e+01
   4.3800000000000000e+02  -1.4740944864967400e+01
   4.3900000000000000e+02  -1.4665878951957600e+01
   4.4000000000000000e+02  -1.5259273507416101e+01
   4.4100000000000000e+02  -1.5622235594359600e+01
   4.4200000000000000e+02  -1.5668850639346299e+01
   4.4300000000000000e+02  -1.6406455585231800e+01
   4.4400000000000000e+02  -1.7095831094794001e+01
   4.4500000000000000e+02  -1.7932763274897599e+01
   4.4600000000000000e+02  -1.7918010270286398e+01
   4.4700000000000000e+02  -1.8838933439576500e+01
   4.4800000000000000e+02  -1.8987902113976599e+01
   4.4900000000000000e+02  -1.9024273290590401e+01
   4.5000000000000000e+02  -1.9562370080084499e+01
   4.5100000000000000e+02  -2.0186220670403099e+01
   4.5200000000000000e+02  -2.0374824309982099e+01
   4.5300000000000000e+02  -2.0771214900282001e+01
   4.5400000000000000e+02  -2.0519030436685199e+01
   4.5500000000000000e+02  -2.0469805977163201e+01
   4.5600000000000000e+02  -2.0740901230546701e+01
   4.5700000000000000e+02  -2.1217569986908099e+01
   4.5800000000000000e+02  -2.1554912398499699e+01
   4.5900000000000000e+02  -2.2262633522192601e+01
   4.6000000000000000e+02  -2.2791503036248798e+01
   4.6100000000000000e+02  -2.3524793791424301e+01
   4.6200000000000000e+02  -2.4088866541053299e+01
   4.6300000000000000e+02  -2.4645180962353400e+01
   4.6400000000000000e+02  -2.5453639166280901e+01
   4.6500000000000000e+02  -2.5646124345463800e+01
   4.6600000000000000e+02  -2.6015146133303599e+01
   4.6700000000000000e+02  -2.6189454769012698e+01
   4.6800000000000000e+02  -2.7035023583058098e+01
   4.6900000000000000e+02  -2.7798960922295802e+01
   4.7000000000000000e+02  -2.8509015586611401e+01
   4.7100000000000000e+02  -2.9046175401725201e+01
   4.7200000000000000e+02  -2.9389132253697898e+01
   4.7300000000000000e+02  -2.9277044483385200e+01
   4.7400000000000000e+02  -2.9456980310594702e+01
   4.7500000000000000e+02  -2.9853023596708400e+01
   4.7600000000000000e+02  -3.0071450745306400e+01
   4.7700000000000000e+02  -3.0467365035688701e+01
   4.7800000000000000e+02  -3.0523295965243001e+01
   4.7900000000000000e+02  -3.0083991513063701e+01
   4.8000000000000000e+02  -3.0455619813854302e+01
   4.8100000000000000e+02  -3.1061900966259198e+01
   4.8200000000000000e+02  -3.1872244936031102e+01
   4.8300000000000000e+02  -3.2302440195601697e+01
   4.8400000000000000e+02  -3.2933858172132901e+01
   4.8500000000000000e+02  -3.2996229342909501e+01
   4.8600000000000000e+02  -3.3189419151603197e+01
   4.8700000000000000e+02  -3.4025672450723299e+01
   4.8800000000000000e+02  -3.4812000693286201e+01
   4.8900000000000000e+02  -3.4621204801940301e+01
   4.9000000000000000e+02  -3.4992876614388400e+01
   4.9100000000000000e+02  -3.5328095800151303e+01
   4.9200000000000000e+02  -3.5473901009521100e+01
   4.9300000000000000e+02  -3.6310973008511098e+01
   4.9400000000000000e+02  -3.6931251148862003e+01
   4.9500000000000000e+02  -3.7565471565313800e+01
   4.9600000000000000e+02  -3.7302346769075598e+01
   4.9700000000000000e+02  -3.7414567597535402e+01
   4.9800000000000000e+02  -3.7762115968886000e+01
   4.9900000000000000e+02  -3.7937973786305598e+01
   5.0000000000000000e+02  -3.8608826550979401e+01
   5.0100000000000000e+02  -3.9383744746500803e+01
   5.0200000000000000e+02  -3.9969545917794399e+01
   5.0300000000000000e+02  -4.0247426965282997e+01
   5.0400000000000000e+02  -4.0469229922252403e+01
   5.0500000000000000e+02  -4.0742929625116098e+01
   5.0600000000000000e+02  -4.1294191979977597e+01
   5.0700000000000000e+02  -4.1980329076407202e+01
   5.0800000000000000e+02  -4.2943118807979801e+01
   5.0900000000000000e+02  -4.3585932891847200e+01
   5.1000000000000000e+02  -4.4160024871052300e+01
   5.1100000000000000e+02  -4.4285101708734700e+01
   5.1200000000000000e+02  -4.4448833345810797e+01
   5.1300000000000000e+02  -4.4147416219454001e+01
   5.1400000000000000e+02  -4.4093071211868100e+01
   5.1500000000000000e+02  -4.4300988965843999e+01
   5.1600000000000000e+02  -4.4968336843972203e+01
   5.1700000000000000e+02  -4.5385113627958901e+01
   5.1800000000000000e+02  -4.6064460305362303e+01
   5.1900000000000000e+02  -4.6292626242119603e+01
   5.2000000000000000e+02  -4.6722638069816298e+01
   5.2100000000000000e+02  -4.6865411007035199e+01
   5.2200000000000000e+02  -4.7929486494810000e+01
   5.2300000000000000e+02  -4.8637402536328104e+01
   5.2400000000000000e+02  -4.8827567885899697e+01
   5.2500000000000000e+02  -4.9172515019143198e+01
   5.2600000000000000e+02  -4.9217976225306302e+01
   5.2700000000000000e+02  -4.9768925314091398e+01
   5.2800000000000000e+02  -5.0151512147857296e+01
   5.2900000000000000e+02  -5.0273158999255102e+01
   5.3000000000000000e+02  -5.1305019111465000e+01
   5.3100000000000000e+02  -5.1626414394047501e+01
   5.3200000000000000e+02  -5.2079017645720199e+01
   5.3300000000000000e+02  -5.2302567664229400e+01
   5.3400000000000000e+02  -5.2641514222789297e+01
   5.3500000000000000e+02  -5.2950087265233101e+01
   5.3600000000000000e+02  -5.3488100602060598e+01
   5.3700000000000000e+02  -5.4462228656204701e+01
   5.3800000000000000e+02  -5.5210808915303801e+01
   5.3900000000000000e+02  -5.5467145195518903e+01
   5.4000000000000000e+02  -5.5684577652851601e+01
   5.4100000000000000e+02  -5.6101051811616102e+01
   5.4200000000000000e+02  -5.6198428538409203e+01
   5.4300000000000000e+02  -5.6925632777830700e+01
   5.4400000000000000e+02  -5.7440204197668301e+01
   5.4500000000000000e+02  -5.7860167628651901e+01
   5.4600000000000000e+02  -5.8207985437195397e+01
   5.4700000000000000e+02  -5.8743265008634197e+01
   5.4800000000000000e+02  -5.9590907533943003e+01
   5.4900000000000000e+02  -5.9963209262429402e+01
   5.5000000000000000e+02  -6.0410444318414498e+01
   5.5100000000000000e+02  -6.0881393763968298e+01
   5.5200000000000000e+02  -6.1532089700430198e+01
   5.5300000000000000e+02  -6.2194591992914397e+01
   5.5400000000000000e+02  -6.2529363620180398e+01
   5.5500000000000000e+02  -6.2834019210661502e+01
   5.5600000000000000e+02  -6.3092092110342399e+01
   5.5700000000000000e+02  -6.3642206588319702e+01
   5.5800000000000000e+02  -6.4401084264418500e+01
   5.5900000000000000e+02  -6.4806208463974201e+01
   5.6000000000000000e+02  -6.4789017961957597e+01
   5.6100000000000000e+02  -6.4723872016075802e+01
   5.6200000000000000e+02  -6.5685836298237504e+01
   5.6300000000000000e+02  -6.5794885740746395e+01
   5.6400000000000000e+02  -6.5990001581364993e+01
   5.6500000000000000e+02  -6.7051537207904005e+01
   5.6600000000000000e+02  -6.6667214078698294e+01
   5.6700000000000000e+02  -6.6999699633361502e+01
   5.6800000000000000e+02  -6.6831371155848302e+01
   5.6900000000000000e+02  -6.7251855177759893e+01
   5.7000000000000000e+02  -6.7946607100083597e+01
   5.7100000000000000e+02  -6.8330251724673005e+01
   5.7200000000000000e+02  -6.8473030942497900e+01
   5.7300000000000000e+02  -6.8522414453702098e+01
   5.7400000000000000e+02  -6.8701182766953494e+01
   5.7500000000000000e+02  -6.8975804672093304e+01
   5.7600000000000000e+02  -6.9062034475562598e+01
   5.7700000000000000e+02  -6.9076807151116199e+01
   5.7800000000000000e+02  -6.9382615995409097e+01
   5.7900000000000000e+02  -6.9127171535651797e+01
   5.8000000000000000e+02  -6.9610818237052797e+01
   5.8100000000000000e+02  -7.0279375702940797e+01
   5.8200000000000000e+02  -7.0579103942199495e+01
   5.8300000000000000e+02  -7.0653227668770000e+01
   5.8400000000000000e+02  -7.0585525020708502e+01
   5.8500000000000000e+02  -7.0863516242000500e+01
   5.8600000000000000e+02  -7.1284756025636298e+01
   5.8700000000000000e+02  -7.1676246479650899e+01
   5.8800000000000000e+02  -7.1825251856612297e+01
   5.8900000000000000e+02  -7.1917720945036393e+01
   5.9000000000000000e+02  -7.1815121649781901e+01
   5.9100000000000000e+02  -7.1837699488812007e+01
   5.9200000000000000e+02  -7.1864662372770496e+01
   5.9300000000000000e+02  -7.1502168365178903e+01
   5.9400000000000000e+02  -7.1232093103315506e+01
   5.9500000000000000e+02  -7.1590197614344106e+01
   5.9600000000000000e+02  -7.1377320109209705e+01
   5.9700000000000000e+02  -7.1537358341906099e+01
   5.9800000000000000e+02  -7.1658585658208906e+01
   5.9900000000000000e+02  -7.2484599995329802e+01
   6.0000000000000000e+02  -7.2632407295517794e+01
   6.0100000000000000e+02  -7.2972311210063395e+01
   6.0200000000000000e+02  -7.2920276925971606e+01
   6.0300000000000000e+02  -7.3132735567176297e+01
   6.0400000000000000e+02  -7.3022917171601193e+01
   6.0500000000000000e+02  -7.3356786820171706e+01
   6.0600000000000000e+02  -7.3687288686890696e+01
   6.0700000000000000e+02  -7.4215984914940407e+01
   6.0800000000000000e+02  -7.4363789243172207e+01
   6.0900000000000000e+02  -7.4701242563773206e+01
   6.1000000000000000e+02  -7.5307096678406793e+01
   6.1100000000000000e+02  -7.4574003853890602e+01
   6.1200000000000000e+02  -7.4424190023396505e+01
   6.1300000000000000e+02  -7.5060019244594500e+01
   6.1400000000000000e+02  -7.5141700775959194e+01
   6.1500000000000000e+02  -7.5620608775266703e+01
   6.1600000000000000e+02  -7.5356228583678401e+01
   6.1700000000000000e+02  -7.5096345203597096e+01
   6.1800000000000000e+02  -7.5356057954183498e+01
   6.1900000000000000e+02  -7.5979127155218293e+01
   6.2000000000000000e+02  -7.6583427078874607e+01
   6.2100000000000000e+02  -7.6485962937812303e+01
   6.2200000000000000e+02  -7.6449277642200400e+01
   6.2300000000000000e+02  -7.6208645111832595e+01
   6.2400000000000000e+02  -7.6269661502706896e+01
   6.2500000000000000e+02  -7.5948162394706301e+01
   6.2600000000000000e+02  -7.6521376402776795e+01
   6.2700000000000000e+02  -7.6430924955627603e+01
   6.2800000000000000e+02  -7.6811046731300195e+01
   6.2900000000000000e+02  -7.6495360029353904e+01
   6.3000000000000000e+02  -7.6441504991839295e+01
   6.3100000000000000e+02  -7.6248204452544599e+01
   6.3200000000000000e+02  -7.6248198111349097e+01
   6.3300000000000000e+02  -7.6660920202922497e+01
   6.3400000000000000e+02  -7.6854438629183505e+01
   6.3500000000000000e+02  -7.6422137938259397e+01
   6.3600000000000000e+02  -7.6047294743106605e+01
   6.3700000000000000e+02  -7.5757526519796002e+01
   6.3800000000000000e+02  -7.5605127141277606e+01
   6.3900000000000000e+02  -7.5268470717400902e+01
   6.4000000000000000e+02  -7.5087725015243606e+01
   6.4100000000000000e+02  -7.4849742496445799e+01
   6.4200000000000000e+02  -7.5255838037270607e+01
   6.4300000000000000e+02  -7.5450007546043295e+01
   6.4400000000000000e+02  -7.5387914062055003e+01
   6.4500000000000000e+02  -7.5018160652682994e+01
   6.4600000000000000e+02  -7.4939856316211902e+01
   6.4700000000000000e+02  -7.5505926313024901e+01
   6.4800000000000000e+02  -7.5170257901731503e+01
   6.4900000000000000e+02  -7.5155825211421202e+01
   6.5000000000000000e+02  -7.5660435163079100e+01
   6.5100000000000000e+02  -7.6225824291332600e+01
   6.5200000000000000e+02  -7.6597004984768702e+01
   6.5300000000000000e+02  -7.6417340406439394e+01
   6.5400000000000000e+02  -7.6500279686639601e+01
   6.5500000000000000e+02  -7.6341932742433400e+01
   6.5600000000000000e+02  -7.6821681722505204e+01
   6.5700000000000000e+02  -7.6922037839569597e+01
   6.5800000000000000e+02  -7.6602708861291305e+01
   6.5900000000000000e+02  -7.6214558703183101e+01
   6.6000000000000000e+02  -7.6167343584215004e+01
   6.6100000000000000e+02  -7.5909023777436005e+01
   6.6200000000000000e+02  -7.5591315012460299e+01
   6.6300000000000000e+02  -7.5431125662954003e+01
   6.6400000000000000e+02  -7.4639449437811393e+01
   6.6500000000000000e+02  -7.4447305715425401e+01
   6.6600000000000000e+02  -7.4409716644479502e+01
   6.6700000000000000e+02  -7.4409577905433395e+01
   6.6800000000000000e+02  -7.4582913274838006e+01
   6.6900000000000000e+02  -7.5075025469261206e+01
   6.7000000000000000e+02  -7.5718291919923601e+01
   6.7100000000000000e+02  -7.5717677071191005e+01
   6.7200000000000000e+02  -7.5718541174491307e+01
   6.7300000000000000e+02  -7.5921378437426895e+01
   6.7400000000000000e+02  -7.6290441626206302e+01
   6.7500000000000000e+02  -7.5748879895637302e+01
   6.7600000000000000e+02  -7.5400931648743295e+01
   6.7700000000000000e+02  -7.5607325506152904e+01
   6.7800000000000000e+02  -7.5157809590823305e+01
   6.7900000000000000e+02  -7.5146381537212903e+01
   6.8000000000000000e+02  -7.5035943424071704e+01
   6.8100000000000000e+02  -7.5128714467789706e+01
   6.8200000000000000e+02  -7.5076640038146095e+01
   6.8300000000000000e+02  -7.4907505464002995e+01
   6.8400000000000000e+02  -7.4782940174860897e+01
   6.8500000000000000e+02  -7.4405181365898898e+01
   6.8600000000000000e+02  -7.4552727271914307e+01
   6.8700000000000000e+02  -7.5014555950327093e+01
   6.8800000000000000e+02  -7.5303100648923902e+01
   6.8900000000000000e+02  -7.5313731769338204e+01
   6.9000000000000000e+02  -7.5468713870815094e+01
   6.9100000000000000e+02  -7.5193504818838804e+01
   6.9200000000000000e+02  -7.5630344986292897e+01
   6.9300000000000000e+02  -7.5901742846044698e+01
   6.9400000000000000e+02  -7.5726606595626393e+01
   6.9500000000000000e+02  -7.5136875294406593e+01
   6.9600000000000000e+02  -7.4938147113794599e+01
   6.9700000000000000e+02  -7.5246964018463999e+01
   6.9800000000000000e+02  -7.5157502732260895e+01
   6.9900000000000000e+02  -7.5565844444570303e+01
   7.0000000000000000e+02  -7.5329550036251604e+01
   7.0100000000000000e+02  -7.5923080566745597e+01
   7.0200000000000000e+02  -7.6216291383390200e+01
   7.0300000000000000e+02  -7.6377386727846599e+01
   7.0400000000000000e+02  -7.6477801600592201e+01
   7.0500000000000000e+02  -7.6987934520271097e+01
   7.0600000000000000e+02  -7.6832458600026399e+01
   7.0700000000000000e+02  -7.7092285379359296e+01
   7.0800000000000000e+02  -7.7151577720488206e+01
   7.0900000000000000e+02  -7.7480811096619206e+01
   7.1000000000000000e+02  -7.7460301133450997e+01
   7.1100000000000000e+02  -7.7810078514459804e+01
   7.1200000000000000e+02  -7.8152559321384103e+01
   7.1300000000000000e+02  -7.8163412305993404e+01
   7.1400000000000000e+02  -7.7909033759916198e+01
   7.1500000000000000e+02  -7.7628300175430496e+01
   7.1600000000000000e+02  -7.7926877607396506e+01
   7.1700000000000000e+02  -7.7525599827676004e+01
   7.1800000000000000e+02  -7.7207568224538605e+01
   7.1900000000000000e+02  -7.7127298971700498e+01
   7.2000000000000000e+02  -7.7093036175757305e+01
   7.2100000000000000e+02  -7.7091334962516200e+01
   7.2200000000000000e+02  -7.7096303169611105e+01
   7.2300000000000000e+02  -7.7283373873619198e+01
   7.2400000000000000e+02  -7.7590886032632397e+01
   7.2500000000000000e+02  -7.7932306981005695e+01
   7.2600000000000000e+02  -7.7944395178883596e+01
   7.2700000000000000e+02  -7.7768959032885107e+01
   7.2800000000000000e+02  -7.7857708717711702e+01
   7.2900000000000000e+02  -7.7545413019151198e+01
   7.3000000000000000e+02  -7.7644265384100194e+01
   7.3100000000000000e+02  -7.7683513613821106e+01
   7.3200000000000000e+02  -7.7887167047517707e+01
   7.3300000000000000e+02  -7.7898014973358698e+01
   7.3400000000000000e+02  -7.7412708824889705e+01
   7.3500000000000000e+02  -7.6887602497203702e+01
   7.3600000000000000e+02  -7.6344015873501903e+01
   7.3700000000000000e+02  -7.5965260298621303e+01
   7.3800000000000000e+02  -7.5938944424935201e+01
   7.3900000000000000e+02  -7.5755890907379893e+01
   7.4000000000000000e+02  -7.5992834641304896e+01
   7.4100000000000000e+02  -7.5864431576093594e+01
   7.4200000000000000e+02  -7.5256854249003794e+01
   7.4300000000000000e+02  -7.5172397314648606e+01
   7.4400000000000000e+02  -7.5381828465409697e+01
   7.4500000000000000e+02  -7.5074530837584803e+01
   7.4600000000000000e+02  -7.5064099220447901e+01
   7.4700000000000000e+02  -7.5052984407211198e+01
   7.4800000000000000e+02  -7.5332866585037806e+01
   7.4900000000000000e+02  -7.5003280967687402e+01
   7.5000000000000000e+02  -7.5453236358991504e+01
   7.5100000000000000e+02  -7.5389005315389397e+01
   7.5200000000000000e+02  -7.5834372592259200e+01
   7.5300000000000000e+02  -7.5827666948849497e+01
   7.5400000000000000e+02  -7.5688875210460196e+01
   7.5500000000000000e+02  -7.5891588290623503e+01
   7.5600000000000000e+02  -7.6238003840669805e+01
   7.5700000000000000e+02  -7.5866526388005596e+01
   7.5800000000000000e+02  -7.5452018896124102e+01
   7.5900000000000000e+02  -7.6000952663379906e+01
   7.6000000000000000e+02  -7.5908914993677996e+01
   7.6100000000000000e+02  -7.5582117262476601e+01
   7.6200000000000000e+02  -7.5483060031405302e+01
   7.6300000000000000e+02  -7.5996094782667498e+01
   7.6400000000000000e+02  -7.5795621391270700e+01
   7.6500000000000000e+02  -7.5510397310515302e+01
   7.6600000000000000e+02  -7.5848884309019596e+01
   7.6700000000000000e+02  -7.5839428547653299e+01
   7.6800000000000000e+02  -7.5872923807303806e+01
   7.6900000000000000e+02  -7.6063318323299796e+01
   7.7000000000000000e+02  -7.6058555192879098e+01
   7.7100000000000000e+02  -7.5902772680715003e+01
   7.7200000000000000e+02  -7.5896331537993106e+01
   7.7300000000000000e+02  -7.5872493500039596e+01
   7.7400000000000000e+02  -7.6073750898532296e+01
   7.7500000000000000e+02  -7.6204947534919498e+01
   7.7600000000000000e+02  -7.5908786402116107e+01
   7.7700000000000000e+02  -7.6356777275920194e+01
   7.7800000000000000e+02  -7.6528251574509099e+01
   7.7900000000000000e+02  -7.6493555883009805e+01
   7.8000000000000000e+02  -7.6243719178711402e+01
   7.8100000000000000e+02  -7.5866189692217404e+01
   7.8200000000000000e+02  -7.6032910456415195e+01
   7.8300000000000000e+02  -7.5781859015132099e+01
   7.8400000000000000e+02  -7.5779661234542502e+01
   7.8500000000000000e+02  -7.5614080505560295e+01
   7.8600000000000000e+02  -7.5561215376670503e+01
   7.8700000000000000e+02  -7.5628028323811606e+01
   7.8800000000000000e+02  -7.5862617323039700e+01
   7.8900000000000000e+02  -7.5839337949679603e+01
   7.9000000000000000e+02  -7.5971358625296006e+01
   7.9100000000000000e+02  -7.5510302820277900e+01
   7.9200000000000000e+02  -7.5749572172556100e+01
   7.9300000000000000e+02  -7.5860394358103505e+01
   7.9400000000000000e+02  -7.5845775842385606e+01
   7.9500000000000000e+02  -7.6022646953773901e+01
   7.9600000000000000e+02  -7.5299940057868696e+01
   7.9700000000000000e+02  -7.5264079496719404e+01
   7.9800000000000000e+02  -7.5527199444294297e+01
   7.9900000000000000e+02  -7.6203616868030593e+01
   8.0000000000000000e+02  -7.6311159355446705e+01
   8.0100000000000000e+02  -7.6756940526778294e+01
   8.0200000000000000e+02  -7.6422925175123297e+01
   8.0300000000000000e+02  -7.5728858848325402e+01
   8.0400000000000000e+02  -7.6008373727011204e+01
   8.0500000000000000e+02  -7.5567377809795204e+01
   8.0600000000000000e+02  -7.5406916545796804e+01
   8.0700000000000000e+02  -7.5320340822231501e+01
   8.0800000000000000e+02  -7.5282330129647406e+01
   8.0900000000000000e+02  -7.5336648435246005e+01
   8.1000000000000000e+02  -7.5661008831104397e+01
   8.1100000000000000e+02  -7.5641199465686199e+01
   8.1200000000000000e+02  -7.5176502730127297e+01
   8.1300000000000000e+02  -7.5716584918898903e+01
   8.1400000000000000e+02  -7.6162302280793895e+01
   8.1500000000000000e+02  -7.5863016682051807e+01
   8.1600000000000000e+02  -7.6330908416374399e+01
   8.1700000000000000e+02  -7.6271597641372907e+01
   8.1800000000000000e+02  -7.6613416589305004e+01
   8.1900000000000000e+02  -7.6655704350231403e+01
   8.2000000000000000e+02  -7.6642236872000595e+01
   8.2100000000000000e+02  -7.6300853099797706e+01
   8.2200000000000000e+02  -7.7022673326606593e+01
   8.2300000000000000e+02  -7.6642603549345296e+01
   8.2400000000000000e+02  -7.7103991873086699e+01
   8.2500000000000000e+02  -7.6844520183206797e+01
   8.2600000000000000e+02  -7.6542130252951907e+01
   8.2700000000000000e+02  -7.6367471344478204e+01
   8.2800000000000000e+02  -7.6459796960559103e+01
   8.2900000000000000e+02  -7.6842268864187901e+01
   8.3000000000000000e+02  -7.7259025063864897e+01
   8.3100000000000000e+02  -7.7339525823177397e+01
   8.3200000000000000e+02  -7.7028322105632697e+01
   8.3300000000000000e+02  -7.7038610666848001e+01
   8.3400000000000000e+02  -7.6982916237870697e+01
   8.3500000000000000e+02  -7.6746530514648796e+01
   8.3600000000000000e+02  -7.6719489696474398e+01
   8.3700000000000000e+02  -7.6332017037941498e+01
   8.3800000000000000e+02  -7.6302402570826303e+01
   8.3900000000000000e+02  -7.6291390402409405e+01
   8.4000000000000000e+02  -7.6257202292510200e+01
   8.4100000000000000e+02  -7.5972665037441601e+01
   8.4200000000000000e+02  -7.6230345790679706e+01
   8.4300000000000000e+02  -7.5820936147452798e+01
   8.4400000000000000e+02  -7.5785499410894602e+01
   8.4500000000000000e+02  -7.5904652774259503e+01
   8.4600000000000000e+02  -7.5441249772650806e+01
   8.4700000000000000e+02  -7.5562378402274504e+01
   8.4800000000000000e+02  -7.5328910176784106e+01
   8.4900000000000000e+02  -7.5669148153995494e+01
   8.5000000000000000e+02  -7.5229241097380594e+01
   8.5100000000000000e+02  -7.5509851652202201e+01
   8.5200000000000000e+02  -7.4928407278335101e+01
   8.5300000000000000e+02  -7.4796786278112094e+01
   8.5400000000000000e+02  -7.5010966644107995e+01
   8.5500000000000000e+02  -7.5320043295732106e+01
   8.5600000000000000e+02  -7.5609187352423803e+01
   8.5700000000000000e+02  -7.5418018503428996e+01
   8.5800000000000000e+02  -7.5710049334384905e+01
   8.5900000000000000e+02  -7.5748864591135302e+01
   8.6000000000000000e+02  -7.5772158874223805e+01
   8.6100000000000000e+02  -7.5419507016933906e+01
   8.6200000000000000e+02  -7.5513718233335098e+01
   8.6300000000000000e+02  -7.5448802209861995e+01
   8.6400000000000000e+02  -7.5378283381940193e+01
   8.6500000000000000e+02  -7.5311822651372196e+01
   8.6600000000000000e+02  -7.4869596394796105e+01
   8.6700000000000000e+02  -7.5182522093618701e+01
   8.6800000000000000e+02  -7.5292301134653897e+01
   8.6900000000000000e+02  -7.5087780768626203e+01
   8.7000000000000000e+02  -7.5265166723604693e+01
   8.7100000000000000e+02  -7.5457577736192206e+01
   8.7200000000000000e+02  -7.5701392505703097e+01
   8.7300000000000000e+02  -7.5741348219600695e+01
   8.7400000000000000e+02  -7.5428973122962802e+01
   8.7500000000000000e+02  -7.5126494980502500e+01
   8.7600000000000000e+02  -7.4801556746766195e+01
   8.7700000000000000e+02  -7.4890310560445201e+01
   8.7800000000000000e+02  -7.4586403536215698e+01
   8.7900000000000000e+02  -7.4681078315401805e+01
   8.8000000000000000e+02  -7.4513487199640196e+01
   8.8100000000000000e+02  -7.4419856528710795e+01
   8.8200000000000000e+02  -7.4670889170931801e+01
   8.8300000000000000e+02  -7.4147961008872301e+01
   8.8400000000000000e+02  -7.4394671584082303e+01
   8.8500000000000000e+02  -7.4280132637727704e+01
   8.8600000000000000e+02  -7.4033198895333399e+01
   8.8700000000000000e+02  -7.3463021844150106e+01
   8.8800000000000000e+02  -7.3494894014189398e+01
   8.8900000000000000e+02  -7.3637598718194496e+01
   8.9000000000000000e+02  -7.4342645974637605e+01
   8.9100000000000000e+02  -7.4266612466406698e+01
   8.9200000000000000e+02  -7.4178551733195803e+01
   8.9300000000000000e+02  -7.4309530886461403e+01
   8.9400000000000000e+02  -7.3988089217589902e+01
   8.9500000000000000e+02  -7.3997412055536202e+01
   8.9600000000000000e+02  -7.3434171403509794e+01
   8.9700000000000000e+02  -7.3683677832582404e+01
   8.9800000000000000e+02  -7.3871937280222596e+01
   8.9900000000000000e+02  -7.4088619847360704e+01
   9.0000000000000000e+02  -7.4084640900362601e+01
   9.0100000000000000e+02  -7.4209730307838896e+01
   9.0200000000000000e+02  -7.4161034507393097e+01
   9.0300000000000000e+02  -7.3937661107557901e+01
   9.0400000000000000e+02  -7.3735927875722794e+01
   9.0500000000000000e+02  -7.4102099292867507e+01
   9.0600000000000000e+02  -7.4604077028520706e+01
   9.0700000000000000e+02  -7.4397391922355496e+01
   9.0800000000000000e+02  -7.4769371619471201e+01
   9.0900000000000000e+02  -7.5034408029404602e+01
   9.1000000000000000e+02  -7.5169004725307104e+01
   9.1100000000000000e+02  -7.5245713746700304e+01
   9.1200000000000000e+02  -7.5753926205110702e+01
   9.1300000000000000e+02  -7.5665269442180602e+01
   9.1400000000000000e+02  -7.5888865953186794e+01
   9.1500000000000000e+02  -7.5965873187197502e+01
   9.1600000000000000e+02  -7.5908272023195096e+01
   9.1700000000000000e+02  -7.5340758706065799e+01
   9.1800000000000000e+02  -7.5815664107900702e+01
   9.1900000000000000e+02  -7.5672023318350895e+01
   9.2000000000000000e+02  -7.5931521445274896e+01
   9.2100000000000000e+02  -7.6010308439662296e+01
   9.2200000000000000e+02  -7.6259292755617295e+01
   9.2300000000000000e+02  -7.5871228512862302e+01
   9.2400000000000000e+02  -7.5936879773142905e+01
   9.2500000000000000e+02  -7.5728450582824294e+01
   9.2600000000000000e+02  -7.5310972289991398e+01
   9.2700000000000000e+02  -7.4788105569219397e+01
   9.2800000000000000e+02  -7.4981544821812193e+01
   9.2900000000000000e+02  -7.4766584411045997e+01
   9.3000000000000000e+02  -7.4600332131006695e+01
   9.3100000000000000e+02  -7.4526048264377906e+01
   9.3200000000000000e+02  -7.4495149946864998e+01
   9.3300000000000000e+02  -7.4204915052418400e+01
   9.3400000000000000e+02  -7.3780672464714698e+01
   9.3500000000000000e+02  -7.3739904589022998e+01
   9.3600000000000000e+02  -7.3882523083375006e+01
   9.3700000000000000e+02  -7.4285054362962100e+01
   9.3800000000000000e+02  -7.4385521095435294e+01
   9.3900000000000000e+02  -7.4202002248978005e+01
   9.4000000000000000e+02  -7.4085563361713795e+01
   9.4100000000000000e+02  -7.4017326499326998e+01
   9.4200000000000000e+02  -7.4013895601401700e+01
   9.4300000000000000e+02  -7.4157139401747898e+01
   9.4400000000000000e+02  -7.4457296743493202e+01
   9.4500000000000000e+02  -7.4653592628641903e+01
   9.4600000000000000e+02  -7.4443070129845395e+01
   9.4700000000000000e+02  -7.4342305951253806e+01
   9.4800000000000000e+02  -7.3869891255435405e+01
   9.4900000000000000e+02  -7.3966264972313994e+01
   9.5000000000000000e+02  -7.4478520965152200e+01
   9.5100000000000000e+02  -7.4616060887704506e+01
   9.5200000000000000e+02  -7.4987617609561397e+01
   9.5300000000000000e+02  -7.4813130474514693e+01
   9.5400000000000000e+02  -7.4914858875483702e+01
   9.5500000000000000e+02  -7.4826185729003399e+01
   9.5600000000000000e+02  -7.5134181472887093e+01
   9.5700000000000000e+02  -7.5110328532066305e+01
   9.5800000000000000e+02  -7.5273472287276604e+01
   9.5900000000000000e+02  -7.5183860523720796e+01
   9.6000000000000000e+02  -7.5171390355433999e+01
   9.6100000000000000e+02  -7.4824372787030200e+01
   9.6200000000000000e+02  -7.4618623185582507e+01
   9.6300000000000000e+02  -7.4949663359808994e+01
   9.6400000000000000e+02  -7.5076156245537703e+01
   9.6500000000000000e+02  -7.4928829807656200e+01
   9.6600000000000000e+02  -7.5115136553801705e+01
   9.6700000000000000e+02  -7.4570035234308705e+01
   9.6800000000000000e+02  -7.5354156964457204e+01
   9.6900000000000000e+02  -7.5128430693170799e+01
   9.7000000000000000e+02  -7.4855099354383896e+01
   9.7100000000000000e+02  -7.4695137199005799e+01
   9.7200000000000000e+02  -7.4724810043016802e+01
   9.7300000000000000e+02  -7.4639299575852505e+01
   9.7400000000000000e+02  -7.4150364828245500e+01
   9.7500000000000000e+02  -7.4354256153218003e+01
