  -1.0000000000000000e+02  -7.3009550309615307e+01
  -9.9000000000000000e+01  -7.3617562254933304e+01
  -9.8000000000000000e+01  -7.3407671560975999e+01
  -9.7000000000000000e+01  -7.3939065070512200e+01
  -9.6000000000000000e+01  -7.3795823792117204e+01
  -9.5000000000000000e+01  -7.3892510453551097e+01
  -9.4000000000000000e+01  -7.3504566650745602e+01
  -9.3000000000000000e+01  -7.3229350683266901e+01
  -9.2000000000000000e+01  -7.3212772665594798e+01
  -9.1000000000000000e+01  -7.3000070313372504e+01
  -9.0000000000000000e+01  -7.2353187553061602e+01
  -8.9000000000000000e+01  -7.2350420631343795e+01
  -8.8000000000000000e+01  -7.1971551521152605e+01
  -8.7000000000000000e+01  -7.1660035673824595e+01
  -8.6000000000000000e+01  -7.1679153964744700e+01
  -8.5000000000000000e+01  -7.1848269117146003e+01
  -8.4000000000000000e+01  -7.1975899657984996e+01
  -8.3000000000000000e+01  -7.1591913750951505e+01
  -8.2000000000000000e+01  -7.1402900265780204e+01
  -8.1000000000000000e+01  -7.1357548678847195e+01
  -8.0000000000000000e+01  -7.1055139960652696e+01
  -7.9000000000000000e+01  -7.1017139427864294e+01
  -7.8000000000000000e+01  -7.1121593044782003e+01
  -7.7000000000000000e+01  -7.1234946500023597e+01
  -7.6000000000000000e+01  -7.1849461779534593e+01
  -7.5000000000000000e+01  -7.1584792367500796e+01
  -7.4000000000000000e+01  -7.1667709487546603e+01
  -7.3000000000000000e+01  -7.1521789069395993e+01
  -7.2000000000000000e+01  -7.1443843652091800e+01
  -7.1000000000000000e+01  -7.1603316457854106e+01
  -7.0000000000000000e+01  -7.1638190838053106e+01
  -6.9000000000000000e+01  -7.1312729836372796e+01
  -6.8000000000000000e+01  -7.1461118237373597e+01
  -6.7000000000000000e+01  -7.1491677183453305e+01
  -6.6000000000000000e+01  -7.1275140450129200e+01
  -6.5000000000000000e+01  -7.1662765366287204e+01
  -6.4000000000000000e+01  -7.2094860739871095e+01
  -6.3000000000000000e+01  -7.2238305382243396e+01
  -6.2000000000000000e+01  -7.1722195691690104e+01
  -6.1000000000000000e+01  -7.1748304362313803e+01
  -6.0000000000000000e+01  -7.1543134930375203e+01
  -5.9000000000000000e+01  -7.0569061813366602e+01
  -5.8000000000000000e+01  -7.0162601656145199e+01
  -5.7000000000000000e+01  -7.0330396459687606e+01
  -5.6000000000000000e+01  -7.0535811524001005e+01
  -5.5000000000000000e+01  -7.0564026890952903e+01
  -5.4000000000000000e+01  -7.0180629404735797e+01
  -5.3000000000000000e+01  -7.0173596585003693e+01
  -5.2000000000000000e+01  -6.9980814878487095e+01
  -5.1000000000000000e+01  -7.0263746816435997e+01
  -5.0000000000000000e+01  -7.0350440764400403e+01
  -4.9000000000000000e+01  -7.0247312710443595e+01
  -4.8000000000000000e+01  -7.0124653435393896e+01
  -4.7000000000000000e+01  -6.9804406548900104e+01
  -4.6000000000000000e+01  -6.9161569240812199e+01
  -4.5000000000000000e+01  -6.9250421037294899e+01
  -4.4000000000000000e+01  -6.9197294100473101e+01
  -4.3000000000000000e+01  -6.9478924760084695e+01
  -4.2000000000000000e+01  -6.9387548466607001e+01
  -4.1000000000000000e+01  -6.9420150475673395e+01
  -4.0000000000000000e+01  -6.9384184084146497e+01
  -3.9000000000000000e+01  -6.9471968725701601e+01
  -3.8000000000000000e+01  -6.9229788024938301e+01
  -3.7000000000000000e+01  -6.8618795135620900e+01
  -3.6000000000000000e+01  -6.8312336620983999e+01
  -3.5000000000000000e+01  -6.8189133510832207e+01
  -3.4000000000000000e+01  -6.8546785098578098e+01
  -3.3000000000000000e+01  -6.8679952770562195e+01
  -3.2000000000000000e+01  -6.8857215203364902e+01
  -3.1000000000000000e+01  -6.8994425270585197e+01
  -3.0000000000000000e+01  -6.8658565249106601e+01
  -2.9000000000000000e+01  -6.8202575905450800e+01
  -2.8000000000000000e+01  -6.7830079380084399e+01
  -2.7000000000000000e+01  -6.8075326781699701e+01
  -2.6000000000000000e+01  -6.7548087369610101e+01
  -2.5000000000000000e+01  -6.7332800473586204e+01
  -2.4000000000000000e+01  -6.7007679126577003e+01
  -2.3000000000000000e+01  -6.6921481297243005e+01
  -2.2000000000000000e+01  -6.6741820747938405e+01
  -2.1000000000000000e+01  -6.6609159548949293e+01
  -2.0000000000000000e+01  -6.6662797974987399e+01
  -1.9000000000000000e+01  -6.7206598394314597e+01
  -1.8000000000000000e+01  -6.6559106836625503e+01
  -1.7000000000000000e+01  -6.6315270929866998e+01
  -1.6000000000000000e+01  -6.5949627765988097e+01
  -1.5000000000000000e+01  -6.5474908833384006e+01
  -1.4000000000000000e+01  -6.5565337955694801e+01
  -1.3000000000000000e+01  -6.4808895897588002e+01
  -1.2000000000000000e+01  -6.4783584992207693e+01
  -1.1000000000000000e+01  -6.4019569070493006e+01
  -1.0000000000000000e+01  -6.3714982299985600e+01
  -9.0000000000000000e+00  -6.3471445584520403e+01
  -8.0000000000000000e+00  -6.2908679435123297e+01
  -7.0000000000000000e+00  -6.2134538583072803e+01
  -6.0000000000000000e+00  -6.1327131919989803e+01
  -5.0000000000000000e+00  -6.0083065476431997e+01
  -4.0000000000000000e+00  -5.9033121357987397e+01
  -3.0000000000000000e+00  -5.6962151113685998e+01
  -2.0000000000000000e+00  -5.2542813138534598e+01
  -1.0000000000000000e+00  -4.2092346417700497e+01
   0.0000000000000000e+00  -1.3920375175963700e+01
   1.0000000000000000e+00   3.8276720499836201e+00
   2.0000000000000000e+00   1.4813997994453500e+01
   3.0000000000000000e+00   2.1053380097714602e+01
   4.0000000000000000e+00   2.4064518919908799e+01
   5.0000000000000000e+00   2.5537907747737400e+01
   6.0000000000000000e+00   2.6562427033491598e+01
   7.0000000000000000e+00   2.6672489449682100e+01
   8.0000000000000000e+00   2.6869857112371101e+01
   9.0000000000000000e+00   2.7116814880988201e+01
   1.0000000000000000e+01   2.7305772225524201e+01
   1.1000000000000000e+01   2.7970547916515699e+01
   1.2000000000000000e+01   2.8272773139117099e+01
   1.3000000000000000e+01   2.8585529857849501e+01
   1.4000000000000000e+01   2.9289123141288101e+01
   1.5000000000000000e+01   2.9541756549205999e+01
   1.6000000000000000e+01   2.9626816409622698e+01
   1.7000000000000000e+01   2.9821904819900901e+01
   1.8000000000000000e+01   2.9913190668243899e+01
   1.9000000000000000e+01   3.0059090230593899e+01
   2.0000000000000000e+01   3.0504257770969701e+01
   2.1000000000000000e+01   3.0227907595847100e+01
   2.2000000000000000e+01   3.0206515614878700e+01
   2.3000000000000000e+01   3.0619665818194100e+01
   2.4000000000000000e+01   3.0921289166192299e+01
   2.5000000000000000e+01   3.0702169074689799e+01
   2.6000000000000000e+01   3.1027505642694599e+01
   2.7000000000000000e+01   3.0661089009880701e+01
   2.8000000000000000e+01   3.0257229878940901e+01
   2.9000000000000000e+01   3.0254374188761702e+01
   3.0000000000000000e+01   3.0386668870405799e+01
   3.1000000000000000e+01   3.0660220557207300e+01
   3.2000000000000000e+01   3.0501389866997400e+01
   3.3000000000000000e+01   3.0476406302538201e+01
   3.4000000000000000e+01   3.0646209710779900e+01
   3.5000000000000000e+01   3.0730929254038600e+01
   3.6000000000000000e+01   3.0488069831017800e+01
   3.7000000000000000e+01   3.1111444294158300e+01
   3.8000000000000000e+01   3.0754488703534999e+01
   3.9000000000000000e+01   3.0531046466367101e+01
   4.0000000000000000e+01   3.0926042692847599e+01
   4.1000000000000000e+01   3.0773857001346599e+01
   4.2000000000000000e+01   3.1652373049983701e+01
   4.3000000000000000e+01   3.2394113206152497e+01
   4.4000000000000000e+01   3.2606138997722603e+01
   4.5000000000000000e+01   3.2443229201651398e+01
   4.6000000000000000e+01   3.2945931984220401e+01
   4.7000000000000000e+01   3.3056484531070403e+01
   4.8000000000000000e+01   3.3215441013579699e+01
   4.9000000000000000e+01   3.3430298994450297e+01
   5.0000000000000000e+01   3.4112958408937097e+01
   5.1000000000000000e+01   3.4691536667086403e+01
   5.2000000000000000e+01   3.4844081658514199e+01
   5.3000000000000000e+01   3.5216847516174198e+01
   5.4000000000000000e+01   3.5465015664645797e+01
   5.5000000000000000e+01   3.5619838666896499e+01
   5.6000000000000000e+01   3.5937288355867203e+01
   5.7000000000000000e+01   3.5484212258473001e+01
   5.8000000000000000e+01   3.5257956791433102e+01
   5.9000000000000000e+01   3.5456546673798798e+01
   6.0000000000000000e+01   3.5632425241551601e+01
   6.1000000000000000e+01   3.5690269741977801e+01
   6.2000000000000000e+01   3.5688592893510197e+01
   6.3000000000000000e+01   3.5706921246565400e+01
   6.4000000000000000e+01   3.5762812675956603e+01
   6.5000000000000000e+01   3.5682966477382500e+01
   6.6000000000000000e+01   3.5486502413626297e+01
   6.7000000000000000e+01   3.5426491237282399e+01
   6.8000000000000000e+01   3.5124586587453003e+01
   6.9000000000000000e+01   3.4973011151806503e+01
   7.0000000000000000e+01   3.5217049953909303e+01
   7.1000000000000000e+01   3.5961921582797999e+01
   7.2000000000000000e+01   3.6099976892347598e+01
   7.3000000000000000e+01   3.5799590210637902e+01
   7.4000000000000000e+01   3.6153418491524299e+01
   7.5000000000000000e+01   3.6052010498884897e+01
   7.6000000000000000e+01   3.6123413032198499e+01
   7.7000000000000000e+01   3.6432716880253402e+01
   7.8000000000000000e+01   3.6615759028816598e+01
   7.9000000000000000e+01   3.7044796335831101e+01
   8.0000000000000000e+01   3.6920011838048602e+01
   8.1000000000000000e+01   3.7076658039050301e+01
   8.2000000000000000e+01   3.6565936735379999e+01
   8.3000000000000000e+01   3.6924232603137099e+01
   8.4000000000000000e+01   3.6917510153316201e+01
   8.5000000000000000e+01   3.7058328929322997e+01
   8.6000000000000000e+01   3.7545243507831003e+01
   8.7000000000000000e+01   3.7893344072223499e+01
   8.8000000000000000e+01   3.8424993679926402e+01
   8.9000000000000000e+01   3.8122444053019699e+01
   9.0000000000000000e+01   3.8087878115679501e+01
   9.1000000000000000e+01   3.8600455726770797e+01
   9.2000000000000000e+01   3.9026908754307598e+01
   9.3000000000000000e+01   3.9014405906905203e+01
   9.4000000000000000e+01   3.8653996448130201e+01
   9.5000000000000000e+01   3.8431993285129700e+01
   9.6000000000000000e+01   3.8199626951520102e+01
   9.7000000000000000e+01   3.8008903976530000e+01
   9.8000000000000000e+01   3.8138578571871697e+01
   9.9000000000000000e+01   3.7641068930467497e+01
   1.0000000000000000e+02   3.7463179868478498e+01
   1.0100000000000000e+02   3.7579629686511097e+01
   1.0200000000000000e+02   3.8250756173645300e+01
   1.0300000000000000e+02   3.8564768974115097e+01
   1.0400000000000000e+02   3.8408361925088400e+01
   1.0500000000000000e+02   3.8212301039282202e+01
   1.0600000000000000e+02   3.8208957068402100e+01
   1.0700000000000000e+02   3.8232380258289197e+01
   1.0800000000000000e+02   3.8072876286635903e+01
   1.0900000000000000e+02   3.7676783679812999e+01
   1.1000000000000000e+02   3.7554205276042701e+01
   1.1100000000000000e+02   3.7698770832179001e+01
   1.1200000000000000e+02   3.7643909300684399e+01
   1.1300000000000000e+02   3.7594129039161899e+01
   1.1400000000000000e+02   3.7431798922464701e+01
   1.1500000000000000e+02   3.7265106674950502e+01
   1.1600000000000000e+02   3.7159851961006503e+01
   1.1700000000000000e+02   3.7598126380753797e+01
   1.1800000000000000e+02   3.7360584092157801e+01
   1.1900000000000000e+02   3.7218431591734500e+01
   1.2000000000000000e+02   3.7198468129653399e+01
   1.2100000000000000e+02   3.7092857934286400e+01
   1.2200000000000000e+02   3.7207342812287798e+01
   1.2300000000000000e+02   3.7310942944410598e+01
   1.2400000000000000e+02   3.6730157750899899e+01
   1.2500000000000000e+02   3.6421990325926998e+01
   1.2600000000000000e+02   3.6586155504966897e+01
   1.2700000000000000e+02   3.6447933411989503e+01
   1.2800000000000000e+02   3.6079981599815397e+01
   1.2900000000000000e+02   3.6189780248486400e+01
   1.3000000000000000e+02   3.5786566336955197e+01
   1.3100000000000000e+02   3.5552428990766103e+01
   1.3200000000000000e+02   3.5100247534920697e+01
   1.3300000000000000e+02   3.5149756219633304e+01
   1.3400000000000000e+02   3.5283234093529103e+01
   1.3500000000000000e+02   3.5642944893831398e+01
   1.3600000000000000e+02   3.5623089001404800e+01
   1.3700000000000000e+02   3.5527556332013503e+01
   1.3800000000000000e+02   3.5618945498741297e+01
   1.3900000000000000e+02   3.5470880229176700e+01
   1.4000000000000000e+02   3.5440697774703700e+01
   1.4100000000000000e+02   3.5547159549701902e+01
   1.4200000000000000e+02   3.5675541791523500e+01
   1.4300000000000000e+02   3.5896893029991901e+01
   1.4400000000000000e+02   3.5879202934781702e+01
   1.4500000000000000e+02   3.5533401524676698e+01
   1.4600000000000000e+02   3.5790042994721603e+01
   1.4700000000000000e+02   3.5887850232768798e+01
   1.4800000000000000e+02   3.5560891196303999e+01
   1.4900000000000000e+02   3.5630017565852498e+01
   1.5000000000000000e+02   3.5263989957141497e+01
   1.5100000000000000e+02   3.5716288666611902e+01
   1.5200000000000000e+02   3.5430581052429702e+01
   1.5300000000000000e+02   3.5292162619348602e+01
   1.5400000000000000e+02   3.5282338872758302e+01
   1.5500000000000000e+02   3.5308954929374998e+01
   1.5600000000000000e+02   3.5006378262414700e+01
   1.5700000000000000e+02   3.5347999376129302e+01
   1.5800000000000000e+02   3.5269389220506497e+01
   1.5900000000000000e+02   3.5136873292003102e+01
   1.6000000000000000e+02   3.4967858110991699e+01
   1.6100000000000000e+02   3.4551534328600603e+01
   1.6200000000000000e+02   3.4515555895826097e+01
   1.6300000000000000e+02   3.4155847894153801e+01
   1.6400000000000000e+02   3.3771114063501699e+01
   1.6500000000000000e+02   3.3886035726312002e+01
   1.6600000000000000e+02   3.3704954404179901e+01
   1.6700000000000000e+02   3.3911990802486500e+01
   1.6800000000000000e+02   3.3763417430914203e+01
   1.6900000000000000e+02   3.3490269272159601e+01
   1.7000000000000000e+02   3.3489449817798103e+01
   1.7100000000000000e+02   3.3111448006807798e+01
   1.7200000000000000e+02   3.3072119464809397e+01
   1.7300000000000000e+02   3.2850224264996498e+01
   1.7400000000000000e+02   3.3162749093247903e+01
   1.7500000000000000e+02   3.2927045231692702e+01
   1.7600000000000000e+02   3.2855370594925397e+01
   1.7700000000000000e+02   3.2491545886947598e+01
   1.7800000000000000e+02   3.2143909491138203e+01
   1.7900000000000000e+02   3.2050993475148502e+01
   1.8000000000000000e+02   3.1871240409157299e+01
   1.8100000000000000e+02   3.0941407524109199e+01
   1.8200000000000000e+02   3.0897043546432300e+01
   1.8300000000000000e+02   3.1167996087746300e+01
   1.8400000000000000e+02   3.1262749470917701e+01
   1.8500000000000000e+02   3.1377221544784899e+01
   1.8600000000000000e+02   3.0977864656525700e+01
   1.8700000000000000e+02   3.0966104086654099e+01
   1.8800000000000000e+02   3.1574090974430700e+01
   1.8900000000000000e+02   3.1722139279724100e+01
   1.9000000000000000e+02   3.1471119294547300e+01
   1.9100000000000000e+02   3.1447557575518399e+01
   1.9200000000000000e+02   3.1498744113629400e+01
   1.9300000000000000e+02   3.1409391861340300e+01
   1.9400000000000000e+02   3.1191966406930302e+01
   1.9500000000000000e+02   3.0906815459242299e+01
   1.9600000000000000e+02   3.0828578729045201e+01
   1.9700000000000000e+02   3.0885528214611199e+01
   1.9800000000000000e+02   3.0266119467612601e+01
   1.9900000000000000e+02   3.0414835402936600e+01
   2.0000000000000000e+02   3.0383353251747401e+01
   2.0100000000000000e+02   3.0041611883158499e+01
   2.0200000000000000e+02   2.9882328468000502e+01
   2.0300000000000000e+02   2.9872608696949001e+01
   2.0400000000000000e+02   2.9601631761645699e+01
   2.0500000000000000e+02   2.9590390546135598e+01
   2.0600000000000000e+02   2.9578582717687802e+01
   2.0700000000000000e+02   2.9663157885915702e+01
   2.0800000000000000e+02   2.9494124379143901e+01
   2.0900000000000000e+02   2.9346769033364900e+01
   2.1000000000000000e+02   2.9102958920864701e+01
   2.1100000000000000e+02   2.8709661115106300e+01
   2.1200000000000000e+02   2.8500539172210001e+01
   2.1300000000000000e+02   2.8932362034893298e+01
   2.1400000000000000e+02   2.8752794090978899e+01
   2.1500000000000000e+02   2.8502062859321502e+01
   2.1600000000000000e+02   2.8523875289582801e+01
   2.1700000000000000e+02   2.8543094132824098e+01
   2.1800000000000000e+02   2.8493676238534299e+01
   2.1900000000000000e+02   2.8478780572582600e+01
   2.2000000000000000e+02   2.8698003491914999e+01
   2.2100000000000000e+02   2.8466908037632699e+01
   2.2200000000000000e+02   2.8453588147532699e+01
   2.2300000000000000e+02   2.8836630494818301e+01
   2.2400000000000000e+02   2.8550381313549899e+01
   2.2500000000000000e+02   2.8893544200222902e+01
   2.2600000000000000e+02   2.8642064798031299e+01
   2.2700000000000000e+02   2.8608304605715400e+01
   2.2800000000000000e+02   2.8033817159724201e+01
   2.2900000000000000e+02   2.8093794499317202e+01
   2.3000000000000000e+02   2.8307642899634100e+01
   2.3100000000000000e+02   2.8425061802522901e+01
   2.3200000000000000e+02   2.9099199579443901e+01
   2.3300000000000000e+02   2.8636704345696600e+01
   2.3400000000000000e+02   2.8272905031462798e+01
   2.3500000000000000e+02   2.7875181048590200e+01
   2.3600000000000000e+02   2.7956127550126901e+01
   2.3700000000000000e+02   2.7690040265112700e+01
   2.3800000000000000e+02   2.7627981445576900e+01
   2.3900000000000000e+02   2.6689283036906001e+01
   2.4000000000000000e+02   2.6491697244294802e+01
   2.4100000000000000e+02   2.6673058472592700e+01
   2.4200000000000000e+02   2.6513722139041700e+01
   2.4300000000000000e+02   2.6620541013919301e+01
   2.4400000000000000e+02   2.6289512482137201e+01
   2.4500000000000000e+02   2.6483071380289999e+01
   2.4600000000000000e+02   2.6653814115459600e+01
   2.4700000000000000e+02   2.6194921704838102e+01
   2.4800000000000000e+02   2.5698586842040100e+01
   2.4900000000000000e+02   2.5421445665878199e+01
   2.5000000000000000e+02   2.5379387502405500e+01
   2.5100000000000000e+02   2.5182225730230801e+01
   2.5200000000000000e+02   2.4813654935143202e+01
   2.5300000000000000e+02   2.4413120652561801e+01
   2.5400000000000000e+02   2.4493395910611198e+01
   2.5500000000000000e+02   2.4606507976499302e+01
   2.5600000000000000e+02   2.4136991439308598e+01
   2.5700000000000000e+02   2.3876198674528300e+01
   2.5800000000000000e+02   2.3532171862490099e+01
   2.5900000000000000e+02   2.3380427691424099e+01
   2.6000000000000000e+02   2.3623411350724599e+01
   2.6100000000000000e+02   2.3891703419158201e+01
   2.6200000000000000e+02   2.3362877907849398e+01
   2.6300000000000000e+02   2.3109256969330001e+01
   2.6400000000000000e+02   2.2965142063299499e+01
   2.6500000000000000e+02   2.2199842815640700e+01
   2.6600000000000000e+02   2.2040339580579101e+01
   2.6700000000000000e+02   2.2110915840726800e+01
   2.6800000000000000e+02   2.1925870957611099e+01
   2.6900000000000000e+02   2.2208236996700201e+01
   2.7000000000000000e+02   2.1915139981153299e+01
   2.7100000000000000e+02   2.1373512128535801e+01
   2.7200000000000000e+02   2.1055393546951201e+01
   2.7300000000000000e+02   2.0673654384242401e+01
   2.7400000000000000e+02   2.0606900745336802e+01
   2.7500000000000000e+02   2.0311000776377401e+01
   2.7600000000000000e+02   1.9754675408273801e+01
   2.7700000000000000e+02   1.9302812678773901e+01
   2.7800000000000000e+02   1.9211701343303702e+01
   2.7900000000000000e+02   1.9056707174606100e+01
   2.8000000000000000e+02   1.9149033155291100e+01
   2.8100000000000000e+02   1.9061519439417800e+01
   2.8200000000000000e+02   1.9065744373097498e+01
   2.8300000000000000e+02   1.8857310446413798e+01
   2.8400000000000000e+02   1.8147445709277900e+01
   2.8500000000000000e+02   1.7684670841722902e+01
   2.8600000000000000e+02   1.7897428196281201e+01
   2.8700000000000000e+02   1.7539269583430599e+01
   2.8800000000000000e+02   1.7047824687357299e+01
   2.8900000000000000e+02   1.7251937418427300e+01
   2.9000000000000000e+02   1.7038319845272198e+01
   2.9100000000000000e+02   1.6518175594890401e+01
   2.9200000000000000e+02   1.6132913117682900e+01
   2.9300000000000000e+02   1.6486273742837501e+01
   2.9400000000000000e+02   1.6445232863765199e+01
   2.9500000000000000e+02   1.6384983880040199e+01
   2.9600000000000000e+02   1.6258553027852400e+01
   2.9700000000000000e+02   1.5912588455281201e+01
   2.9800000000000000e+02   1.5919118441770401e+01
   2.9900000000000000e+02   1.5600870124270299e+01
   3.0000000000000000e+02   1.5685189857642801e+01
   3.0100000000000000e+02   1.5191319197624001e+01
   3.0200000000000000e+02   1.5370522203166200e+01
   3.0300000000000000e+02   1.5288835122810999e+01
   3.0400000000000000e+02   1.5094330929949299e+01
   3.0500000000000000e+02   1.5172759279859900e+01
   3.0600000000000000e+02   1.5021147528333699e+01
   3.0700000000000000e+02   1.4711921977257100e+01
   3.0800000000000000e+02   1.4677763935207000e+01
   3.0900000000000000e+02   1.4319991638720600e+01
   3.1000000000000000e+02   1.4111710680962499e+01
   3.1100000000000000e+02   1.3818660495917401e+01
   3.1200000000000000e+02   1.3399969638605301e+01
   3.1300000000000000e+02   1.3049370693987500e+01
   3.1400000000000000e+02   1.2637951029819099e+01
   3.1500000000000000e+02   1.2707630462740100e+01
   3.1600000000000000e+02   1.2429852964157099e+01
   3.1700000000000000e+02   1.2335337843202201e+01
   3.1800000000000000e+02   1.2340206595247000e+01
   3.1900000000000000e+02   1.2011431544024900e+01
   3.2000000000000000e+02   1.1859886316842999e+01
   3.2100000000000000e+02   1.1423827360855700e+01
   3.2200000000000000e+02   1.1047221258971501e+01
   3.2300000000000000e+02   1.1035320955493100e+01
   3.2400000000000000e+02   1.0605241531108900e+01
   3.2500000000000000e+02   9.9478094541151094e+00
   3.2600000000000000e+02   9.8481218594065094e+00
   3.2700000000000000e+02   9.3836380535502304e+00
   3.2800000000000000e+02   8.6851893838324106e+00
   3.2900000000000000e+02   8.1395050082997198e+00
   3.3000000000000000e+02   7.4523822207559904e+00
   3.3100000000000000e+02   6.7144662837364004e+00
   3.3200000000000000e+02   6.7595423632164202e+00
   3.3300000000000000e+02   6.9980573674678004e+00
   3.3400000000000000e+02   7.0255173579507302e+00
   3.3500000000000000e+02   6.8732696737456003e+00
   3.3600000000000000e+02   6.8575886352796198e+00
   3.3700000000000000e+02   6.6390407386841801e+00
   3.3800000000000000e+02   6.7577073632775999e+00
   3.3900000000000000e+02   6.6551649751750999e+00
   3.4000000000000000e+02   6.2646076354489599e+00
   3.4100000000000000e+02   5.9872362388122200e+00
   3.4200000000000000e+02   6.0324225631501402e+00
   3.4300000000000000e+02   6.2538932693289597e+00
   3.4400000000000000e+02   6.0431753787999396e+00
   3.4500000000000000e+02   5.7698182178099504e+00
   3.4600000000000000e+02   5.7936983202938501e+00
   3.4700000000000000e+02   6.0865399103882698e+00
   3.4800000000000000e+02   5.6025472451639198e+00
   3.4900000000000000e+02   5.4050230376133701e+00
   3.5000000000000000e+02   4.7601856853853901e+00
   3.5100000000000000e+02   4.4502146817550097e+00
   3.5200000000000000e+02   4.2592073298270003e+00
   3.5300000000000000e+02   4.0104585781662596e+00
   3.5400000000000000e+02   3.6698750088165699e+00
   3.5500000000000000e+02   3.5905168119927402e+00
   3.5600000000000000e+02   3.5766680533819399e+00
   3.5700000000000000e+02   3.1686723333572999e+00
   3.5800000000000000e+02   3.2684588755017998e+00
   3.5900000000000000e+02   3.5506871335831600e+00
   3.6000000000000000e+02   3.4599929195694399e+00
   3.6100000000000000e+02   2.7224615585062999e+00
   3.6200000000000000e+02   2.6001807162482802e+00
   3.6300000000000000e+02   2.6560581098849201e+00
   3.6400000000000000e+02   2.2292004171118700e+00
   3.6500000000000000e+02   2.1427268410887699e+00
   3.6600000000000000e+02   1.9854011411032300e+00
   3.6700000000000000e+02   1.9424352071421001e+00
   3.6800000000000000e+02   2.1829395067723198e+00
   3.6900000000000000e+02   2.2139973669365798e+00
   3.7000000000000000e+02   2.2997828617208902e+00
   3.7100000000000000e+02   1.6650269398293100e+00
   3.7200000000000000e+02   1.2197991053782899e+00
   3.7300000000000000e+02   8.5143651097778905e-01
   3.7400000000000000e+02   5.0738825721341896e-01
   3.7500000000000000e+02   4.0720090532461201e-01
   3.7600000000000000e+02   1.0981438254722900e-01
   3.7700000000000000e+02  -2.4281784032769399e-01
   3.7800000000000000e+02  -3.6512180856926597e-02
   3.7900000000000000e+02  -2.0945435258399100e-01
   3.8000000000000000e+02  -2.1342899178273900e-01
   3.8100000000000000e+02  -1.1078233342496799e+00
   3.8200000000000000e+02  -6.8937943562351900e-01
   3.8300000000000000e+02  -4.3272052192455601e-01
   3.8400000000000000e+02  -9.7461531287558900e-01
   3.8500000000000000e+02  -1.5789208874534799e+00
   3.8600000000000000e+02  -1.6888306704050000e+00
   3.8700000000000000e+02  -2.2148663320319399e+00
   3.8800000000000000e+02  -2.3795419987314301e+00
   3.8900000000000000e+02  -2.1078717860290901e+00
   3.9000000000000000e+02  -2.3090707885363599e+00
   3.9100000000000000e+02  -2.5455720439643099e+00
   3.9200000000000000e+02  -3.0109148219703301e+00
   3.9300000000000000e+02  -3.3828952872268698e+00
   3.9400000000000000e+02  -3.0857292927897100e+00
   3.9500000000000000e+02  -3.1373909202910299e+00
   3.9600000000000000e+02  -3.0835026717861398e+00
   3.9700000000000000e+02  -4.0610283306460602e+00
   3.9800000000000000e+02  -4.0318454030131496e+00
   3.9900000000000000e+02  -4.1133270288504802e+00
   4.0000000000000000e+02  -4.2436715805237597e+00
   4.0100000000000000e+02  -4.3688555489844196e+00
   4.0200000000000000e+02  -4.6572615120468397e+00
   4.0300000000000000e+02  -4.7931933184785303e+00
   4.0400000000000000e+02  -5.3227090410812101e+00
   4.0500000000000000e+02  -6.4889832027064003e+00
   4.0600000000000000e+02  -6.8526334193126397e+00
   4.0700000000000000e+02  -7.1636131957906404e+00
   4.0800000000000000e+02  -7.7832877346510596e+00
   4.0900000000000000e+02  -8.2383398846560105e+00
   4.1000000000000000e+02  -8.4634347535923897e+00
   4.1100000000000000e+02  -8.6260065503165304e+00
   4.1200000000000000e+02  -8.6219424788499897e+00
   4.1300000000000000e+02  -8.9305064823452494e+00
   4.1400000000000000e+02  -8.6951271318973795e+00
   4.1500000000000000e+02  -9.1650385536552701e+00
   4.1600000000000000e+02  -9.1583886116291193e+00
   4.1700000000000000e+02  -9.5876865520419603e+00
   4.1800000000000000e+02  -9.5668127620566707e+00
   4.1900000000000000e+02  -9.7222779302659408e+00
   4.2000000000000000e+02  -9.7159975664637095e+00
   4.2100000000000000e+02  -1.0123556386928801e+01
   4.2200000000000000e+02  -1.0404186087073599e+01
   4.2300000000000000e+02  -1.0742711309042100e+01
   4.2400000000000000e+02  -1.1236186285684401e+01
   4.2500000000000000e+02  -1.2096837253998800e+01
   4.2600000000000000e+02  -1.2344362884078800e+01
   4.2700000000000000e+02  -1.2445691961845100e+01
   4.2800000000000000e+02  -1.2960028088677300e+01
   4.2900000000000000e+02  -1.2859130550017200e+01
   4.3000000000000000e+02  -1.3033469205738500e+01
   4.3100000000000000e+02  -1.3247344072878599e+01
   4.3200000000000000e+02  -1.3553691745257000e+01
   4.3300000000000000e+02  -1.3945847241304300e+01
   4.3400000000000000e+02  -1.3581850130654599e+01
   4.3500000000000000e+02  -1.3918722748063400e+01
   4.3600000000000000e+02  -1.4133247605357500e+01
   4.3700000000000000e+02  -1.4437371892720600e+01
   4.3800000000000000e+02  -1.4974337849626799e+01
   4.3900000000000000e+02  -1.5519278189908499e+01
   4.4000000000000000e+02  -1.5397930786692200e+01
   4.4100000000000000e+02  -1.5690344279403201e+01
   4.4200000000000000e+02  -1.6222798435988199e+01
   4.4300000000000000e+02  -1.6231820667592000e+01
   4.4400000000000000e+02  -1.6760993048757800e+01
   4.4500000000000000e+02  -1.7399867449932000e+01
   4.4600000000000000e+02  -1.7940143040184999e+01
   4.4700000000000000e+02  -1.8360821920027600e+01
   4.4800000000000000e+02  -1.8496083297192101e+01
   4.4900000000000000e+02  -1.9148842982230001e+01
   4.5000000000000000e+02  -1.9264137267912201e+01
   4.5100000000000000e+02  -1.9331013312850601e+01
   4.5200000000000000e+02  -1.9650341517381200e+01
   4.5300000000000000e+02  -1.9949617468402700e+01
   4.5400000000000000e+02  -2.0128663909467100e+01
   4.5500000000000000e+02  -2.0130631370531599e+01
   4.5600000000000000e+02  -2.0448223335796200e+01
   4.5700000000000000e+02  -2.0050427207399402e+01
   4.5800000000000000e+02  -2.0019899501815001e+01
   4.5900000000000000e+02  -2.0205110098646198e+01
   4.6000000000000000e+02  -2.0622128656031801e+01
   4.6100000000000000e+02  -2.1011173758481700e+01
   4.6200000000000000e+02  -2.1799503023560700e+01
   4.6300000000000000e+02  -2.2078289293154601e+01
   4.6400000000000000e+02  -2.2844840137275799e+01
   4.6500000000000000e+02  -2.3619409174947201e+01
   4.6600000000000000e+02  -2.4049394082754699e+01
   4.6700000000000000e+02  -2.4630714248682800e+01
   4.6800000000000000e+02  -2.5113548969587999e+01
   4.6900000000000000e+02  -2.5444247452997100e+01
   4.7000000000000000e+02  -2.6366523740414699e+01
   4.7100000000000000e+02  -2.6119681410241100e+01
   4.7200000000000000e+02  -2.6387471307612500e+01
   4.7300000000000000e+02  -2.6579872897182799e+01
   4.7400000000000000e+02  -2.7251480506399499e+01
   4.7500000000000000e+02  -2.7781070408047199e+01
   4.7600000000000000e+02  -2.8270108753007300e+01
   4.7700000000000000e+02  -2.8909808415343399e+01
   4.7800000000000000e+02  -2.9471582071124399e+01
   4.7900000000000000e+02  -3.0219138081272199e+01
   4.8000000000000000e+02  -3.0179668483591001e+01
   4.8100000000000000e+02  -3.0432314595402300e+01
   4.8200000000000000e+02  -3.0856278675072300e+01
   4.8300000000000000e+02  -3.1587571022854402e+01
   4.8400000000000000e+02  -3.1976826653495799e+01
   4.8500000000000000e+02  -3.2630805828086203e+01
   4.8600000000000000e+02  -3.2889794609918802e+01
   4.8700000000000000e+02  -3.2828220954591202e+01
   4.8800000000000000e+02  -3.2828712559650100e+01
   4.8900000000000000e+02  -3.2724866133467899e+01
   4.9000000000000000e+02  -3.3023499150902701e+01
   4.9100000000000000e+02  -3.3331772792135197e+01
   4.9200000000000000e+02  -3.3921089708027999e+01
   4.9300000000000000e+02  -3.4583674313537301e+01
   4.9400000000000000e+02  -3.4816400287552902e+01
   4.9500000000000000e+02  -3.5485333715394297e+01
   4.9600000000000000e+02  -3.6077024912996400e+01
   4.9700000000000000e+02  -3.6475322789967002e+01
   4.9800000000000000e+02  -3.6234829303838197e+01
   4.9900000000000000e+02  -3.6610821039233301e+01
   5.0000000000000000e+02  -3.7209780778038997e+01
   5.0100000000000000e+02  -3.7165867525487897e+01
   5.0200000000000000e+02  -3.7542890869568403e+01
   5.0300000000000000e+02  -3.7802131257912002e+01
   5.0400000000000000e+02  -3.7884174269535698e+01
   5.0500000000000000e+02  -3.8431324968471102e+01
   5.0600000000000000e+02  -3.9029815811792403e+01
   5.0700000000000000e+02  -3.8989738682576700e+01
   5.0800000000000000e+02  -3.9918129307190803e+01
   5.0900000000000000e+02  -4.0224524391818001e+01
   5.1000000000000000e+02  -4.0202195234616603e+01
   5.1100000000000000e+02  -4.0411460659302101e+01
   5.1200000000000000e+02  -4.0646310211806302e+01
   5.1300000000000000e+02  -4.1479555286096002e+01
   5.1400000000000000e+02  -4.1801619989310602e+01
   5.1500000000000000e+02  -4.1995456566300298e+01
   5.1600000000000000e+02  -4.2251183483680300e+01
   5.1700000000000000e+02  -4.2662251393780103e+01
   5.1800000000000000e+02  -4.2863869633337401e+01
   5.1900000000000000e+02  -4.3505531818247199e+01
   5.2000000000000000e+02  -4.3995074352300499e+01
   5.2100000000000000e+02  -4.4676298061341797e+01
   5.2200000000000000e+02  -4.4864199441219696e+01
   5.2300000000000000e+02  -4.5456861853414999e+01
   5.2400000000000000e+02  -4.6124644976049403e+01
   5.2500000000000000e+02  -4.6755459899693200e+01
   5.2600000000000000e+02  -4.7407367352991201e+01
   5.2700000000000000e+02  -4.7530146645577098e+01
   5.2800000000000000e+02  -4.7971281761431698e+01
   5.2900000000000000e+02  -4.8179799515287499e+01
   5.3000000000000000e+02  -4.9007965308095102e+01
   5.3100000000000000e+02  -4.9633114914669100e+01
   5.3200000000000000e+02  -5.0113162600889801e+01
   5.3300000000000000e+02  -5.0574751413555603e+01
   5.3400000000000000e+02  -5.1227568488843900e+01
   5.3500000000000000e+02  -5.1485060406384100e+01
   5.3600000000000000e+02  -5.1848039181871897e+01
   5.3700000000000000e+02  -5.2041284273948897e+01
   5.3800000000000000e+02  -5.2188180392634600e+01
   5.3900000000000000e+02  -5.2433740663732003e+01
   5.4000000000000000e+02  -5.2603917501136003e+01
   5.4100000000000000e+02  -5.3027166515555798e+01
   5.4200000000000000e+02  -5.3430709797266502e+01
   5.4300000000000000e+02  -5.3905482959738002e+01
   5.4400000000000000e+02  -5.4900995173098899e+01
   5.4500000000000000e+02  -5.5513207653240002e+01
   5.4600000000000000e+02  -5.5874361948110703e+01
   5.4700000000000000e+02  -5.6060788608433000e+01
   5.4800000000000000e+02  -5.7046953508431798e+01
   5.4900000000000000e+02  -5.6897816055015497e+01
   5.5000000000000000e+02  -5.6979911834953398e+01
   5.5100000000000000e+02  -5.7330108353376701e+01
   5.5200000000000000e+02  -5.7471549800364301e+01
   5.5300000000000000e+02  -5.7550046473999402e+01
   5.5400000000000000e+02  -5.8010645426954000e+01
   5.5500000000000000e+02  -5.8301478773883801e+01
   5.5600000000000000e+02  -5.8522098509046302e+01
   5.5700000000000000e+02  -5.8749770942889100e+01
   5.5800000000000000e+02  -5.8925494681470802e+01
   5.5900000000000000e+02  -5.9602367181871699e+01
   5.6000000000000000e+02  -5.9767133577748702e+01
   5.6100000000000000e+02  -5.9664373830492899e+01
   5.6200000000000000e+02  -5.9794160632043301e+01
   5.6300000000000000e+02  -6.0109448110660999e+01
   5.6400000000000000e+02  -6.0446687975042600e+01
   5.6500000000000000e+02  -6.0765066631689997e+01
   5.6600000000000000e+02  -6.1172344294457197e+01
   5.6700000000000000e+02  -6.1323989901742799e+01
   5.6800000000000000e+02  -6.2090931388864703e+01
   5.6900000000000000e+02  -6.2250002683037202e+01
   5.7000000000000000e+02  -6.2513544785196800e+01
   5.7100000000000000e+02  -6.3175406122788502e+01
   5.7200000000000000e+02  -6.3747498728871903e+01
   5.7300000000000000e+02  -6.3710746176977203e+01
   5.7400000000000000e+02  -6.3666336149919097e+01
   5.7500000000000000e+02  -6.4181355534235493e+01
   5.7600000000000000e+02  -6.4316261056394495e+01
   5.7700000000000000e+02  -6.4791305754006203e+01
   5.7800000000000000e+02  -6.5101006337143104e+01
   5.7900000000000000e+02  -6.6123932860111296e+01
   5.8000000000000000e+02  -6.7036889355332903e+01
   5.8100000000000000e+02  -6.7507790975052799e+01
   5.8200000000000000e+02  -6.8418280792594700e+01
   5.8300000000000000e+02  -6.8712215233596993e+01
   5.8400000000000000e+02  -6.7993921997220596e+01
   5.8500000000000000e+02  -6.8121095571341201e+01
   5.8600000000000000e+02  -6.8491618574057696e+01
   5.8700000000000000e+02  -6.8934092546708897e+01
   5.8800000000000000e+02  -6.9008864074497595e+01
   5.8900000000000000e+02  -6.9543322882621396e+01
   5.9000000000000000e+02  -6.9690913841028703e+01
   5.9100000000000000e+02  -7.0050399795602402e+01
   5.9200000000000000e+02  -7.0145495806469100e+01
   5.9300000000000000e+02  -7.0773224354626706e+01
   5.9400000000000000e+02  -7.0775901100584605e+01
   5.9500000000000000e+02  -7.0909301685229195e+01
   5.9600000000000000e+02  -7.0176780247090903e+01
   5.9700000000000000e+02  -7.1090349092249397e+01
   5.9800000000000000e+02  -7.1314686356197200e+01
   5.9900000000000000e+02  -7.1446215586266803e+01
   6.0000000000000000e+02  -7.1353306234950693e+01
   6.0100000000000000e+02  -7.1132186158312393e+01
   6.0200000000000000e+02  -7.1256128300109694e+01
   6.0300000000000000e+02  -7.1421815434459504e+01
   6.0400000000000000e+02  -7.1413248256359907e+01
   6.0500000000000000e+02  -7.1823303679232893e+01
   6.0600000000000000e+02  -7.2663069351939001e+01
   6.0700000000000000e+02  -7.2729133108149696e+01
   6.0800000000000000e+02  -7.2902471054234198e+01
   6.0900000000000000e+02  -7.2967115489038306e+01
   6.1000000000000000e+02  -7.3163090153844607e+01
   6.1100000000000000e+02  -7.3813095796417997e+01
   6.1200000000000000e+02  -7.3664400596729607e+01
   6.1300000000000000e+02  -7.3575950301925701e+01
   6.1400000000000000e+02  -7.3809571710207706e+01
   6.1500000000000000e+02  -7.3562361118612500e+01
   6.1600000000000000e+02  -7.3642064438108704e+01
   6.1700000000000000e+02  -7.3927021175757304e+01
   6.1800000000000000e+02  -7.4533367934127895e+01
   6.1900000000000000e+02  -7.4758620866427407e+01
   6.2000000000000000e+02  -7.4579826467323798e+01
   6.2100000000000000e+02  -7.4806461191182706e+01
   6.2200000000000000e+02  -7.5262990999090306e+01
   6.2300000000000000e+02  -7.5827449300921501e+01
   6.2400000000000000e+02  -7.5528353332687601e+01
   6.2500000000000000e+02  -7.5289937722388004e+01
   6.2600000000000000e+02  -7.5555573025351705e+01
   6.2700000000000000e+02  -7.5854518298825298e+01
   6.2800000000000000e+02  -7.5815302179568306e+01
   6.2900000000000000e+02  -7.5756135998209203e+01
   6.3000000000000000e+02  -7.5457291486879399e+01
   6.3100000000000000e+02  -7.5220144662243797e+01
   6.3200000000000000e+02  -7.5671913148008898e+01
   6.3300000000000000e+02  -7.5952026832566105e+01
   6.3400000000000000e+02  -7.5616003551290007e+01
   6.3500000000000000e+02  -7.5634007877304697e+01
   6.3600000000000000e+02  -7.5562273088304707e+01
   6.3700000000000000e+02  -7.5829945703095007e+01
   6.3800000000000000e+02  -7.5407820931330505e+01
   6.3900000000000000e+02  -7.5232693234624094e+01
   6.4000000000000000e+02  -7.5175293422654704e+01
   6.4100000000000000e+02  -7.5482494574995997e+01
   6.4200000000000000e+02  -7.5916274643581502e+01
   6.4300000000000000e+02  -7.5936581426751303e+01
   6.4400000000000000e+02  -7.5916513429736796e+01
   6.4500000000000000e+02  -7.6246017084261098e+01
   6.4600000000000000e+02  -7.6182876420395203e+01
   6.4700000000000000e+02  -7.6537066052985793e+01
   6.4800000000000000e+02  -7.6568322870892700e+01
   6.4900000000000000e+02  -7.6551143627131097e+01
   6.5000000000000000e+02  -7.6460088752855000e+01
   6.5100000000000000e+02  -7.6953171045839596e+01
   6.5200000000000000e+02  -7.6981237255468599e+01
   6.5300000000000000e+02  -7.7196068183598001e+01
   6.5400000000000000e+02  -7.7034529034014298e+01
   6.5500000000000000e+02  -7.7052123444626105e+01
   6.5600000000000000e+02  -7.7087749572382705e+01
   6.5700000000000000e+02  -7.6848716606553893e+01
   6.5800000000000000e+02  -7.6643932765163399e+01
   6.5900000000000000e+02  -7.7019541672377599e+01
   6.6000000000000000e+02  -7.7176147761739699e+01
   6.6100000000000000e+02  -7.6897251364829302e+01
   6.6200000000000000e+02  -7.6408106632684195e+01
   6.6300000000000000e+02  -7.6289685280574503e+01
   6.6400000000000000e+02  -7.6475034662341102e+01
   6.6500000000000000e+02  -7.6432138806087096e+01
   6.6600000000000000e+02  -7.6064187287489105e+01
   6.6700000000000000e+02  -7.5909546857051893e+01
   6.6800000000000000e+02  -7.5777037241776199e+01
   6.6900000000000000e+02  -7.6040182778837902e+01
   6.7000000000000000e+02  -7.6132739445116599e+01
   6.7100000000000000e+02  -7.6266019884576394e+01
   6.7200000000000000e+02  -7.6094414997706807e+01
   6.7300000000000000e+02  -7.6077731617983900e+01
   6.7400000000000000e+02  -7.5967859657304501e+01
   6.7500000000000000e+02  -7.5825758113892505e+01
   6.7600000000000000e+02  -7.5950429736075193e+01
   6.7700000000000000e+02  -7.6334412749209207e+01
   6.7800000000000000e+02  -7.6589426901398895e+01
   6.7900000000000000e+02  -7.6640844838643105e+01
   6.8000000000000000e+02  -7.6361197233907802e+01
   6.8100000000000000e+02  -7.6387388033644200e+01
   6.8200000000000000e+02  -7.6131406304178398e+01
   6.8300000000000000e+02  -7.6408195669553294e+01
   6.8400000000000000e+02  -7.6624991389578199e+01
   6.8500000000000000e+02  -7.6068589083290206e+01
   6.8600000000000000e+02  -7.6258718391425106e+01
   6.8700000000000000e+02  -7.6396595527432595e+01
   6.8800000000000000e+02  -7.6362720861828706e+01
   6.8900000000000000e+02  -7.6411755670992207e+01
   6.9000000000000000e+02  -7.6219438987698595e+01
   6.9100000000000000e+02  -7.6145393606129502e+01
   6.9200000000000000e+02  -7.6633782376609801e+01
   6.9300000000000000e+02  -7.6925889744134196e+01
   6.9400000000000000e+02  -7.6718785038547196e+01
   6.9500000000000000e+02  -7.6093389970176602e+01
   6.9600000000000000e+02  -7.6033860442008205e+01
   6.9700000000000000e+02  -7.6350764441252593e+01
   6.9800000000000000e+02  -7.5904861776394398e+01
   6.9900000000000000e+02  -7.5551843642031997e+01
   7.0000000000000000e+02  -7.5341594954511905e+01
   7.0100000000000000e+02  -7.5925985285804899e+01
   7.0200000000000000e+02  -7.5839079503082800e+01
   7.0300000000000000e+02  -7.6012648236611099e+01
   7.0400000000000000e+02  -7.6359275204159701e+01
   7.0500000000000000e+02  -7.6205801593774098e+01
   7.0600000000000000e+02  -7.6647894804988098e+01
   7.0700000000000000e+02  -7.6223294376023205e+01
   7.0800000000000000e+02  -7.6047650547742606e+01
   7.0900000000000000e+02  -7.6798984209837499e+01
   7.1000000000000000e+02  -7.6562624324817307e+01
   7.1100000000000000e+02  -7.6934763816965898e+01
   7.1200000000000000e+02  -7.7409485150465002e+01
   7.1300000000000000e+02  -7.7077685890590601e+01
   7.1400000000000000e+02  -7.7218475352957299e+01
   7.1500000000000000e+02  -7.7353818276456707e+01
   7.1600000000000000e+02  -7.7559723361742599e+01
   7.1700000000000000e+02  -7.7916121312480300e+01
   7.1800000000000000e+02  -7.7682603332509402e+01
   7.1900000000000000e+02  -7.7706479121720207e+01
   7.2000000000000000e+02  -7.7088363717201801e+01
   7.2100000000000000e+02  -7.6881655128272499e+01
   7.2200000000000000e+02  -7.6222727921382500e+01
   7.2300000000000000e+02  -7.5984372633145298e+01
   7.2400000000000000e+02  -7.6183372855569402e+01
   7.2500000000000000e+02  -7.6437334674946896e+01
   7.2600000000000000e+02  -7.6546929851582405e+01
   7.2700000000000000e+02  -7.6132894470177007e+01
   7.2800000000000000e+02  -7.5795394365718593e+01
   7.2900000000000000e+02  -7.5454975411510304e+01
   7.3000000000000000e+02  -7.5272380069610605e+01
   7.3100000000000000e+02  -7.5204222257519902e+01
   7.3200000000000000e+02  -7.5143858972434501e+01
   7.3300000000000000e+02  -7.4923468781847205e+01
   7.3400000000000000e+02  -7.5107285133718094e+01
   7.3500000000000000e+02  -7.4638111118615797e+01
   7.3600000000000000e+02  -7.4500040502045593e+01
   7.3700000000000000e+02  -7.3919122733085501e+01
   7.3800000000000000e+02  -7.4012444924823200e+01
   7.3900000000000000e+02  -7.3983473706495502e+01
   7.4000000000000000e+02  -7.4018888020408298e+01
   7.4100000000000000e+02  -7.3812448629415996e+01
   7.4200000000000000e+02  -7.3910580373414803e+01
   7.4300000000000000e+02  -7.4020362978978795e+01
   7.4400000000000000e+02  -7.3864823130477404e+01
   7.4500000000000000e+02  -7.4491669809964705e+01
   7.4600000000000000e+02  -7.4538511085813198e+01
   7.4700000000000000e+02  -7.4796995798003806e+01
   7.4800000000000000e+02  -7.5012934284010498e+01
   7.4900000000000000e+02  -7.5045986407630096e+01
   7.5000000000000000e+02  -7.5244432518236707e+01
   7.5100000000000000e+02  -7.4994848584299504e+01
   7.5200000000000000e+02  -7.5133907437764194e+01
   7.5300000000000000e+02  -7.5295726709017103e+01
   7.5400000000000000e+02  -7.6018957027722706e+01
   7.5500000000000000e+02  -7.6587332009597702e+01
   7.5600000000000000e+02  -7.6789218154265498e+01
   7.5700000000000000e+02  -7.6882477122687305e+01
   7.5800000000000000e+02  -7.7216351990300097e+01
   7.5900000000000000e+02  -7.7382760003344501e+01
   7.6000000000000000e+02  -7.7290484489141605e+01
   7.6100000000000000e+02  -7.7303324208500200e+01
   7.6200000000000000e+02  -7.7011144551468405e+01
   7.6300000000000000e+02  -7.7315278029318904e+01
   7.6400000000000000e+02  -7.6984987637027999e+01
   7.6500000000000000e+02  -7.7182832825244404e+01
   7.6600000000000000e+02  -7.7060335122104703e+01
   7.6700000000000000e+02  -7.6812258566728900e+01
   7.6800000000000000e+02  -7.6878026539708898e+01
   7.6900000000000000e+02  -7.6671201368208003e+01
   7.7000000000000000e+02  -7.6721536252080696e+01
   7.7100000000000000e+02  -7.6389404472184097e+01
   7.7200000000000000e+02  -7.5985175734166603e+01
   7.7300000000000000e+02  -7.5931544397125705e+01
   7.7400000000000000e+02  -7.5804761383362106e+01
   7.7500000000000000e+02  -7.5576039566726905e+01
   7.7600000000000000e+02  -7.5429863708225298e+01
   7.7700000000000000e+02  -7.5835961870002393e+01
   7.7800000000000000e+02  -7.5484480404968906e+01
   7.7900000000000000e+02  -7.5029844521788903e+01
   7.8000000000000000e+02  -7.4541858181151497e+01
   7.8100000000000000e+02  -7.4644155656790403e+01
   7.8200000000000000e+02  -7.4337366461586598e+01
   7.8300000000000000e+02  -7.4023152165805797e+01
   7.8400000000000000e+02  -7.4079424639665007e+01
   7.8500000000000000e+02  -7.3899748145675304e+01
   7.8600000000000000e+02  -7.4208208989962600e+01
   7.8700000000000000e+02  -7.4890992710832094e+01
   7.8800000000000000e+02  -7.5233330222722600e+01
   7.8900000000000000e+02  -7.5373111202808502e+01
   7.9000000000000000e+02  -7.5722052828893894e+01
   7.9100000000000000e+02  -7.5478313405745098e+01
   7.9200000000000000e+02  -7.5847495483723307e+01
   7.9300000000000000e+02  -7.6086137718742094e+01
   7.9400000000000000e+02  -7.6446176183093897e+01
   7.9500000000000000e+02  -7.6477543499705007e+01
   7.9600000000000000e+02  -7.6211452288660297e+01
   7.9700000000000000e+02  -7.6491324682332404e+01
   7.9800000000000000e+02  -7.5945418941253607e+01
   7.9900000000000000e+02  -7.5881491699878595e+01
   8.0000000000000000e+02  -7.6440536157815998e+01
   8.0100000000000000e+02  -7.6460367268906097e+01
   8.0200000000000000e+02  -7.6237668951949900e+01
   8.0300000000000000e+02  -7.6945518080136395e+01
   8.0400000000000000e+02  -7.6803918226967895e+01
   8.0500000000000000e+02  -7.5958441084897004e+01
   8.0600000000000000e+02  -7.6272913079170394e+01
   8.0700000000000000e+02  -7.5968592000592494e+01
   8.0800000000000000e+02  -7.5640132435857197e+01
   8.0900000000000000e+02  -7.6073817867131595e+01
   8.1000000000000000e+02  -7.6293468158781593e+01
   8.1100000000000000e+02  -7.6629036075463802e+01
   8.1200000000000000e+02  -7.6695136934446495e+01
   8.1300000000000000e+02  -7.6190863964422803e+01
   8.1400000000000000e+02  -7.6495703553992001e+01
   8.1500000000000000e+02  -7.6536679545685502e+01
   8.1600000000000000e+02  -7.6674193806597302e+01
   8.1700000000000000e+02  -7.6838280808307204e+01
   8.1800000000000000e+02  -7.6712027375740206e+01
   8.1900000000000000e+02  -7.6131115862506604e+01
   8.2000000000000000e+02  -7.6000111842490497e+01
   8.2100000000000000e+02  -7.5663233751053696e+01
   8.2200000000000000e+02  -7.5409885610696605e+01
   8.2300000000000000e+02  -7.5573274602207505e+01
   8.2400000000000000e+02  -7.5357102323371294e+01
   8.2500000000000000e+02  -7.5536974611196896e+01
   8.2600000000000000e+02  -7.5295821668076400e+01
   8.2700000000000000e+02  -7.5217919247583296e+01
   8.2800000000000000e+02  -7.5012581863697903e+01
   8.2900000000000000e+02  -7.5019959539176696e+01
   8.3000000000000000e+02  -7.5124308959469005e+01
   8.3100000000000000e+02  -7.5097644186689905e+01
   8.3200000000000000e+02  -7.5329316950877200e+01
   8.3300000000000000e+02  -7.5643402113053597e+01
   8.3400000000000000e+02  -7.5519074166518905e+01
   8.3500000000000000e+02  -7.5544955156161194e+01
   8.3600000000000000e+02  -7.5215096567286807e+01
   8.3700000000000000e+02  -7.4863240727043205e+01
   8.3800000000000000e+02  -7.5053196886230893e+01
   8.3900000000000000e+02  -7.4772183109099601e+01
   8.4000000000000000e+02  -7.4821638038873601e+01
   8.4100000000000000e+02  -7.4653595877985495e+01
   8.4200000000000000e+02  -7.4871126757385397e+01
   8.4300000000000000e+02  -7.5234722231538996e+01
   8.4400000000000000e+02  -7.5427767797831606e+01
   8.4500000000000000e+02  -7.6023407702635296e+01
   8.4600000000000000e+02  -7.5818627548521206e+01
   8.4700000000000000e+02  -7.6733271126149702e+01
   8.4800000000000000e+02  -7.6235067947962705e+01
   8.4900000000000000e+02  -7.6028031931246602e+01
   8.5000000000000000e+02  -7.5565761428552804e+01
   8.5100000000000000e+02  -7.5151482925610793e+01
   8.5200000000000000e+02  -7.5426245145744602e+01
   8.5300000000000000e+02  -7.5596215169606197e+01
   8.5400000000000000e+02  -7.5380028956626106e+01
   8.5500000000000000e+02  -7.5385929298389797e+01
   8.5600000000000000e+02  -7.5562148733203699e+01
   8.5700000000000000e+02  -7.5047975084586994e+01
   8.5800000000000000e+02  -7.5400132345328103e+01
   8.5900000000000000e+02  -7.5232832211861293e+01
   8.6000000000000000e+02  -7.5576506839456300e+01
   8.6100000000000000e+02  -7.4619460320202805e+01
   8.6200000000000000e+02  -7.4534448477677998e+01
   8.6300000000000000e+02  -7.4771744935812393e+01
   8.6400000000000000e+02  -7.5006663202880006e+01
   8.6500000000000000e+02  -7.5222971786372000e+01
   8.6600000000000000e+02  -7.5015852550350203e+01
   8.6700000000000000e+02  -7.5431626487664900e+01
   8.6800000000000000e+02  -7.5428769257700907e+01
   8.6900000000000000e+02  -7.5933607804640104e+01
   8.7000000000000000e+02  -7.5373383318988900e+01
   8.7100000000000000e+02  -7.5399124643359102e+01
   8.7200000000000000e+02  -7.5431385256753700e+01
   8.7300000000000000e+02  -7.5790847183685798e+01
   8.7400000000000000e+02  -7.5538060648311799e+01
   8.7500000000000000e+02  -7.5787230666820605e+01
   8.7600000000000000e+02  -7.5350616245416504e+01
   8.7700000000000000e+02  -7.4988440112988698e+01
   8.7800000000000000e+02  -7.4576467365347000e+01
   8.7900000000000000e+02  -7.4210611744823794e+01
   8.8000000000000000e+02  -7.4166329515812706e+01
   8.8100000000000000e+02  -7.4738378946762197e+01
   8.8200000000000000e+02  -7.4661137075144097e+01
   8.8300000000000000e+02  -7.4627418082901897e+01
   8.8400000000000000e+02  -7.4821809231247101e+01
   8.8500000000000000e+02  -7.4830416585180799e+01
   8.8600000000000000e+02  -7.4721709368674198e+01
   8.8700000000000000e+02  -7.4609856834597906e+01
   8.8800000000000000e+02  -7.4990204947879604e+01
   8.8900000000000000e+02  -7.4823566169399498e+01
   8.9000000000000000e+02  -7.4415447629232304e+01
   8.9100000000000000e+02  -7.4908491460121596e+01
   8.9200000000000000e+02  -7.4966674841982595e+01
   8.9300000000000000e+02  -7.4780035835762504e+01
   8.9400000000000000e+02  -7.4645646001527297e+01
   8.9500000000000000e+02  -7.4365245409903906e+01
   8.9600000000000000e+02  -7.4178512591022795e+01
   8.9700000000000000e+02  -7.3899103492908907e+01
   8.9800000000000000e+02  -7.4356577589049195e+01
   8.9900000000000000e+02  -7.4205128361034099e+01
   9.0000000000000000e+02  -7.3908649996433994e+01
   9.0100000000000000e+02  -7.3997676188365901e+01
   9.0200000000000000e+02  -7.3561259778894794e+01
   9.0300000000000000e+02  -7.3750394879705297e+01
   9.0400000000000000e+02  -7.3448826962581293e+01
   9.0500000000000000e+02  -7.3540813397622898e+01
   9.0600000000000000e+02  -7.3510836169236399e+01
   9.0700000000000000e+02  -7.3534857927089902e+01
   9.0800000000000000e+02  -7.3292683730654403e+01
   9.0900000000000000e+02  -7.3176808434382906e+01
   9.1000000000000000e+02  -7.3158110910313894e+01
   9.1100000000000000e+02  -7.2855866282402900e+01
   9.1200000000000000e+02  -7.2418602404600406e+01
   9.1300000000000000e+02  -7.2364563678369095e+01
   9.1400000000000000e+02  -7.2451792513601205e+01
   9.1500000000000000e+02  -7.2346877361979494e+01
   9.1600000000000000e+02  -7.2088947202090594e+01
   9.1700000000000000e+02  -7.2137818545211800e+01
   9.1800000000000000e+02  -7.2197114352742403e+01
   9.1900000000000000e+02  -7.1989948002159096e+01
   9.2000000000000000e+02  -7.1884357435498998e+01
   9.2100000000000000e+02  -7.1654803943449593e+01
   9.2200000000000000e+02  -7.1021783923177694e+01
   9.2300000000000000e+02  -7.0546045132736396e+01
   9.2400000000000000e+02  -7.0426632470038598e+01
   9.2500000000000000e+02  -7.0352205502868003e+01
   9.2600000000000000e+02  -7.0543445680786206e+01
   9.2700000000000000e+02  -7.0855905711892703e+01
   9.2800000000000000e+02  -7.0980876305140896e+01
   9.2900000000000000e+02  -7.1013278913280402e+01
   9.3000000000000000e+02  -7.1477979997641597e+01
   9.3100000000000000e+02  -7.1492893081867606e+01
   9.3200000000000000e+02  -7.1394540549911795e+01
   9.3300000000000000e+02  -7.1560269055036599e+01
   9.3400000000000000e+02  -7.1596636442031297e+01
   9.3500000000000000e+02  -7.1533871813296898e+01
   9.3600000000000000e+02  -7.1873649477068597e+01
   9.3700000000000000e+02  -7.2248735577517195e+01
   9.3800000000000000e+02  -7.2199817911121698e+01
   9.3900000000000000e+02  -7.2144828412375304e+01
   9.4000000000000000e+02  -7.2017717852096297e+01
   9.4100000000000000e+02  -7.1698395933886999e+01
   9.4200000000000000e+02  -7.1314932295628495e+01
   9.4300000000000000e+02  -7.1334931231819297e+01
   9.4400000000000000e+02  -7.2163671666181401e+01
   9.4500000000000000e+02  -7.1803342885199598e+01
   9.4600000000000000e+02  -7.1338438774407507e+01
   9.4700000000000000e+02  -7.1397893053940606e+01
   9.4800000000000000e+02  -7.0933544653748299e+01
   9.4900000000000000e+02  -7.0782812084867601e+01
   9.5000000000000000e+02  -7.1037570186726299e+01
   9.5100000000000000e+02  -7.0940167403118295e+01
   9.5200000000000000e+02  -7.0757169134444297e+01
   9.5300000000000000e+02  -7.0678297058714705e+01
   9.5400000000000000e+02  -7.1180776968614495e+01
   9.5500000000000000e+02  -7.1644870990819200e+01
   9.5600000000000000e+02  -7.1531849720650598e+01
   9.5700000000000000e+02  -7.0819343367542700e+01
   9.5800000000000000e+02  -7.0720434140378202e+01
   9.5900000000000000e+02  -7.0363195233267604e+01
   9.6000000000000000e+02  -7.0752353586940401e+01
   9.6100000000000000e+02  -7.0798266342976703e+01
   9.6200000000000000e+02  -7.0602728684418906e+01
   9.6300000000000000e+02  -7.0622371087272100e+01
   9.6400000000000000e+02  -7.0147014826799307e+01
   9.6500000000000000e+02  -7.0783689133905398e+01
   9.6600000000000000e+02  -7.0604679461145693e+01
   9.6700000000000000e+02  -7.0418545875889905e+01
   9.6800000000000000e+02  -7.0556403289144697e+01
   9.6900000000000000e+02  -7.0826539231541801e+01
   9.7000000000000000e+02  -7.0398548935664294e+01
   9.7100000000000000e+02  -7.0745347243979694e+01
   9.7200000000000000e+02  -7.0917014546104795e+01
   9.7300000000000000e+02  -7.0816391166979500e+01
   9.7400000000000000e+02  -7.0737897310384000e+01
   9.7500000000000000e+02  -7.0669560029406796e+01
   9.7600000000000000e+02  -7.0737191704934702e+01
   9.7700000000000000e+02  -7.0433675061474403e+01
   9.7800000000000000e+02  -7.0272103868424793e+01
   9.7900000000000000e+02  -7.0078907140636105e+01
   9.8000000000000000e+02  -7.0511164683457693e+01
   9.8100000000000000e+02  -7.1164968873758298e+01
   9.8200000000000000e+02  -7.1458326730431807e+01
   9.8300000000000000e+02  -7.1504319559579798e+01
   9.8400000000000000e+02  -7.1887122272779195e+01
   9.8500000000000000e+02  -7.2420813372287697e+01
   9.8600000000000000e+02  -7.2141342977798004e+01
   9.8700000000000000e+02  -7.2291244251318403e+01
   9.8800000000000000e+02  -7.2474457298418002e+01
   9.8900000000000000e+02  -7.2206325734472102e+01
   9.9000000000000000e+02  -7.2819539422663695e+01
   9.9100000000000000e+02  -7.2732600357565403e+01
   9.9200000000000000e+02  -7.3050489629298994e+01
   9.9300000000000000e+02  -7.2654502967447200e+01
   9.9400000000000000e+02  -7.2647421308176405e+01
   9.9500000000000000e+02  -7.2355522010506604e+01
   9.9600000000000000e+02  -7.2166227855729204e+01
   9.9700000000000000e+02  -7.2196387408085400e+01
   9.9800000000000000e+02  -7.2048995026086303e+01
