  -1.0000000000000000e+02  -7.3226298365536195e+01
  -9.9000000000000000e+01  -7.3050501556403205e+01
  -9.8000000000000000e+01  -7.3250183057576095e+01
  -9.7000000000000000e+01  -7.3153022607222894e+01
  -9.6000000000000000e+01  -7.2720087736541302e+01
  -9.5000000000000000e+01  -7.2457571818787898e+01
  -9.4000000000000000e+01  -7.2502643640498107e+01
  -9.3000000000000000e+01  -7.2078832849948796e+01
  -9.2000000000000000e+01  -7.2280902650835202e+01
  -9.1000000000000000e+01  -7.2658531160899898e+01
  -9.0000000000000000e+01  -7.2604740625041202e+01
  -8.9000000000000000e+01  -7.2454320782715101e+01
  -8.8000000000000000e+01  -7.1860575027531993e+01
  -8.7000000000000000e+01  -7.1572567920964104e+01
  -8.6000000000000000e+01  -7.1491698050869601e+01
  -8.5000000000000000e+01  -7.1003482204815001e+01
  -8.4000000000000000e+01  -7.1332164829050299e+01
  -8.3000000000000000e+01  -7.1632035541777000e+01
  -8.2000000000000000e+01  -7.1688182362452494e+01
  -8.1000000000000000e+01  -7.1365012188218600e+01
  -8.0000000000000000e+01  -7.1385608019307398e+01
  -7.9000000000000000e+01  -7.1643846546955501e+01
  -7.8000000000000000e+01  -7.1417990320846499e+01
  -7.7000000000000000e+01  -7.1287095585989107e+01
  -7.6000000000000000e+01  -7.1584166989965695e+01
  -7.5000000000000000e+01  -7.1807866118910496e+01
  -7.4000000000000000e+01  -7.1832212614307906e+01
  -7.3000000000000000e+01  -7.2116125367386005e+01
  -7.2000000000000000e+01  -7.2233527410293206e+01
  -7.1000000000000000e+01  -7.2265709773744803e+01
  -7.0000000000000000e+01  -7.2432577999250199e+01
  -6.9000000000000000e+01  -7.2070904209761807e+01
  -6.8000000000000000e+01  -7.1647380607347699e+01
  -6.7000000000000000e+01  -7.1625055447562303e+01
  -6.6000000000000000e+01  -7.0938276557910896e+01
  -6.5000000000000000e+01  -7.0992182555097600e+01
  -6.4000000000000000e+01  -7.1243428456138304e+01
  -6.3000000000000000e+01  -7.0985686725212204e+01
  -6.2000000000000000e+01  -7.1146433920077399e+01
  -6.1000000000000000e+01  -7.1121538898091202e+01
  -6.0000000000000000e+01  -7.1254020739331494e+01
  -5.9000000000000000e+01  -7.1039992515283103e+01
  -5.8000000000000000e+01  -7.0735722969038505e+01
  -5.7000000000000000e+01  -7.0915188685083606e+01
  -5.6000000000000000e+01  -7.0714023526232907e+01
  -5.5000000000000000e+01  -7.1102138675024904e+01
  -5.4000000000000000e+01  -7.0893204725161397e+01
  -5.3000000000000000e+01  -7.0789393728325805e+01
  -5.2000000000000000e+01  -7.1238373563680994e+01
  -5.1000000000000000e+01  -7.1331952693733697e+01
  -5.0000000000000000e+01  -7.1009264870113995e+01
  -4.9000000000000000e+01  -7.0620359983879396e+01
  -4.8000000000000000e+01  -7.0751131066529396e+01
  -4.7000000000000000e+01  -7.0256432773378094e+01
  -4.6000000000000000e+01  -6.9805393849902700e+01
  -4.5000000000000000e+01  -6.9824562171164402e+01
  -4.4000000000000000e+01  -6.9564268497407298e+01
  -4.3000000000000000e+01  -6.9639192456887301e+01
  -4.2000000000000000e+01  -6.9422963751355894e+01
  -4.1000000000000000e+01  -6.9747070597838203e+01
  -4.0000000000000000e+01  -6.9856134438518794e+01
  -3.9000000000000000e+01  -7.0021962612665504e+01
  -3.8000000000000000e+01  -7.0142476880928598e+01
  -3.7000000000000000e+01  -7.0004036855993206e+01
  -3.6000000000000000e+01  -6.9866036988533395e+01
  -3.5000000000000000e+01  -6.9959978503090596e+01
  -3.4000000000000000e+01  -6.9834770530912607e+01
  -3.3000000000000000e+01  -7.0761615807813499e+01
  -3.2000000000000000e+01  -7.0552500728288194e+01
  -3.1000000000000000e+01  -7.0855777716061596e+01
  -3.0000000000000000e+01  -7.1166708008695693e+01
  -2.9000000000000000e+01  -7.1058930017078794e+01
  -2.8000000000000000e+01  -7.0655926378469303e+01
  -2.7000000000000000e+01  -7.0303407721422502e+01
  -2.6000000000000000e+01  -7.0274897647900005e+01
  -2.5000000000000000e+01  -6.9936363013152302e+01
  -2.4000000000000000e+01  -6.9470707370946002e+01
  -2.3000000000000000e+01  -6.9290588557816406e+01
  -2.2000000000000000e+01  -6.8774311199841307e+01
  -2.1000000000000000e+01  -6.8323237704588195e+01
  -2.0000000000000000e+01  -6.8259360416879005e+01
  -1.9000000000000000e+01  -6.7880503911800005e+01
  -1.8000000000000000e+01  -6.7446984257708905e+01
  -1.7000000000000000e+01  -6.6998535080050701e+01
  -1.6000000000000000e+01  -6.6573729420612807e+01
  -1.5000000000000000e+01  -6.6468995753964904e+01
  -1.4000000000000000e+01  -6.5717119029547305e+01
  -1.3000000000000000e+01  -6.5259224273092400e+01
  -1.2000000000000000e+01  -6.4923726532212598e+01
  -1.1000000000000000e+01  -6.4391837788812197e+01
  -1.0000000000000000e+01  -6.4008330281229405e+01
  -9.0000000000000000e+00  -6.3665580404483897e+01
  -8.0000000000000000e+00  -6.2987466217441003e+01
  -7.0000000000000000e+00  -6.2498684973974598e+01
  -6.0000000000000000e+00  -6.0990121674963000e+01
  -5.0000000000000000e+00  -6.0168369645798400e+01
  -4.0000000000000000e+00  -5.8313873602305001e+01
  -3.0000000000000000e+00  -5.6111485788597200e+01
  -2.0000000000000000e+00  -5.0511407048159100e+01
  -1.0000000000000000e+00  -3.1167735588108901e+01
   0.0000000000000000e+00  -4.9535574678966503e+00
   1.0000000000000000e+00   1.0491249960949901e+01
   2.0000000000000000e+00   1.8896797585967800e+01
   3.0000000000000000e+00   2.3267200443373302e+01
   4.0000000000000000e+00   2.5688902400814499e+01
   5.0000000000000000e+00   2.6894292449021300e+01
   6.0000000000000000e+00   2.7277176352325601e+01
   7.0000000000000000e+00   2.7402079017660402e+01
   8.0000000000000000e+00   2.7844812042324701e+01
   9.0000000000000000e+00   2.8316239169405598e+01
   1.0000000000000000e+01   2.8490375874600300e+01
   1.1000000000000000e+01   2.8324858422984502e+01
   1.2000000000000000e+01   2.9023873689389600e+01
   1.3000000000000000e+01   2.9741700023198700e+01
   1.4000000000000000e+01   3.0184000118155399e+01
   1.5000000000000000e+01   3.0216339850599802e+01
   1.6000000000000000e+01   3.0481660502863701e+01
   1.7000000000000000e+01   3.0643616553397301e+01
   1.8000000000000000e+01   3.0641118786015600e+01
   1.9000000000000000e+01   3.0893055876782402e+01
   2.0000000000000000e+01   3.0841277855917401e+01
   2.1000000000000000e+01   3.0832823483761100e+01
   2.2000000000000000e+01   3.0886000235970201e+01
   2.3000000000000000e+01   3.0646867219288101e+01
   2.4000000000000000e+01   3.0975400349354199e+01
   2.5000000000000000e+01   3.0853400815682001e+01
   2.6000000000000000e+01   3.1170038090686599e+01
   2.7000000000000000e+01   3.1427633180906302e+01
   2.8000000000000000e+01   3.1477029365938701e+01
   2.9000000000000000e+01   3.1628496693020601e+01
   3.0000000000000000e+01   3.1748133947534100e+01
   3.1000000000000000e+01   3.2240688739386997e+01
   3.2000000000000000e+01   3.2363723862421800e+01
   3.3000000000000000e+01   3.2649691736120701e+01
   3.4000000000000000e+01   3.2638604120716202e+01
   3.5000000000000000e+01   3.2462041220042302e+01
   3.6000000000000000e+01   3.2311581935713001e+01
   3.7000000000000000e+01   3.2178263604706999e+01
   3.8000000000000000e+01   3.2023906974594702e+01
   3.9000000000000000e+01   3.2273371684836100e+01
   4.0000000000000000e+01   3.1867778097870101e+01
   4.1000000000000000e+01   3.1748615325626002e+01
   4.2000000000000000e+01   3.1556788559933100e+01
   4.3000000000000000e+01   3.1230594191396499e+01
   4.4000000000000000e+01   3.1054261575454799e+01
   4.5000000000000000e+01   3.1259383141437599e+01
   4.6000000000000000e+01   3.1346123386226399e+01
   4.7000000000000000e+01   3.1134234408487298e+01
   4.8000000000000000e+01   3.1367525009976799e+01
   4.9000000000000000e+01   3.1534270206980100e+01
   5.0000000000000000e+01   3.1760739121855099e+01
   5.1000000000000000e+01   3.1962695652893501e+01
   5.2000000000000000e+01   3.1948843595418399e+01
   5.3000000000000000e+01   3.1850062627501899e+01
   5.4000000000000000e+01   3.2094889126621503e+01
   5.5000000000000000e+01   3.2399290168017203e+01
   5.6000000000000000e+01   3.2328423591816801e+01
   5.7000000000000000e+01   3.2487996054326700e+01
   5.8000000000000000e+01   3.2883559096440102e+01
   5.9000000000000000e+01   3.2915388813738403e+01
   6.0000000000000000e+01   3.2989481961947298e+01
   6.1000000000000000e+01   3.2961098485942301e+01
   6.2000000000000000e+01   3.3335762207898298e+01
   6.3000000000000000e+01   3.4053718095051103e+01
   6.4000000000000000e+01   3.4312137451409399e+01
   6.5000000000000000e+01   3.4115702567429501e+01
   6.6000000000000000e+01   3.4301543498788497e+01
   6.7000000000000000e+01   3.3776942056064001e+01
   6.8000000000000000e+01   3.4378545758150899e+01
   6.9000000000000000e+01   3.4262285473403800e+01
   7.0000000000000000e+01   3.4175012479526004e+01
   7.1000000000000000e+01   3.4189730770156302e+01
   7.2000000000000000e+01   3.4570471391531399e+01
   7.3000000000000000e+01   3.5230926878178799e+01
   7.4000000000000000e+01   3.4765906531995100e+01
   7.5000000000000000e+01   3.4580476563544998e+01
   7.6000000000000000e+01   3.5021939344606601e+01
   7.7000000000000000e+01   3.4605622721171898e+01
   7.8000000000000000e+01   3.4114573771019302e+01
   7.9000000000000000e+01   3.4085438080553601e+01
   8.0000000000000000e+01   3.3888754397200501e+01
   8.1000000000000000e+01   3.3862497649190800e+01
   8.2000000000000000e+01   3.4062285565634902e+01
   8.3000000000000000e+01   3.4015978501675903e+01
   8.4000000000000000e+01   3.4238482042746803e+01
   8.5000000000000000e+01   3.4148449445282097e+01
   8.6000000000000000e+01   3.4402231554373998e+01
   8.7000000000000000e+01   3.4397181518364299e+01
   8.8000000000000000e+01   3.4341681709120998e+01
   8.9000000000000000e+01   3.4615645097116897e+01
   9.0000000000000000e+01   3.4721222885833399e+01
   9.1000000000000000e+01   3.4475056723396200e+01
   9.2000000000000000e+01   3.4702447725215002e+01
   9.3000000000000000e+01   3.5280929543723900e+01
   9.4000000000000000e+01   3.5752290223023401e+01
   9.5000000000000000e+01   3.5617719770402999e+01
   9.6000000000000000e+01   3.6015290105490202e+01
   9.7000000000000000e+01   3.5914724934264598e+01
   9.8000000000000000e+01   3.5930295245712301e+01
   9.9000000000000000e+01   3.5430054241077301e+01
   1.0000000000000000e+02   3.6083333111389202e+01
   1.0100000000000000e+02   3.6111015870408600e+01
   1.0200000000000000e+02   3.6215520318779902e+01
   1.0300000000000000e+02   3.6726676692174500e+01
   1.0400000000000000e+02   3.6188428947239899e+01
   1.0500000000000000e+02   3.5905746751464100e+01
   1.0600000000000000e+02   3.6031049303522799e+01
   1.0700000000000000e+02   3.6118557034889399e+01
   1.0800000000000000e+02   3.5619775807545501e+01
   1.0900000000000000e+02   3.5991317955237498e+01
   1.1000000000000000e+02   3.6441968661318903e+01
   1.1100000000000000e+02   3.6790814410728998e+01
   1.1200000000000000e+02   3.7037252407362601e+01
   1.1300000000000000e+02   3.6583241674917701e+01
   1.1400000000000000e+02   3.6166937107204298e+01
   1.1500000000000000e+02   3.5939001820825403e+01
   1.1600000000000000e+02   3.5631366473843798e+01
   1.1700000000000000e+02   3.5292635641025200e+01
   1.1800000000000000e+02   3.5032166259079197e+01
   1.1900000000000000e+02   3.4965381701480602e+01
   1.2000000000000000e+02   3.4750730771513098e+01
   1.2100000000000000e+02   3.4753583315420101e+01
   1.2200000000000000e+02   3.5190581289801003e+01
   1.2300000000000000e+02   3.5352961151271003e+01
   1.2400000000000000e+02   3.5968137777530103e+01
   1.2500000000000000e+02   3.5608681867353802e+01
   1.2600000000000000e+02   3.5383634453587199e+01
   1.2700000000000000e+02   3.5380989555409300e+01
   1.2800000000000000e+02   3.5191886192824597e+01
   1.2900000000000000e+02   3.4889634466294702e+01
   1.3000000000000000e+02   3.4698970101473797e+01
   1.3100000000000000e+02   3.4555133992779901e+01
   1.3200000000000000e+02   3.4096341312969201e+01
   1.3300000000000000e+02   3.4695690838163500e+01
   1.3400000000000000e+02   3.4661814496060003e+01
   1.3500000000000000e+02   3.4352189393382197e+01
   1.3600000000000000e+02   3.4466793506995501e+01
   1.3700000000000000e+02   3.4631860955393002e+01
   1.3800000000000000e+02   3.4932757761722002e+01
   1.3900000000000000e+02   3.5328698858184900e+01
   1.4000000000000000e+02   3.5472067547367800e+01
   1.4100000000000000e+02   3.5569612339049897e+01
   1.4200000000000000e+02   3.5452586648900599e+01
   1.4300000000000000e+02   3.5514527097484503e+01
   1.4400000000000000e+02   3.5771114177061499e+01
   1.4500000000000000e+02   3.5934244139338098e+01
   1.4600000000000000e+02   3.5831470729134899e+01
   1.4700000000000000e+02   3.5027365656411497e+01
   1.4800000000000000e+02   3.4994613353659602e+01
   1.4900000000000000e+02   3.4784626096766097e+01
   1.5000000000000000e+02   3.4703606373865398e+01
   1.5100000000000000e+02   3.5091503040718401e+01
   1.5200000000000000e+02   3.5573379714192299e+01
   1.5300000000000000e+02   3.5706702909531799e+01
   1.5400000000000000e+02   3.5202209998853903e+01
   1.5500000000000000e+02   3.5053924771631102e+01
   1.5600000000000000e+02   3.5166126756239798e+01
   1.5700000000000000e+02   3.4707229998999601e+01
   1.5800000000000000e+02   3.4894624223416997e+01
   1.5900000000000000e+02   3.4875685674921002e+01
   1.6000000000000000e+02   3.4938163852901702e+01
   1.6100000000000000e+02   3.5213436534531603e+01
   1.6200000000000000e+02   3.5255658046493700e+01
   1.6300000000000000e+02   3.5406118846667397e+01
   1.6400000000000000e+02   3.5429492886175900e+01
   1.6500000000000000e+02   3.5305972304413203e+01
   1.6600000000000000e+02   3.5875444261062398e+01
   1.6700000000000000e+02   3.5503199389389898e+01
   1.6800000000000000e+02   3.5525893134340897e+01
   1.6900000000000000e+02   3.4980592776899599e+01
   1.7000000000000000e+02   3.5283227868739203e+01
   1.7100000000000000e+02   3.4630590617497802e+01
   1.7200000000000000e+02   3.5035273361436502e+01
   1.7300000000000000e+02   3.5053615141630601e+01
   1.7400000000000000e+02   3.5543243065231600e+01
   1.7500000000000000e+02   3.4952986895171499e+01
   1.7600000000000000e+02   3.4713573785705101e+01
   1.7700000000000000e+02   3.4375363067260501e+01
   1.7800000000000000e+02   3.3976960497864098e+01
   1.7900000000000000e+02   3.4013140829626302e+01
   1.8000000000000000e+02   3.3689274123212101e+01
   1.8100000000000000e+02   3.3203785327839597e+01
   1.8200000000000000e+02   3.3233192191747499e+01
   1.8300000000000000e+02   3.3655434754757501e+01
   1.8400000000000000e+02   3.3261792028271003e+01
   1.8500000000000000e+02   3.2567812734135501e+01
   1.8600000000000000e+02   3.2313458438537303e+01
   1.8700000000000000e+02   3.2390163408967098e+01
   1.8800000000000000e+02   3.2015733352967899e+01
   1.8900000000000000e+02   3.2117026830484200e+01
   1.9000000000000000e+02   3.1698934370291401e+01
   1.9100000000000000e+02   3.1867924472964798e+01
   1.9200000000000000e+02   3.1360203561721399e+01
   1.9300000000000000e+02   3.1221375969048601e+01
   1.9400000000000000e+02   3.1195413404690299e+01
   1.9500000000000000e+02   3.0769448695969501e+01
   1.9600000000000000e+02   3.0872032376780702e+01
   1.9700000000000000e+02   3.0779522046433101e+01
   1.9800000000000000e+02   3.0738631893023101e+01
   1.9900000000000000e+02   3.0441718023886501e+01
   2.0000000000000000e+02   3.0045476735505300e+01
   2.0100000000000000e+02   2.9686111718044501e+01
   2.0200000000000000e+02   2.9649636813963198e+01
   2.0300000000000000e+02   2.9240456643293001e+01
   2.0400000000000000e+02   2.9189985766823600e+01
   2.0500000000000000e+02   2.9143435554108699e+01
   2.0600000000000000e+02   2.9319400218521899e+01
   2.0700000000000000e+02   2.8880940700049500e+01
   2.0800000000000000e+02   2.8424491318854098e+01
   2.0900000000000000e+02   2.8202335613293201e+01
   2.1000000000000000e+02   2.8557757366491298e+01
   2.1100000000000000e+02   2.7969148984318299e+01
   2.1200000000000000e+02   2.7749646818196201e+01
   2.1300000000000000e+02   2.7617435138699999e+01
   2.1400000000000000e+02   2.7280165812104400e+01
   2.1500000000000000e+02   2.7415406466911101e+01
   2.1600000000000000e+02   2.7403421276121399e+01
   2.1700000000000000e+02   2.7777519942452400e+01
   2.1800000000000000e+02   2.7694075097076801e+01
   2.1900000000000000e+02   2.7515465056699099e+01
   2.2000000000000000e+02   2.7423735637849301e+01
   2.2100000000000000e+02   2.7452259268093002e+01
   2.2200000000000000e+02   2.7469636545757499e+01
   2.2300000000000000e+02   2.7307031402223298e+01
   2.2400000000000000e+02   2.6786430296704900e+01
   2.2500000000000000e+02   2.6781008810148201e+01
   2.2600000000000000e+02   2.6443599993109899e+01
   2.2700000000000000e+02   2.5955475115507301e+01
   2.2800000000000000e+02   2.5775897983150099e+01
   2.2900000000000000e+02   2.6095790409097400e+01
   2.3000000000000000e+02   2.5914561691659401e+01
   2.3100000000000000e+02   2.5722987269933100e+01
   2.3200000000000000e+02   2.5790133926089400e+01
   2.3300000000000000e+02   2.5583810339246799e+01
   2.3400000000000000e+02   2.5003265848809200e+01
   2.3500000000000000e+02   2.4861657238220200e+01
   2.3600000000000000e+02   2.4557740236548700e+01
   2.3700000000000000e+02   2.4332720049648501e+01
   2.3800000000000000e+02   2.4110721621298701e+01
   2.3900000000000000e+02   2.3993889252610799e+01
   2.4000000000000000e+02   2.4264741942116601e+01
   2.4100000000000000e+02   2.4271741475492799e+01
   2.4200000000000000e+02   2.4646576218027800e+01
   2.4300000000000000e+02   2.5292087476330298e+01
   2.4400000000000000e+02   2.4667010674152600e+01
   2.4500000000000000e+02   2.4893162707966500e+01
   2.4600000000000000e+02   2.4478458306931199e+01
   2.4700000000000000e+02   2.4814943838880399e+01
   2.4800000000000000e+02   2.4467374119230101e+01
   2.4900000000000000e+02   2.4543173939545500e+01
   2.5000000000000000e+02   2.4106722778377300e+01
   2.5100000000000000e+02   2.3677502744588001e+01
   2.5200000000000000e+02   2.3910834234791100e+01
   2.5300000000000000e+02   2.3906786957131299e+01
   2.5400000000000000e+02   2.3910062743286399e+01
   2.5500000000000000e+02   2.3571890182599901e+01
   2.5600000000000000e+02   2.3335353327337401e+01
   2.5700000000000000e+02   2.3108613062048398e+01
   2.5800000000000000e+02   2.3372300549404201e+01
   2.5900000000000000e+02   2.3190845835712299e+01
   2.6000000000000000e+02   2.2601065907617400e+01
   2.6100000000000000e+02   2.2571692735051801e+01
   2.6200000000000000e+02   2.2716425478116300e+01
   2.6300000000000000e+02   2.2097484445309998e+01
   2.6400000000000000e+02   2.2131107069066800e+01
   2.6500000000000000e+02   2.2617642333426200e+01
   2.6600000000000000e+02   2.2351309292474600e+01
   2.6700000000000000e+02   2.1833818987430501e+01
   2.6800000000000000e+02   2.1322561629163200e+01
   2.6900000000000000e+02   2.1268234718271000e+01
   2.7000000000000000e+02   2.0970579256067900e+01
   2.7100000000000000e+02   2.1079130050192699e+01
   2.7200000000000000e+02   2.1737373814907201e+01
   2.7300000000000000e+02   2.0956537139571498e+01
   2.7400000000000000e+02   2.0608273447872200e+01
   2.7500000000000000e+02   2.0236806221370401e+01
   2.7600000000000000e+02   2.0011995976079501e+01
   2.7700000000000000e+02   1.9667353235119400e+01
   2.7800000000000000e+02   1.9674032850926999e+01
   2.7900000000000000e+02   1.9510538527600399e+01
   2.8000000000000000e+02   1.9256796563916801e+01
   2.8100000000000000e+02   1.9581563655991399e+01
   2.8200000000000000e+02   1.9512068657064500e+01
   2.8300000000000000e+02   1.9713571690605200e+01
   2.8400000000000000e+02   1.9598199575329300e+01
   2.8500000000000000e+02   1.9615210007764599e+01
   2.8600000000000000e+02   1.9135112957452101e+01
   2.8700000000000000e+02   1.9183924840547299e+01
   2.8800000000000000e+02   1.9307837846860600e+01
   2.8900000000000000e+02   1.9059239423247298e+01
   2.9000000000000000e+02   1.9136906628384999e+01
   2.9100000000000000e+02   1.8641039978076400e+01
   2.9200000000000000e+02   1.8287700194322600e+01
   2.9300000000000000e+02   1.8190712569299901e+01
   2.9400000000000000e+02   1.8006088132533598e+01
   2.9500000000000000e+02   1.8116139014678701e+01
   2.9600000000000000e+02   1.7770046457746702e+01
   2.9700000000000000e+02   1.7376096301770900e+01
   2.9800000000000000e+02   1.7071791641834398e+01
   2.9900000000000000e+02   1.6474505669035800e+01
   3.0000000000000000e+02   1.6274918725857901e+01
   3.0100000000000000e+02   1.6038820115987999e+01
   3.0200000000000000e+02   1.6018449460153199e+01
   3.0300000000000000e+02   1.5631732891418601e+01
   3.0400000000000000e+02   1.4626637466138400e+01
   3.0500000000000000e+02   1.4744358893607300e+01
   3.0600000000000000e+02   1.4607469197232200e+01
   3.0700000000000000e+02   1.4516415427667800e+01
   3.0800000000000000e+02   1.3704525938102201e+01
   3.0900000000000000e+02   1.3304382271990500e+01
   3.1000000000000000e+02   1.3290480126711900e+01
   3.1100000000000000e+02   1.3429540043448601e+01
   3.1200000000000000e+02   1.3954543700808500e+01
   3.1300000000000000e+02   1.3269536549775101e+01
   3.1400000000000000e+02   1.3301864428752600e+01
   3.1500000000000000e+02   1.3127473988346200e+01
   3.1600000000000000e+02   1.3004136832291801e+01
   3.1700000000000000e+02   1.2687568782431599e+01
   3.1800000000000000e+02   1.2691291910863900e+01
   3.1900000000000000e+02   1.2111684544638400e+01
   3.2000000000000000e+02   1.2214876530160600e+01
   3.2100000000000000e+02   1.2000164752198801e+01
   3.2200000000000000e+02   1.1800421519164400e+01
   3.2300000000000000e+02   1.1414077055068500e+01
   3.2400000000000000e+02   1.1158455185435500e+01
   3.2500000000000000e+02   1.0960497924441301e+01
   3.2600000000000000e+02   1.0657676354024600e+01
   3.2700000000000000e+02   1.0611266063467800e+01
   3.2800000000000000e+02   1.0091193871458101e+01
   3.2900000000000000e+02   9.7898495533284304e+00
   3.3000000000000000e+02   9.7226193898305109e+00
   3.3100000000000000e+02   8.9100650406907391e+00
   3.3200000000000000e+02   8.7271022349028406e+00
   3.3300000000000000e+02   8.3384422612218394e+00
   3.3400000000000000e+02   7.9298128522205804e+00
   3.3500000000000000e+02   7.8811465643937497e+00
   3.3600000000000000e+02   7.9182328667375899e+00
   3.3700000000000000e+02   7.9586132367522699e+00
   3.3800000000000000e+02   7.3312506551944896e+00
   3.3900000000000000e+02   7.0190051228997596e+00
   3.4000000000000000e+02   6.8744507971749904e+00
   3.4100000000000000e+02   6.4613120390784200e+00
   3.4200000000000000e+02   6.1477354732533698e+00
   3.4300000000000000e+02   6.1099808941804303e+00
   3.4400000000000000e+02   6.3603716601973401e+00
   3.4500000000000000e+02   6.1303427968237996e+00
   3.4600000000000000e+02   5.5186688534329402e+00
   3.4700000000000000e+02   6.1309396828268099e+00
   3.4800000000000000e+02   5.9266128465785197e+00
   3.4900000000000000e+02   5.5125612318931001e+00
   3.5000000000000000e+02   5.1957642484744300e+00
   3.5100000000000000e+02   5.3430378548247104e+00
   3.5200000000000000e+02   4.7858540423909899e+00
   3.5300000000000000e+02   4.3955534922032298e+00
   3.5400000000000000e+02   3.8877511628795598e+00
   3.5500000000000000e+02   3.7032529128262501e+00
   3.5600000000000000e+02   3.5233910180256802e+00
   3.5700000000000000e+02   3.2262102051497701e+00
   3.5800000000000000e+02   3.2601130711892501e+00
   3.5900000000000000e+02   2.7418766445471201e+00
   3.6000000000000000e+02   2.5986753083807601e+00
   3.6100000000000000e+02   2.0215650254195698e+00
   3.6200000000000000e+02   1.6580831469635400e+00
   3.6300000000000000e+02   1.3465420985090299e+00
   3.6400000000000000e+02   1.1785639879164500e+00
   3.6500000000000000e+02   8.8096334416907696e-01
   3.6600000000000000e+02   5.6431206380982502e-01
   3.6700000000000000e+02   8.2808977513236703e-01
   3.6800000000000000e+02   5.7504858889151002e-02
   3.6900000000000000e+02  -2.4026542526822900e-01
   3.7000000000000000e+02  -7.6812816163224695e-01
   3.7100000000000000e+02  -6.5531610095926396e-01
   3.7200000000000000e+02  -2.9064128195120298e-01
   3.7300000000000000e+02  -3.9079130013159702e-01
   3.7400000000000000e+02  -2.8105280703878499e-01
   3.7500000000000000e+02  -1.2569180284824100e-01
   3.7600000000000000e+02  -6.0650045956288900e-01
   3.7700000000000000e+02  -6.4956199306322604e-01
   3.7800000000000000e+02  -5.5577806174589095e-01
   3.7900000000000000e+02  -8.3692992872181404e-01
   3.8000000000000000e+02  -1.4451633894674900e+00
   3.8100000000000000e+02  -1.5533968847055000e+00
   3.8200000000000000e+02  -2.1294912164329101e+00
   3.8300000000000000e+02  -2.2185349798797600e+00
   3.8400000000000000e+02  -2.2504304834965598e+00
   3.8500000000000000e+02  -2.7265163176372700e+00
   3.8600000000000000e+02  -3.1535468377555800e+00
   3.8700000000000000e+02  -3.7741649667485300e+00
   3.8800000000000000e+02  -4.0862100101269698e+00
   3.8900000000000000e+02  -4.0188632313986803e+00
   3.9000000000000000e+02  -4.1767561015200201e+00
   3.9100000000000000e+02  -4.5051490445732103e+00
   3.9200000000000000e+02  -4.9959923376224804e+00
   3.9300000000000000e+02  -5.0402020255893296e+00
   3.9400000000000000e+02  -5.2612410977890001e+00
   3.9500000000000000e+02  -5.0623014413927399e+00
   3.9600000000000000e+02  -5.5202768873109296e+00
   3.9700000000000000e+02  -5.6522593368132501e+00
   3.9800000000000000e+02  -5.9931196394062498e+00
   3.9900000000000000e+02  -6.1020288551850701e+00
   4.0000000000000000e+02  -6.5444008616238403e+00
   4.0100000000000000e+02  -6.8665549901598402e+00
   4.0200000000000000e+02  -6.9382302564388798e+00
   4.0300000000000000e+02  -7.3049190190428002e+00
   4.0400000000000000e+02  -7.3917667559719797e+00
   4.0500000000000000e+02  -7.4281581365253304e+00
   4.0600000000000000e+02  -7.5845566561422402e+00
   4.0700000000000000e+02  -7.7244276543309702e+00
   4.0800000000000000e+02  -7.6120911314267099e+00
   4.0900000000000000e+02  -7.4987083463671800e+00
   4.1000000000000000e+02  -7.3578768010945801e+00
   4.1100000000000000e+02  -7.7042026789368601e+00
   4.1200000000000000e+02  -7.8601601127856000e+00
   4.1300000000000000e+02  -8.0044199036917707e+00
   4.1400000000000000e+02  -8.0643133345973705e+00
   4.1500000000000000e+02  -8.3821637464266594e+00
   4.1600000000000000e+02  -8.5076598231438503e+00
   4.1700000000000000e+02  -9.0361421699140401e+00
   4.1800000000000000e+02  -8.9885889610146297e+00
   4.1900000000000000e+02  -9.1851426498360400e+00
   4.2000000000000000e+02  -9.2197794596038207e+00
   4.2100000000000000e+02  -9.5767252612303597e+00
   4.2200000000000000e+02  -9.4967932147472691e+00
   4.2300000000000000e+02  -1.0067325503166099e+01
   4.2400000000000000e+02  -1.0094491049184700e+01
   4.2500000000000000e+02  -1.0206700302338000e+01
   4.2600000000000000e+02  -1.0734938730847199e+01
   4.2700000000000000e+02  -1.1101428402391900e+01
   4.2800000000000000e+02  -1.1386203955762900e+01
   4.2900000000000000e+02  -1.1786334221851400e+01
   4.3000000000000000e+02  -1.2195643822896001e+01
   4.3100000000000000e+02  -1.2643272693902400e+01
   4.3200000000000000e+02  -1.2809992290426100e+01
   4.3300000000000000e+02  -1.2926851056262100e+01
   4.3400000000000000e+02  -1.3099955251766700e+01
   4.3500000000000000e+02  -1.3309281960114200e+01
   4.3600000000000000e+02  -1.3264975704709601e+01
   4.3700000000000000e+02  -1.3850470555597200e+01
   4.3800000000000000e+02  -1.3831138094051100e+01
   4.3900000000000000e+02  -1.4235134690254000e+01
   4.4000000000000000e+02  -1.4274696197569799e+01
   4.4100000000000000e+02  -1.4739296915322701e+01
   4.4200000000000000e+02  -1.5281464809051300e+01
   4.4300000000000000e+02  -1.5219750581775299e+01
   4.4400000000000000e+02  -1.5240766662331501e+01
   4.4500000000000000e+02  -1.5410126619680900e+01
   4.4600000000000000e+02  -1.5570889309583100e+01
   4.4700000000000000e+02  -1.6190626992291200e+01
   4.4800000000000000e+02  -1.6214830208556702e+01
   4.4900000000000000e+02  -1.6636661193166699e+01
   4.5000000000000000e+02  -1.6648447491403701e+01
   4.5100000000000000e+02  -1.7232172841567600e+01
   4.5200000000000000e+02  -1.7559489176241701e+01
   4.5300000000000000e+02  -1.7744384672264399e+01
   4.5400000000000000e+02  -1.7762137061019700e+01
   4.5500000000000000e+02  -1.7897999136851301e+01
   4.5600000000000000e+02  -1.8476903546091499e+01
   4.5700000000000000e+02  -1.8887004990243302e+01
   4.5800000000000000e+02  -1.9422218869698099e+01
   4.5900000000000000e+02  -1.9737045336002101e+01
   4.6000000000000000e+02  -2.0076886659891699e+01
   4.6100000000000000e+02  -2.0828134394595700e+01
   4.6200000000000000e+02  -2.1199242870618200e+01
   4.6300000000000000e+02  -2.1199213527293399e+01
   4.6400000000000000e+02  -2.1195867160703202e+01
   4.6500000000000000e+02  -2.1679619621071598e+01
   4.6600000000000000e+02  -2.2072982833664799e+01
   4.6700000000000000e+02  -2.2466925018258799e+01
   4.6800000000000000e+02  -2.3047173942284299e+01
   4.6900000000000000e+02  -2.4175388996069199e+01
   4.7000000000000000e+02  -2.4583399913649501e+01
   4.7100000000000000e+02  -2.5165381453495101e+01
   4.7200000000000000e+02  -2.5115179821331800e+01
   4.7300000000000000e+02  -2.5828158195999301e+01
   4.7400000000000000e+02  -2.6402630345052799e+01
   4.7500000000000000e+02  -2.7181148548953900e+01
   4.7600000000000000e+02  -2.7943768920766100e+01
   4.7700000000000000e+02  -2.8129280427788299e+01
   4.7800000000000000e+02  -2.8416845189727699e+01
   4.7900000000000000e+02  -2.9224740091290499e+01
   4.8000000000000000e+02  -2.9901037575831701e+01
   4.8100000000000000e+02  -3.0732160612197099e+01
   4.8200000000000000e+02  -3.0923936247161400e+01
   4.8300000000000000e+02  -3.1303073340520498e+01
   4.8400000000000000e+02  -3.2325697638570603e+01
   4.8500000000000000e+02  -3.3246980128036000e+01
   4.8600000000000000e+02  -3.3593784233139097e+01
   4.8700000000000000e+02  -3.4051846765722601e+01
   4.8800000000000000e+02  -3.4544241767426200e+01
   4.8900000000000000e+02  -3.4651726420535802e+01
   4.9000000000000000e+02  -3.5145549093710201e+01
   4.9100000000000000e+02  -3.5289994423964998e+01
   4.9200000000000000e+02  -3.5838466927585699e+01
   4.9300000000000000e+02  -3.6418553440880601e+01
   4.9400000000000000e+02  -3.7011468381135899e+01
   4.9500000000000000e+02  -3.6922609915066900e+01
   4.9600000000000000e+02  -3.7581102794707903e+01
   4.9700000000000000e+02  -3.7655709568055499e+01
   4.9800000000000000e+02  -3.7979994844867598e+01
   4.9900000000000000e+02  -3.8619851242525002e+01
   5.0000000000000000e+02  -3.9015038418692797e+01
   5.0100000000000000e+02  -3.9281880695821798e+01
   5.0200000000000000e+02  -3.9898023022069403e+01
   5.0300000000000000e+02  -4.0466089843243097e+01
   5.0400000000000000e+02  -4.0892615216107401e+01
   5.0500000000000000e+02  -4.1399091066288200e+01
   5.0600000000000000e+02  -4.1979675613911702e+01
   5.0700000000000000e+02  -4.2314617106789797e+01
   5.0800000000000000e+02  -4.3001917007061600e+01
   5.0900000000000000e+02  -4.3021464249925600e+01
   5.1000000000000000e+02  -4.2991207968179801e+01
   5.1100000000000000e+02  -4.3581742197882100e+01
   5.1200000000000000e+02  -4.3547974218344699e+01
   5.1300000000000000e+02  -4.3613354313602002e+01
   5.1400000000000000e+02  -4.3898457778317798e+01
   5.1500000000000000e+02  -4.3824251852103998e+01
   5.1600000000000000e+02  -4.4070664872727903e+01
   5.1700000000000000e+02  -4.4223679671876397e+01
   5.1800000000000000e+02  -4.4417051821596097e+01
   5.1900000000000000e+02  -4.4244750718770199e+01
   5.2000000000000000e+02  -4.5078639614095998e+01
   5.2100000000000000e+02  -4.5287644352993198e+01
   5.2200000000000000e+02  -4.5487433203563498e+01
   5.2300000000000000e+02  -4.5905840167850599e+01
   5.2400000000000000e+02  -4.6001144342260503e+01
   5.2500000000000000e+02  -4.6032908802646404e+01
   5.2600000000000000e+02  -4.6111215338850201e+01
   5.2700000000000000e+02  -4.6429503352763902e+01
   5.2800000000000000e+02  -4.6533363918216899e+01
   5.2900000000000000e+02  -4.7211688424247598e+01
   5.3000000000000000e+02  -4.7020086402995702e+01
   5.3100000000000000e+02  -4.6911556794560198e+01
   5.3200000000000000e+02  -4.7196566040531700e+01
   5.3300000000000000e+02  -4.7424655773784501e+01
   5.3400000000000000e+02  -4.7972445127574403e+01
   5.3500000000000000e+02  -4.8424953563377301e+01
   5.3600000000000000e+02  -4.8970720612521099e+01
   5.3700000000000000e+02  -4.9425482417623797e+01
   5.3800000000000000e+02  -4.9769747368779903e+01
   5.3900000000000000e+02  -4.9927153012572902e+01
   5.4000000000000000e+02  -5.0062428554282299e+01
   5.4100000000000000e+02  -5.0377274379886700e+01
   5.4200000000000000e+02  -5.0872063703162098e+01
   5.4300000000000000e+02  -5.1189117389282004e+01
   5.4400000000000000e+02  -5.1669682329786703e+01
   5.4500000000000000e+02  -5.1754385207027703e+01
   5.4600000000000000e+02  -5.2175179428142201e+01
   5.4700000000000000e+02  -5.2370908702963298e+01
   5.4800000000000000e+02  -5.3002589676452601e+01
   5.4900000000000000e+02  -5.3316015146665798e+01
   5.5000000000000000e+02  -5.3534458620315803e+01
   5.5100000000000000e+02  -5.3422284885579998e+01
   5.5200000000000000e+02  -5.4027454272984500e+01
   5.5300000000000000e+02  -5.4619452145428497e+01
   5.5400000000000000e+02  -5.5182281428689301e+01
   5.5500000000000000e+02  -5.5591460497694598e+01
   5.5600000000000000e+02  -5.5981411087032100e+01
   5.5700000000000000e+02  -5.6541467106633199e+01
   5.5800000000000000e+02  -5.6669542407835202e+01
   5.5900000000000000e+02  -5.7161984608894201e+01
   5.6000000000000000e+02  -5.6933106584286797e+01
   5.6100000000000000e+02  -5.6723033167105001e+01
   5.6200000000000000e+02  -5.6827065234692597e+01
   5.6300000000000000e+02  -5.7305515405103101e+01
   5.6400000000000000e+02  -5.7823146508871801e+01
   5.6500000000000000e+02  -5.8085737466123497e+01
   5.6600000000000000e+02  -5.8371342475826999e+01
   5.6700000000000000e+02  -5.8817391644493703e+01
   5.6800000000000000e+02  -5.9455856457042898e+01
   5.6900000000000000e+02  -5.9781770306813200e+01
   5.7000000000000000e+02  -6.0418156025216000e+01
   5.7100000000000000e+02  -6.0633199412653298e+01
   5.7200000000000000e+02  -6.0740923118056301e+01
   5.7300000000000000e+02  -6.1576008082201000e+01
   5.7400000000000000e+02  -6.1659201706276001e+01
   5.7500000000000000e+02  -6.2414620414783002e+01
   5.7600000000000000e+02  -6.2752867267987597e+01
   5.7700000000000000e+02  -6.2899563254861000e+01
   5.7800000000000000e+02  -6.3808879055141901e+01
   5.7900000000000000e+02  -6.3989778247056499e+01
   5.8000000000000000e+02  -6.4615971777626299e+01
   5.8100000000000000e+02  -6.4622843822480306e+01
   5.8200000000000000e+02  -6.5056035058716702e+01
   5.8300000000000000e+02  -6.5953304329918396e+01
   5.8400000000000000e+02  -6.6747023516409399e+01
   5.8500000000000000e+02  -6.6938413933822403e+01
   5.8600000000000000e+02  -6.6989533521475707e+01
   5.8700000000000000e+02  -6.7006276443063001e+01
   5.8800000000000000e+02  -6.7017255135684195e+01
   5.8900000000000000e+02  -6.7465948904788902e+01
   5.9000000000000000e+02  -6.8066537637238795e+01
   5.9100000000000000e+02  -6.8493417498099703e+01
   5.9200000000000000e+02  -6.8426093512519103e+01
   5.9300000000000000e+02  -6.8583944067448698e+01
   5.9400000000000000e+02  -6.8695168512893702e+01
   5.9500000000000000e+02  -6.9437310713261496e+01
   5.9600000000000000e+02  -6.9938380522602998e+01
   5.9700000000000000e+02  -7.0176741787092595e+01
   5.9800000000000000e+02  -7.0818581608777095e+01
   5.9900000000000000e+02  -7.1335628497450102e+01
   6.0000000000000000e+02  -7.1466595408764405e+01
   6.0100000000000000e+02  -7.1679553877034195e+01
   6.0200000000000000e+02  -7.2053590751604503e+01
   6.0300000000000000e+02  -7.2439256901301803e+01
   6.0400000000000000e+02  -7.3103162740116900e+01
   6.0500000000000000e+02  -7.2893649178769394e+01
   6.0600000000000000e+02  -7.3264588427279307e+01
   6.0700000000000000e+02  -7.3752283574171102e+01
   6.0800000000000000e+02  -7.3675000202497799e+01
   6.0900000000000000e+02  -7.3835377016080400e+01
   6.1000000000000000e+02  -7.3859329725796002e+01
   6.1100000000000000e+02  -7.3969230066998904e+01
   6.1200000000000000e+02  -7.3884961499639999e+01
   6.1300000000000000e+02  -7.3713279765570505e+01
   6.1400000000000000e+02  -7.4495871198011002e+01
   6.1500000000000000e+02  -7.4382678938229006e+01
   6.1600000000000000e+02  -7.4750398575216096e+01
   6.1700000000000000e+02  -7.4699527503173798e+01
   6.1800000000000000e+02  -7.4804021694449105e+01
   6.1900000000000000e+02  -7.5109263261400798e+01
   6.2000000000000000e+02  -7.5061322157995406e+01
   6.2100000000000000e+02  -7.5107401009723503e+01
   6.2200000000000000e+02  -7.4886760156233507e+01
   6.2300000000000000e+02  -7.5148738853187197e+01
   6.2400000000000000e+02  -7.5276536708010298e+01
   6.2500000000000000e+02  -7.5772431735671205e+01
   6.2600000000000000e+02  -7.5372280062092798e+01
   6.2700000000000000e+02  -7.5101737231139694e+01
   6.2800000000000000e+02  -7.5025845946716302e+01
   6.2900000000000000e+02  -7.5134117030205502e+01
   6.3000000000000000e+02  -7.5546445026336897e+01
   6.3100000000000000e+02  -7.5711733443540098e+01
   6.3200000000000000e+02  -7.6449847954009599e+01
   6.3300000000000000e+02  -7.6584464051069403e+01
   6.3400000000000000e+02  -7.6630289469409206e+01
   6.3500000000000000e+02  -7.6582321124107807e+01
   6.3600000000000000e+02  -7.6151371639921294e+01
   6.3700000000000000e+02  -7.6525384453963895e+01
   6.3800000000000000e+02  -7.6943547768376405e+01
   6.3900000000000000e+02  -7.7173311526631494e+01
   6.4000000000000000e+02  -7.7367449595870397e+01
   6.4100000000000000e+02  -7.7691467073386505e+01
   6.4200000000000000e+02  -7.7613251569949199e+01
   6.4300000000000000e+02  -7.7269092673345597e+01
   6.4400000000000000e+02  -7.7608192830044601e+01
   6.4500000000000000e+02  -7.7707950873819598e+01
   6.4600000000000000e+02  -7.7537630449071997e+01
   6.4700000000000000e+02  -7.7381094287699597e+01
   6.4800000000000000e+02  -7.7235354331456904e+01
   6.4900000000000000e+02  -7.6958481987726202e+01
   6.5000000000000000e+02  -7.7527293711339695e+01
   6.5100000000000000e+02  -7.7376638971199696e+01
   6.5200000000000000e+02  -7.7463499003104999e+01
   6.5300000000000000e+02  -7.7549364459016402e+01
   6.5400000000000000e+02  -7.7329204138691694e+01
   6.5500000000000000e+02  -7.7149253160278505e+01
   6.5600000000000000e+02  -7.7484131450387693e+01
   6.5700000000000000e+02  -7.6913502261461900e+01
   6.5800000000000000e+02  -7.7253931828882600e+01
   6.5900000000000000e+02  -7.7344216039693805e+01
   6.6000000000000000e+02  -7.7419971506356106e+01
   6.6100000000000000e+02  -7.7419497786811405e+01
   6.6200000000000000e+02  -7.7207547137470698e+01
   6.6300000000000000e+02  -7.7109353254697695e+01
   6.6400000000000000e+02  -7.7913252230599298e+01
   6.6500000000000000e+02  -7.8102288032827701e+01
   6.6600000000000000e+02  -7.7834288473778599e+01
   6.6700000000000000e+02  -7.7523075438769297e+01
   6.6800000000000000e+02  -7.7483380387649902e+01
   6.6900000000000000e+02  -7.7695626516591602e+01
   6.7000000000000000e+02  -7.7722123466519605e+01
   6.7100000000000000e+02  -7.7562878423535906e+01
   6.7200000000000000e+02  -7.7022085887616697e+01
   6.7300000000000000e+02  -7.7150915148719804e+01
   6.7400000000000000e+02  -7.7114397020978998e+01
   6.7500000000000000e+02  -7.6917931354811302e+01
   6.7600000000000000e+02  -7.7112407067768700e+01
   6.7700000000000000e+02  -7.6999704648573498e+01
   6.7800000000000000e+02  -7.7391341044576393e+01
   6.7900000000000000e+02  -7.7534227723095995e+01
   6.8000000000000000e+02  -7.8085565430802504e+01
   6.8100000000000000e+02  -7.8051484633857399e+01
   6.8200000000000000e+02  -7.7867529496553004e+01
   6.8300000000000000e+02  -7.7824394779075504e+01
   6.8400000000000000e+02  -7.8254523543808702e+01
   6.8500000000000000e+02  -7.7585138413137997e+01
   6.8600000000000000e+02  -7.6836779267080900e+01
   6.8700000000000000e+02  -7.7033369277738700e+01
   6.8800000000000000e+02  -7.7663595838212203e+01
   6.8900000000000000e+02  -7.8010464978162901e+01
   6.9000000000000000e+02  -7.7918110373342600e+01
   6.9100000000000000e+02  -7.7602256924709906e+01
   6.9200000000000000e+02  -7.7758594095862705e+01
   6.9300000000000000e+02  -7.8221266302464002e+01
   6.9400000000000000e+02  -7.8345320073412495e+01
   6.9500000000000000e+02  -7.8555052446522097e+01
   6.9600000000000000e+02  -7.8271589280181800e+01
   6.9700000000000000e+02  -7.8230030586589706e+01
   6.9800000000000000e+02  -7.8259137740477499e+01
   6.9900000000000000e+02  -7.8177272905038393e+01
   7.0000000000000000e+02  -7.7843907008370493e+01
   7.0100000000000000e+02  -7.7622363622189894e+01
   7.0200000000000000e+02  -7.7612127138839398e+01
   7.0300000000000000e+02  -7.7526023783269395e+01
   7.0400000000000000e+02  -7.7372379737778203e+01
   7.0500000000000000e+02  -7.7085160159409995e+01
   7.0600000000000000e+02  -7.7478007710220098e+01
   7.0700000000000000e+02  -7.7213414411906300e+01
   7.0800000000000000e+02  -7.6980710990530497e+01
   7.0900000000000000e+02  -7.7010576247181405e+01
   7.1000000000000000e+02  -7.6666010893564106e+01
   7.1100000000000000e+02  -7.6596695206380801e+01
   7.1200000000000000e+02  -7.7123956635944296e+01
   7.1300000000000000e+02  -7.7005286905369900e+01
   7.1400000000000000e+02  -7.7215938923597804e+01
   7.1500000000000000e+02  -7.7243275176158505e+01
   7.1600000000000000e+02  -7.7524275180933500e+01
   7.1700000000000000e+02  -7.7015052999508896e+01
   7.1800000000000000e+02  -7.7156709575287806e+01
   7.1900000000000000e+02  -7.7346800317815095e+01
   7.2000000000000000e+02  -7.7489860160734807e+01
   7.2100000000000000e+02  -7.7656259342096305e+01
   7.2200000000000000e+02  -7.7562793124803093e+01
   7.2300000000000000e+02  -7.7410449463118596e+01
   7.2400000000000000e+02  -7.7210927683125206e+01
   7.2500000000000000e+02  -7.7278484532210200e+01
   7.2600000000000000e+02  -7.7151886527247498e+01
   7.2700000000000000e+02  -7.7186906151509206e+01
   7.2800000000000000e+02  -7.7265549469465597e+01
   7.2900000000000000e+02  -7.6779179291554698e+01
   7.3000000000000000e+02  -7.6263965004543806e+01
   7.3100000000000000e+02  -7.5915063982196102e+01
   7.3200000000000000e+02  -7.6272839281101099e+01
   7.3300000000000000e+02  -7.6273404554125193e+01
   7.3400000000000000e+02  -7.6465584972052298e+01
   7.3500000000000000e+02  -7.6422466752286795e+01
   7.3600000000000000e+02  -7.6601326914221801e+01
   7.3700000000000000e+02  -7.6783718591154695e+01
   7.3800000000000000e+02  -7.6121321538816204e+01
   7.3900000000000000e+02  -7.5477834540521400e+01
   7.4000000000000000e+02  -7.5179950143140800e+01
   7.4100000000000000e+02  -7.4829093531097698e+01
   7.4200000000000000e+02  -7.4742797162450998e+01
   7.4300000000000000e+02  -7.4563882648753307e+01
   7.4400000000000000e+02  -7.5085125565339595e+01
   7.4500000000000000e+02  -7.5415503841345298e+01
   7.4600000000000000e+02  -7.5515142735527505e+01
   7.4700000000000000e+02  -7.5226511659065395e+01
   7.4800000000000000e+02  -7.5010398760097900e+01
   7.4900000000000000e+02  -7.5159259517078198e+01
   7.5000000000000000e+02  -7.5169901243835099e+01
   7.5100000000000000e+02  -7.5357589835916201e+01
   7.5200000000000000e+02  -7.5445993812958406e+01
   7.5300000000000000e+02  -7.5265661266576998e+01
   7.5400000000000000e+02  -7.4674312238403800e+01
   7.5500000000000000e+02  -7.5211191738227797e+01
   7.5600000000000000e+02  -7.5628672486927798e+01
   7.5700000000000000e+02  -7.5548064728767599e+01
   7.5800000000000000e+02  -7.5543159347657095e+01
   7.5900000000000000e+02  -7.5336676756648103e+01
   7.6000000000000000e+02  -7.5063388621827997e+01
   7.6100000000000000e+02  -7.5351084799218697e+01
   7.6200000000000000e+02  -7.5117057246332294e+01
   7.6300000000000000e+02  -7.5406929513276694e+01
   7.6400000000000000e+02  -7.5563363785229996e+01
   7.6500000000000000e+02  -7.5223885612169596e+01
   7.6600000000000000e+02  -7.5804492423776907e+01
   7.6700000000000000e+02  -7.5718053314235704e+01
   7.6800000000000000e+02  -7.5872310930785204e+01
   7.6900000000000000e+02  -7.5860853239080697e+01
   7.7000000000000000e+02  -7.5807317281598500e+01
   7.7100000000000000e+02  -7.5215267119416296e+01
   7.7200000000000000e+02  -7.5455092561430106e+01
   7.7300000000000000e+02  -7.5417504349281103e+01
   7.7400000000000000e+02  -7.5639945406440901e+01
   7.7500000000000000e+02  -7.5531863729573899e+01
   7.7600000000000000e+02  -7.5685246031678005e+01
   7.7700000000000000e+02  -7.5053328192834798e+01
   7.7800000000000000e+02  -7.5105682858059893e+01
   7.7900000000000000e+02  -7.4858579293759504e+01
   7.8000000000000000e+02  -7.5134568159744902e+01
   7.8100000000000000e+02  -7.4994935397675107e+01
   7.8200000000000000e+02  -7.5003587524976794e+01
   7.8300000000000000e+02  -7.4487932970543795e+01
   7.8400000000000000e+02  -7.4744797602325306e+01
   7.8500000000000000e+02  -7.5095597990467994e+01
   7.8600000000000000e+02  -7.4938259620976496e+01
   7.8700000000000000e+02  -7.4909279143334601e+01
   7.8800000000000000e+02  -7.4141455118744602e+01
   7.8900000000000000e+02  -7.4118949350096003e+01
   7.9000000000000000e+02  -7.3884166426057803e+01
   7.9100000000000000e+02  -7.3509710732323896e+01
   7.9200000000000000e+02  -7.3282321133769102e+01
   7.9300000000000000e+02  -7.3401590365158199e+01
   7.9400000000000000e+02  -7.3234982812578096e+01
   7.9500000000000000e+02  -7.3253754975681204e+01
   7.9600000000000000e+02  -7.3565993281678004e+01
   7.9700000000000000e+02  -7.3730263076337494e+01
   7.9800000000000000e+02  -7.4489787722925897e+01
   7.9900000000000000e+02  -7.4775442102052494e+01
   8.0000000000000000e+02  -7.4852423685405597e+01
   8.0100000000000000e+02  -7.4902717793036601e+01
   8.0200000000000000e+02  -7.4599751918126898e+01
   8.0300000000000000e+02  -7.4603430419484695e+01
   8.0400000000000000e+02  -7.4464617131533302e+01
   8.0500000000000000e+02  -7.4267246772664606e+01
   8.0600000000000000e+02  -7.4190312498987396e+01
   8.0700000000000000e+02  -7.4631669133479306e+01
   8.0800000000000000e+02  -7.4740152294187695e+01
   8.0900000000000000e+02  -7.4728984476779900e+01
   8.1000000000000000e+02  -7.5597588140509799e+01
   8.1100000000000000e+02  -7.5809934699188901e+01
   8.1200000000000000e+02  -7.5605557552653707e+01
   8.1300000000000000e+02  -7.5470827107594502e+01
   8.1400000000000000e+02  -7.5193158066730504e+01
   8.1500000000000000e+02  -7.5947502016071894e+01
   8.1600000000000000e+02  -7.5663430885417995e+01
   8.1700000000000000e+02  -7.4999894270537894e+01
   8.1800000000000000e+02  -7.5332530673100905e+01
   8.1900000000000000e+02  -7.5205438808074803e+01
   8.2000000000000000e+02  -7.5639890046347006e+01
   8.2100000000000000e+02  -7.5353772034071298e+01
   8.2200000000000000e+02  -7.5862914183528503e+01
   8.2300000000000000e+02  -7.6072844596102101e+01
   8.2400000000000000e+02  -7.5773629933406696e+01
   8.2500000000000000e+02  -7.5459025697839294e+01
   8.2600000000000000e+02  -7.5579026599670499e+01
   8.2700000000000000e+02  -7.5756732948705505e+01
   8.2800000000000000e+02  -7.5454010389153396e+01
   8.2900000000000000e+02  -7.5618789065120694e+01
   8.3000000000000000e+02  -7.5089978330074302e+01
   8.3100000000000000e+02  -7.5087423187716894e+01
   8.3200000000000000e+02  -7.5266706103693906e+01
   8.3300000000000000e+02  -7.5556438988897298e+01
   8.3400000000000000e+02  -7.5587934747606894e+01
   8.3500000000000000e+02  -7.5171870267030201e+01
   8.3600000000000000e+02  -7.5485673162386803e+01
   8.3700000000000000e+02  -7.5884672763761699e+01
   8.3800000000000000e+02  -7.5420679500798897e+01
   8.3900000000000000e+02  -7.5767920123081893e+01
   8.4000000000000000e+02  -7.5950188360309198e+01
   8.4100000000000000e+02  -7.5662323860455004e+01
   8.4200000000000000e+02  -7.5223670174167694e+01
   8.4300000000000000e+02  -7.5293203416361393e+01
   8.4400000000000000e+02  -7.5026365900224206e+01
   8.4500000000000000e+02  -7.4808603335346106e+01
   8.4600000000000000e+02  -7.4296563699014200e+01
   8.4700000000000000e+02  -7.4356039212640695e+01
   8.4800000000000000e+02  -7.4301029419029007e+01
   8.4900000000000000e+02  -7.4605274461032096e+01
   8.5000000000000000e+02  -7.4641506085051404e+01
   8.5100000000000000e+02  -7.5126893074880201e+01
   8.5200000000000000e+02  -7.4938724163404004e+01
   8.5300000000000000e+02  -7.4989267822162901e+01
   8.5400000000000000e+02  -7.5075230656588204e+01
   8.5500000000000000e+02  -7.5093964017616202e+01
   8.5600000000000000e+02  -7.4974764973232695e+01
   8.5700000000000000e+02  -7.5206830523793400e+01
   8.5800000000000000e+02  -7.5076012682757593e+01
   8.5900000000000000e+02  -7.5276228332977794e+01
   8.6000000000000000e+02  -7.4944625323123802e+01
   8.6100000000000000e+02  -7.4859922051407594e+01
   8.6200000000000000e+02  -7.4913577610087899e+01
   8.6300000000000000e+02  -7.4557583611205501e+01
   8.6400000000000000e+02  -7.4535394475284306e+01
   8.6500000000000000e+02  -7.4223083498178298e+01
   8.6600000000000000e+02  -7.4596790689316407e+01
   8.6700000000000000e+02  -7.4950213800989900e+01
   8.6800000000000000e+02  -7.4874803807837793e+01
   8.6900000000000000e+02  -7.4536672090468798e+01
   8.7000000000000000e+02  -7.4543610153523204e+01
   8.7100000000000000e+02  -7.4553594279744004e+01
   8.7200000000000000e+02  -7.4501148357260107e+01
   8.7300000000000000e+02  -7.4545959930280006e+01
   8.7400000000000000e+02  -7.4460224495136202e+01
   8.7500000000000000e+02  -7.4509493554483996e+01
   8.7600000000000000e+02  -7.4691955276045306e+01
   8.7700000000000000e+02  -7.4577257348669605e+01
   8.7800000000000000e+02  -7.4612967805556707e+01
   8.7900000000000000e+02  -7.4762512400945297e+01
   8.8000000000000000e+02  -7.4388984952718602e+01
   8.8100000000000000e+02  -7.3915265994066104e+01
   8.8200000000000000e+02  -7.3774528519614293e+01
   8.8300000000000000e+02  -7.3635004367675194e+01
   8.8400000000000000e+02  -7.3389862380223306e+01
   8.8500000000000000e+02  -7.3264351043884403e+01
   8.8600000000000000e+02  -7.3671939978567494e+01
   8.8700000000000000e+02  -7.3269809418609995e+01
   8.8800000000000000e+02  -7.3577935306221505e+01
   8.8900000000000000e+02  -7.3632482155675206e+01
   8.9000000000000000e+02  -7.3638337897068098e+01
   8.9100000000000000e+02  -7.3563577729070403e+01
   8.9200000000000000e+02  -7.3633849934847902e+01
   8.9300000000000000e+02  -7.3461606598548798e+01
   8.9400000000000000e+02  -7.3438807173921106e+01
   8.9500000000000000e+02  -7.3698553625084003e+01
   8.9600000000000000e+02  -7.3754348848210100e+01
   8.9700000000000000e+02  -7.3978256213738604e+01
   8.9800000000000000e+02  -7.3600377048658302e+01
   8.9900000000000000e+02  -7.3491748599379505e+01
   9.0000000000000000e+02  -7.3807170669936397e+01
   9.0100000000000000e+02  -7.3870593989248405e+01
   9.0200000000000000e+02  -7.4051246727695002e+01
   9.0300000000000000e+02  -7.3998695340673507e+01
   9.0400000000000000e+02  -7.4181168393907896e+01
   9.0500000000000000e+02  -7.4088280878429899e+01
   9.0600000000000000e+02  -7.4049957785705402e+01
   9.0700000000000000e+02  -7.3991680797382699e+01
   9.0800000000000000e+02  -7.4465660598463003e+01
   9.0900000000000000e+02  -7.4644648212851706e+01
   9.1000000000000000e+02  -7.4895571987698304e+01
   9.1100000000000000e+02  -7.4681991534968702e+01
   9.1200000000000000e+02  -7.4140140303096004e+01
   9.1300000000000000e+02  -7.4498932909054403e+01
   9.1400000000000000e+02  -7.4536887853629494e+01
   9.1500000000000000e+02  -7.4506212697270598e+01
   9.1600000000000000e+02  -7.4376078471692395e+01
   9.1700000000000000e+02  -7.4206184868624007e+01
   9.1800000000000000e+02  -7.4062136893151603e+01
   9.1900000000000000e+02  -7.4038224359102003e+01
   9.2000000000000000e+02  -7.4130547862168001e+01
   9.2100000000000000e+02  -7.3999352109779394e+01
   9.2200000000000000e+02  -7.4045905161485905e+01
   9.2300000000000000e+02  -7.3958188439022507e+01
   9.2400000000000000e+02  -7.4136208217230205e+01
   9.2500000000000000e+02  -7.4024314642175995e+01
   9.2600000000000000e+02  -7.3805582876488998e+01
   9.2700000000000000e+02  -7.4049357633999804e+01
   9.2800000000000000e+02  -7.3799413857193599e+01
   9.2900000000000000e+02  -7.4081636052865804e+01
   9.3000000000000000e+02  -7.4028762248801797e+01
   9.3100000000000000e+02  -7.4708569602999503e+01
   9.3200000000000000e+02  -7.4833315833915194e+01
   9.3300000000000000e+02  -7.4948444000741006e+01
   9.3400000000000000e+02  -7.4481966547295102e+01
   9.3500000000000000e+02  -7.4658869137431296e+01
   9.3600000000000000e+02  -7.4957576054681596e+01
   9.3700000000000000e+02  -7.4895047007272794e+01
   9.3800000000000000e+02  -7.5273278310705393e+01
   9.3900000000000000e+02  -7.5265752718895101e+01
   9.4000000000000000e+02  -7.5255449941764695e+01
   9.4100000000000000e+02  -7.5000182691268407e+01
   9.4200000000000000e+02  -7.5247422808859895e+01
   9.4300000000000000e+02  -7.5712014928922201e+01
   9.4400000000000000e+02  -7.5664331489879501e+01
   9.4500000000000000e+02  -7.5263163439088203e+01
   9.4600000000000000e+02  -7.5156833901296295e+01
   9.4700000000000000e+02  -7.4787299555545900e+01
   9.4800000000000000e+02  -7.4825731441478297e+01
   9.4900000000000000e+02  -7.4846493020463797e+01
   9.5000000000000000e+02  -7.5092761190452194e+01
   9.5100000000000000e+02  -7.5509108502198501e+01
   9.5200000000000000e+02  -7.5276759308535105e+01
   9.5300000000000000e+02  -7.5182866676225700e+01
   9.5400000000000000e+02  -7.4918419385641400e+01
   9.5500000000000000e+02  -7.4428551331894695e+01
   9.5600000000000000e+02  -7.4535191511985303e+01
   9.5700000000000000e+02  -7.4657957062363195e+01
   9.5800000000000000e+02  -7.5283844293396697e+01
   9.5900000000000000e+02  -7.6069877430234300e+01
   9.6000000000000000e+02  -7.5951535772396696e+01
   9.6100000000000000e+02  -7.5918395232890305e+01
   9.6200000000000000e+02  -7.5934754230886398e+01
   9.6300000000000000e+02  -7.6075094019099893e+01
   9.6400000000000000e+02  -7.5857059511062701e+01
   9.6500000000000000e+02  -7.6386848733241095e+01
   9.6600000000000000e+02  -7.5615803932368607e+01
   9.6700000000000000e+02  -7.5836227209934094e+01
   9.6800000000000000e+02  -7.5777875540352397e+01
   9.6900000000000000e+02  -7.6367959465759398e+01
   9.7000000000000000e+02  -7.5969930247771998e+01
   9.7100000000000000e+02  -7.6374891800338105e+01
   9.7200000000000000e+02  -7.5969179267139197e+01
   9.7300000000000000e+02  -7.6194911770597699e+01
   9.7400000000000000e+02  -7.6321212178296705e+01
   9.7500000000000000e+02  -7.5908890341249901e+01
   9.7600000000000000e+02  -7.6138214406576793e+01
   9.7700000000000000e+02  -7.5903605128859198e+01
   9.7800000000000000e+02  -7.6326784394758306e+01
   9.7900000000000000e+02  -7.6369478924476098e+01
   9.8000000000000000e+02  -7.5987020828835398e+01
   9.8100000000000000e+02  -7.5429267794760094e+01
   9.8200000000000000e+02  -7.5205963400238105e+01
   9.8300000000000000e+02  -7.4889071913061997e+01
   9.8400000000000000e+02  -7.5068774255185701e+01
   9.8500000000000000e+02  -7.4658704997301399e+01
   9.8600000000000000e+02  -7.4504651256644806e+01
   9.8700000000000000e+02  -7.4549506316874400e+01
   9.8800000000000000e+02  -7.4567732559038006e+01
   9.8900000000000000e+02  -7.4781082319950002e+01
   9.9000000000000000e+02  -7.4575992269925905e+01
   9.9100000000000000e+02  -7.4574657064723894e+01
   9.9200000000000000e+02  -7.4801200305563498e+01
   9.9300000000000000e+02  -7.4780633712151698e+01
   9.9400000000000000e+02  -7.5159882169225895e+01
   9.9500000000000000e+02  -7.5032960899679296e+01
   9.9600000000000000e+02  -7.5215928909778100e+01
   9.9700000000000000e+02  -7.5251834188036796e+01
   9.9800000000000000e+02  -7.5481373306344906e+01
   9.9900000000000000e+02  -7.5497789101841306e+01
   1.0000000000000000e+03  -7.5274662712257793e+01
   1.0010000000000000e+03  -7.5204970302231203e+01
   1.0020000000000000e+03  -7.5098345467930599e+01
   1.0030000000000000e+03  -7.5088533169190200e+01
   1.0040000000000000e+03  -7.4534723616426206e+01
   1.0050000000000000e+03  -7.4679891534518802e+01
   1.0060000000000000e+03  -7.4999496319987301e+01
   1.0070000000000000e+03  -7.4648629013941303e+01
   1.0080000000000000e+03  -7.4507517286743905e+01
   1.0090000000000000e+03  -7.4434987572590600e+01
   1.0100000000000000e+03  -7.4312480768541306e+01
   1.0110000000000000e+03  -7.4140576707053498e+01
   1.0120000000000000e+03  -7.3859908233755903e+01
   1.0130000000000000e+03  -7.3476524327182403e+01
   1.0140000000000000e+03  -7.3441240318828804e+01
   1.0150000000000000e+03  -7.3410316947510495e+01
   1.0160000000000000e+03  -7.3039360299588296e+01
   1.0170000000000000e+03  -7.2523243045518001e+01
   1.0180000000000000e+03  -7.2263566943846300e+01
   1.0190000000000000e+03  -7.2092591668340503e+01
   1.0200000000000000e+03  -7.2079534206589599e+01
   1.0210000000000000e+03  -7.2321851757401404e+01
   1.0220000000000000e+03  -7.2143659094052595e+01
   1.0230000000000000e+03  -7.2333605932770695e+01
   1.0240000000000000e+03  -7.2799713182513202e+01
   1.0250000000000000e+03  -7.2980146209575196e+01
   1.0260000000000000e+03  -7.2899227326535595e+01
   1.0270000000000000e+03  -7.2873460144393803e+01
   1.0280000000000000e+03  -7.2292814299059202e+01
   1.0290000000000000e+03  -7.2691943200594807e+01
   1.0300000000000000e+03  -7.2530648786515400e+01
   1.0310000000000000e+03  -7.2296631028556902e+01
   1.0320000000000000e+03  -7.2035952234719304e+01
   1.0330000000000000e+03  -7.2094596241589798e+01
   1.0340000000000000e+03  -7.1475475464578906e+01
   1.0350000000000000e+03  -7.1279117468340701e+01
   1.0360000000000000e+03  -7.0820957860730601e+01
   1.0370000000000000e+03  -7.0514869097736707e+01
   1.0380000000000000e+03  -7.0453538388034005e+01
   1.0390000000000000e+03  -6.9904410759063893e+01
   1.0400000000000000e+03  -6.9815381585909407e+01
   1.0410000000000000e+03  -6.9716976279932197e+01
   1.0420000000000000e+03  -6.9865311510027695e+01
   1.0430000000000000e+03  -6.9963710743077897e+01
   1.0440000000000000e+03  -6.9392602265224596e+01
   1.0450000000000000e+03  -6.9298993093870806e+01
   1.0460000000000000e+03  -6.9396210946189598e+01
   1.0470000000000000e+03  -6.9290084796527097e+01
   1.0480000000000000e+03  -6.9136859071999794e+01
   1.0490000000000000e+03  -6.9239415178498305e+01
   1.0500000000000000e+03  -6.9619092828568895e+01
   1.0510000000000000e+03  -6.9470321591573295e+01
   1.0520000000000000e+03  -6.9314971689959904e+01
   1.0530000000000000e+03  -6.9137691366052294e+01
   1.0540000000000000e+03  -6.9384971606168406e+01
   1.0550000000000000e+03  -6.9285310742518604e+01
   1.0560000000000000e+03  -6.9042090073486904e+01
   1.0570000000000000e+03  -6.8885434164292107e+01
   1.0580000000000000e+03  -6.9197794330301605e+01
   1.0590000000000000e+03  -6.9338127704562297e+01
   1.0600000000000000e+03  -6.8661779900070101e+01
   1.0610000000000000e+03  -6.8602740263555006e+01
   1.0620000000000000e+03  -6.8759786694779393e+01
