  -1.0000000000000000e+02  -7.3101970303969694e+01
  -9.9000000000000000e+01  -7.2538463953107794e+01
  -9.8000000000000000e+01  -7.2883529206321100e+01
  -9.7000000000000000e+01  -7.2731251939070205e+01
  -9.6000000000000000e+01  -7.2148608154167107e+01
  -9.5000000000000000e+01  -7.2315928348439897e+01
  -9.4000000000000000e+01  -7.2869418840978199e+01
  -9.3000000000000000e+01  -7.2934876507233099e+01
  -9.2000000000000000e+01  -7.3643719420031204e+01
  -9.1000000000000000e+01  -7.3520862388765096e+01
  -9.0000000000000000e+01  -7.3731455844642795e+01
  -8.9000000000000000e+01  -7.3871064038392902e+01
  -8.8000000000000000e+01  -7.3631615589694206e+01
  -8.7000000000000000e+01  -7.3598227061174796e+01
  -8.6000000000000000e+01  -7.3325919638182498e+01
  -8.5000000000000000e+01  -7.3206664435811007e+01
  -8.4000000000000000e+01  -7.3249837341256395e+01
  -8.3000000000000000e+01  -7.2983688630446906e+01
  -8.2000000000000000e+01  -7.2784146504753195e+01
  -8.1000000000000000e+01  -7.2386426401115500e+01
  -8.0000000000000000e+01  -7.2803267824181304e+01
  -7.9000000000000000e+01  -7.2731499887662196e+01
  -7.8000000000000000e+01  -7.2372353571657499e+01
  -7.7000000000000000e+01  -7.2281573802957098e+01
  -7.6000000000000000e+01  -7.2327759757376199e+01
  -7.5000000000000000e+01  -7.2476025009272107e+01
  -7.4000000000000000e+01  -7.2583865287937698e+01
  -7.3000000000000000e+01  -7.2506003603647500e+01
  -7.2000000000000000e+01  -7.2057828064831000e+01
  -7.1000000000000000e+01  -7.1721281113979202e+01
  -7.0000000000000000e+01  -7.1363043186078599e+01
  -6.9000000000000000e+01  -7.1325565914265695e+01
  -6.8000000000000000e+01  -7.1228743987938302e+01
  -6.7000000000000000e+01  -7.0764808807293704e+01
  -6.6000000000000000e+01  -7.0726836396355196e+01
  -6.5000000000000000e+01  -7.0321540747561897e+01
  -6.4000000000000000e+01  -7.0039368165261294e+01
  -6.3000000000000000e+01  -6.9424086314524899e+01
  -6.2000000000000000e+01  -6.9754547089041495e+01
  -6.1000000000000000e+01  -7.0012944036913893e+01
  -6.0000000000000000e+01  -7.0260903823182502e+01
  -5.9000000000000000e+01  -7.0450078836230304e+01
  -5.8000000000000000e+01  -7.0032461279920796e+01
  -5.7000000000000000e+01  -6.9961250850077704e+01
  -5.6000000000000000e+01  -6.9753944600176396e+01
  -5.5000000000000000e+01  -6.9569278846179998e+01
  -5.4000000000000000e+01  -6.9671107848848393e+01
  -5.3000000000000000e+01  -7.0047811446913499e+01
  -5.2000000000000000e+01  -7.0213956097888200e+01
  -5.1000000000000000e+01  -7.0413481445932106e+01
  -5.0000000000000000e+01  -7.0509026164922403e+01
  -4.9000000000000000e+01  -7.0343752972351794e+01
  -4.8000000000000000e+01  -7.0497522106873106e+01
  -4.7000000000000000e+01  -7.0035290908010296e+01
  -4.6000000000000000e+01  -6.9984734253354603e+01
  -4.5000000000000000e+01  -7.0101702798754900e+01
  -4.4000000000000000e+01  -6.9993009849943306e+01
  -4.3000000000000000e+01  -6.9332965374389204e+01
  -4.2000000000000000e+01  -6.9276302505078704e+01
  -4.1000000000000000e+01  -6.9262629419171404e+01
  -4.0000000000000000e+01  -6.9479776876769904e+01
  -3.9000000000000000e+01  -6.9900297011779799e+01
  -3.8000000000000000e+01  -6.9719510874084094e+01
  -3.7000000000000000e+01  -6.9270831570816696e+01
  -3.6000000000000000e+01  -6.9386221246689203e+01
  -3.5000000000000000e+01  -6.8878627187026197e+01
  -3.4000000000000000e+01  -6.8783914807006795e+01
  -3.3000000000000000e+01  -6.8197118956063903e+01
  -3.2000000000000000e+01  -6.8051456206781296e+01
  -3.1000000000000000e+01  -6.7665627232025699e+01
  -3.0000000000000000e+01  -6.7654279048940197e+01
  -2.9000000000000000e+01  -6.7617473994130293e+01
  -2.8000000000000000e+01  -6.7712972901852297e+01
  -2.7000000000000000e+01  -6.7563794843269605e+01
  -2.6000000000000000e+01  -6.7660879725272807e+01
  -2.5000000000000000e+01  -6.7857656022458002e+01
  -2.4000000000000000e+01  -6.7844311129336504e+01
  -2.3000000000000000e+01  -6.7487108304520206e+01
  -2.2000000000000000e+01  -6.6313886397420802e+01
  -2.1000000000000000e+01  -6.6293518643386193e+01
  -2.0000000000000000e+01  -6.6467990221803305e+01
  -1.9000000000000000e+01  -6.6504424614472697e+01
  -1.8000000000000000e+01  -6.6162777112460702e+01
  -1.7000000000000000e+01  -6.5816724887238195e+01
  -1.6000000000000000e+01  -6.5184610676428605e+01
  -1.5000000000000000e+01  -6.5106528346560097e+01
  -1.4000000000000000e+01  -6.4971222808525496e+01
  -1.3000000000000000e+01  -6.4967617642702294e+01
  -1.2000000000000000e+01  -6.4290178243577500e+01
  -1.1000000000000000e+01  -6.3706635526783202e+01
  -1.0000000000000000e+01  -6.3492365742904099e+01
  -9.0000000000000000e+00  -6.2918037746472301e+01
  -8.0000000000000000e+00  -6.1853451141276302e+01
  -7.0000000000000000e+00  -6.1792972735251702e+01
  -6.0000000000000000e+00  -6.0648499795867302e+01
  -5.0000000000000000e+00  -5.9156464972522699e+01
  -4.0000000000000000e+00  -5.7857950121181297e+01
  -3.0000000000000000e+00  -5.4814588935791001e+01
  -2.0000000000000000e+00  -4.8822115741968702e+01
  -1.0000000000000000e+00  -3.0195412887318600e+01
   0.0000000000000000e+00  -8.0303503593211207e+00
   1.0000000000000000e+00   7.6357810634272001e+00
   2.0000000000000000e+00   1.6399708881645999e+01
   3.0000000000000000e+00   2.1617620772104100e+01
   4.0000000000000000e+00   2.4104414029527199e+01
   5.0000000000000000e+00   2.5405827220910300e+01
   6.0000000000000000e+00   2.5841196240192001e+01
   7.0000000000000000e+00   2.6316415612973199e+01
   8.0000000000000000e+00   2.6632641107844101e+01
   9.0000000000000000e+00   2.6844335172312800e+01
   1.0000000000000000e+01   2.7070196373412301e+01
   1.1000000000000000e+01   2.7475220974008799e+01
   1.2000000000000000e+01   2.7824624152344100e+01
   1.3000000000000000e+01   2.7846952923491202e+01
   1.4000000000000000e+01   2.8249642583446501e+01
   1.5000000000000000e+01   2.8739096067151198e+01
   1.6000000000000000e+01   2.8654456340243499e+01
   1.7000000000000000e+01   2.9343255144587701e+01
   1.8000000000000000e+01   2.9222716961685499e+01
   1.9000000000000000e+01   2.9271699679482399e+01
   2.0000000000000000e+01   2.9365734901031800e+01
   2.1000000000000000e+01   3.0039724304775600e+01
   2.2000000000000000e+01   2.9815115035118399e+01
   2.3000000000000000e+01   2.9653776008116601e+01
   2.4000000000000000e+01   2.9578279629672998e+01
   2.5000000000000000e+01   2.9808470286370898e+01
   2.6000000000000000e+01   3.0306062872875899e+01
   2.7000000000000000e+01   3.0598298192196399e+01
   2.8000000000000000e+01   3.0755824945782699e+01
   2.9000000000000000e+01   3.0626898850549999e+01
   3.0000000000000000e+01   3.0508098043128300e+01
   3.1000000000000000e+01   3.1007851221918301e+01
   3.2000000000000000e+01   3.1061148956857501e+01
   3.3000000000000000e+01   3.1342731039096801e+01
   3.4000000000000000e+01   3.1659744319563998e+01
   3.5000000000000000e+01   3.1733232991827201e+01
   3.6000000000000000e+01   3.1422256446538000e+01
   3.7000000000000000e+01   3.1326820885781800e+01
   3.8000000000000000e+01   3.1254520973704800e+01
   3.9000000000000000e+01   3.1777606294651701e+01
   4.0000000000000000e+01   3.1430298507356898e+01
   4.1000000000000000e+01   3.1512678859564701e+01
   4.2000000000000000e+01   3.1674240984256901e+01
   4.3000000000000000e+01   3.1783271127381202e+01
   4.4000000000000000e+01   3.2074639124816997e+01
   4.5000000000000000e+01   3.2352116905041797e+01
   4.6000000000000000e+01   3.2510019506508698e+01
   4.7000000000000000e+01   3.2843175351610803e+01
   4.8000000000000000e+01   3.2739316349542200e+01
   4.9000000000000000e+01   3.2637723726701800e+01
   5.0000000000000000e+01   3.2724053082499204e+01
   5.1000000000000000e+01   3.2609982041678997e+01
   5.2000000000000000e+01   3.2602087585293198e+01
   5.3000000000000000e+01   3.2622102713865800e+01
   5.4000000000000000e+01   3.3111347841456002e+01
   5.5000000000000000e+01   3.2574973993392597e+01
   5.6000000000000000e+01   3.3036517178811103e+01
   5.7000000000000000e+01   3.3045953682653703e+01
   5.8000000000000000e+01   3.3356777543222400e+01
   5.9000000000000000e+01   3.3118367950162600e+01
   6.0000000000000000e+01   3.3358534696508002e+01
   6.1000000000000000e+01   3.3400695444467402e+01
   6.2000000000000000e+01   3.3362340312134997e+01
   6.3000000000000000e+01   3.3576083553742301e+01
   6.4000000000000000e+01   3.2425021327346400e+01
   6.5000000000000000e+01   3.2414036784159002e+01
   6.6000000000000000e+01   3.2675811397816403e+01
   6.7000000000000000e+01   3.2897145439569599e+01
   6.8000000000000000e+01   3.2648511816854302e+01
   6.9000000000000000e+01   3.2699179518551503e+01
   7.0000000000000000e+01   3.2704181393120798e+01
   7.1000000000000000e+01   3.2686408541680898e+01
   7.2000000000000000e+01   3.2949183459624400e+01
   7.3000000000000000e+01   3.3215722094615700e+01
   7.4000000000000000e+01   3.2876380441061698e+01
   7.5000000000000000e+01   3.2926067205013297e+01
   7.6000000000000000e+01   3.2548670429747297e+01
   7.7000000000000000e+01   3.2607037092207896e+01
   7.8000000000000000e+01   3.2708877602425197e+01
   7.9000000000000000e+01   3.2781418444010498e+01
   8.0000000000000000e+01   3.3072043263725597e+01
   8.1000000000000000e+01   3.3364377444676101e+01
   8.2000000000000000e+01   3.3838961315604003e+01
   8.3000000000000000e+01   3.3926617684323503e+01
   8.4000000000000000e+01   3.4004762890665198e+01
   8.5000000000000000e+01   3.3751591846635101e+01
   8.6000000000000000e+01   3.4178138173742802e+01
   8.7000000000000000e+01   3.4525248905649903e+01
   8.8000000000000000e+01   3.3818232075918999e+01
   8.9000000000000000e+01   3.3335310286775503e+01
   9.0000000000000000e+01   3.2863118925852802e+01
   9.1000000000000000e+01   3.3166703300590697e+01
   9.2000000000000000e+01   3.3925915517208303e+01
   9.3000000000000000e+01   3.4082049036976002e+01
   9.4000000000000000e+01   3.4403450034307298e+01
   9.5000000000000000e+01   3.4516169837832201e+01
   9.6000000000000000e+01   3.4357653920657498e+01
   9.7000000000000000e+01   3.4042236762663499e+01
   9.8000000000000000e+01   3.3641535574771297e+01
   9.9000000000000000e+01   3.3608200838864001e+01
   1.0000000000000000e+02   3.3749388399104802e+01
   1.0100000000000000e+02   3.4072128666411601e+01
   1.0200000000000000e+02   3.4174098754729101e+01
   1.0300000000000000e+02   3.4238667811062200e+01
   1.0400000000000000e+02   3.4404454711481698e+01
   1.0500000000000000e+02   3.4760532271169097e+01
   1.0600000000000000e+02   3.4598378615333900e+01
   1.0700000000000000e+02   3.4113908899634701e+01
   1.0800000000000000e+02   3.3894476905275901e+01
   1.0900000000000000e+02   3.4085857829108200e+01
   1.1000000000000000e+02   3.4432401745334801e+01
   1.1100000000000000e+02   3.4276664884313000e+01
   1.1200000000000000e+02   3.3905571340492401e+01
   1.1300000000000000e+02   3.4647574595381599e+01
   1.1400000000000000e+02   3.4687723088625297e+01
   1.1500000000000000e+02   3.4959348703704499e+01
   1.1600000000000000e+02   3.5437089079951200e+01
   1.1700000000000000e+02   3.5567723144247502e+01
   1.1800000000000000e+02   3.5626646513582600e+01
   1.1900000000000000e+02   3.5446033390784002e+01
   1.2000000000000000e+02   3.5633860888923202e+01
   1.2100000000000000e+02   3.5699461066583098e+01
   1.2200000000000000e+02   3.5396409098953200e+01
   1.2300000000000000e+02   3.5614530614417497e+01
   1.2400000000000000e+02   3.4953329601679101e+01
   1.2500000000000000e+02   3.5223435425579702e+01
   1.2600000000000000e+02   3.5128882615948598e+01
   1.2700000000000000e+02   3.4794049214146803e+01
   1.2800000000000000e+02   3.4527772226369002e+01
   1.2900000000000000e+02   3.3914294249675599e+01
   1.3000000000000000e+02   3.4272407770538599e+01
   1.3100000000000000e+02   3.3945476152390597e+01
   1.3200000000000000e+02   3.3959984540883397e+01
   1.3300000000000000e+02   3.4165653051560099e+01
   1.3400000000000000e+02   3.3766215393685002e+01
   1.3500000000000000e+02   3.3599039137263503e+01
   1.3600000000000000e+02   3.3900094032265798e+01
   1.3700000000000000e+02   3.4135611319618199e+01
   1.3800000000000000e+02   3.3848108327508598e+01
   1.3900000000000000e+02   3.3680012290495000e+01
   1.4000000000000000e+02   3.3477496368854602e+01
   1.4100000000000000e+02   3.3229756975937299e+01
   1.4200000000000000e+02   3.2961813029039000e+01
   1.4300000000000000e+02   3.3132814361924197e+01
   1.4400000000000000e+02   3.3087485126150902e+01
   1.4500000000000000e+02   3.3120251804746900e+01
   1.4600000000000000e+02   3.3018932670511397e+01
   1.4700000000000000e+02   3.2813410617593298e+01
   1.4800000000000000e+02   3.3072879128761500e+01
   1.4900000000000000e+02   3.3150697015316197e+01
   1.5000000000000000e+02   3.2741792687182503e+01
   1.5100000000000000e+02   3.3025403918891797e+01
   1.5200000000000000e+02   3.3163691381889500e+01
   1.5300000000000000e+02   3.2710940878576402e+01
   1.5400000000000000e+02   3.2933216969540801e+01
   1.5500000000000000e+02   3.2700735721960100e+01
   1.5600000000000000e+02   3.2961991864766901e+01
   1.5700000000000000e+02   3.3249077462122500e+01
   1.5800000000000000e+02   3.3397572164430798e+01
   1.5900000000000000e+02   3.3138963845910503e+01
   1.6000000000000000e+02   3.2955728842024300e+01
   1.6100000000000000e+02   3.3143295293142998e+01
   1.6200000000000000e+02   3.3030845321984202e+01
   1.6300000000000000e+02   3.2963043178289503e+01
   1.6400000000000000e+02   3.3192278718206502e+01
   1.6500000000000000e+02   3.2676672113613499e+01
   1.6600000000000000e+02   3.3038851650679298e+01
   1.6700000000000000e+02   3.3097573186528003e+01
   1.6800000000000000e+02   3.3209041830099302e+01
   1.6900000000000000e+02   3.3307665063151198e+01
   1.7000000000000000e+02   3.3083523909038703e+01
   1.7100000000000000e+02   3.3320839146333597e+01
   1.7200000000000000e+02   3.3378618030307500e+01
   1.7300000000000000e+02   3.3505784704174403e+01
   1.7400000000000000e+02   3.3680738607959597e+01
   1.7500000000000000e+02   3.3193311813859701e+01
   1.7600000000000000e+02   3.3568495700558998e+01
   1.7700000000000000e+02   3.3368351223200200e+01
   1.7800000000000000e+02   3.3404093057407003e+01
   1.7900000000000000e+02   3.3344891499745202e+01
   1.8000000000000000e+02   3.3115766437569697e+01
   1.8100000000000000e+02   3.2882680734068700e+01
   1.8200000000000000e+02   3.2534791470074602e+01
   1.8300000000000000e+02   3.2456867248306899e+01
   1.8400000000000000e+02   3.2578501449368098e+01
   1.8500000000000000e+02   3.2647300937212400e+01
   1.8600000000000000e+02   3.2571998652914701e+01
   1.8700000000000000e+02   3.2236399795487301e+01
   1.8800000000000000e+02   3.2100356289223598e+01
   1.8900000000000000e+02   3.1778019437091800e+01
   1.9000000000000000e+02   3.1654957573668199e+01
   1.9100000000000000e+02   3.1771311944124399e+01
   1.9200000000000000e+02   3.1529085572946300e+01
   1.9300000000000000e+02   3.1870790140486299e+01
   1.9400000000000000e+02   3.1552396481087801e+01
   1.9500000000000000e+02   3.1137565042382100e+01
   1.9600000000000000e+02   3.0930820311590999e+01
   1.9700000000000000e+02   3.0118937895759402e+01
   1.9800000000000000e+02   2.9966408135026899e+01
   1.9900000000000000e+02   3.0031995210666299e+01
   2.0000000000000000e+02   2.9992554627670099e+01
   2.0100000000000000e+02   2.9659438085973900e+01
   2.0200000000000000e+02   2.9532446509859199e+01
   2.0300000000000000e+02   2.9654606407044401e+01
   2.0400000000000000e+02   2.9843851021171201e+01
   2.0500000000000000e+02   2.9304160315467701e+01
   2.0600000000000000e+02   2.9635365952209501e+01
   2.0700000000000000e+02   3.0274951869152201e+01
   2.0800000000000000e+02   2.9877626881797902e+01
   2.0900000000000000e+02   2.9646311067767300e+01
   2.1000000000000000e+02   2.9392687531639400e+01
   2.1100000000000000e+02   2.9514971814153601e+01
   2.1200000000000000e+02   2.9323680968463400e+01
   2.1300000000000000e+02   2.9728938794775800e+01
   2.1400000000000000e+02   2.9594633783731201e+01
   2.1500000000000000e+02   2.9620045698285502e+01
   2.1600000000000000e+02   2.9392100584548700e+01
   2.1700000000000000e+02   2.9208344101422899e+01
   2.1800000000000000e+02   2.9290661864402100e+01
   2.1900000000000000e+02   2.8798686627141201e+01
   2.2000000000000000e+02   2.8521054775665799e+01
   2.2100000000000000e+02   2.8327630586215200e+01
   2.2200000000000000e+02   2.7766404259264199e+01
   2.2300000000000000e+02   2.7593862073705900e+01
   2.2400000000000000e+02   2.7463351103865701e+01
   2.2500000000000000e+02   2.7766089845372299e+01
   2.2600000000000000e+02   2.8102245071688898e+01
   2.2700000000000000e+02   2.7897255015834400e+01
   2.2800000000000000e+02   2.7480856251530799e+01
   2.2900000000000000e+02   2.7737620294076802e+01
   2.3000000000000000e+02   2.7987617971254899e+01
   2.3100000000000000e+02   2.7595257725218801e+01
   2.3200000000000000e+02   2.7450804272195700e+01
   2.3300000000000000e+02   2.7223693308656699e+01
   2.3400000000000000e+02   2.6998127756269799e+01
   2.3500000000000000e+02   2.6485160102005501e+01
   2.3600000000000000e+02   2.6447523769595598e+01
   2.3700000000000000e+02   2.5892737864143200e+01
   2.3800000000000000e+02   2.5768726427966602e+01
   2.3900000000000000e+02   2.5495329617804700e+01
   2.4000000000000000e+02   2.4954642804739802e+01
   2.4100000000000000e+02   2.4819622998661799e+01
   2.4200000000000000e+02   2.4339890860706500e+01
   2.4300000000000000e+02   2.4486073114658399e+01
   2.4400000000000000e+02   2.4331822890365402e+01
   2.4500000000000000e+02   2.4055877509947202e+01
   2.4600000000000000e+02   2.3113887417614499e+01
   2.4700000000000000e+02   2.3440133302109299e+01
   2.4800000000000000e+02   2.2914095232348199e+01
   2.4900000000000000e+02   2.2620600124341099e+01
   2.5000000000000000e+02   2.2538873011486700e+01
   2.5100000000000000e+02   2.2203824523809001e+01
   2.5200000000000000e+02   2.2353613185572300e+01
   2.5300000000000000e+02   2.2481215594855598e+01
   2.5400000000000000e+02   2.1941899813515899e+01
   2.5500000000000000e+02   2.1798176760188898e+01
   2.5600000000000000e+02   2.1754386373728298e+01
   2.5700000000000000e+02   2.1744495642225399e+01
   2.5800000000000000e+02   2.1209769316608899e+01
   2.5900000000000000e+02   2.0721571773785001e+01
   2.6000000000000000e+02   2.0878856983423798e+01
   2.6100000000000000e+02   2.0899488365703601e+01
   2.6200000000000000e+02   2.0891521920090000e+01
   2.6300000000000000e+02   2.0757687789815598e+01
   2.6400000000000000e+02   2.0103064052016599e+01
   2.6500000000000000e+02   2.0735698058253799e+01
   2.6600000000000000e+02   2.0485870953664001e+01
   2.6700000000000000e+02   2.0652882528087900e+01
   2.6800000000000000e+02   2.0408410092664301e+01
   2.6900000000000000e+02   2.0505846013529499e+01
   2.7000000000000000e+02   2.1016865150397201e+01
   2.7100000000000000e+02   2.0624109656179801e+01
   2.7200000000000000e+02   1.9913406400060101e+01
   2.7300000000000000e+02   2.0467392770734101e+01
   2.7400000000000000e+02   2.0579787752373701e+01
   2.7500000000000000e+02   1.9628230071013700e+01
   2.7600000000000000e+02   1.9105844570611399e+01
   2.7700000000000000e+02   1.9083716260745700e+01
   2.7800000000000000e+02   1.9036483066974899e+01
   2.7900000000000000e+02   1.9262818917000299e+01
   2.8000000000000000e+02   1.9021911417898000e+01
   2.8100000000000000e+02   1.9240268981593001e+01
   2.8200000000000000e+02   1.9199544000875100e+01
   2.8300000000000000e+02   1.8585311986727600e+01
   2.8400000000000000e+02   1.8491910329236401e+01
   2.8500000000000000e+02   1.8620265223715300e+01
   2.8600000000000000e+02   1.8558296479609599e+01
   2.8700000000000000e+02   1.8697166105387900e+01
   2.8800000000000000e+02   1.8636330404663099e+01
   2.8900000000000000e+02   1.9085375490831002e+01
   2.9000000000000000e+02   1.8687765393245400e+01
   2.9100000000000000e+02   1.8154302504668902e+01
   2.9200000000000000e+02   1.8021541120764901e+01
   2.9300000000000000e+02   1.8207081474170899e+01
   2.9400000000000000e+02   1.8178447219535101e+01
   2.9500000000000000e+02   1.8294511848570998e+01
   2.9600000000000000e+02   1.7587360587740601e+01
   2.9700000000000000e+02   1.7491906502700999e+01
   2.9800000000000000e+02   1.6614971877342999e+01
   2.9900000000000000e+02   1.6341520876015501e+01
   3.0000000000000000e+02   1.5854827610669600e+01
   3.0100000000000000e+02   1.5583485539513701e+01
   3.0200000000000000e+02   1.5821331353004700e+01
   3.0300000000000000e+02   1.5453199727623200e+01
   3.0400000000000000e+02   1.4861918611550200e+01
   3.0500000000000000e+02   1.4667639878949000e+01
   3.0600000000000000e+02   1.4542803119392101e+01
   3.0700000000000000e+02   1.3942619291038501e+01
   3.0800000000000000e+02   1.4101805744504100e+01
   3.0900000000000000e+02   1.3946798207979100e+01
   3.1000000000000000e+02   1.3730491831219700e+01
   3.1100000000000000e+02   1.3734741630166001e+01
   3.1200000000000000e+02   1.3622471022488201e+01
   3.1300000000000000e+02   1.3510979047346201e+01
   3.1400000000000000e+02   1.2998789348046101e+01
   3.1500000000000000e+02   1.2923255185450399e+01
   3.1600000000000000e+02   1.2481294429752401e+01
   3.1700000000000000e+02   1.2634495838095800e+01
   3.1800000000000000e+02   1.2447583423383101e+01
   3.1900000000000000e+02   1.2666661236254100e+01
   3.2000000000000000e+02   1.2095122627764900e+01
   3.2100000000000000e+02   1.2001306653335099e+01
   3.2200000000000000e+02   1.1890339679760000e+01
   3.2300000000000000e+02   1.1636895964442401e+01
   3.2400000000000000e+02   1.1595295482811901e+01
   3.2500000000000000e+02   1.1382500916152200e+01
   3.2600000000000000e+02   1.1133253847880400e+01
   3.2700000000000000e+02   1.1183077215594899e+01
   3.2800000000000000e+02   1.1036572155326100e+01
   3.2900000000000000e+02   1.0915893238614100e+01
   3.3000000000000000e+02   1.1004307954639900e+01
   3.3100000000000000e+02   1.0849411117193601e+01
   3.3200000000000000e+02   1.0504552040226800e+01
   3.3300000000000000e+02   1.0660067327154700e+01
   3.3400000000000000e+02   1.0564954572685700e+01
   3.3500000000000000e+02   1.0376906870606000e+01
   3.3600000000000000e+02   1.0149490916826799e+01
   3.3700000000000000e+02   9.8706755872329399e+00
   3.3800000000000000e+02   9.5139388723337799e+00
   3.3900000000000000e+02   9.3435055809444698e+00
   3.4000000000000000e+02   9.6795612870237697e+00
   3.4100000000000000e+02   9.3866296858606706e+00
   3.4200000000000000e+02   9.1162730111171104e+00
   3.4300000000000000e+02   8.9811113017443702e+00
   3.4400000000000000e+02   9.2522919388942704e+00
   3.4500000000000000e+02   9.1710287903981502e+00
   3.4600000000000000e+02   8.5406683865248603e+00
   3.4700000000000000e+02   8.5654069667911195e+00
   3.4800000000000000e+02   8.5604003150364001e+00
   3.4900000000000000e+02   8.2633740391817199e+00
   3.5000000000000000e+02   8.2826441383571296e+00
   3.5100000000000000e+02   7.7384593566868096e+00
   3.5200000000000000e+02   7.6162119008551299e+00
   3.5300000000000000e+02   7.9990399384215598e+00
   3.5400000000000000e+02   8.3727580522017409e+00
   3.5500000000000000e+02   8.7052189451079194e+00
   3.5600000000000000e+02   8.1287302775832799e+00
   3.5700000000000000e+02   8.0346671731455999e+00
   3.5800000000000000e+02   7.6606469698544597e+00
   3.5900000000000000e+02   7.1033999052144701e+00
   3.6000000000000000e+02   7.0100235275411498e+00
   3.6100000000000000e+02   6.6415137732409697e+00
   3.6200000000000000e+02   6.4709273630915103e+00
   3.6300000000000000e+02   6.0278013746121104e+00
   3.6400000000000000e+02   5.5155273109597598e+00
   3.6500000000000000e+02   5.6387038086307397e+00
   3.6600000000000000e+02   5.3458614765731802e+00
   3.6700000000000000e+02   4.7467772522992497e+00
   3.6800000000000000e+02   4.3221050893292796e+00
   3.6900000000000000e+02   3.8229077211930900e+00
   3.7000000000000000e+02   3.8062415554754798e+00
   3.7100000000000000e+02   3.7381411878993100e+00
   3.7200000000000000e+02   3.4047545489669799e+00
   3.7300000000000000e+02   2.9219956424373299e+00
   3.7400000000000000e+02   2.7884888661507001e+00
   3.7500000000000000e+02   2.8655511245026699e+00
   3.7600000000000000e+02   2.0377221551781299e+00
   3.7700000000000000e+02   2.1050117247782900e+00
   3.7800000000000000e+02   2.3545568470453300e+00
   3.7900000000000000e+02   2.0359193698273401e+00
   3.8000000000000000e+02   1.5475655622334501e+00
   3.8100000000000000e+02   1.4829177295986300e+00
   3.8200000000000000e+02   1.1495721698930099e+00
   3.8300000000000000e+02   1.0535628627301801e+00
   3.8400000000000000e+02   8.4776639538793896e-01
   3.8500000000000000e+02   6.6420441183640100e-01
   3.8600000000000000e+02   9.2179108206451699e-02
   3.8700000000000000e+02  -4.8702426528105403e-01
   3.8800000000000000e+02  -7.2223048868767403e-01
   3.8900000000000000e+02  -1.6238979509423599e+00
   3.9000000000000000e+02  -2.0179931013671899e+00
   3.9100000000000000e+02  -2.5377611217462399e+00
   3.9200000000000000e+02  -3.0113299046636102e+00
   3.9300000000000000e+02  -3.1712490217727600e+00
   3.9400000000000000e+02  -3.2412953469279899e+00
   3.9500000000000000e+02  -3.8284457432880399e+00
   3.9600000000000000e+02  -4.2035194610921902e+00
   3.9700000000000000e+02  -4.4731976547985699e+00
   3.9800000000000000e+02  -5.1500686149613797e+00
   3.9900000000000000e+02  -5.7284328717257900e+00
   4.0000000000000000e+02  -5.9448625265751804e+00
   4.0100000000000000e+02  -6.1547069277469904e+00
   4.0200000000000000e+02  -6.0569379129288103e+00
   4.0300000000000000e+02  -6.0273731106955699e+00
   4.0400000000000000e+02  -6.0634278216292703e+00
   4.0500000000000000e+02  -6.2596204155491000e+00
   4.0600000000000000e+02  -6.4686656375315801e+00
   4.0700000000000000e+02  -6.6357395435601898e+00
   4.0800000000000000e+02  -7.2997090823499899e+00
   4.0900000000000000e+02  -8.1574695763461609e+00
   4.1000000000000000e+02  -8.7125235494774405e+00
   4.1100000000000000e+02  -9.1602600913628205e+00
   4.1200000000000000e+02  -9.4453305334399307e+00
   4.1300000000000000e+02  -9.6626956768042103e+00
   4.1400000000000000e+02  -1.0250858070965601e+01
   4.1500000000000000e+02  -1.0639629522820201e+01
   4.1600000000000000e+02  -1.1415499876328299e+01
   4.1700000000000000e+02  -1.1621633006812100e+01
   4.1800000000000000e+02  -1.1591335177425400e+01
   4.1900000000000000e+02  -1.1718550552770800e+01
   4.2000000000000000e+02  -1.2004615357978100e+01
   4.2100000000000000e+02  -1.2184335571887500e+01
   4.2200000000000000e+02  -1.2625352542524199e+01
   4.2300000000000000e+02  -1.3304596028137400e+01
   4.2400000000000000e+02  -1.3636965739708700e+01
   4.2500000000000000e+02  -1.4068895829831099e+01
   4.2600000000000000e+02  -1.4745977984472400e+01
   4.2700000000000000e+02  -1.5087051978080501e+01
   4.2800000000000000e+02  -1.5235747284974501e+01
   4.2900000000000000e+02  -1.5816512108942799e+01
   4.3000000000000000e+02  -1.6293088608587102e+01
   4.3100000000000000e+02  -1.6837523871526098e+01
   4.3200000000000000e+02  -1.7263584155249699e+01
   4.3300000000000000e+02  -1.7723484674596499e+01
   4.3400000000000000e+02  -1.8237415452725799e+01
   4.3500000000000000e+02  -1.7866242048389701e+01
   4.3600000000000000e+02  -1.8038350116203901e+01
   4.3700000000000000e+02  -1.8747610122317099e+01
   4.3800000000000000e+02  -1.9483535725590301e+01
   4.3900000000000000e+02  -1.9585926062635799e+01
   4.4000000000000000e+02  -2.0425847609565100e+01
   4.4100000000000000e+02  -2.1065931094333401e+01
   4.4200000000000000e+02  -2.0894897202856800e+01
   4.4300000000000000e+02  -2.1640270375619998e+01
   4.4400000000000000e+02  -2.2301317110278902e+01
   4.4500000000000000e+02  -2.2621228828071601e+01
   4.4600000000000000e+02  -2.3147116766819700e+01
   4.4700000000000000e+02  -2.3516598825155899e+01
   4.4800000000000000e+02  -2.3929993912794501e+01
   4.4900000000000000e+02  -2.4639304331110999e+01
   4.5000000000000000e+02  -2.4946782798971601e+01
   4.5100000000000000e+02  -2.5879588432748900e+01
   4.5200000000000000e+02  -2.6406470778949899e+01
   4.5300000000000000e+02  -2.5962227685003398e+01
   4.5400000000000000e+02  -2.6415098958615999e+01
   4.5500000000000000e+02  -2.6789849542820701e+01
   4.5600000000000000e+02  -2.7490049045236500e+01
   4.5700000000000000e+02  -2.8503884961118398e+01
   4.5800000000000000e+02  -2.9239276951270998e+01
   4.5900000000000000e+02  -2.9733621640012501e+01
   4.6000000000000000e+02  -3.0237768411299601e+01
   4.6100000000000000e+02  -3.1102379042570401e+01
   4.6200000000000000e+02  -3.2198062477880597e+01
   4.6300000000000000e+02  -3.2359953476114100e+01
   4.6400000000000000e+02  -3.3071651824389797e+01
   4.6500000000000000e+02  -3.3422469313625903e+01
   4.6600000000000000e+02  -3.3928357201666003e+01
   4.6700000000000000e+02  -3.4575393257129797e+01
   4.6800000000000000e+02  -3.5604518198677901e+01
   4.6900000000000000e+02  -3.6268569531538198e+01
   4.7000000000000000e+02  -3.6719991286001303e+01
   4.7100000000000000e+02  -3.7539295433911199e+01
   4.7200000000000000e+02  -3.7706732492306799e+01
   4.7300000000000000e+02  -3.7701528852759800e+01
   4.7400000000000000e+02  -3.7973934202693300e+01
   4.7500000000000000e+02  -3.8489830535496402e+01
   4.7600000000000000e+02  -3.9239134871020703e+01
   4.7700000000000000e+02  -3.9526186736126299e+01
   4.7800000000000000e+02  -3.9748343885201997e+01
   4.7900000000000000e+02  -4.0424808648125200e+01
   4.8000000000000000e+02  -4.0317920421306098e+01
   4.8100000000000000e+02  -4.0560877652347799e+01
   4.8200000000000000e+02  -4.1312608667329201e+01
   4.8300000000000000e+02  -4.1488830664742800e+01
   4.8400000000000000e+02  -4.2045407833170501e+01
   4.8500000000000000e+02  -4.2217359130175403e+01
   4.8600000000000000e+02  -4.2707283803963101e+01
   4.8700000000000000e+02  -4.3044213108998399e+01
   4.8800000000000000e+02  -4.3086875275267197e+01
   4.8900000000000000e+02  -4.3225565203588900e+01
   4.9000000000000000e+02  -4.3538735685870201e+01
   4.9100000000000000e+02  -4.3359936240262599e+01
   4.9200000000000000e+02  -4.3693852475421700e+01
   4.9300000000000000e+02  -4.4201507005142503e+01
   4.9400000000000000e+02  -4.4696447934720602e+01
   4.9500000000000000e+02  -4.5199350290640197e+01
   4.9600000000000000e+02  -4.5706219340854901e+01
   4.9700000000000000e+02  -4.5678313853760997e+01
   4.9800000000000000e+02  -4.5820390005929397e+01
   4.9900000000000000e+02  -4.6618070672905702e+01
   5.0000000000000000e+02  -4.6904359094211401e+01
   5.0100000000000000e+02  -4.7544385669104898e+01
   5.0200000000000000e+02  -4.7645678922807001e+01
   5.0300000000000000e+02  -4.8133518059129997e+01
   5.0400000000000000e+02  -4.8819568817786603e+01
   5.0500000000000000e+02  -4.8775089740060501e+01
   5.0600000000000000e+02  -4.9371456243354402e+01
   5.0700000000000000e+02  -4.9774886751880501e+01
   5.0800000000000000e+02  -4.9864446670719197e+01
   5.0900000000000000e+02  -5.0054835082278998e+01
   5.1000000000000000e+02  -5.0616753744335398e+01
   5.1100000000000000e+02  -5.1067300602964501e+01
   5.1200000000000000e+02  -5.1571029670747301e+01
   5.1300000000000000e+02  -5.1972052614808298e+01
   5.1400000000000000e+02  -5.2056920157603102e+01
   5.1500000000000000e+02  -5.2128304072688600e+01
   5.1600000000000000e+02  -5.3116986522049103e+01
   5.1700000000000000e+02  -5.4068989205806197e+01
   5.1800000000000000e+02  -5.4475124182712598e+01
   5.1900000000000000e+02  -5.5180456330169697e+01
   5.2000000000000000e+02  -5.6563818315988797e+01
   5.2100000000000000e+02  -5.7280806450439499e+01
   5.2200000000000000e+02  -5.7355226162944398e+01
   5.2300000000000000e+02  -5.7645149007400597e+01
   5.2400000000000000e+02  -5.8473225071807299e+01
   5.2500000000000000e+02  -5.8517188899801198e+01
   5.2600000000000000e+02  -5.8884837915586402e+01
   5.2700000000000000e+02  -5.9177073992111701e+01
   5.2800000000000000e+02  -5.9893947694607597e+01
   5.2900000000000000e+02  -6.0159937405198399e+01
   5.3000000000000000e+02  -6.0516296475952700e+01
   5.3100000000000000e+02  -6.1164179936872301e+01
   5.3200000000000000e+02  -6.1982420154830599e+01
   5.3300000000000000e+02  -6.2431119304969201e+01
   5.3400000000000000e+02  -6.2950290361593900e+01
   5.3500000000000000e+02  -6.3481110203609497e+01
   5.3600000000000000e+02  -6.3873218753218403e+01
   5.3700000000000000e+02  -6.4222930034329707e+01
   5.3800000000000000e+02  -6.4693258178706600e+01
   5.3900000000000000e+02  -6.5603057576514999e+01
   5.4000000000000000e+02  -6.5475402028031098e+01
   5.4100000000000000e+02  -6.6062049629736194e+01
   5.4200000000000000e+02  -6.6534594632642097e+01
   5.4300000000000000e+02  -6.6593214401208400e+01
   5.4400000000000000e+02  -6.7369939353724604e+01
   5.4500000000000000e+02  -6.7260415527613802e+01
   5.4600000000000000e+02  -6.7040063501616004e+01
   5.4700000000000000e+02  -6.7429221955135006e+01
   5.4800000000000000e+02  -6.7901817592480896e+01
   5.4900000000000000e+02  -6.7751518423619004e+01
   5.5000000000000000e+02  -6.8324225794716497e+01
   5.5100000000000000e+02  -6.9038944227950793e+01
   5.5200000000000000e+02  -6.8771222650098196e+01
   5.5300000000000000e+02  -6.8801523731237197e+01
   5.5400000000000000e+02  -6.8996401822577695e+01
   5.5500000000000000e+02  -6.9223922711325798e+01
   5.5600000000000000e+02  -6.9355040758653402e+01
   5.5700000000000000e+02  -7.0131569335467702e+01
   5.5800000000000000e+02  -7.0712788154535403e+01
   5.5900000000000000e+02  -7.1171032669574501e+01
   5.6000000000000000e+02  -7.1471516361696203e+01
   5.6100000000000000e+02  -7.1250397316811600e+01
   5.6200000000000000e+02  -7.1306372085667107e+01
   5.6300000000000000e+02  -7.1195274796855003e+01
   5.6400000000000000e+02  -7.1163931892221100e+01
   5.6500000000000000e+02  -7.2078451896628295e+01
   5.6600000000000000e+02  -7.3016134427896901e+01
   5.6700000000000000e+02  -7.3160721219091997e+01
   5.6800000000000000e+02  -7.3365441456030695e+01
   5.6900000000000000e+02  -7.3653919568592599e+01
   5.7000000000000000e+02  -7.3881541799089007e+01
   5.7100000000000000e+02  -7.4143558924626305e+01
   5.7200000000000000e+02  -7.4142103162354800e+01
   5.7300000000000000e+02  -7.4732449041250504e+01
   5.7400000000000000e+02  -7.4396266663395707e+01
   5.7500000000000000e+02  -7.4385755254203005e+01
   5.7600000000000000e+02  -7.4320811070918495e+01
   5.7700000000000000e+02  -7.3971168386033199e+01
   5.7800000000000000e+02  -7.4289316227708298e+01
   5.7900000000000000e+02  -7.4361267124143396e+01
   5.8000000000000000e+02  -7.4362380363119598e+01
   5.8100000000000000e+02  -7.4263862951948497e+01
   5.8200000000000000e+02  -7.4797466512444899e+01
   5.8300000000000000e+02  -7.4795987863206093e+01
   5.8400000000000000e+02  -7.4747883057205101e+01
   5.8500000000000000e+02  -7.5493111923174496e+01
   5.8600000000000000e+02  -7.6131959160707794e+01
   5.8700000000000000e+02  -7.6392181936574701e+01
   5.8800000000000000e+02  -7.6353555047704504e+01
   5.8900000000000000e+02  -7.6053967368205704e+01
   5.9000000000000000e+02  -7.6131398145639395e+01
   5.9100000000000000e+02  -7.6472816763948202e+01
   5.9200000000000000e+02  -7.5901823284420701e+01
   5.9300000000000000e+02  -7.5895859575898001e+01
   5.9400000000000000e+02  -7.5879143497118704e+01
   5.9500000000000000e+02  -7.5318210021528202e+01
   5.9600000000000000e+02  -7.5315743833163197e+01
   5.9700000000000000e+02  -7.4967735299846098e+01
   5.9800000000000000e+02  -7.4816684012226304e+01
   5.9900000000000000e+02  -7.4455516766365605e+01
   6.0000000000000000e+02  -7.4969944408714497e+01
   6.0100000000000000e+02  -7.5019069056571098e+01
   6.0200000000000000e+02  -7.5010439496526601e+01
   6.0300000000000000e+02  -7.5228913272621298e+01
   6.0400000000000000e+02  -7.5409632896414905e+01
   6.0500000000000000e+02  -7.6022357007736602e+01
   6.0600000000000000e+02  -7.6353320728398003e+01
   6.0700000000000000e+02  -7.6436092840010303e+01
   6.0800000000000000e+02  -7.5924133068077893e+01
   6.0900000000000000e+02  -7.5882108861635800e+01
   6.1000000000000000e+02  -7.6383744602533596e+01
   6.1100000000000000e+02  -7.5745615786707802e+01
   6.1200000000000000e+02  -7.6041548570614594e+01
   6.1300000000000000e+02  -7.5493704291108699e+01
   6.1400000000000000e+02  -7.5664221125092695e+01
   6.1500000000000000e+02  -7.6146082920647004e+01
   6.1600000000000000e+02  -7.6005257058059698e+01
   6.1700000000000000e+02  -7.6496421341984004e+01
   6.1800000000000000e+02  -7.6311458802384095e+01
   6.1900000000000000e+02  -7.6379556672329500e+01
   6.2000000000000000e+02  -7.6642172929986501e+01
   6.2100000000000000e+02  -7.6978926896803202e+01
   6.2200000000000000e+02  -7.6358061047824293e+01
   6.2300000000000000e+02  -7.6309821030502107e+01
   6.2400000000000000e+02  -7.6218469897999597e+01
   6.2500000000000000e+02  -7.6680908061260894e+01
   6.2600000000000000e+02  -7.6347612947236499e+01
   6.2700000000000000e+02  -7.6623877975648995e+01
   6.2800000000000000e+02  -7.6586370069327899e+01
   6.2900000000000000e+02  -7.6276924694361597e+01
   6.3000000000000000e+02  -7.6689171140136693e+01
   6.3100000000000000e+02  -7.6595648361575698e+01
   6.3200000000000000e+02  -7.6715322944071005e+01
   6.3300000000000000e+02  -7.6644166334870704e+01
   6.3400000000000000e+02  -7.6658721311699594e+01
   6.3500000000000000e+02  -7.6717403450350801e+01
   6.3600000000000000e+02  -7.6468445844887199e+01
   6.3700000000000000e+02  -7.6891193913951398e+01
   6.3800000000000000e+02  -7.6654353424525794e+01
   6.3900000000000000e+02  -7.6419371956428904e+01
   6.4000000000000000e+02  -7.6736026925640900e+01
   6.4100000000000000e+02  -7.6573561072147896e+01
   6.4200000000000000e+02  -7.6500435734848395e+01
   6.4300000000000000e+02  -7.6554384402093802e+01
   6.4400000000000000e+02  -7.5743747295106203e+01
   6.4500000000000000e+02  -7.5120227705089704e+01
   6.4600000000000000e+02  -7.5578302236808398e+01
   6.4700000000000000e+02  -7.5634762667303605e+01
   6.4800000000000000e+02  -7.6348825276384105e+01
   6.4900000000000000e+02  -7.6167881355838105e+01
   6.5000000000000000e+02  -7.5958405236496802e+01
   6.5100000000000000e+02  -7.5917373881598095e+01
   6.5200000000000000e+02  -7.6212460237998400e+01
   6.5300000000000000e+02  -7.6645248397902606e+01
   6.5400000000000000e+02  -7.6533590697578504e+01
   6.5500000000000000e+02  -7.6717701795162000e+01
   6.5600000000000000e+02  -7.6558852927741796e+01
   6.5700000000000000e+02  -7.6433346655209604e+01
   6.5800000000000000e+02  -7.6328937807575201e+01
   6.5900000000000000e+02  -7.6614442680955804e+01
   6.6000000000000000e+02  -7.6669884727946894e+01
   6.6100000000000000e+02  -7.6717198848537393e+01
   6.6200000000000000e+02  -7.6907392647471198e+01
   6.6300000000000000e+02  -7.6849410230791705e+01
   6.6400000000000000e+02  -7.7189697749040704e+01
   6.6500000000000000e+02  -7.7505551741643998e+01
   6.6600000000000000e+02  -7.7676081240240407e+01
   6.6700000000000000e+02  -7.7783840728101396e+01
   6.6800000000000000e+02  -7.7957444467767601e+01
   6.6900000000000000e+02  -7.7728371258446899e+01
   6.7000000000000000e+02  -7.7895847170942503e+01
   6.7100000000000000e+02  -7.7875490873428504e+01
   6.7200000000000000e+02  -7.7617600439094105e+01
   6.7300000000000000e+02  -7.7443825201901902e+01
   6.7400000000000000e+02  -7.7443228355928994e+01
   6.7500000000000000e+02  -7.7472291422914495e+01
   6.7600000000000000e+02  -7.7558830317821901e+01
   6.7700000000000000e+02  -7.7069192152471402e+01
   6.7800000000000000e+02  -7.7008779142427301e+01
   6.7900000000000000e+02  -7.6545164998409305e+01
   6.8000000000000000e+02  -7.6506281406913601e+01
   6.8100000000000000e+02  -7.6859625469237599e+01
   6.8200000000000000e+02  -7.7229288797814704e+01
   6.8300000000000000e+02  -7.7105546838456405e+01
   6.8400000000000000e+02  -7.6903523949653803e+01
   6.8500000000000000e+02  -7.7541620287284999e+01
   6.8600000000000000e+02  -7.7377558181528897e+01
   6.8700000000000000e+02  -7.6939181564121697e+01
   6.8800000000000000e+02  -7.6903256624926499e+01
   6.8900000000000000e+02  -7.7530226909206505e+01
   6.9000000000000000e+02  -7.7273075533237702e+01
   6.9100000000000000e+02  -7.7654860491207600e+01
   6.9200000000000000e+02  -7.8135620236535900e+01
   6.9300000000000000e+02  -7.8110421645539205e+01
   6.9400000000000000e+02  -7.7984636608382203e+01
   6.9500000000000000e+02  -7.7797254759215207e+01
   6.9600000000000000e+02  -7.7711132999349104e+01
   6.9700000000000000e+02  -7.7565037390219402e+01
   6.9800000000000000e+02  -7.7787640395808396e+01
   6.9900000000000000e+02  -7.7376843387188799e+01
   7.0000000000000000e+02  -7.7721889932602707e+01
   7.0100000000000000e+02  -7.7267494523457700e+01
   7.0200000000000000e+02  -7.7051280117982699e+01
   7.0300000000000000e+02  -7.7669556049369106e+01
   7.0400000000000000e+02  -7.7355721848258497e+01
   7.0500000000000000e+02  -7.6787401199572898e+01
   7.0600000000000000e+02  -7.7036293316510594e+01
   7.0700000000000000e+02  -7.6886276720109606e+01
   7.0800000000000000e+02  -7.6856522352539798e+01
   7.0900000000000000e+02  -7.7085702246503999e+01
   7.1000000000000000e+02  -7.6949009570008599e+01
   7.1100000000000000e+02  -7.7145768729094897e+01
   7.1200000000000000e+02  -7.6858647057753700e+01
   7.1300000000000000e+02  -7.6873806193614300e+01
   7.1400000000000000e+02  -7.6602205071338901e+01
   7.1500000000000000e+02  -7.6353896642514002e+01
   7.1600000000000000e+02  -7.6337824388957998e+01
   7.1700000000000000e+02  -7.5927867734222602e+01
   7.1800000000000000e+02  -7.5945194411543000e+01
   7.1900000000000000e+02  -7.5659571185101498e+01
   7.2000000000000000e+02  -7.6027877274544096e+01
   7.2100000000000000e+02  -7.6845897779374994e+01
   7.2200000000000000e+02  -7.6747226756244203e+01
   7.2300000000000000e+02  -7.6663564704070794e+01
   7.2400000000000000e+02  -7.7098893857781903e+01
   7.2500000000000000e+02  -7.7789187544489906e+01
   7.2600000000000000e+02  -7.7579726644777395e+01
   7.2700000000000000e+02  -7.7361193792128901e+01
   7.2800000000000000e+02  -7.7340059490025496e+01
   7.2900000000000000e+02  -7.6937546302822199e+01
   7.3000000000000000e+02  -7.6445928672915898e+01
   7.3100000000000000e+02  -7.6468655806257999e+01
   7.3200000000000000e+02  -7.6439550168470603e+01
   7.3300000000000000e+02  -7.6778348334467594e+01
   7.3400000000000000e+02  -7.6517590337044794e+01
   7.3500000000000000e+02  -7.6607611839307395e+01
   7.3600000000000000e+02  -7.6477234739007002e+01
   7.3700000000000000e+02  -7.6694498640821607e+01
   7.3800000000000000e+02  -7.6532920685098304e+01
   7.3900000000000000e+02  -7.6495060566807098e+01
   7.4000000000000000e+02  -7.6467766903293395e+01
   7.4100000000000000e+02  -7.6332119099471598e+01
   7.4200000000000000e+02  -7.6244789130817793e+01
   7.4300000000000000e+02  -7.6218792108110904e+01
   7.4400000000000000e+02  -7.6372462721038602e+01
   7.4500000000000000e+02  -7.5745085826090701e+01
   7.4600000000000000e+02  -7.6126199024330404e+01
   7.4700000000000000e+02  -7.6527991217338794e+01
   7.4800000000000000e+02  -7.6314556957778294e+01
   7.4900000000000000e+02  -7.6854857181165002e+01
   7.5000000000000000e+02  -7.6651729527041198e+01
   7.5100000000000000e+02  -7.6447531461380507e+01
   7.5200000000000000e+02  -7.6575441704196905e+01
   7.5300000000000000e+02  -7.6495432743611403e+01
   7.5400000000000000e+02  -7.6654927500983902e+01
   7.5500000000000000e+02  -7.6992217178645106e+01
   7.5600000000000000e+02  -7.6989797535872100e+01
   7.5700000000000000e+02  -7.7197918943025499e+01
   7.5800000000000000e+02  -7.7419965320006895e+01
   7.5900000000000000e+02  -7.7200692539342697e+01
   7.6000000000000000e+02  -7.7360091334041698e+01
   7.6100000000000000e+02  -7.7395542233876895e+01
   7.6200000000000000e+02  -7.7053998578775705e+01
   7.6300000000000000e+02  -7.6647144881339500e+01
   7.6400000000000000e+02  -7.6659085622426204e+01
   7.6500000000000000e+02  -7.6523819178677002e+01
   7.6600000000000000e+02  -7.6476208495471298e+01
   7.6700000000000000e+02  -7.6678326583013302e+01
   7.6800000000000000e+02  -7.6638430105823403e+01
   7.6900000000000000e+02  -7.7167258168968502e+01
   7.7000000000000000e+02  -7.7165754838379698e+01
   7.7100000000000000e+02  -7.7400220415816193e+01
   7.7200000000000000e+02  -7.7479001053954306e+01
   7.7300000000000000e+02  -7.7581466469844003e+01
   7.7400000000000000e+02  -7.7888285292142896e+01
   7.7500000000000000e+02  -7.8213882002131598e+01
   7.7600000000000000e+02  -7.7807249366721607e+01
   7.7700000000000000e+02  -7.7466039105450903e+01
   7.7800000000000000e+02  -7.6926152531358596e+01
   7.7900000000000000e+02  -7.7046523506756202e+01
   7.8000000000000000e+02  -7.6215169677437601e+01
   7.8100000000000000e+02  -7.6454448434282497e+01
   7.8200000000000000e+02  -7.6364165866838903e+01
   7.8300000000000000e+02  -7.6393661927541899e+01
   7.8400000000000000e+02  -7.6569490288687206e+01
   7.8500000000000000e+02  -7.6602407984517697e+01
   7.8600000000000000e+02  -7.6447146204306193e+01
   7.8700000000000000e+02  -7.6630753196212396e+01
   7.8800000000000000e+02  -7.6741268686615300e+01
   7.8900000000000000e+02  -7.6733628932701507e+01
   7.9000000000000000e+02  -7.6813115136532900e+01
   7.9100000000000000e+02  -7.7131863088608398e+01
   7.9200000000000000e+02  -7.7268817234828404e+01
   7.9300000000000000e+02  -7.6576771876275401e+01
   7.9400000000000000e+02  -7.5758150989155297e+01
   7.9500000000000000e+02  -7.5881471007638297e+01
   7.9600000000000000e+02  -7.5902168048737096e+01
   7.9700000000000000e+02  -7.5766094889189702e+01
   7.9800000000000000e+02  -7.6008391139847504e+01
   7.9900000000000000e+02  -7.5728250064465101e+01
   8.0000000000000000e+02  -7.5949820766781698e+01
   8.0100000000000000e+02  -7.5784447670435000e+01
   8.0200000000000000e+02  -7.5978258919913600e+01
   8.0300000000000000e+02  -7.5641145137288504e+01
   8.0400000000000000e+02  -7.5358339977140005e+01
   8.0500000000000000e+02  -7.5191928958656803e+01
   8.0600000000000000e+02  -7.5415394247047601e+01
   8.0700000000000000e+02  -7.5390792155069803e+01
   8.0800000000000000e+02  -7.5372242261950802e+01
   8.0900000000000000e+02  -7.5030251800697897e+01
   8.1000000000000000e+02  -7.4673244466262901e+01
   8.1100000000000000e+02  -7.4823240237502304e+01
   8.1200000000000000e+02  -7.5039901455264896e+01
   8.1300000000000000e+02  -7.4456623516576499e+01
   8.1400000000000000e+02  -7.4092815786406902e+01
   8.1500000000000000e+02  -7.3962853284454695e+01
   8.1600000000000000e+02  -7.4478533738842899e+01
   8.1700000000000000e+02  -7.4475447520657696e+01
   8.1800000000000000e+02  -7.4541906913827006e+01
   8.1900000000000000e+02  -7.5082991289386896e+01
   8.2000000000000000e+02  -7.5119346552352496e+01
   8.2100000000000000e+02  -7.5626501138319796e+01
   8.2200000000000000e+02  -7.5472464645737602e+01
   8.2300000000000000e+02  -7.5562463196068506e+01
   8.2400000000000000e+02  -7.5029289214335705e+01
   8.2500000000000000e+02  -7.4953618742948393e+01
   8.2600000000000000e+02  -7.4954462479436700e+01
   8.2700000000000000e+02  -7.5064423453717495e+01
   8.2800000000000000e+02  -7.5032770929109603e+01
   8.2900000000000000e+02  -7.4544728924980902e+01
   8.3000000000000000e+02  -7.4292832061888603e+01
   8.3100000000000000e+02  -7.4675908616493700e+01
   8.3200000000000000e+02  -7.5049962730008204e+01
   8.3300000000000000e+02  -7.5131105685997298e+01
   8.3400000000000000e+02  -7.5168297203895605e+01
   8.3500000000000000e+02  -7.5057442042124705e+01
   8.3600000000000000e+02  -7.5511461984100805e+01
   8.3700000000000000e+02  -7.5799944982343504e+01
   8.3800000000000000e+02  -7.5382291964046402e+01
   8.3900000000000000e+02  -7.5754780916002701e+01
   8.4000000000000000e+02  -7.6266250229879006e+01
   8.4100000000000000e+02  -7.5892457979699401e+01
   8.4200000000000000e+02  -7.6102447176086997e+01
   8.4300000000000000e+02  -7.6374631522247199e+01
   8.4400000000000000e+02  -7.6524375413571903e+01
   8.4500000000000000e+02  -7.6967492061035301e+01
   8.4600000000000000e+02  -7.6661154621152406e+01
   8.4700000000000000e+02  -7.6592240204172199e+01
   8.4800000000000000e+02  -7.6660254102502194e+01
   8.4900000000000000e+02  -7.6478326599835299e+01
   8.5000000000000000e+02  -7.6144514282898896e+01
   8.5100000000000000e+02  -7.6121637611409597e+01
   8.5200000000000000e+02  -7.5902025768402694e+01
   8.5300000000000000e+02  -7.5984401003688902e+01
   8.5400000000000000e+02  -7.5534762456645197e+01
   8.5500000000000000e+02  -7.5257131182075199e+01
   8.5600000000000000e+02  -7.5330255868071902e+01
   8.5700000000000000e+02  -7.5557494190767102e+01
   8.5800000000000000e+02  -7.5815088350762807e+01
   8.5900000000000000e+02  -7.5657520930993400e+01
   8.6000000000000000e+02  -7.5790553708545403e+01
   8.6100000000000000e+02  -7.5192876862478400e+01
   8.6200000000000000e+02  -7.5605479380788594e+01
   8.6300000000000000e+02  -7.5283090420844204e+01
   8.6400000000000000e+02  -7.5218091970994905e+01
   8.6500000000000000e+02  -7.5373463530246994e+01
   8.6600000000000000e+02  -7.5222186574258401e+01
   8.6700000000000000e+02  -7.5615090716780998e+01
   8.6800000000000000e+02  -7.5227753382687595e+01
   8.6900000000000000e+02  -7.5027937649092095e+01
   8.7000000000000000e+02  -7.5068732447354904e+01
   8.7100000000000000e+02  -7.4800852761536504e+01
   8.7200000000000000e+02  -7.5063099115488797e+01
   8.7300000000000000e+02  -7.4706889001575306e+01
   8.7400000000000000e+02  -7.4421949005542302e+01
   8.7500000000000000e+02  -7.4358826795433998e+01
   8.7600000000000000e+02  -7.4835187605890894e+01
   8.7700000000000000e+02  -7.5176044915926596e+01
   8.7800000000000000e+02  -7.5041723996262704e+01
   8.7900000000000000e+02  -7.5221232657888606e+01
   8.8000000000000000e+02  -7.5183373699293497e+01
   8.8100000000000000e+02  -7.4676456547252499e+01
   8.8200000000000000e+02  -7.4799722131739699e+01
   8.8300000000000000e+02  -7.4583946972056197e+01
   8.8400000000000000e+02  -7.4699536566915697e+01
   8.8500000000000000e+02  -7.4357811458069705e+01
   8.8600000000000000e+02  -7.4482363197666899e+01
   8.8700000000000000e+02  -7.4548873058083302e+01
   8.8800000000000000e+02  -7.4675030396403400e+01
   8.8900000000000000e+02  -7.4624133792341198e+01
   8.9000000000000000e+02  -7.4467663782981703e+01
   8.9100000000000000e+02  -7.4286279502656100e+01
   8.9200000000000000e+02  -7.4023640485788306e+01
   8.9300000000000000e+02  -7.4242854020886099e+01
   8.9400000000000000e+02  -7.4461430330139805e+01
   8.9500000000000000e+02  -7.3957250243455206e+01
   8.9600000000000000e+02  -7.4139141842313094e+01
   8.9700000000000000e+02  -7.4135217863147702e+01
   8.9800000000000000e+02  -7.4430504605788798e+01
   8.9900000000000000e+02  -7.4287097182258407e+01
   9.0000000000000000e+02  -7.4364771743627998e+01
   9.0100000000000000e+02  -7.4276338476339404e+01
   9.0200000000000000e+02  -7.4143153051751497e+01
   9.0300000000000000e+02  -7.4376193047585900e+01
   9.0400000000000000e+02  -7.4240724039739305e+01
   9.0500000000000000e+02  -7.4631265423486994e+01
   9.0600000000000000e+02  -7.4501166180509600e+01
   9.0700000000000000e+02  -7.4410508498998595e+01
   9.0800000000000000e+02  -7.4161774657140597e+01
   9.0900000000000000e+02  -7.4335354310160000e+01
   9.1000000000000000e+02  -7.4275324145319402e+01
   9.1100000000000000e+02  -7.4279252964282193e+01
   9.1200000000000000e+02  -7.4167188809311995e+01
   9.1300000000000000e+02  -7.4438924921914406e+01
   9.1400000000000000e+02  -7.4665063603723794e+01
   9.1500000000000000e+02  -7.4883188223699094e+01
   9.1600000000000000e+02  -7.4690199210076202e+01
   9.1700000000000000e+02  -7.4675794992803901e+01
   9.1800000000000000e+02  -7.4949003804682405e+01
   9.1900000000000000e+02  -7.4701469147475905e+01
   9.2000000000000000e+02  -7.4701602252062798e+01
   9.2100000000000000e+02  -7.4775952946464102e+01
   9.2200000000000000e+02  -7.4909589048274896e+01
   9.2300000000000000e+02  -7.5387624534343701e+01
   9.2400000000000000e+02  -7.5361508698727505e+01
   9.2500000000000000e+02  -7.5568031749155693e+01
   9.2600000000000000e+02  -7.5143741720679898e+01
   9.2700000000000000e+02  -7.4972204201037798e+01
   9.2800000000000000e+02  -7.4707157253188598e+01
   9.2900000000000000e+02  -7.4439485489623706e+01
   9.3000000000000000e+02  -7.4645362136613201e+01
   9.3100000000000000e+02  -7.4696476373138594e+01
   9.3200000000000000e+02  -7.4737099121018801e+01
   9.3300000000000000e+02  -7.5002621305736895e+01
   9.3400000000000000e+02  -7.5241631656098207e+01
   9.3500000000000000e+02  -7.5222111433528596e+01
   9.3600000000000000e+02  -7.4776407847296497e+01
   9.3700000000000000e+02  -7.4626454158571093e+01
   9.3800000000000000e+02  -7.4724391215691895e+01
