  -1.0000000000000000e+02  -7.3879053574077503e+01
  -9.9000000000000000e+01  -7.3795923716862006e+01
  -9.8000000000000000e+01  -7.4299936326537704e+01
  -9.7000000000000000e+01  -7.3586068502962704e+01
  -9.6000000000000000e+01  -7.4179492304519997e+01
  -9.5000000000000000e+01  -7.4050461539930595e+01
  -9.4000000000000000e+01  -7.3978005834368901e+01
  -9.3000000000000000e+01  -7.3410686512732198e+01
  -9.2000000000000000e+01  -7.3463102207134597e+01
  -9.1000000000000000e+01  -7.4030746019480702e+01
  -9.0000000000000000e+01  -7.3990059037362698e+01
  -8.9000000000000000e+01  -7.3460414292924597e+01
  -8.8000000000000000e+01  -7.3438258606066498e+01
  -8.7000000000000000e+01  -7.3575827526455299e+01
  -8.6000000000000000e+01  -7.3432125567946699e+01
  -8.5000000000000000e+01  -7.3334949097851094e+01
  -8.4000000000000000e+01  -7.3716321306078399e+01
  -8.3000000000000000e+01  -7.4334088928092399e+01
  -8.2000000000000000e+01  -7.4531921165503107e+01
  -8.1000000000000000e+01  -7.4471393099851795e+01
  -8.0000000000000000e+01  -7.4024098934574994e+01
  -7.9000000000000000e+01  -7.3870098802881998e+01
  -7.8000000000000000e+01  -7.3586246151898493e+01
  -7.7000000000000000e+01  -7.3328743269644605e+01
  -7.6000000000000000e+01  -7.3127526901239705e+01
  -7.5000000000000000e+01  -7.2975277619289898e+01
  -7.4000000000000000e+01  -7.2942744963885403e+01
  -7.3000000000000000e+01  -7.2804213853064198e+01
  -7.2000000000000000e+01  -7.2652067364570001e+01
  -7.1000000000000000e+01  -7.1981537049810797e+01
  -7.0000000000000000e+01  -7.2254657030735999e+01
  -6.9000000000000000e+01  -7.2126607761487193e+01
  -6.8000000000000000e+01  -7.2255056725859305e+01
  -6.7000000000000000e+01  -7.1876950316275597e+01
  -6.6000000000000000e+01  -7.1477730465669595e+01
  -6.5000000000000000e+01  -7.1147770161389303e+01
  -6.4000000000000000e+01  -7.1195616474891196e+01
  -6.3000000000000000e+01  -7.0815863810170598e+01
  -6.2000000000000000e+01  -7.0538673541473599e+01
  -6.1000000000000000e+01  -7.0907103590972895e+01
  -6.0000000000000000e+01  -7.1333660971092499e+01
  -5.9000000000000000e+01  -7.1249059719239398e+01
  -5.8000000000000000e+01  -7.1185833789741693e+01
  -5.7000000000000000e+01  -7.1025649780210699e+01
  -5.6000000000000000e+01  -7.1257304604686595e+01
  -5.5000000000000000e+01  -7.1052643321576198e+01
  -5.4000000000000000e+01  -7.1093805605727596e+01
  -5.3000000000000000e+01  -7.0598450974345994e+01
  -5.2000000000000000e+01  -7.0366914143102704e+01
  -5.1000000000000000e+01  -7.0241657829302596e+01
  -5.0000000000000000e+01  -7.0360920200461095e+01
  -4.9000000000000000e+01  -7.0708992776952499e+01
  -4.8000000000000000e+01  -7.0680858598857498e+01
  -4.7000000000000000e+01  -7.0507358806462094e+01
  -4.6000000000000000e+01  -7.0428456339183398e+01
  -4.5000000000000000e+01  -7.0552708287915607e+01
  -4.4000000000000000e+01  -7.0402211383065605e+01
  -4.3000000000000000e+01  -6.9934964392891999e+01
  -4.2000000000000000e+01  -6.9743265807799602e+01
  -4.1000000000000000e+01  -6.9944707400107504e+01
  -4.0000000000000000e+01  -6.9962139513046097e+01
  -3.9000000000000000e+01  -6.9372812357417104e+01
  -3.8000000000000000e+01  -6.9403956515118693e+01
  -3.7000000000000000e+01  -6.9547101163767294e+01
  -3.6000000000000000e+01  -6.9235189216684603e+01
  -3.5000000000000000e+01  -6.9468302702376107e+01
  -3.4000000000000000e+01  -6.9001029925650798e+01
  -3.3000000000000000e+01  -6.8559127515217696e+01
  -3.2000000000000000e+01  -6.8606810805102896e+01
  -3.1000000000000000e+01  -6.8813384865839197e+01
  -3.0000000000000000e+01  -6.8734979273513403e+01
  -2.9000000000000000e+01  -6.8564731930994895e+01
  -2.8000000000000000e+01  -6.8212985644512102e+01
  -2.7000000000000000e+01  -6.8341075377491293e+01
  -2.6000000000000000e+01  -6.8445269635028197e+01
  -2.5000000000000000e+01  -6.8636059021340301e+01
  -2.4000000000000000e+01  -6.8891341201018093e+01
  -2.3000000000000000e+01  -6.8656614025604696e+01
  -2.2000000000000000e+01  -6.8468385735845800e+01
  -2.1000000000000000e+01  -6.8508487524479193e+01
  -2.0000000000000000e+01  -6.8552185181613197e+01
  -1.9000000000000000e+01  -6.8382752496758798e+01
  -1.8000000000000000e+01  -6.8091584927785206e+01
  -1.7000000000000000e+01  -6.7410653490574305e+01
  -1.6000000000000000e+01  -6.6677820829649804e+01
  -1.5000000000000000e+01  -6.6394206827371406e+01
  -1.4000000000000000e+01  -6.6216696450592906e+01
  -1.3000000000000000e+01  -6.5926466310656295e+01
  -1.2000000000000000e+01  -6.5522182850091198e+01
  -1.1000000000000000e+01  -6.5058324792598498e+01
  -1.0000000000000000e+01  -6.4953691887977399e+01
  -9.0000000000000000e+00  -6.4076604135317993e+01
  -8.0000000000000000e+00  -6.3230422749667298e+01
  -7.0000000000000000e+00  -6.2440951891891302e+01
  -6.0000000000000000e+00  -6.1169839728192201e+01
  -5.0000000000000000e+00  -6.0295888383834203e+01
  -4.0000000000000000e+00  -5.8818249714744802e+01
  -3.0000000000000000e+00  -5.6030798345282300e+01
  -2.0000000000000000e+00  -5.0798386520021801e+01
  -1.0000000000000000e+00  -3.1506510345854998e+01
   0.0000000000000000e+00  -4.1263625374621000e+00
   1.0000000000000000e+00   1.1012663510247400e+01
   2.0000000000000000e+00   1.8984528729122299e+01
   3.0000000000000000e+00   2.3769241852737601e+01
   4.0000000000000000e+00   2.5877659840515701e+01
   5.0000000000000000e+00   2.7034649080163199e+01
   6.0000000000000000e+00   2.7787697663999101e+01
   7.0000000000000000e+00   2.7565377266500398e+01
   8.0000000000000000e+00   2.7894993940553501e+01
   9.0000000000000000e+00   2.8362245815255100e+01
   1.0000000000000000e+01   2.8620176539072300e+01
   1.1000000000000000e+01   2.8757601110389398e+01
   1.2000000000000000e+01   2.9616039941712700e+01
   1.3000000000000000e+01   2.9749968952789200e+01
   1.4000000000000000e+01   2.9864610077239298e+01
   1.5000000000000000e+01   3.0635234707324901e+01
   1.6000000000000000e+01   3.0737450752072501e+01
   1.7000000000000000e+01   3.1065975978299100e+01
   1.8000000000000000e+01   3.1047216638370401e+01
   1.9000000000000000e+01   3.1187173478315302e+01
   2.0000000000000000e+01   3.0859415019292602e+01
   2.1000000000000000e+01   3.0979800591121300e+01
   2.2000000000000000e+01   3.1259051635222502e+01
   2.3000000000000000e+01   3.1716874640728300e+01
   2.4000000000000000e+01   3.1700335264788599e+01
   2.5000000000000000e+01   3.1295609883064401e+01
   2.6000000000000000e+01   3.1052533496651201e+01
   2.7000000000000000e+01   3.1368508513746100e+01
   2.8000000000000000e+01   3.1536772709225701e+01
   2.9000000000000000e+01   3.1829001067531401e+01
   3.0000000000000000e+01   3.1495278432647300e+01
   3.1000000000000000e+01   3.1855449398749400e+01
   3.2000000000000000e+01   3.1996791240795901e+01
   3.3000000000000000e+01   3.2127689774258201e+01
   3.4000000000000000e+01   3.1882707405220600e+01
   3.5000000000000000e+01   3.2077592106672498e+01
   3.6000000000000000e+01   3.2243778482064798e+01
   3.7000000000000000e+01   3.2236501111911799e+01
   3.8000000000000000e+01   3.2574077707294499e+01
   3.9000000000000000e+01   3.2255882264921901e+01
   4.0000000000000000e+01   3.2468439020591298e+01
   4.1000000000000000e+01   3.2491289573382602e+01
   4.2000000000000000e+01   3.2671611139334900e+01
   4.3000000000000000e+01   3.2738621438865302e+01
   4.4000000000000000e+01   3.2872822324464103e+01
   4.5000000000000000e+01   3.2673891358524500e+01
   4.6000000000000000e+01   3.2967792247426701e+01
   4.7000000000000000e+01   3.3322058352313803e+01
   4.8000000000000000e+01   3.2961710215348603e+01
   4.9000000000000000e+01   3.3304684873339099e+01
   5.0000000000000000e+01   3.3340656558188599e+01
   5.1000000000000000e+01   3.3548697334444199e+01
   5.2000000000000000e+01   3.4400935445561998e+01
   5.3000000000000000e+01   3.4489794975288603e+01
   5.4000000000000000e+01   3.4823188165920598e+01
   5.5000000000000000e+01   3.4688470512483498e+01
   5.6000000000000000e+01   3.5080206712579098e+01
   5.7000000000000000e+01   3.4592042471916997e+01
   5.8000000000000000e+01   3.4888012865129703e+01
   5.9000000000000000e+01   3.4617213721157498e+01
   6.0000000000000000e+01   3.5190222793480601e+01
   6.1000000000000000e+01   3.5109438869228804e+01
   6.2000000000000000e+01   3.4787454459247598e+01
   6.3000000000000000e+01   3.4722920395179699e+01
   6.4000000000000000e+01   3.5035968453937997e+01
   6.5000000000000000e+01   3.4825242646198298e+01
   6.6000000000000000e+01   3.5109743972094201e+01
   6.7000000000000000e+01   3.5445953017213398e+01
   6.8000000000000000e+01   3.5817192409520800e+01
   6.9000000000000000e+01   3.5804161423319101e+01
   7.0000000000000000e+01   3.5529773518749202e+01
   7.1000000000000000e+01   3.5414003529486003e+01
   7.2000000000000000e+01   3.5401148218267600e+01
   7.3000000000000000e+01   3.5918150809975600e+01
   7.4000000000000000e+01   3.6105737153097600e+01
   7.5000000000000000e+01   3.6175201499803499e+01
   7.6000000000000000e+01   3.5895521791256797e+01
   7.7000000000000000e+01   3.5887301476773402e+01
   7.8000000000000000e+01   3.6108534294221997e+01
   7.9000000000000000e+01   3.5886589407154801e+01
   8.0000000000000000e+01   3.6185223772129604e+01
   8.1000000000000000e+01   3.6152149099633299e+01
   8.2000000000000000e+01   3.6190263279564697e+01
   8.3000000000000000e+01   3.6452966535936298e+01
   8.4000000000000000e+01   3.6485425279867897e+01
   8.5000000000000000e+01   3.6797800536252304e+01
   8.6000000000000000e+01   3.6971715076270499e+01
   8.7000000000000000e+01   3.7236394673871999e+01
   8.8000000000000000e+01   3.7258780418390103e+01
   8.9000000000000000e+01   3.7029016085839203e+01
   9.0000000000000000e+01   3.6870686174658402e+01
   9.1000000000000000e+01   3.6570845040145301e+01
   9.2000000000000000e+01   3.6499336306989001e+01
   9.3000000000000000e+01   3.6489671200362800e+01
   9.4000000000000000e+01   3.6735689086412300e+01
   9.5000000000000000e+01   3.6929462520368403e+01
   9.6000000000000000e+01   3.6970501959549502e+01
   9.7000000000000000e+01   3.7318804471574097e+01
   9.8000000000000000e+01   3.7186836478699298e+01
   9.9000000000000000e+01   3.7163066462126402e+01
   1.0000000000000000e+02   3.6241909455636602e+01
   1.0100000000000000e+02   3.6721953634615097e+01
   1.0200000000000000e+02   3.6920791225822001e+01
   1.0300000000000000e+02   3.6619252400060702e+01
   1.0400000000000000e+02   3.7093511498580298e+01
   1.0500000000000000e+02   3.7085990024440598e+01
   1.0600000000000000e+02   3.7124600347726997e+01
   1.0700000000000000e+02   3.7278037233777603e+01
   1.0800000000000000e+02   3.7461291476299102e+01
   1.0900000000000000e+02   3.7666336556709297e+01
   1.1000000000000000e+02   3.7506430680865201e+01
   1.1100000000000000e+02   3.7638173554787798e+01
   1.1200000000000000e+02   3.7334586324136303e+01
   1.1300000000000000e+02   3.6720298920840300e+01
   1.1400000000000000e+02   3.6567391732709602e+01
   1.1500000000000000e+02   3.6398476496683202e+01
   1.1600000000000000e+02   3.6160829412856700e+01
   1.1700000000000000e+02   3.6522049853048699e+01
   1.1800000000000000e+02   3.6808987994966600e+01
   1.1900000000000000e+02   3.6787440789791503e+01
   1.2000000000000000e+02   3.6431444508711401e+01
   1.2100000000000000e+02   3.6556716748156198e+01
   1.2200000000000000e+02   3.6421017815765900e+01
   1.2300000000000000e+02   3.6634131673341599e+01
   1.2400000000000000e+02   3.7271261685973300e+01
   1.2500000000000000e+02   3.7278377949706702e+01
   1.2600000000000000e+02   3.6894059234269001e+01
   1.2700000000000000e+02   3.6875214011864600e+01
   1.2800000000000000e+02   3.7106507535940800e+01
   1.2900000000000000e+02   3.6962789227657602e+01
   1.3000000000000000e+02   3.6433625307476603e+01
   1.3100000000000000e+02   3.6228605023969202e+01
   1.3200000000000000e+02   3.6430159282617197e+01
   1.3300000000000000e+02   3.6529440163170001e+01
   1.3400000000000000e+02   3.6034418959408399e+01
   1.3500000000000000e+02   3.5808923443828597e+01
   1.3600000000000000e+02   3.6022358712300601e+01
   1.3700000000000000e+02   3.5999356110562601e+01
   1.3800000000000000e+02   3.5818041407945202e+01
   1.3900000000000000e+02   3.5930658884260801e+01
   1.4000000000000000e+02   3.5880226051272302e+01
   1.4100000000000000e+02   3.5744981899814199e+01
   1.4200000000000000e+02   3.6202446501628799e+01
   1.4300000000000000e+02   3.6399935768952503e+01
   1.4400000000000000e+02   3.6095760479556802e+01
   1.4500000000000000e+02   3.5866874160957700e+01
   1.4600000000000000e+02   3.6142746556762198e+01
   1.4700000000000000e+02   3.5794112897913799e+01
   1.4800000000000000e+02   3.5255406542490697e+01
   1.4900000000000000e+02   3.5479687497959098e+01
   1.5000000000000000e+02   3.4669807231032898e+01
   1.5100000000000000e+02   3.4589180788118703e+01
   1.5200000000000000e+02   3.4456606431678402e+01
   1.5300000000000000e+02   3.3931058714489701e+01
   1.5400000000000000e+02   3.4225573770396103e+01
   1.5500000000000000e+02   3.4364788415318898e+01
   1.5600000000000000e+02   3.4889327688253999e+01
   1.5700000000000000e+02   3.4884122749745302e+01
   1.5800000000000000e+02   3.5070795601560903e+01
   1.5900000000000000e+02   3.4632165810741199e+01
   1.6000000000000000e+02   3.4552724700503802e+01
   1.6100000000000000e+02   3.4561749235202001e+01
   1.6200000000000000e+02   3.3993391219770103e+01
   1.6300000000000000e+02   3.3809537461146498e+01
   1.6400000000000000e+02   3.3461750167547997e+01
   1.6500000000000000e+02   3.2860106151756597e+01
   1.6600000000000000e+02   3.2550175164233202e+01
   1.6700000000000000e+02   3.2837257511752398e+01
   1.6800000000000000e+02   3.2664616627184799e+01
   1.6900000000000000e+02   3.2989121024471203e+01
   1.7000000000000000e+02   3.2712352574138698e+01
   1.7100000000000000e+02   3.2799494300220601e+01
   1.7200000000000000e+02   3.2631459110316598e+01
   1.7300000000000000e+02   3.2586744069480702e+01
   1.7400000000000000e+02   3.2622719508818903e+01
   1.7500000000000000e+02   3.2479108613357504e+01
   1.7600000000000000e+02   3.2293001430024802e+01
   1.7700000000000000e+02   3.2142305308493597e+01
   1.7800000000000000e+02   3.1657931941228199e+01
   1.7900000000000000e+02   3.1722926197185799e+01
   1.8000000000000000e+02   3.1498853125007400e+01
   1.8100000000000000e+02   3.1340655081846300e+01
   1.8200000000000000e+02   3.1129374664604700e+01
   1.8300000000000000e+02   3.0986442545009300e+01
   1.8400000000000000e+02   3.0958478478594898e+01
   1.8500000000000000e+02   3.0335783299549600e+01
   1.8600000000000000e+02   3.0441578316587499e+01
   1.8700000000000000e+02   3.0255517099396201e+01
   1.8800000000000000e+02   2.9978265065560400e+01
   1.8900000000000000e+02   3.0109970065912300e+01
   1.9000000000000000e+02   2.9854572904151102e+01
   1.9100000000000000e+02   2.9877056405380600e+01
   1.9200000000000000e+02   2.9441770453246200e+01
   1.9300000000000000e+02   2.8910453773361699e+01
   1.9400000000000000e+02   2.8942865666296399e+01
   1.9500000000000000e+02   2.8809870968742601e+01
   1.9600000000000000e+02   2.8382824809200500e+01
   1.9700000000000000e+02   2.8500921364708599e+01
   1.9800000000000000e+02   2.8705141226485001e+01
   1.9900000000000000e+02   2.8921297310488399e+01
   2.0000000000000000e+02   2.9016981402843200e+01
   2.0100000000000000e+02   2.8452948673735602e+01
   2.0200000000000000e+02   2.8355435896388400e+01
   2.0300000000000000e+02   2.8155158204402198e+01
   2.0400000000000000e+02   2.7968433406535102e+01
   2.0500000000000000e+02   2.7972184747801400e+01
   2.0600000000000000e+02   2.7768897463150498e+01
   2.0700000000000000e+02   2.7538807442022399e+01
   2.0800000000000000e+02   2.7027488091459400e+01
   2.0900000000000000e+02   2.7167582860682099e+01
   2.1000000000000000e+02   2.6204663259909200e+01
   2.1100000000000000e+02   2.6298305321452101e+01
   2.1200000000000000e+02   2.6653787112107601e+01
   2.1300000000000000e+02   2.6822058091100800e+01
   2.1400000000000000e+02   2.6372246718692701e+01
   2.1500000000000000e+02   2.5910336637240501e+01
   2.1600000000000000e+02   2.5821716399836902e+01
   2.1700000000000000e+02   2.5664502885707499e+01
   2.1800000000000000e+02   2.5254163253100199e+01
   2.1900000000000000e+02   2.5462465857189201e+01
   2.2000000000000000e+02   2.5111313468396599e+01
   2.2100000000000000e+02   2.4979591498289398e+01
   2.2200000000000000e+02   2.4545541323904299e+01
   2.2300000000000000e+02   2.4565153687521001e+01
   2.2400000000000000e+02   2.4954587471499899e+01
   2.2500000000000000e+02   2.4873729534568199e+01
   2.2600000000000000e+02   2.4545595122202201e+01
   2.2700000000000000e+02   2.4304138998545898e+01
   2.2800000000000000e+02   2.3746620326162699e+01
   2.2900000000000000e+02   2.3927814182237601e+01
   2.3000000000000000e+02   2.4115541890183700e+01
   2.3100000000000000e+02   2.3758844473421700e+01
   2.3200000000000000e+02   2.3905363581838699e+01
   2.3300000000000000e+02   2.3688415880315802e+01
   2.3400000000000000e+02   2.4156784988648699e+01
   2.3500000000000000e+02   2.3922155610411298e+01
   2.3600000000000000e+02   2.3338562780963301e+01
   2.3700000000000000e+02   2.3198182443772399e+01
   2.3800000000000000e+02   2.2673651369931999e+01
   2.3900000000000000e+02   2.1960356524204599e+01
   2.4000000000000000e+02   2.2029091023261099e+01
   2.4100000000000000e+02   2.1889842093266001e+01
   2.4200000000000000e+02   2.1546486593543602e+01
   2.4300000000000000e+02   2.1858011217662298e+01
   2.4400000000000000e+02   2.1646152978548699e+01
   2.4500000000000000e+02   2.1715053456719801e+01
   2.4600000000000000e+02   2.1529586262283701e+01
   2.4700000000000000e+02   2.1326402299403899e+01
   2.4800000000000000e+02   2.1408141787792999e+01
   2.4900000000000000e+02   2.1431557952934700e+01
   2.5000000000000000e+02   2.1010254686470201e+01
   2.5100000000000000e+02   2.0938362417436700e+01
   2.5200000000000000e+02   2.0926853832706499e+01
   2.5300000000000000e+02   2.1548212724233402e+01
   2.5400000000000000e+02   2.1454301828183699e+01
   2.5500000000000000e+02   2.1566333996783101e+01
   2.5600000000000000e+02   2.1651589345185599e+01
   2.5700000000000000e+02   2.2098397449763301e+01
   2.5800000000000000e+02   2.1935592798208500e+01
   2.5900000000000000e+02   2.2188309675689901e+01
   2.6000000000000000e+02   2.1848994178407299e+01
   2.6100000000000000e+02   2.1193631155764599e+01
   2.6200000000000000e+02   2.1484389415066200e+01
   2.6300000000000000e+02   2.1765896302209502e+01
   2.6400000000000000e+02   2.1463384067623799e+01
   2.6500000000000000e+02   2.1470927651067498e+01
   2.6600000000000000e+02   2.1374480656311700e+01
   2.6700000000000000e+02   2.1012382410700098e+01
   2.6800000000000000e+02   2.0933883784818502e+01
   2.6900000000000000e+02   2.0634019671531600e+01
   2.7000000000000000e+02   2.0412265228313700e+01
   2.7100000000000000e+02   2.0988665953056501e+01
   2.7200000000000000e+02   2.1092081338026201e+01
   2.7300000000000000e+02   2.1256691706871699e+01
   2.7400000000000000e+02   2.1227425687822301e+01
   2.7500000000000000e+02   2.1045791489919100e+01
   2.7600000000000000e+02   2.0939261836951999e+01
   2.7700000000000000e+02   2.1426397009863599e+01
   2.7800000000000000e+02   2.1053655492602701e+01
   2.7900000000000000e+02   2.0792694916835899e+01
   2.8000000000000000e+02   2.0715113940501499e+01
   2.8100000000000000e+02   2.1110075594801099e+01
   2.8200000000000000e+02   2.1068548058459200e+01
   2.8300000000000000e+02   2.0482278996485000e+01
   2.8400000000000000e+02   2.0723038400769099e+01
   2.8500000000000000e+02   2.0500001039115102e+01
   2.8600000000000000e+02   1.9778835219626401e+01
   2.8700000000000000e+02   1.9545490647288400e+01
   2.8800000000000000e+02   1.9414047408820998e+01
   2.8900000000000000e+02   1.9055656172919701e+01
   2.9000000000000000e+02   1.9248052102033199e+01
   2.9100000000000000e+02   1.8993063993518700e+01
   2.9200000000000000e+02   1.9585756849887598e+01
   2.9300000000000000e+02   1.9196823837705100e+01
   2.9400000000000000e+02   1.9225253750104599e+01
   2.9500000000000000e+02   1.9096623234677299e+01
   2.9600000000000000e+02   1.8217652273366401e+01
   2.9700000000000000e+02   1.7927395237169101e+01
   2.9800000000000000e+02   1.7758554466587100e+01
   2.9900000000000000e+02   1.7319052572755101e+01
   3.0000000000000000e+02   1.7063424022265000e+01
   3.0100000000000000e+02   1.6716158295618200e+01
   3.0200000000000000e+02   1.6956263013277201e+01
   3.0300000000000000e+02   1.7051574719479898e+01
   3.0400000000000000e+02   1.7074801349434200e+01
   3.0500000000000000e+02   1.6682456266837502e+01
   3.0600000000000000e+02   1.6252427050051001e+01
   3.0700000000000000e+02   1.6257518695515301e+01
   3.0800000000000000e+02   1.5775924755304500e+01
   3.0900000000000000e+02   1.5506599936570799e+01
   3.1000000000000000e+02   1.5146684460657401e+01
   3.1100000000000000e+02   1.5118551846796700e+01
   3.1200000000000000e+02   1.5696362522517500e+01
   3.1300000000000000e+02   1.5331906878226700e+01
   3.1400000000000000e+02   1.5273068123750800e+01
   3.1500000000000000e+02   1.5084799434594499e+01
   3.1600000000000000e+02   1.4327310511691000e+01
   3.1700000000000000e+02   1.4371658597279501e+01
   3.1800000000000000e+02   1.3907500686475800e+01
   3.1900000000000000e+02   1.4133447774854700e+01
   3.2000000000000000e+02   1.3620956148540101e+01
   3.2100000000000000e+02   1.3531343521393200e+01
   3.2200000000000000e+02   1.3357031963657500e+01
   3.2300000000000000e+02   1.3475892491437101e+01
   3.2400000000000000e+02   1.3153333709079201e+01
   3.2500000000000000e+02   1.3103105999109101e+01
   3.2600000000000000e+02   1.3074577614006300e+01
   3.2700000000000000e+02   1.3427042591554500e+01
   3.2800000000000000e+02   1.3298252044598600e+01
   3.2900000000000000e+02   1.3056024235111501e+01
   3.3000000000000000e+02   1.2635382989716099e+01
   3.3100000000000000e+02   1.2528438599839101e+01
   3.3200000000000000e+02   1.2525674723734900e+01
   3.3300000000000000e+02   1.2447255701096500e+01
   3.3400000000000000e+02   1.1985174804947601e+01
   3.3500000000000000e+02   1.2363229412541200e+01
   3.3600000000000000e+02   1.2440127173916800e+01
   3.3700000000000000e+02   1.2162735658706900e+01
   3.3800000000000000e+02   1.2620471002999100e+01
   3.3900000000000000e+02   1.2608212851056100e+01
   3.4000000000000000e+02   1.2475382210627400e+01
   3.4100000000000000e+02   1.2494976233209300e+01
   3.4200000000000000e+02   1.2681026676667400e+01
   3.4300000000000000e+02   1.1916398997822901e+01
   3.4400000000000000e+02   1.1055300270186001e+01
   3.4500000000000000e+02   1.0873945379031500e+01
   3.4600000000000000e+02   1.0576554606963001e+01
   3.4700000000000000e+02   1.0142251763630700e+01
   3.4800000000000000e+02   9.5772767493220297e+00
   3.4900000000000000e+02   8.9077794273307909e+00
   3.5000000000000000e+02   9.0252430406982995e+00
   3.5100000000000000e+02   9.0854671387526995e+00
   3.5200000000000000e+02   8.6153717337878408e+00
   3.5300000000000000e+02   8.8064559817886501e+00
   3.5400000000000000e+02   8.1679981965486004e+00
   3.5500000000000000e+02   7.7614167140581403e+00
   3.5600000000000000e+02   7.6558808305212098e+00
   3.5700000000000000e+02   7.5316814696135301e+00
   3.5800000000000000e+02   7.2294555096111299e+00
   3.5900000000000000e+02   6.8091900085020098e+00
   3.6000000000000000e+02   6.5882634112155296e+00
   3.6100000000000000e+02   6.3876273776130104e+00
   3.6200000000000000e+02   6.2927847954960097e+00
   3.6300000000000000e+02   6.5887918811908897e+00
   3.6400000000000000e+02   6.5806369662489299e+00
   3.6500000000000000e+02   6.3198180949281602e+00
   3.6600000000000000e+02   6.2469469083601004e+00
   3.6700000000000000e+02   5.7342496516725499e+00
   3.6800000000000000e+02   5.4112756633284604e+00
   3.6900000000000000e+02   5.0511220255773699e+00
   3.7000000000000000e+02   4.9101400888975002e+00
   3.7100000000000000e+02   4.6781691568046897e+00
   3.7200000000000000e+02   4.7935988387362602e+00
   3.7300000000000000e+02   4.8409761316736803e+00
   3.7400000000000000e+02   4.8856989832030600e+00
   3.7500000000000000e+02   4.4028915599094498e+00
   3.7600000000000000e+02   4.4088985191036096e+00
   3.7700000000000000e+02   4.0873774817799102e+00
   3.7800000000000000e+02   3.6929125491305199e+00
   3.7900000000000000e+02   3.1509844364714499e+00
   3.8000000000000000e+02   2.8545494640077198e+00
   3.8100000000000000e+02   1.7954262835275001e+00
   3.8200000000000000e+02   1.0820909471567901e+00
   3.8300000000000000e+02   5.3354307024903402e-01
   3.8400000000000000e+02   2.1937979074061900e-01
   3.8500000000000000e+02   1.0165696687388300e-01
   3.8600000000000000e+02  -2.3317257046585099e-01
   3.8700000000000000e+02  -1.9543135002397499e-01
   3.8800000000000000e+02  -6.1948734943729600e-01
   3.8900000000000000e+02  -5.1397343175300203e-01
   3.9000000000000000e+02  -9.5822103709225503e-01
   3.9100000000000000e+02  -9.1852923464885405e-01
   3.9200000000000000e+02  -8.9086036037569005e-01
   3.9300000000000000e+02  -1.9014534119410600e+00
   3.9400000000000000e+02  -2.0944090766502002e+00
   3.9500000000000000e+02  -2.5272182792906901e+00
   3.9600000000000000e+02  -3.0339177536455599e+00
   3.9700000000000000e+02  -3.4670483515311599e+00
   3.9800000000000000e+02  -3.9510672662624100e+00
   3.9900000000000000e+02  -4.0351461513537803e+00
   4.0000000000000000e+02  -4.6409731660566704e+00
   4.0100000000000000e+02  -5.2619854250589002e+00
   4.0200000000000000e+02  -5.4320091125429899e+00
   4.0300000000000000e+02  -5.6291620328876704e+00
   4.0400000000000000e+02  -5.6212290322728302e+00
   4.0500000000000000e+02  -6.0711306745369100e+00
   4.0600000000000000e+02  -6.6748586876083102e+00
   4.0700000000000000e+02  -6.9703661740374399e+00
   4.0800000000000000e+02  -7.2770237690712900e+00
   4.0900000000000000e+02  -7.1356772653101901e+00
   4.1000000000000000e+02  -7.5067598174875103e+00
   4.1100000000000000e+02  -8.1855614053368608e+00
   4.1200000000000000e+02  -8.5244436698455797e+00
   4.1300000000000000e+02  -9.1990659068986904e+00
   4.1400000000000000e+02  -9.8895503886804796e+00
   4.1500000000000000e+02  -9.7207465151739694e+00
   4.1600000000000000e+02  -9.0986369867993595e+00
   4.1700000000000000e+02  -9.1204059811451597e+00
   4.1800000000000000e+02  -9.7975718852227995e+00
   4.1900000000000000e+02  -9.6696301149031392e+00
   4.2000000000000000e+02  -1.0258818900521501e+01
   4.2100000000000000e+02  -1.0240499205648399e+01
   4.2200000000000000e+02  -9.9920925883292195e+00
   4.2300000000000000e+02  -1.0595845127566999e+01
   4.2400000000000000e+02  -1.0812052604857501e+01
   4.2500000000000000e+02  -1.1482571572492700e+01
   4.2600000000000000e+02  -1.1389871062976400e+01
   4.2700000000000000e+02  -1.1279320528332001e+01
   4.2800000000000000e+02  -1.1548895284160400e+01
   4.2900000000000000e+02  -1.1428847295594100e+01
   4.3000000000000000e+02  -1.2024180033666900e+01
   4.3100000000000000e+02  -1.2372184875812099e+01
   4.3200000000000000e+02  -1.2567474633109001e+01
   4.3300000000000000e+02  -1.2763942227848100e+01
   4.3400000000000000e+02  -1.3028168285167300e+01
   4.3500000000000000e+02  -1.3531453038702900e+01
   4.3600000000000000e+02  -1.3844581597785700e+01
   4.3700000000000000e+02  -1.4078662772030400e+01
   4.3800000000000000e+02  -1.4281551469238300e+01
   4.3900000000000000e+02  -1.4886670384475600e+01
   4.4000000000000000e+02  -1.5044027012764399e+01
   4.4100000000000000e+02  -1.5299605682623801e+01
   4.4200000000000000e+02  -1.5642598721430300e+01
   4.4300000000000000e+02  -1.6101632704018801e+01
   4.4400000000000000e+02  -1.6212517776160400e+01
   4.4500000000000000e+02  -1.6345692691589800e+01
   4.4600000000000000e+02  -1.6670363512354498e+01
   4.4700000000000000e+02  -1.7373519950656899e+01
   4.4800000000000000e+02  -1.7607597162486300e+01
   4.4900000000000000e+02  -1.8472811574677099e+01
   4.5000000000000000e+02  -1.8795624438144699e+01
   4.5100000000000000e+02  -1.9413920161251401e+01
   4.5200000000000000e+02  -1.9426603488823499e+01
   4.5300000000000000e+02  -1.9232992363260301e+01
   4.5400000000000000e+02  -1.9443162682139501e+01
   4.5500000000000000e+02  -2.0069937606608701e+01
   4.5600000000000000e+02  -1.9849283741190401e+01
   4.5700000000000000e+02  -2.0387412111656200e+01
   4.5800000000000000e+02  -2.0921590996720401e+01
   4.5900000000000000e+02  -2.1359626449170701e+01
   4.6000000000000000e+02  -2.1844770114387501e+01
   4.6100000000000000e+02  -2.2040941196590101e+01
   4.6200000000000000e+02  -2.2752136155885001e+01
   4.6300000000000000e+02  -2.3305619772435598e+01
   4.6400000000000000e+02  -2.3689526962031898e+01
   4.6500000000000000e+02  -2.4139444501401002e+01
   4.6600000000000000e+02  -2.4744746769001502e+01
   4.6700000000000000e+02  -2.5035658630654300e+01
   4.6800000000000000e+02  -2.5258743547361199e+01
   4.6900000000000000e+02  -2.6182989964857299e+01
   4.7000000000000000e+02  -2.7157080049060301e+01
   4.7100000000000000e+02  -2.7224355326572500e+01
   4.7200000000000000e+02  -2.8297456989086200e+01
   4.7300000000000000e+02  -2.8343504081203701e+01
   4.7400000000000000e+02  -2.8497514086157000e+01
   4.7500000000000000e+02  -2.9233098830646298e+01
   4.7600000000000000e+02  -2.9312011791390400e+01
   4.7700000000000000e+02  -2.9675773171271700e+01
   4.7800000000000000e+02  -3.0074774958948900e+01
   4.7900000000000000e+02  -2.9950686619026701e+01
   4.8000000000000000e+02  -3.0231159769817999e+01
   4.8100000000000000e+02  -3.0680572339565199e+01
   4.8200000000000000e+02  -3.1042186222566801e+01
   4.8300000000000000e+02  -3.0857051359909200e+01
   4.8400000000000000e+02  -3.0883745059978601e+01
   4.8500000000000000e+02  -3.1360215473533099e+01
   4.8600000000000000e+02  -3.2034930649592802e+01
   4.8700000000000000e+02  -3.2143581245873399e+01
   4.8800000000000000e+02  -3.3033861108107899e+01
   4.8900000000000000e+02  -3.3453652591795503e+01
   4.9000000000000000e+02  -3.4088120121543000e+01
   4.9100000000000000e+02  -3.4516236238430800e+01
   4.9200000000000000e+02  -3.4632500379238998e+01
   4.9300000000000000e+02  -3.5085640491292700e+01
   4.9400000000000000e+02  -3.5598874346674002e+01
   4.9500000000000000e+02  -3.6183424445509601e+01
   4.9600000000000000e+02  -3.6743915260880001e+01
   4.9700000000000000e+02  -3.7193631268134503e+01
   4.9800000000000000e+02  -3.7442695661944498e+01
   4.9900000000000000e+02  -3.8692908055223199e+01
   5.0000000000000000e+02  -3.9436295218846197e+01
   5.0100000000000000e+02  -3.9866011686138300e+01
   5.0200000000000000e+02  -4.0061136204773298e+01
   5.0300000000000000e+02  -4.0296904616284401e+01
   5.0400000000000000e+02  -4.1134078717129000e+01
   5.0500000000000000e+02  -4.1202086134908598e+01
   5.0600000000000000e+02  -4.1057044152720003e+01
   5.0700000000000000e+02  -4.1974293717457897e+01
   5.0800000000000000e+02  -4.2280847298664099e+01
   5.0900000000000000e+02  -4.2692293307669701e+01
   5.1000000000000000e+02  -4.3100840074814002e+01
   5.1100000000000000e+02  -4.3776945089758399e+01
   5.1200000000000000e+02  -4.4224128479272601e+01
   5.1300000000000000e+02  -4.4722355450025198e+01
   5.1400000000000000e+02  -4.4541199324683298e+01
   5.1500000000000000e+02  -4.4769928952004200e+01
   5.1600000000000000e+02  -4.5358147443714699e+01
   5.1700000000000000e+02  -4.5692561109259898e+01
   5.1800000000000000e+02  -4.6028057255013799e+01
   5.1900000000000000e+02  -4.6157971093797201e+01
   5.2000000000000000e+02  -4.6577597390295097e+01
   5.2100000000000000e+02  -4.7252672001262098e+01
   5.2200000000000000e+02  -4.7455426773506701e+01
   5.2300000000000000e+02  -4.7810580548883500e+01
   5.2400000000000000e+02  -4.7782635035610397e+01
   5.2500000000000000e+02  -4.8124869230984302e+01
   5.2600000000000000e+02  -4.8366470910567600e+01
   5.2700000000000000e+02  -4.8832122418076104e+01
   5.2800000000000000e+02  -4.9474690160043700e+01
   5.2900000000000000e+02  -4.9900596715019802e+01
   5.3000000000000000e+02  -5.0434253608499901e+01
   5.3100000000000000e+02  -5.0456220417436100e+01
   5.3200000000000000e+02  -5.0292663482970802e+01
   5.3300000000000000e+02  -5.0216414177576901e+01
   5.3400000000000000e+02  -5.0797166201110500e+01
   5.3500000000000000e+02  -5.1258121790516903e+01
   5.3600000000000000e+02  -5.1939733230705500e+01
   5.3700000000000000e+02  -5.2238708149426003e+01
   5.3800000000000000e+02  -5.2827338081522399e+01
   5.3900000000000000e+02  -5.2994677923018102e+01
   5.4000000000000000e+02  -5.2571644584178202e+01
   5.4100000000000000e+02  -5.2830124847243802e+01
   5.4200000000000000e+02  -5.3535649519822599e+01
   5.4300000000000000e+02  -5.3851060008658102e+01
   5.4400000000000000e+02  -5.4535523735649903e+01
   5.4500000000000000e+02  -5.4498304639182201e+01
   5.4600000000000000e+02  -5.4800630252918303e+01
   5.4700000000000000e+02  -5.5441164442012997e+01
   5.4800000000000000e+02  -5.5921379724695598e+01
   5.4900000000000000e+02  -5.6433091896113801e+01
   5.5000000000000000e+02  -5.6607654628214100e+01
   5.5100000000000000e+02  -5.6794912142704597e+01
   5.5200000000000000e+02  -5.7458463487692697e+01
   5.5300000000000000e+02  -5.8312000943324499e+01
   5.5400000000000000e+02  -5.9100564636763600e+01
   5.5500000000000000e+02  -6.0043902670365902e+01
   5.5600000000000000e+02  -6.0749151279438500e+01
   5.5700000000000000e+02  -6.0892752031629101e+01
   5.5800000000000000e+02  -6.1216818066764901e+01
   5.5900000000000000e+02  -6.1388770987893302e+01
   5.6000000000000000e+02  -6.1535803095843200e+01
   5.6100000000000000e+02  -6.2092818582465000e+01
   5.6200000000000000e+02  -6.2337881312058002e+01
   5.6300000000000000e+02  -6.2677703305056703e+01
   5.6400000000000000e+02  -6.3068795198898599e+01
   5.6500000000000000e+02  -6.3758745157381000e+01
   5.6600000000000000e+02  -6.3927590029720697e+01
   5.6700000000000000e+02  -6.4647683489416806e+01
   5.6800000000000000e+02  -6.5307210714054705e+01
   5.6900000000000000e+02  -6.5660775646321994e+01
   5.7000000000000000e+02  -6.6112285070390499e+01
   5.7100000000000000e+02  -6.6099029495050402e+01
   5.7200000000000000e+02  -6.6643683631570198e+01
   5.7300000000000000e+02  -6.6907586316908393e+01
   5.7400000000000000e+02  -6.7508830615402402e+01
   5.7500000000000000e+02  -6.8350113932697198e+01
   5.7600000000000000e+02  -6.8546381009014297e+01
   5.7700000000000000e+02  -6.9058454218709997e+01
   5.7800000000000000e+02  -6.9352710380572404e+01
   5.7900000000000000e+02  -6.9294214903301395e+01
   5.8000000000000000e+02  -6.9108094881579405e+01
   5.8100000000000000e+02  -6.8804839726607995e+01
   5.8200000000000000e+02  -6.9307474050529294e+01
   5.8300000000000000e+02  -7.0095599597599204e+01
   5.8400000000000000e+02  -7.0000193658942806e+01
   5.8500000000000000e+02  -7.0217955372167197e+01
   5.8600000000000000e+02  -7.0521238720689496e+01
   5.8700000000000000e+02  -7.0827572137703399e+01
   5.8800000000000000e+02  -7.1403056069075603e+01
   5.8900000000000000e+02  -7.1681670775990398e+01
   5.9000000000000000e+02  -7.1831388851003297e+01
   5.9100000000000000e+02  -7.2273098353303695e+01
   5.9200000000000000e+02  -7.2231648442140695e+01
   5.9300000000000000e+02  -7.2767267554078998e+01
   5.9400000000000000e+02  -7.2815970120557793e+01
   5.9500000000000000e+02  -7.3025819761190107e+01
   5.9600000000000000e+02  -7.3280334673850405e+01
   5.9700000000000000e+02  -7.3562116498647200e+01
   5.9800000000000000e+02  -7.4070628639855002e+01
   5.9900000000000000e+02  -7.3614939822244693e+01
   6.0000000000000000e+02  -7.3836270418031305e+01
   6.0100000000000000e+02  -7.3346527887291302e+01
   6.0200000000000000e+02  -7.3633633740119393e+01
   6.0300000000000000e+02  -7.4101068762519702e+01
   6.0400000000000000e+02  -7.3911693070243501e+01
   6.0500000000000000e+02  -7.4145539652988504e+01
   6.0600000000000000e+02  -7.4775141464390401e+01
   6.0700000000000000e+02  -7.4555196977010695e+01
   6.0800000000000000e+02  -7.4432900752750896e+01
   6.0900000000000000e+02  -7.4491232456358205e+01
   6.1000000000000000e+02  -7.4590518642439406e+01
   6.1100000000000000e+02  -7.4498645106269194e+01
   6.1200000000000000e+02  -7.4535048918173999e+01
   6.1300000000000000e+02  -7.4648615065611395e+01
   6.1400000000000000e+02  -7.4648910176630395e+01
   6.1500000000000000e+02  -7.4927972612132194e+01
   6.1600000000000000e+02  -7.4641266917371695e+01
   6.1700000000000000e+02  -7.4536343676610102e+01
   6.1800000000000000e+02  -7.5368962011732194e+01
   6.1900000000000000e+02  -7.5985180347345803e+01
   6.2000000000000000e+02  -7.6639543953271698e+01
   6.2100000000000000e+02  -7.6641847243961294e+01
   6.2200000000000000e+02  -7.6579320897718603e+01
   6.2300000000000000e+02  -7.6676619852461897e+01
   6.2400000000000000e+02  -7.6686592665671398e+01
   6.2500000000000000e+02  -7.6627049320651395e+01
   6.2600000000000000e+02  -7.6988878214975799e+01
   6.2700000000000000e+02  -7.6986189157737599e+01
   6.2800000000000000e+02  -7.6916378425961796e+01
   6.2900000000000000e+02  -7.6537742083613907e+01
   6.3000000000000000e+02  -7.6235437587845198e+01
   6.3100000000000000e+02  -7.6371781278797499e+01
   6.3200000000000000e+02  -7.6335705294294300e+01
   6.3300000000000000e+02  -7.6600141219543403e+01
   6.3400000000000000e+02  -7.6495679393084302e+01
   6.3500000000000000e+02  -7.5966044892330501e+01
   6.3600000000000000e+02  -7.5870885031739206e+01
   6.3700000000000000e+02  -7.6204891178783996e+01
   6.3800000000000000e+02  -7.6137092170509405e+01
   6.3900000000000000e+02  -7.6119660463617606e+01
   6.4000000000000000e+02  -7.6097886403803400e+01
   6.4100000000000000e+02  -7.6338060822596304e+01
   6.4200000000000000e+02  -7.6384435352528797e+01
   6.4300000000000000e+02  -7.6662909911197602e+01
   6.4400000000000000e+02  -7.6673526738088199e+01
   6.4500000000000000e+02  -7.6428326081552896e+01
   6.4600000000000000e+02  -7.6450606378168303e+01
   6.4700000000000000e+02  -7.6623314995587293e+01
   6.4800000000000000e+02  -7.7230784107441494e+01
   6.4900000000000000e+02  -7.6909701132956698e+01
   6.5000000000000000e+02  -7.7248777643660304e+01
   6.5100000000000000e+02  -7.6960736533024104e+01
   6.5200000000000000e+02  -7.7099834204623804e+01
   6.5300000000000000e+02  -7.6676534869411199e+01
   6.5400000000000000e+02  -7.6517930057735796e+01
   6.5500000000000000e+02  -7.6073225160419099e+01
   6.5600000000000000e+02  -7.6407607783077694e+01
   6.5700000000000000e+02  -7.6102484289158198e+01
   6.5800000000000000e+02  -7.6220005056993799e+01
   6.5900000000000000e+02  -7.6433325675527598e+01
   6.6000000000000000e+02  -7.6361345509288498e+01
   6.6100000000000000e+02  -7.6597914368149105e+01
   6.6200000000000000e+02  -7.6687506823835903e+01
   6.6300000000000000e+02  -7.6832357594278903e+01
   6.6400000000000000e+02  -7.6918573499153396e+01
   6.6500000000000000e+02  -7.7365071534696597e+01
   6.6600000000000000e+02  -7.7267936498538205e+01
   6.6700000000000000e+02  -7.6997704930209906e+01
   6.6800000000000000e+02  -7.7701627883633293e+01
   6.6900000000000000e+02  -7.7364087047611903e+01
   6.7000000000000000e+02  -7.7559506119326898e+01
   6.7100000000000000e+02  -7.7874793910885401e+01
   6.7200000000000000e+02  -7.7552959142844998e+01
   6.7300000000000000e+02  -7.7707957300900006e+01
   6.7400000000000000e+02  -7.7671472601768698e+01
   6.7500000000000000e+02  -7.7685732953086301e+01
   6.7600000000000000e+02  -7.7886599586329098e+01
   6.7700000000000000e+02  -7.7790045584109706e+01
   6.7800000000000000e+02  -7.7959771996356395e+01
   6.7900000000000000e+02  -7.8151450671531293e+01
   6.8000000000000000e+02  -7.8013694188674606e+01
   6.8100000000000000e+02  -7.7920498339418003e+01
   6.8200000000000000e+02  -7.7679928226445895e+01
   6.8300000000000000e+02  -7.8038985294159801e+01
   6.8400000000000000e+02  -7.8517739248524293e+01
   6.8500000000000000e+02  -7.8094746786812607e+01
   6.8600000000000000e+02  -7.8182289548010502e+01
   6.8700000000000000e+02  -7.8090336551069299e+01
   6.8800000000000000e+02  -7.8144288127583906e+01
   6.8900000000000000e+02  -7.8093227521041101e+01
   6.9000000000000000e+02  -7.7883883169675997e+01
   6.9100000000000000e+02  -7.7694789798627497e+01
   6.9200000000000000e+02  -7.7402878381775693e+01
   6.9300000000000000e+02  -7.7161425536875399e+01
   6.9400000000000000e+02  -7.7216727576970001e+01
   6.9500000000000000e+02  -7.6605359683501504e+01
   6.9600000000000000e+02  -7.6714634228819506e+01
   6.9700000000000000e+02  -7.6786993542294496e+01
   6.9800000000000000e+02  -7.6432918672466798e+01
   6.9900000000000000e+02  -7.6649261736754994e+01
   7.0000000000000000e+02  -7.6633306190218093e+01
   7.0100000000000000e+02  -7.7009676794729003e+01
   7.0200000000000000e+02  -7.6914376277052000e+01
   7.0300000000000000e+02  -7.6772517425292193e+01
   7.0400000000000000e+02  -7.6705023118109395e+01
   7.0500000000000000e+02  -7.6676661281657800e+01
   7.0600000000000000e+02  -7.6464255137511699e+01
   7.0700000000000000e+02  -7.6679066075298493e+01
   7.0800000000000000e+02  -7.6553312284699501e+01
   7.0900000000000000e+02  -7.7085545404368602e+01
   7.1000000000000000e+02  -7.7184721525319802e+01
   7.1100000000000000e+02  -7.7355586273748699e+01
   7.1200000000000000e+02  -7.7074603739441301e+01
   7.1300000000000000e+02  -7.7166473242073494e+01
   7.1400000000000000e+02  -7.7139189644662096e+01
   7.1500000000000000e+02  -7.7312457608414704e+01
   7.1600000000000000e+02  -7.7040058442532299e+01
   7.1700000000000000e+02  -7.6705350667899907e+01
   7.1800000000000000e+02  -7.6826490568213600e+01
   7.1900000000000000e+02  -7.6569543944974697e+01
   7.2000000000000000e+02  -7.6364670449865500e+01
   7.2100000000000000e+02  -7.6233773141220595e+01
   7.2200000000000000e+02  -7.5954470945679404e+01
   7.2300000000000000e+02  -7.5751301883037499e+01
   7.2400000000000000e+02  -7.5514031238597497e+01
   7.2500000000000000e+02  -7.5159145424510498e+01
   7.2600000000000000e+02  -7.5214147811660794e+01
   7.2700000000000000e+02  -7.4825012887420897e+01
   7.2800000000000000e+02  -7.4719798387844193e+01
   7.2900000000000000e+02  -7.4367139708112205e+01
   7.3000000000000000e+02  -7.4298235067694193e+01
   7.3100000000000000e+02  -7.4904790170861801e+01
   7.3200000000000000e+02  -7.5198744316679196e+01
   7.3300000000000000e+02  -7.5561124475808100e+01
   7.3400000000000000e+02  -7.5761207713151805e+01
   7.3500000000000000e+02  -7.6116002419440903e+01
   7.3600000000000000e+02  -7.5826885987771007e+01
   7.3700000000000000e+02  -7.5565812113636497e+01
   7.3800000000000000e+02  -7.5841906656579297e+01
   7.3900000000000000e+02  -7.6480921665577497e+01
   7.4000000000000000e+02  -7.6130545829102999e+01
   7.4100000000000000e+02  -7.6097462043692204e+01
   7.4200000000000000e+02  -7.6435633360226404e+01
   7.4300000000000000e+02  -7.6859956864725106e+01
   7.4400000000000000e+02  -7.7109879049328299e+01
   7.4500000000000000e+02  -7.6732441515247999e+01
   7.4600000000000000e+02  -7.6618971087224395e+01
   7.4700000000000000e+02  -7.6893603943865003e+01
   7.4800000000000000e+02  -7.6636382957863404e+01
   7.4900000000000000e+02  -7.6581837683286693e+01
   7.5000000000000000e+02  -7.6806018402870095e+01
   7.5100000000000000e+02  -7.6932305286252898e+01
   7.5200000000000000e+02  -7.6990426438082807e+01
   7.5300000000000000e+02  -7.7181422580280099e+01
   7.5400000000000000e+02  -7.6968446155067298e+01
   7.5500000000000000e+02  -7.7274922316605696e+01
   7.5600000000000000e+02  -7.7122979361885498e+01
   7.5700000000000000e+02  -7.7082341317370705e+01
   7.5800000000000000e+02  -7.7369551576914006e+01
   7.5900000000000000e+02  -7.7096381704575805e+01
   7.6000000000000000e+02  -7.7233977634462804e+01
   7.6100000000000000e+02  -7.7074820407613998e+01
   7.6200000000000000e+02  -7.7193894633468503e+01
   7.6300000000000000e+02  -7.6744666119900799e+01
   7.6400000000000000e+02  -7.6677732221972306e+01
   7.6500000000000000e+02  -7.6719193130716306e+01
   7.6600000000000000e+02  -7.6988213295314594e+01
   7.6700000000000000e+02  -7.7006999406077398e+01
   7.6800000000000000e+02  -7.6617962820461997e+01
   7.6900000000000000e+02  -7.6371689042658701e+01
   7.7000000000000000e+02  -7.5976085480006603e+01
   7.7100000000000000e+02  -7.6242259944152906e+01
   7.7200000000000000e+02  -7.5949796081985497e+01
   7.7300000000000000e+02  -7.5741091873270804e+01
   7.7400000000000000e+02  -7.5546106022430294e+01
   7.7500000000000000e+02  -7.5239729373700101e+01
   7.7600000000000000e+02  -7.5077670361532498e+01
   7.7700000000000000e+02  -7.5001831176479200e+01
   7.7800000000000000e+02  -7.5004200590342904e+01
   7.7900000000000000e+02  -7.4594597816761606e+01
   7.8000000000000000e+02  -7.4792484313007506e+01
   7.8100000000000000e+02  -7.4922723010752605e+01
   7.8200000000000000e+02  -7.5354996416259795e+01
   7.8300000000000000e+02  -7.5334145130863703e+01
   7.8400000000000000e+02  -7.5314760424862101e+01
   7.8500000000000000e+02  -7.5529043566277096e+01
   7.8600000000000000e+02  -7.5802603295753499e+01
   7.8700000000000000e+02  -7.5793341104100506e+01
   7.8800000000000000e+02  -7.6080990559547899e+01
   7.8900000000000000e+02  -7.6095527255578403e+01
   7.9000000000000000e+02  -7.6258677971103495e+01
   7.9100000000000000e+02  -7.6140711807179400e+01
   7.9200000000000000e+02  -7.5681937142179194e+01
   7.9300000000000000e+02  -7.5644281134452001e+01
   7.9400000000000000e+02  -7.5487901144567800e+01
   7.9500000000000000e+02  -7.5749977425316303e+01
   7.9600000000000000e+02  -7.5990762489850795e+01
   7.9700000000000000e+02  -7.5920241397098195e+01
   7.9800000000000000e+02  -7.5993722220088998e+01
   7.9900000000000000e+02  -7.6079719538668797e+01
   8.0000000000000000e+02  -7.6118803570719095e+01
   8.0100000000000000e+02  -7.6070284497942197e+01
   8.0200000000000000e+02  -7.6449293339692403e+01
   8.0300000000000000e+02  -7.6684561199792100e+01
   8.0400000000000000e+02  -7.6633603389586497e+01
   8.0500000000000000e+02  -7.6764346894232403e+01
   8.0600000000000000e+02  -7.6841609385087693e+01
   8.0700000000000000e+02  -7.6399809946586501e+01
   8.0800000000000000e+02  -7.5946088958551400e+01
   8.0900000000000000e+02  -7.5498805937271698e+01
   8.1000000000000000e+02  -7.5253071978866899e+01
   8.1100000000000000e+02  -7.4977852103753406e+01
   8.1200000000000000e+02  -7.4607064043156697e+01
   8.1300000000000000e+02  -7.4675713179588598e+01
   8.1400000000000000e+02  -7.4288442720062307e+01
   8.1500000000000000e+02  -7.4768801658723802e+01
   8.1600000000000000e+02  -7.4996210375128996e+01
   8.1700000000000000e+02  -7.5043577248686006e+01
   8.1800000000000000e+02  -7.4625791692946095e+01
   8.1900000000000000e+02  -7.4557532478987994e+01
   8.2000000000000000e+02  -7.4429877550536105e+01
   8.2100000000000000e+02  -7.4016505189198000e+01
   8.2200000000000000e+02  -7.4118987329187306e+01
   8.2300000000000000e+02  -7.4061385436016394e+01
   8.2400000000000000e+02  -7.4305181158767098e+01
   8.2500000000000000e+02  -7.4866204633714801e+01
   8.2600000000000000e+02  -7.4232934231020295e+01
   8.2700000000000000e+02  -7.4115548080965098e+01
   8.2800000000000000e+02  -7.4009702482812301e+01
   8.2900000000000000e+02  -7.4148004133596999e+01
   8.3000000000000000e+02  -7.4220063963642900e+01
   8.3100000000000000e+02  -7.4031106096161906e+01
   8.3200000000000000e+02  -7.3711711597135803e+01
   8.3300000000000000e+02  -7.3506966261795100e+01
   8.3400000000000000e+02  -7.3708192384535195e+01
   8.3500000000000000e+02  -7.4168666725459900e+01
   8.3600000000000000e+02  -7.4232493156769905e+01
   8.3700000000000000e+02  -7.4534733491748696e+01
   8.3800000000000000e+02  -7.4369455869736896e+01
   8.3900000000000000e+02  -7.4532634569355096e+01
   8.4000000000000000e+02  -7.3977025601346497e+01
   8.4100000000000000e+02  -7.4430242822607994e+01
   8.4200000000000000e+02  -7.4525810490594196e+01
   8.4300000000000000e+02  -7.4702481582694901e+01
   8.4400000000000000e+02  -7.4139469904762905e+01
   8.4500000000000000e+02  -7.4760188009853096e+01
   8.4600000000000000e+02  -7.4735949579477406e+01
   8.4700000000000000e+02  -7.4895766991430804e+01
   8.4800000000000000e+02  -7.4744011147392797e+01
   8.4900000000000000e+02  -7.4466970387408793e+01
   8.5000000000000000e+02  -7.4574221313111195e+01
   8.5100000000000000e+02  -7.4396297134843607e+01
   8.5200000000000000e+02  -7.4944506117400707e+01
   8.5300000000000000e+02  -7.4821176008613605e+01
   8.5400000000000000e+02  -7.4609509178490001e+01
   8.5500000000000000e+02  -7.4346714372156001e+01
   8.5600000000000000e+02  -7.4123681424787804e+01
   8.5700000000000000e+02  -7.4127633910629001e+01
   8.5800000000000000e+02  -7.4708442273674194e+01
   8.5900000000000000e+02  -7.4728322384809701e+01
   8.6000000000000000e+02  -7.4896242069834599e+01
   8.6100000000000000e+02  -7.4898285635228206e+01
   8.6200000000000000e+02  -7.5165324506860699e+01
   8.6300000000000000e+02  -7.5048822896564701e+01
   8.6400000000000000e+02  -7.4690982731359000e+01
   8.6500000000000000e+02  -7.4421133132027407e+01
   8.6600000000000000e+02  -7.5067101498741806e+01
   8.6700000000000000e+02  -7.5423959165608196e+01
   8.6800000000000000e+02  -7.5044658864457901e+01
   8.6900000000000000e+02  -7.4926871870431100e+01
   8.7000000000000000e+02  -7.5016387440055894e+01
   8.7100000000000000e+02  -7.5108232219052994e+01
   8.7200000000000000e+02  -7.5228409133795196e+01
   8.7300000000000000e+02  -7.4806229346340999e+01
   8.7400000000000000e+02  -7.4600792684161306e+01
   8.7500000000000000e+02  -7.4806151659891796e+01
   8.7600000000000000e+02  -7.4924639236730897e+01
   8.7700000000000000e+02  -7.5033375545988804e+01
   8.7800000000000000e+02  -7.4748401146096498e+01
   8.7900000000000000e+02  -7.5230963208338494e+01
   8.8000000000000000e+02  -7.4754763725079300e+01
   8.8100000000000000e+02  -7.4169547968512603e+01
   8.8200000000000000e+02  -7.4544111547840302e+01
   8.8300000000000000e+02  -7.3938309507546705e+01
   8.8400000000000000e+02  -7.4071210708929698e+01
   8.8500000000000000e+02  -7.3335251898101404e+01
   8.8600000000000000e+02  -7.3622447271181002e+01
   8.8700000000000000e+02  -7.3428658308702097e+01
   8.8800000000000000e+02  -7.3727557997336206e+01
   8.8900000000000000e+02  -7.3806135363214096e+01
   8.9000000000000000e+02  -7.3393431155198002e+01
   8.9100000000000000e+02  -7.3509836700525497e+01
   8.9200000000000000e+02  -7.3845651727505000e+01
   8.9300000000000000e+02  -7.4017628605617702e+01
   8.9400000000000000e+02  -7.3268524262850093e+01
   8.9500000000000000e+02  -7.3066926668657501e+01
   8.9600000000000000e+02  -7.2853121532396699e+01
   8.9700000000000000e+02  -7.3046954810694302e+01
   8.9800000000000000e+02  -7.2410756445203205e+01
   8.9900000000000000e+02  -7.2061974817524899e+01
   9.0000000000000000e+02  -7.2333954695501802e+01
   9.0100000000000000e+02  -7.2325028697495696e+01
   9.0200000000000000e+02  -7.2102457925970995e+01
   9.0300000000000000e+02  -7.2033601822954907e+01
   9.0400000000000000e+02  -7.2327282702121806e+01
   9.0500000000000000e+02  -7.2533313928854000e+01
   9.0600000000000000e+02  -7.2524543580293098e+01
   9.0700000000000000e+02  -7.2703817900659899e+01
   9.0800000000000000e+02  -7.2743521182608504e+01
   9.0900000000000000e+02  -7.2856328924616705e+01
   9.1000000000000000e+02  -7.2422988272799500e+01
   9.1100000000000000e+02  -7.2433537499095294e+01
   9.1200000000000000e+02  -7.2146593363325707e+01
   9.1300000000000000e+02  -7.2125133477863997e+01
   9.1400000000000000e+02  -7.2194626112032296e+01
   9.1500000000000000e+02  -7.2394257257566807e+01
   9.1600000000000000e+02  -7.2828282785818004e+01
   9.1700000000000000e+02  -7.2592788838184006e+01
   9.1800000000000000e+02  -7.3271074264930405e+01
   9.1900000000000000e+02  -7.3408442680611998e+01
   9.2000000000000000e+02  -7.2930598440183203e+01
   9.2100000000000000e+02  -7.2959252281142795e+01
   9.2200000000000000e+02  -7.2915288305103502e+01
   9.2300000000000000e+02  -7.2588311602056905e+01
   9.2400000000000000e+02  -7.2619901314383100e+01
   9.2500000000000000e+02  -7.2102524997935006e+01
   9.2600000000000000e+02  -7.2117351939818406e+01
   9.2700000000000000e+02  -7.1418696019246497e+01
   9.2800000000000000e+02  -7.2147189996595401e+01
   9.2900000000000000e+02  -7.2147977905208805e+01
   9.3000000000000000e+02  -7.1851630487421502e+01
   9.3100000000000000e+02  -7.1959225062688802e+01
   9.3200000000000000e+02  -7.1887154762326304e+01
   9.3300000000000000e+02  -7.2094181861635093e+01
   9.3400000000000000e+02  -7.2318762111713497e+01
   9.3500000000000000e+02  -7.2459118878529907e+01
   9.3600000000000000e+02  -7.2522860005403402e+01
   9.3700000000000000e+02  -7.2929821790337400e+01
   9.3800000000000000e+02  -7.3088381371775100e+01
   9.3900000000000000e+02  -7.3063059294188406e+01
   9.4000000000000000e+02  -7.3311084254903093e+01
   9.4100000000000000e+02  -7.3369861214949694e+01
   9.4200000000000000e+02  -7.3416347649071000e+01
   9.4300000000000000e+02  -7.3232279203849004e+01
   9.4400000000000000e+02  -7.2759335839399895e+01
   9.4500000000000000e+02  -7.2785541105130505e+01
   9.4600000000000000e+02  -7.2693548417878105e+01
   9.4700000000000000e+02  -7.3109051129053398e+01
   9.4800000000000000e+02  -7.3043781040033494e+01
   9.4900000000000000e+02  -7.2977057114037095e+01
   9.5000000000000000e+02  -7.2883801473944104e+01
   9.5100000000000000e+02  -7.2898970827390301e+01
   9.5200000000000000e+02  -7.2920237597494605e+01
   9.5300000000000000e+02  -7.3718900171134607e+01
   9.5400000000000000e+02  -7.3202355931585601e+01
   9.5500000000000000e+02  -7.2706198831737893e+01
   9.5600000000000000e+02  -7.2882065321856103e+01
   9.5700000000000000e+02  -7.2824157130955896e+01
   9.5800000000000000e+02  -7.2438061768302703e+01
   9.5900000000000000e+02  -7.2641198910660606e+01
   9.6000000000000000e+02  -7.2389424949784896e+01
   9.6100000000000000e+02  -7.2322770913391196e+01
   9.6200000000000000e+02  -7.2672877903161194e+01
   9.6300000000000000e+02  -7.3071584430380497e+01
   9.6400000000000000e+02  -7.2828599609798502e+01
   9.6500000000000000e+02  -7.2395503917330004e+01
   9.6600000000000000e+02  -7.1915026679557997e+01
   9.6700000000000000e+02  -7.2301024776958798e+01
   9.6800000000000000e+02  -7.2828998970075801e+01
   9.6900000000000000e+02  -7.3202846444345198e+01
   9.7000000000000000e+02  -7.3363863936552505e+01
   9.7100000000000000e+02  -7.4026428167229398e+01
   9.7200000000000000e+02  -7.4232963290822198e+01
   9.7300000000000000e+02  -7.4217234541643506e+01
   9.7400000000000000e+02  -7.5373592087293403e+01
   9.7500000000000000e+02  -7.5849447530067295e+01
   9.7600000000000000e+02  -7.6371116014756595e+01
   9.7700000000000000e+02  -7.6462933563711204e+01
   9.7800000000000000e+02  -7.6592720794950196e+01
   9.7900000000000000e+02  -7.6445017018552093e+01
   9.8000000000000000e+02  -7.6275287592348107e+01
   9.8100000000000000e+02  -7.6122344591259704e+01
   9.8200000000000000e+02  -7.6407905031978302e+01
   9.8300000000000000e+02  -7.6258077936810693e+01
   9.8400000000000000e+02  -7.5896461399914600e+01
   9.8500000000000000e+02  -7.6164478627015697e+01
   9.8600000000000000e+02  -7.6280244590939205e+01
   9.8700000000000000e+02  -7.5999952868788000e+01
   9.8800000000000000e+02  -7.6184581770619502e+01
   9.8900000000000000e+02  -7.6270159947482597e+01
   9.9000000000000000e+02  -7.5535513616390105e+01
   9.9100000000000000e+02  -7.5679889880014102e+01
   9.9200000000000000e+02  -7.5493707756516898e+01
   9.9300000000000000e+02  -7.5607226053266700e+01
   9.9400000000000000e+02  -7.5942775234123303e+01
   9.9500000000000000e+02  -7.6028406580615794e+01
   9.9600000000000000e+02  -7.6500981178383995e+01
   9.9700000000000000e+02  -7.6455592200212607e+01
   9.9800000000000000e+02  -7.6184721607557293e+01
   9.9900000000000000e+02  -7.5940999619652999e+01
   1.0000000000000000e+03  -7.5990903826105296e+01
   1.0010000000000000e+03  -7.5734211702176793e+01
   1.0020000000000000e+03  -7.5800217511552106e+01
   1.0030000000000000e+03  -7.5789480480803405e+01
   1.0040000000000000e+03  -7.5736868337955897e+01
   1.0050000000000000e+03  -7.5698195367724296e+01
   1.0060000000000000e+03  -7.6279891687386197e+01
   1.0070000000000000e+03  -7.6315626656731695e+01
   1.0080000000000000e+03  -7.6442957714835401e+01
   1.0090000000000000e+03  -7.6257993234525600e+01
   1.0100000000000000e+03  -7.6623003147773602e+01
   1.0110000000000000e+03  -7.6363347836309302e+01
   1.0120000000000000e+03  -7.6125276038806206e+01
   1.0130000000000000e+03  -7.5830396675987402e+01
   1.0140000000000000e+03  -7.6163279070153706e+01
   1.0150000000000000e+03  -7.6292289519731995e+01
   1.0160000000000000e+03  -7.6071654684813694e+01
   1.0170000000000000e+03  -7.5911808087811494e+01
   1.0180000000000000e+03  -7.6162397735375805e+01
   1.0190000000000000e+03  -7.6639205756308897e+01
   1.0200000000000000e+03  -7.6537774039920507e+01
   1.0210000000000000e+03  -7.6737821893539106e+01
   1.0220000000000000e+03  -7.7052319826243505e+01
   1.0230000000000000e+03  -7.7091302515668701e+01
   1.0240000000000000e+03  -7.6966710848254394e+01
   1.0250000000000000e+03  -7.6874207958840202e+01
   1.0260000000000000e+03  -7.6518491286531798e+01
   1.0270000000000000e+03  -7.7137059462490797e+01
   1.0280000000000000e+03  -7.7138802561838105e+01
   1.0290000000000000e+03  -7.7108909264845806e+01
   1.0300000000000000e+03  -7.7064772994206393e+01
   1.0310000000000000e+03  -7.6949620145089199e+01
   1.0320000000000000e+03  -7.7056724650596095e+01
   1.0330000000000000e+03  -7.6783660529984800e+01
   1.0340000000000000e+03  -7.6809805512335799e+01
   1.0350000000000000e+03  -7.6947135639009900e+01
   1.0360000000000000e+03  -7.6717778743287894e+01
   1.0370000000000000e+03  -7.6610027199941001e+01
   1.0380000000000000e+03  -7.6930671070534800e+01
   1.0390000000000000e+03  -7.7325163128967304e+01
   1.0400000000000000e+03  -7.7240428346439501e+01
   1.0410000000000000e+03  -7.7266109729105693e+01
   1.0420000000000000e+03  -7.7134442939557601e+01
   1.0430000000000000e+03  -7.6939843762182093e+01
   1.0440000000000000e+03  -7.6837770218540300e+01
   1.0450000000000000e+03  -7.6520192430529093e+01
   1.0460000000000000e+03  -7.6408048072259703e+01
   1.0470000000000000e+03  -7.6512892999992005e+01
   1.0480000000000000e+03  -7.6508093481304797e+01
   1.0490000000000000e+03  -7.6376311377476696e+01
   1.0500000000000000e+03  -7.6199680902321106e+01
   1.0510000000000000e+03  -7.6268686152363401e+01
   1.0520000000000000e+03  -7.6185512596928405e+01
   1.0530000000000000e+03  -7.6058143009302100e+01
   1.0540000000000000e+03  -7.5752464298485606e+01
   1.0550000000000000e+03  -7.6243336558384996e+01
   1.0560000000000000e+03  -7.6464825461330406e+01
   1.0570000000000000e+03  -7.6094327312829606e+01
   1.0580000000000000e+03  -7.6187625153179098e+01
   1.0590000000000000e+03  -7.6056458994645396e+01
