  -1.0000000000000000e+02  -7.4320062185330102e+01
  -9.9000000000000000e+01  -7.3884877437299593e+01
  -9.8000000000000000e+01  -7.3532218602085806e+01
  -9.7000000000000000e+01  -7.3448733084971494e+01
  -9.6000000000000000e+01  -7.3592322767963395e+01
  -9.5000000000000000e+01  -7.3542439885529802e+01
  -9.4000000000000000e+01  -7.3618026617449800e+01
  -9.3000000000000000e+01  -7.3657555681342600e+01
  -9.2000000000000000e+01  -7.3682441773496606e+01
  -9.1000000000000000e+01  -7.3322513286590706e+01
  -9.0000000000000000e+01  -7.3754888645494503e+01
  -8.9000000000000000e+01  -7.3131894939523093e+01
  -8.8000000000000000e+01  -7.3098507988594903e+01
  -8.7000000000000000e+01  -7.2409952664619794e+01
  -8.6000000000000000e+01  -7.2022088758836404e+01
  -8.5000000000000000e+01  -7.2081192092683693e+01
  -8.4000000000000000e+01  -7.2127169354795598e+01
  -8.3000000000000000e+01  -7.2274065996810705e+01
  -8.2000000000000000e+01  -7.2379980866519205e+01
  -8.1000000000000000e+01  -7.1992074255577904e+01
  -8.0000000000000000e+01  -7.2312409969489593e+01
  -7.9000000000000000e+01  -7.1981837379432207e+01
  -7.8000000000000000e+01  -7.2029859539466500e+01
  -7.7000000000000000e+01  -7.1872365715775899e+01
  -7.6000000000000000e+01  -7.2168498357550405e+01
  -7.5000000000000000e+01  -7.1976032303086896e+01
  -7.4000000000000000e+01  -7.1795244729682196e+01
  -7.3000000000000000e+01  -7.1427158286961301e+01
  -7.2000000000000000e+01  -7.1319893740925593e+01
  -7.1000000000000000e+01  -7.1150439954032294e+01
  -7.0000000000000000e+01  -7.0878676155497402e+01
  -6.9000000000000000e+01  -7.1084698420718397e+01
  -6.8000000000000000e+01  -7.1093430425865193e+01
  -6.7000000000000000e+01  -7.1257720475462193e+01
  -6.6000000000000000e+01  -7.1425972743933102e+01
  -6.5000000000000000e+01  -7.1164132772764006e+01
  -6.4000000000000000e+01  -7.1547925712860902e+01
  -6.3000000000000000e+01  -7.1645558148739397e+01
  -6.2000000000000000e+01  -7.1598493370292204e+01
  -6.1000000000000000e+01  -7.1814737390166300e+01
  -6.0000000000000000e+01  -7.1873397086267303e+01
  -5.9000000000000000e+01  -7.1656099693416195e+01
  -5.8000000000000000e+01  -7.1694977866684496e+01
  -5.7000000000000000e+01  -7.1621852362408404e+01
  -5.6000000000000000e+01  -7.1038855181958596e+01
  -5.5000000000000000e+01  -7.0887369450415505e+01
  -5.4000000000000000e+01  -7.0862449882734893e+01
  -5.3000000000000000e+01  -7.0905070355044202e+01
  -5.2000000000000000e+01  -7.0767007956648101e+01
  -5.1000000000000000e+01  -7.0733462372357394e+01
  -5.0000000000000000e+01  -7.0590276924772894e+01
  -4.9000000000000000e+01  -7.0099244865203204e+01
  -4.8000000000000000e+01  -6.9914850470921493e+01
  -4.7000000000000000e+01  -6.9643085683640294e+01
  -4.6000000000000000e+01  -6.9644041672371898e+01
  -4.5000000000000000e+01  -6.9520994758458301e+01
  -4.4000000000000000e+01  -6.9455547794416802e+01
  -4.3000000000000000e+01  -6.9344078394178993e+01
  -4.2000000000000000e+01  -6.9095658472525500e+01
  -4.1000000000000000e+01  -6.9422549400387396e+01
  -4.0000000000000000e+01  -6.9205790847899493e+01
  -3.9000000000000000e+01  -6.9026788528432704e+01
  -3.8000000000000000e+01  -6.9489716781395700e+01
  -3.7000000000000000e+01  -6.9723959288838898e+01
  -3.6000000000000000e+01  -6.9178229681489697e+01
  -3.5000000000000000e+01  -6.9154670124578701e+01
  -3.4000000000000000e+01  -6.9222032739152198e+01
  -3.3000000000000000e+01  -6.9097270571703802e+01
  -3.2000000000000000e+01  -6.9050237332039899e+01
  -3.1000000000000000e+01  -6.8910567149383297e+01
  -3.0000000000000000e+01  -6.8279013807255495e+01
  -2.9000000000000000e+01  -6.8422924893367806e+01
  -2.8000000000000000e+01  -6.8565032094302396e+01
  -2.7000000000000000e+01  -6.8631775793187302e+01
  -2.6000000000000000e+01  -6.8112690794322603e+01
  -2.5000000000000000e+01  -6.7858179463651595e+01
  -2.4000000000000000e+01  -6.7371890907973693e+01
  -2.3000000000000000e+01  -6.7517840725206099e+01
  -2.2000000000000000e+01  -6.7108837294163493e+01
  -2.1000000000000000e+01  -6.6856893388686899e+01
  -2.0000000000000000e+01  -6.6657621941830399e+01
  -1.9000000000000000e+01  -6.6363939581318505e+01
  -1.8000000000000000e+01  -6.5898877379919398e+01
  -1.7000000000000000e+01  -6.5708050349536606e+01
  -1.6000000000000000e+01  -6.5599580896842099e+01
  -1.5000000000000000e+01  -6.5732053325041406e+01
  -1.4000000000000000e+01  -6.5691997445043995e+01
  -1.3000000000000000e+01  -6.5389493492438305e+01
  -1.2000000000000000e+01  -6.4888917141808406e+01
  -1.1000000000000000e+01  -6.4446521898389307e+01
  -1.0000000000000000e+01  -6.3921360605017398e+01
  -9.0000000000000000e+00  -6.3520752059013603e+01
  -8.0000000000000000e+00  -6.2654018141046699e+01
  -7.0000000000000000e+00  -6.2169414256927602e+01
  -6.0000000000000000e+00  -6.1120504687114902e+01
  -5.0000000000000000e+00  -6.0402063689151603e+01
  -4.0000000000000000e+00  -5.8646425631926299e+01
  -3.0000000000000000e+00  -5.5864290374149597e+01
  -2.0000000000000000e+00  -5.0565023184444399e+01
  -1.0000000000000000e+00  -3.4487099288552599e+01
   0.0000000000000000e+00  -8.7625645125281402e+00
   1.0000000000000000e+00   7.4926717341762501e+00
   2.0000000000000000e+00   1.6949341410226602e+01
   3.0000000000000000e+00   2.2162426468227402e+01
   4.0000000000000000e+00   2.4909467040669600e+01
   5.0000000000000000e+00   2.5866973040183598e+01
   6.0000000000000000e+00   2.6252893451932700e+01
   7.0000000000000000e+00   2.6459057038228600e+01
   8.0000000000000000e+00   2.6836588580858098e+01
   9.0000000000000000e+00   2.6829415378465601e+01
   1.0000000000000000e+01   2.6867750907727402e+01
   1.1000000000000000e+01   2.7044871264113400e+01
   1.2000000000000000e+01   2.7751828351955801e+01
   1.3000000000000000e+01   2.8509205258117898e+01
   1.4000000000000000e+01   2.8969903325209000e+01
   1.5000000000000000e+01   2.8984651034844202e+01
   1.6000000000000000e+01   2.9066385393394601e+01
   1.7000000000000000e+01   2.9574740071930499e+01
   1.8000000000000000e+01   3.0097057362135502e+01
   1.9000000000000000e+01   3.0113078123989300e+01
   2.0000000000000000e+01   2.9874344231872200e+01
   2.1000000000000000e+01   2.9850835407876300e+01
   2.2000000000000000e+01   3.0022095900960700e+01
   2.3000000000000000e+01   3.0356606654456499e+01
   2.4000000000000000e+01   3.0545530474488999e+01
   2.5000000000000000e+01   3.0774177202711599e+01
   2.6000000000000000e+01   3.1019430238825699e+01
   2.7000000000000000e+01   3.1202005892170000e+01
   2.8000000000000000e+01   3.1753946821116500e+01
   2.9000000000000000e+01   3.0960028450138900e+01
   3.0000000000000000e+01   3.1059658170323502e+01
   3.1000000000000000e+01   3.1624442262440301e+01
   3.2000000000000000e+01   3.1961782280109698e+01
   3.3000000000000000e+01   3.1579356147495400e+01
   3.4000000000000000e+01   3.1402015923488499e+01
   3.5000000000000000e+01   3.1158711292177699e+01
   3.6000000000000000e+01   3.1786313158553899e+01
   3.7000000000000000e+01   3.2048938430510297e+01
   3.8000000000000000e+01   3.2291938404916202e+01
   3.9000000000000000e+01   3.2272332438383401e+01
   4.0000000000000000e+01   3.2575492413740399e+01
   4.1000000000000000e+01   3.2682346073388501e+01
   4.2000000000000000e+01   3.2885212451882197e+01
   4.3000000000000000e+01   3.2955387033666497e+01
   4.4000000000000000e+01   3.3667708580590798e+01
   4.5000000000000000e+01   3.3672452604717101e+01
   4.6000000000000000e+01   3.4281112108091399e+01
   4.7000000000000000e+01   3.4142017996774499e+01
   4.8000000000000000e+01   3.4142982466794699e+01
   4.9000000000000000e+01   3.4397137620416999e+01
   5.0000000000000000e+01   3.4300390110968799e+01
   5.1000000000000000e+01   3.3975239370424397e+01
   5.2000000000000000e+01   3.3908483723043098e+01
   5.3000000000000000e+01   3.3949257411177200e+01
   5.4000000000000000e+01   3.3849681468865803e+01
   5.5000000000000000e+01   3.3871616083787600e+01
   5.6000000000000000e+01   3.3891289597557801e+01
   5.7000000000000000e+01   3.4083076099553899e+01
   5.8000000000000000e+01   3.4382229065319898e+01
   5.9000000000000000e+01   3.5021905535529001e+01
   6.0000000000000000e+01   3.4775297887130797e+01
   6.1000000000000000e+01   3.4906086303261503e+01
   6.2000000000000000e+01   3.4783016045243201e+01
   6.3000000000000000e+01   3.5582278729261503e+01
   6.4000000000000000e+01   3.5807463866667099e+01
   6.5000000000000000e+01   3.5864192835382298e+01
   6.6000000000000000e+01   3.5984062143940903e+01
   6.7000000000000000e+01   3.5697997449132203e+01
   6.8000000000000000e+01   3.5460324671744303e+01
   6.9000000000000000e+01   3.5823381710825601e+01
   7.0000000000000000e+01   3.5721370555731703e+01
   7.1000000000000000e+01   3.5516534913104699e+01
   7.2000000000000000e+01   3.5387999569265602e+01
   7.3000000000000000e+01   3.5981566698070203e+01
   7.4000000000000000e+01   3.6250113432714400e+01
   7.5000000000000000e+01   3.6316214355740797e+01
   7.6000000000000000e+01   3.5663366047592902e+01
   7.7000000000000000e+01   3.5761914053175403e+01
   7.8000000000000000e+01   3.5768474729617203e+01
   7.9000000000000000e+01   3.5545766801399601e+01
   8.0000000000000000e+01   3.6203489321324099e+01
   8.1000000000000000e+01   3.6893867446508999e+01
   8.2000000000000000e+01   3.6907160563749400e+01
   8.3000000000000000e+01   3.6842807579189497e+01
   8.4000000000000000e+01   3.6818112283584298e+01
   8.5000000000000000e+01   3.6940956148704700e+01
   8.6000000000000000e+01   3.7114155809600703e+01
   8.7000000000000000e+01   3.6994451656705401e+01
   8.8000000000000000e+01   3.6327899043719199e+01
   8.9000000000000000e+01   3.6480067544111101e+01
   9.0000000000000000e+01   3.7204955993234002e+01
   9.1000000000000000e+01   3.7493238654249602e+01
   9.2000000000000000e+01   3.7300196144451000e+01
   9.3000000000000000e+01   3.7362173088969897e+01
   9.4000000000000000e+01   3.7154031713797302e+01
   9.5000000000000000e+01   3.6892636742180201e+01
   9.6000000000000000e+01   3.7570384524242499e+01
   9.7000000000000000e+01   3.7562941065327102e+01
   9.8000000000000000e+01   3.7409159565691198e+01
   9.9000000000000000e+01   3.7535249367796602e+01
   1.0000000000000000e+02   3.7432641912865300e+01
   1.0100000000000000e+02   3.7609020985723099e+01
   1.0200000000000000e+02   3.7390822840227898e+01
   1.0300000000000000e+02   3.7566896786964200e+01
   1.0400000000000000e+02   3.6975489363114399e+01
   1.0500000000000000e+02   3.6635667623206999e+01
   1.0600000000000000e+02   3.6179603602148298e+01
   1.0700000000000000e+02   3.6048019296848203e+01
   1.0800000000000000e+02   3.6210465232302496e+01
   1.0900000000000000e+02   3.6504977994173601e+01
   1.1000000000000000e+02   3.6243396667147202e+01
   1.1100000000000000e+02   3.6491782929624300e+01
   1.1200000000000000e+02   3.6760020483684201e+01
   1.1300000000000000e+02   3.6978970110642997e+01
   1.1400000000000000e+02   3.6442828210555000e+01
   1.1500000000000000e+02   3.6249473773665002e+01
   1.1600000000000000e+02   3.6343472870030801e+01
   1.1700000000000000e+02   3.5881424699055401e+01
   1.1800000000000000e+02   3.5721657882550701e+01
   1.1900000000000000e+02   3.6086025872754597e+01
   1.2000000000000000e+02   3.6086587053765300e+01
   1.2100000000000000e+02   3.5727514852849900e+01
   1.2200000000000000e+02   3.5707334536433997e+01
   1.2300000000000000e+02   3.6055870758263502e+01
   1.2400000000000000e+02   3.5797441942068900e+01
   1.2500000000000000e+02   3.5085833656081903e+01
   1.2600000000000000e+02   3.5277653352492102e+01
   1.2700000000000000e+02   3.5025057847987199e+01
   1.2800000000000000e+02   3.4681490057761600e+01
   1.2900000000000000e+02   3.5106324968022697e+01
   1.3000000000000000e+02   3.4545031953624701e+01
   1.3100000000000000e+02   3.4191938895387104e+01
   1.3200000000000000e+02   3.4121540975404500e+01
   1.3300000000000000e+02   3.4115742810457299e+01
   1.3400000000000000e+02   3.4293190195039699e+01
   1.3500000000000000e+02   3.3909172751693198e+01
   1.3600000000000000e+02   3.3663834723181800e+01
   1.3700000000000000e+02   3.3376299365184003e+01
   1.3800000000000000e+02   3.3422581110980701e+01
   1.3900000000000000e+02   3.3350671564325303e+01
   1.4000000000000000e+02   3.2964084588783898e+01
   1.4100000000000000e+02   3.3394276261952101e+01
   1.4200000000000000e+02   3.3173735189243203e+01
   1.4300000000000000e+02   3.3368333779949801e+01
   1.4400000000000000e+02   3.3021498091644297e+01
   1.4500000000000000e+02   3.2855370590301703e+01
   1.4600000000000000e+02   3.2630759084492603e+01
   1.4700000000000000e+02   3.2765312400489002e+01
   1.4800000000000000e+02   3.2647523039738701e+01
   1.4900000000000000e+02   3.2261328257441399e+01
   1.5000000000000000e+02   3.2297412526678301e+01
   1.5100000000000000e+02   3.2843007929677903e+01
   1.5200000000000000e+02   3.2741664862978098e+01
   1.5300000000000000e+02   3.2552286248638403e+01
   1.5400000000000000e+02   3.2056466018659002e+01
   1.5500000000000000e+02   3.1930597531956700e+01
   1.5600000000000000e+02   3.1846908939483601e+01
   1.5700000000000000e+02   3.1851335721195099e+01
   1.5800000000000000e+02   3.1814004530153600e+01
   1.5900000000000000e+02   3.1801499384779699e+01
   1.6000000000000000e+02   3.1973847204169800e+01
   1.6100000000000000e+02   3.1960480326733801e+01
   1.6200000000000000e+02   3.1739221969633402e+01
   1.6300000000000000e+02   3.2138013066024300e+01
   1.6400000000000000e+02   3.1484950357236201e+01
   1.6500000000000000e+02   3.1240699646134701e+01
   1.6600000000000000e+02   3.1064624684459201e+01
   1.6700000000000000e+02   3.1301162044344601e+01
   1.6800000000000000e+02   3.1559231070523701e+01
   1.6900000000000000e+02   3.1044531309539099e+01
   1.7000000000000000e+02   3.1331256596856701e+01
   1.7100000000000000e+02   3.0959501644047801e+01
   1.7200000000000000e+02   3.1055732327153098e+01
   1.7300000000000000e+02   3.0782729699960701e+01
   1.7400000000000000e+02   3.0445435878924201e+01
   1.7500000000000000e+02   3.0537820933777400e+01
   1.7600000000000000e+02   3.0779136682598999e+01
   1.7700000000000000e+02   3.0217291247773201e+01
   1.7800000000000000e+02   2.9984632434456501e+01
   1.7900000000000000e+02   3.0149620278253401e+01
   1.8000000000000000e+02   3.0137624988360901e+01
   1.8100000000000000e+02   2.9485594622724200e+01
   1.8200000000000000e+02   2.9781002145773499e+01
   1.8300000000000000e+02   2.9167969245071198e+01
   1.8400000000000000e+02   2.9004361169478599e+01
   1.8500000000000000e+02   2.8810926709368498e+01
   1.8600000000000000e+02   2.9218382595666800e+01
   1.8700000000000000e+02   2.9424366984996400e+01
   1.8800000000000000e+02   2.9221109220891702e+01
   1.8900000000000000e+02   2.9055637012738501e+01
   1.9000000000000000e+02   2.9112590516330400e+01
   1.9100000000000000e+02   2.9489310041663600e+01
   1.9200000000000000e+02   2.9071971776468100e+01
   1.9300000000000000e+02   2.9116204336309899e+01
   1.9400000000000000e+02   2.9219077983388200e+01
   1.9500000000000000e+02   2.9691506928865000e+01
   1.9600000000000000e+02   2.9676859128363901e+01
   1.9700000000000000e+02   2.9360672320509000e+01
   1.9800000000000000e+02   2.9192137468000499e+01
   1.9900000000000000e+02   2.9438618136354101e+01
   2.0000000000000000e+02   2.9218325701015999e+01
   2.0100000000000000e+02   2.8932350459043999e+01
   2.0200000000000000e+02   2.8768919633796401e+01
   2.0300000000000000e+02   2.8631658957825000e+01
   2.0400000000000000e+02   2.8603499491916502e+01
   2.0500000000000000e+02   2.8168607671034000e+01
   2.0600000000000000e+02   2.7613636486869201e+01
   2.0700000000000000e+02   2.7489493885404400e+01
   2.0800000000000000e+02   2.7840916803168501e+01
   2.0900000000000000e+02   2.8250163728992501e+01
   2.1000000000000000e+02   2.8155578635722399e+01
   2.1100000000000000e+02   2.7876522086247402e+01
   2.1200000000000000e+02   2.7993482310284300e+01
   2.1300000000000000e+02   2.7611131642737600e+01
   2.1400000000000000e+02   2.7535786025278998e+01
   2.1500000000000000e+02   2.7248463977917702e+01
   2.1600000000000000e+02   2.7010124762770300e+01
   2.1700000000000000e+02   2.6852042534295400e+01
   2.1800000000000000e+02   2.7173462790311898e+01
   2.1900000000000000e+02   2.7458089648464501e+01
   2.2000000000000000e+02   2.7193642626709099e+01
   2.2100000000000000e+02   2.6517416023267700e+01
   2.2200000000000000e+02   2.6516233700751300e+01
   2.2300000000000000e+02   2.6596139694043600e+01
   2.2400000000000000e+02   2.5947640469175699e+01
   2.2500000000000000e+02   2.5816786899593399e+01
   2.2600000000000000e+02   2.5344992687661801e+01
   2.2700000000000000e+02   2.5278394606565300e+01
   2.2800000000000000e+02   2.5335880578645799e+01
   2.2900000000000000e+02   2.5288453653396399e+01
   2.3000000000000000e+02   2.5908735694858802e+01
   2.3100000000000000e+02   2.6066431698492998e+01
   2.3200000000000000e+02   2.5997090975969801e+01
   2.3300000000000000e+02   2.5777461292998598e+01
   2.3400000000000000e+02   2.5917069776498000e+01
   2.3500000000000000e+02   2.5360884325260098e+01
   2.3600000000000000e+02   2.5622436740236001e+01
   2.3700000000000000e+02   2.5108764729244399e+01
   2.3800000000000000e+02   2.5084429368311302e+01
   2.3900000000000000e+02   2.5131380189031901e+01
   2.4000000000000000e+02   2.4708087674951500e+01
   2.4100000000000000e+02   2.4450218077219901e+01
   2.4200000000000000e+02   2.4374408108655199e+01
   2.4300000000000000e+02   2.3781069465209100e+01
   2.4400000000000000e+02   2.3856250583037799e+01
   2.4500000000000000e+02   2.3531777155375899e+01
   2.4600000000000000e+02   2.3488658923855201e+01
   2.4700000000000000e+02   2.3210731686599502e+01
   2.4800000000000000e+02   2.2961050294754799e+01
   2.4900000000000000e+02   2.3179265246372299e+01
   2.5000000000000000e+02   2.2695674637753900e+01
   2.5100000000000000e+02   2.3074227528679899e+01
   2.5200000000000000e+02   2.3371555523569199e+01
   2.5300000000000000e+02   2.3450531355677398e+01
   2.5400000000000000e+02   2.3316045232703800e+01
   2.5500000000000000e+02   2.2797239465240299e+01
   2.5600000000000000e+02   2.2765182772041801e+01
   2.5700000000000000e+02   2.2969793809034400e+01
   2.5800000000000000e+02   2.2719103791407498e+01
   2.5900000000000000e+02   2.2792601574221901e+01
   2.6000000000000000e+02   2.2669953332952598e+01
   2.6100000000000000e+02   2.2616170721769802e+01
   2.6200000000000000e+02   2.2272163173195299e+01
   2.6300000000000000e+02   2.2134044550879398e+01
   2.6400000000000000e+02   2.1876599123784999e+01
   2.6500000000000000e+02   2.1688142860464598e+01
   2.6600000000000000e+02   2.1976521389802201e+01
   2.6700000000000000e+02   2.2024754981329000e+01
   2.6800000000000000e+02   2.1959836664668600e+01
   2.6900000000000000e+02   2.1583777363013699e+01
   2.7000000000000000e+02   2.1502139682381902e+01
   2.7100000000000000e+02   2.1181890778167201e+01
   2.7200000000000000e+02   2.1089790618070900e+01
   2.7300000000000000e+02   2.0887772062806501e+01
   2.7400000000000000e+02   2.0591379850943401e+01
   2.7500000000000000e+02   2.0785514633204201e+01
   2.7600000000000000e+02   2.0507083780126901e+01
   2.7700000000000000e+02   1.9959762545771600e+01
   2.7800000000000000e+02   1.9932423022153198e+01
   2.7900000000000000e+02   1.9801460367641699e+01
   2.8000000000000000e+02   1.9330129656571199e+01
   2.8100000000000000e+02   1.9437098671209402e+01
   2.8200000000000000e+02   1.9531173122448699e+01
   2.8300000000000000e+02   1.9531809787657199e+01
   2.8400000000000000e+02   1.9560293260557099e+01
   2.8500000000000000e+02   1.8530157208662100e+01
   2.8600000000000000e+02   1.8163399554755301e+01
   2.8700000000000000e+02   1.8064298769420201e+01
   2.8800000000000000e+02   1.7613540536914201e+01
   2.8900000000000000e+02   1.7474275269387100e+01
   2.9000000000000000e+02   1.7145910807961702e+01
   2.9100000000000000e+02   1.7340504499692099e+01
   2.9200000000000000e+02   1.7061143607084102e+01
   2.9300000000000000e+02   1.6969606110596001e+01
   2.9400000000000000e+02   1.6997421057155901e+01
   2.9500000000000000e+02   1.6348681843586299e+01
   2.9600000000000000e+02   1.6342381255015301e+01
   2.9700000000000000e+02   1.6409712843529199e+01
   2.9800000000000000e+02   1.6284344549540201e+01
   2.9900000000000000e+02   1.5860408077657800e+01
   3.0000000000000000e+02   1.5462933283876900e+01
   3.0100000000000000e+02   1.5703114191796100e+01
   3.0200000000000000e+02   1.5202268281614700e+01
   3.0300000000000000e+02   1.5316604031375000e+01
   3.0400000000000000e+02   1.5178903999255301e+01
   3.0500000000000000e+02   1.4747345116452999e+01
   3.0600000000000000e+02   1.4396654976170300e+01
   3.0700000000000000e+02   1.4651973657944099e+01
   3.0800000000000000e+02   1.4415460029154801e+01
   3.0900000000000000e+02   1.3996343187195199e+01
   3.1000000000000000e+02   1.3228566463001499e+01
   3.1100000000000000e+02   1.3494897183805300e+01
   3.1200000000000000e+02   1.3264346100878500e+01
   3.1300000000000000e+02   1.3106884286752800e+01
   3.1400000000000000e+02   1.2946409715889001e+01
   3.1500000000000000e+02   1.2692593336373200e+01
   3.1600000000000000e+02   1.2919895684182000e+01
   3.1700000000000000e+02   1.2806467542461499e+01
   3.1800000000000000e+02   1.2606548713819301e+01
   3.1900000000000000e+02   1.2441402960580300e+01
   3.2000000000000000e+02   1.2510550917859200e+01
   3.2100000000000000e+02   1.2408978885125601e+01
   3.2200000000000000e+02   1.2335528934501800e+01
   3.2300000000000000e+02   1.1794892141162300e+01
   3.2400000000000000e+02   1.1726416287561101e+01
   3.2500000000000000e+02   1.1868677062892999e+01
   3.2600000000000000e+02   1.1567224620480999e+01
   3.2700000000000000e+02   1.1787823356369501e+01
   3.2800000000000000e+02   1.1167919917810501e+01
   3.2900000000000000e+02   1.0958456746643501e+01
   3.3000000000000000e+02   1.0694055071309400e+01
   3.3100000000000000e+02   1.0513598946007500e+01
   3.3200000000000000e+02   1.0455668352307301e+01
   3.3300000000000000e+02   9.8631484761005908e+00
   3.3400000000000000e+02   9.4977676921601297e+00
   3.3500000000000000e+02   8.9260641154558407e+00
   3.3600000000000000e+02   8.8838048654861002e+00
   3.3700000000000000e+02   8.6001520177645094e+00
   3.3800000000000000e+02   7.6855549276662698e+00
   3.3900000000000000e+02   7.2595181335873500e+00
   3.4000000000000000e+02   6.8296640489351201e+00
   3.4100000000000000e+02   6.6205038126749303e+00
   3.4200000000000000e+02   6.7129981406954400e+00
   3.4300000000000000e+02   6.5574448342791101e+00
   3.4400000000000000e+02   6.4278800562050398e+00
   3.4500000000000000e+02   6.1596614872882300e+00
   3.4600000000000000e+02   5.6415652284927198e+00
   3.4700000000000000e+02   5.7276438487221899e+00
   3.4800000000000000e+02   5.4207571636884104e+00
   3.4900000000000000e+02   5.2265827233178603e+00
   3.5000000000000000e+02   5.1252614894290902e+00
   3.5100000000000000e+02   5.0937028189579703e+00
   3.5200000000000000e+02   4.9132357396489903e+00
   3.5300000000000000e+02   4.5869675931942497e+00
   3.5400000000000000e+02   4.4556820608968302e+00
   3.5500000000000000e+02   4.4317653488362101e+00
   3.5600000000000000e+02   4.2593707343362599e+00
   3.5700000000000000e+02   4.4960212353230702e+00
   3.5800000000000000e+02   4.6647514428856098e+00
   3.5900000000000000e+02   4.2326033710871203e+00
   3.6000000000000000e+02   3.9734128456568900e+00
   3.6100000000000000e+02   3.9609663686594199e+00
   3.6200000000000000e+02   3.5380111770111902e+00
   3.6300000000000000e+02   3.5491690362200798e+00
   3.6400000000000000e+02   2.8375324318867401e+00
   3.6500000000000000e+02   2.1406773614845300e+00
   3.6600000000000000e+02   2.5650240312761201e+00
   3.6700000000000000e+02   2.6730307334477699e+00
   3.6800000000000000e+02   1.8097942169294501e+00
   3.6900000000000000e+02   1.2896286584894101e+00
   3.7000000000000000e+02   1.1976620417766899e+00
   3.7100000000000000e+02   1.0925380464868200e+00
   3.7200000000000000e+02   5.5337924984865905e-01
   3.7300000000000000e+02   3.4601444845113899e-01
   3.7400000000000000e+02   9.0677646306737095e-02
   3.7500000000000000e+02  -1.3939358697268500e-01
   3.7600000000000000e+02  -9.2349253226174000e-01
   3.7700000000000000e+02  -6.8020366302963597e-01
   3.7800000000000000e+02  -9.0012171847591305e-01
   3.7900000000000000e+02  -8.7045065352135198e-01
   3.8000000000000000e+02  -8.0454749128311798e-01
   3.8100000000000000e+02  -9.6330840333077306e-01
   3.8200000000000000e+02  -1.2067503685292000e+00
   3.8300000000000000e+02  -1.7717624067082001e+00
   3.8400000000000000e+02  -2.0233230618712801e+00
   3.8500000000000000e+02  -2.2357505551832602e+00
   3.8600000000000000e+02  -2.3119374740333800e+00
   3.8700000000000000e+02  -2.6250170236539399e+00
   3.8800000000000000e+02  -3.2348894706802902e+00
   3.8900000000000000e+02  -3.2861472550717199e+00
   3.9000000000000000e+02  -3.8391455391415499e+00
   3.9100000000000000e+02  -3.7561616901271200e+00
   3.9200000000000000e+02  -3.9139249088690899e+00
   3.9300000000000000e+02  -4.5154116394973602e+00
   3.9400000000000000e+02  -4.3979786791218398e+00
   3.9500000000000000e+02  -4.2847608463222704e+00
   3.9600000000000000e+02  -4.7252097810251197e+00
   3.9700000000000000e+02  -4.6018611268076999e+00
   3.9800000000000000e+02  -4.9460560297426204e+00
   3.9900000000000000e+02  -5.5773666109320903e+00
   4.0000000000000000e+02  -5.6013913589733901e+00
   4.0100000000000000e+02  -5.8244745672885996e+00
   4.0200000000000000e+02  -6.1162702733977099e+00
   4.0300000000000000e+02  -6.5591516928748597e+00
   4.0400000000000000e+02  -6.5330453978782597e+00
   4.0500000000000000e+02  -7.0655376128485399e+00
   4.0600000000000000e+02  -7.3585584392167398e+00
   4.0700000000000000e+02  -7.2046744066700397e+00
   4.0800000000000000e+02  -7.3190977607854402e+00
   4.0900000000000000e+02  -7.4674241868934601e+00
   4.1000000000000000e+02  -8.0864689217632204e+00
   4.1100000000000000e+02  -8.6386889567519098e+00
   4.1200000000000000e+02  -8.3675676622716804e+00
   4.1300000000000000e+02  -8.6465319512368808e+00
   4.1400000000000000e+02  -8.9866213845546596e+00
   4.1500000000000000e+02  -9.4207140141164594e+00
   4.1600000000000000e+02  -9.7627195940054907e+00
   4.1700000000000000e+02  -1.0162295815286900e+01
   4.1800000000000000e+02  -1.0166751043267400e+01
   4.1900000000000000e+02  -1.0161881198053999e+01
   4.2000000000000000e+02  -1.0455253911350599e+01
   4.2100000000000000e+02  -1.0693127926560500e+01
   4.2200000000000000e+02  -1.1307441734641600e+01
   4.2300000000000000e+02  -1.1659021631171701e+01
   4.2400000000000000e+02  -1.2493958861926700e+01
   4.2500000000000000e+02  -1.2369746896177499e+01
   4.2600000000000000e+02  -1.2943133713762901e+01
   4.2700000000000000e+02  -1.3064173012105700e+01
   4.2800000000000000e+02  -1.3334937629102200e+01
   4.2900000000000000e+02  -1.3948161675601300e+01
   4.3000000000000000e+02  -1.4144248558674200e+01
   4.3100000000000000e+02  -1.4655634932540501e+01
   4.3200000000000000e+02  -1.4777344734656101e+01
   4.3300000000000000e+02  -1.5316967083188100e+01
   4.3400000000000000e+02  -1.5932348537207501e+01
   4.3500000000000000e+02  -1.6165796761378701e+01
   4.3600000000000000e+02  -1.6596529010604200e+01
   4.3700000000000000e+02  -1.6371423513970999e+01
   4.3800000000000000e+02  -1.6800715132751801e+01
   4.3900000000000000e+02  -1.7267282070309001e+01
   4.4000000000000000e+02  -1.7212857809820498e+01
   4.4100000000000000e+02  -1.7441906404733899e+01
   4.4200000000000000e+02  -1.7226466431077000e+01
   4.4300000000000000e+02  -1.7871240930308200e+01
   4.4400000000000000e+02  -1.7932067897110102e+01
   4.4500000000000000e+02  -1.8256620428525199e+01
   4.4600000000000000e+02  -1.8774583699889401e+01
   4.4700000000000000e+02  -1.9185986054315801e+01
   4.4800000000000000e+02  -1.9789982765132500e+01
   4.4900000000000000e+02  -2.0765296031436900e+01
   4.5000000000000000e+02  -2.1656587442683200e+01
   4.5100000000000000e+02  -2.1970542419848599e+01
   4.5200000000000000e+02  -2.2388900275016500e+01
   4.5300000000000000e+02  -2.2832427628681600e+01
   4.5400000000000000e+02  -2.2702839278911799e+01
   4.5500000000000000e+02  -2.3138540232939000e+01
   4.5600000000000000e+02  -2.3031726769557100e+01
   4.5700000000000000e+02  -2.3651861280012699e+01
   4.5800000000000000e+02  -2.3896208948036900e+01
   4.5900000000000000e+02  -2.4475051084775799e+01
   4.6000000000000000e+02  -2.4959145090799300e+01
   4.6100000000000000e+02  -2.5053168154588100e+01
   4.6200000000000000e+02  -2.5527129740215599e+01
   4.6300000000000000e+02  -2.5842519422608301e+01
   4.6400000000000000e+02  -2.6455907619464600e+01
   4.6500000000000000e+02  -2.6815836945276700e+01
   4.6600000000000000e+02  -2.7183754771731401e+01
   4.6700000000000000e+02  -2.7977926657167700e+01
   4.6800000000000000e+02  -2.8657320379042101e+01
   4.6900000000000000e+02  -2.9266344519370300e+01
   4.7000000000000000e+02  -2.9923646468892802e+01
   4.7100000000000000e+02  -2.9926841870355599e+01
   4.7200000000000000e+02  -3.0075990626350599e+01
   4.7300000000000000e+02  -3.0853349350569900e+01
   4.7400000000000000e+02  -3.0882956900922700e+01
   4.7500000000000000e+02  -3.1809027989692900e+01
   4.7600000000000000e+02  -3.2193303048369600e+01
   4.7700000000000000e+02  -3.2549655456822698e+01
   4.7800000000000000e+02  -3.3330791515663599e+01
   4.7900000000000000e+02  -3.3668463292759299e+01
   4.8000000000000000e+02  -3.4324957663592798e+01
   4.8100000000000000e+02  -3.4560284927462703e+01
   4.8200000000000000e+02  -3.4262945844891902e+01
   4.8300000000000000e+02  -3.5454824498882402e+01
   4.8400000000000000e+02  -3.6403345687655801e+01
   4.8500000000000000e+02  -3.6479470650825100e+01
   4.8600000000000000e+02  -3.7099798113661002e+01
   4.8700000000000000e+02  -3.7517505584701098e+01
   4.8800000000000000e+02  -3.7254975202499601e+01
   4.8900000000000000e+02  -3.7612171968288301e+01
   4.9000000000000000e+02  -3.7999527229376000e+01
   4.9100000000000000e+02  -3.8519830604966799e+01
   4.9200000000000000e+02  -3.9080487277601001e+01
   4.9300000000000000e+02  -3.9122497389011500e+01
   4.9400000000000000e+02  -3.9623363857186597e+01
   4.9500000000000000e+02  -4.0837567507748098e+01
   4.9600000000000000e+02  -4.1523354798279399e+01
   4.9700000000000000e+02  -4.1525280949129098e+01
   4.9800000000000000e+02  -4.1600485686588399e+01
   4.9900000000000000e+02  -4.1599373021137602e+01
   5.0000000000000000e+02  -4.1966490556071101e+01
   5.0100000000000000e+02  -4.2319513429471101e+01
   5.0200000000000000e+02  -4.2888781435506303e+01
   5.0300000000000000e+02  -4.2917962184116803e+01
   5.0400000000000000e+02  -4.3130737050317002e+01
   5.0500000000000000e+02  -4.3118767264191099e+01
   5.0600000000000000e+02  -4.3700313013136103e+01
   5.0700000000000000e+02  -4.3759834032167497e+01
   5.0800000000000000e+02  -4.4136429032723200e+01
   5.0900000000000000e+02  -4.4604742715417999e+01
   5.1000000000000000e+02  -4.5147697293233897e+01
   5.1100000000000000e+02  -4.5456486282286100e+01
   5.1200000000000000e+02  -4.6108168590564603e+01
   5.1300000000000000e+02  -4.6178206491666700e+01
   5.1400000000000000e+02  -4.6111266714703802e+01
   5.1500000000000000e+02  -4.6263663077678800e+01
   5.1600000000000000e+02  -4.6349880660128399e+01
   5.1700000000000000e+02  -4.6513207256425900e+01
   5.1800000000000000e+02  -4.6336160126581703e+01
   5.1900000000000000e+02  -4.6815043106482300e+01
   5.2000000000000000e+02  -4.6874150257512603e+01
   5.2100000000000000e+02  -4.7241090253865998e+01
   5.2200000000000000e+02  -4.7904729790827403e+01
   5.2300000000000000e+02  -4.8023365765923899e+01
   5.2400000000000000e+02  -4.8130145628435002e+01
   5.2500000000000000e+02  -4.8285980615075999e+01
   5.2600000000000000e+02  -4.8702440428768902e+01
   5.2700000000000000e+02  -4.8723393189928302e+01
   5.2800000000000000e+02  -4.8911747391757203e+01
   5.2900000000000000e+02  -4.9518402460304500e+01
   5.3000000000000000e+02  -4.9686737509175799e+01
   5.3100000000000000e+02  -4.9657390351562100e+01
   5.3200000000000000e+02  -4.9711815891683997e+01
   5.3300000000000000e+02  -5.0002948267211003e+01
   5.3400000000000000e+02  -5.0047566387722298e+01
   5.3500000000000000e+02  -4.9831507285193702e+01
   5.3600000000000000e+02  -5.0171053677302098e+01
   5.3700000000000000e+02  -5.0782056569849203e+01
   5.3800000000000000e+02  -5.1450390385100498e+01
   5.3900000000000000e+02  -5.1652070024164097e+01
   5.4000000000000000e+02  -5.2031618205714800e+01
   5.4100000000000000e+02  -5.2453085932294101e+01
   5.4200000000000000e+02  -5.2886441374465498e+01
   5.4300000000000000e+02  -5.3615842739280701e+01
   5.4400000000000000e+02  -5.4630601037265002e+01
   5.4500000000000000e+02  -5.5108248760236002e+01
   5.4600000000000000e+02  -5.5557466571357402e+01
   5.4700000000000000e+02  -5.6133934166277299e+01
   5.4800000000000000e+02  -5.6117302955173699e+01
   5.4900000000000000e+02  -5.6531271009955802e+01
   5.5000000000000000e+02  -5.6928386875636001e+01
   5.5100000000000000e+02  -5.7606067908513403e+01
   5.5200000000000000e+02  -5.8244136406966497e+01
   5.5300000000000000e+02  -5.8674971993601403e+01
   5.5400000000000000e+02  -5.9337805969553600e+01
   5.5500000000000000e+02  -5.9713194629272003e+01
   5.5600000000000000e+02  -5.9849813023760603e+01
   5.5700000000000000e+02  -6.0462589442304697e+01
   5.5800000000000000e+02  -6.0811987766516900e+01
   5.5900000000000000e+02  -6.0717352282473101e+01
   5.6000000000000000e+02  -6.1176794977678099e+01
   5.6100000000000000e+02  -6.1678496414576202e+01
   5.6200000000000000e+02  -6.2010384480869803e+01
   5.6300000000000000e+02  -6.2478410041788997e+01
   5.6400000000000000e+02  -6.2381077866612799e+01
   5.6500000000000000e+02  -6.2755867072270398e+01
   5.6600000000000000e+02  -6.3608789188031501e+01
   5.6700000000000000e+02  -6.4328466407791197e+01
   5.6800000000000000e+02  -6.5001591859381193e+01
   5.6900000000000000e+02  -6.4899387165517197e+01
   5.7000000000000000e+02  -6.5415537673100900e+01
   5.7100000000000000e+02  -6.5733900051289794e+01
   5.7200000000000000e+02  -6.5866588872906505e+01
   5.7300000000000000e+02  -6.6355406591758197e+01
   5.7400000000000000e+02  -6.6465336627654395e+01
   5.7500000000000000e+02  -6.6707957320508399e+01
   5.7600000000000000e+02  -6.7315769618547506e+01
   5.7700000000000000e+02  -6.7690213665048105e+01
   5.7800000000000000e+02  -6.8212833493659502e+01
   5.7900000000000000e+02  -6.8214200369075499e+01
   5.8000000000000000e+02  -6.8304600411932299e+01
   5.8100000000000000e+02  -6.8398857527953894e+01
   5.8200000000000000e+02  -6.8896024689951403e+01
   5.8300000000000000e+02  -6.9113256057452901e+01
   5.8400000000000000e+02  -6.9583630382013695e+01
   5.8500000000000000e+02  -6.9629220316664203e+01
   5.8600000000000000e+02  -6.9715885900955897e+01
   5.8700000000000000e+02  -7.0091987346507096e+01
   5.8800000000000000e+02  -7.0638133436168303e+01
   5.8900000000000000e+02  -7.1202306115154400e+01
   5.9000000000000000e+02  -7.1516759881093193e+01
   5.9100000000000000e+02  -7.1735981607338900e+01
   5.9200000000000000e+02  -7.1735103612396202e+01
   5.9300000000000000e+02  -7.2068330585699599e+01
   5.9400000000000000e+02  -7.3097341502304005e+01
   5.9500000000000000e+02  -7.3467978531779195e+01
   5.9600000000000000e+02  -7.3533954717973501e+01
   5.9700000000000000e+02  -7.3422706401406003e+01
   5.9800000000000000e+02  -7.3756873694372501e+01
   5.9900000000000000e+02  -7.3850070291422895e+01
   6.0000000000000000e+02  -7.3905306928938899e+01
   6.0100000000000000e+02  -7.3531813655390906e+01
   6.0200000000000000e+02  -7.3720221538149801e+01
   6.0300000000000000e+02  -7.4240602967342099e+01
   6.0400000000000000e+02  -7.4233210236852898e+01
   6.0500000000000000e+02  -7.4296933942635604e+01
   6.0600000000000000e+02  -7.4220555417499796e+01
   6.0700000000000000e+02  -7.4082409505458500e+01
   6.0800000000000000e+02  -7.4136445622961702e+01
   6.0900000000000000e+02  -7.4138817230982795e+01
   6.1000000000000000e+02  -7.3972766823468703e+01
   6.1100000000000000e+02  -7.3863045349078007e+01
   6.1200000000000000e+02  -7.4103239368735103e+01
   6.1300000000000000e+02  -7.4341489944440198e+01
   6.1400000000000000e+02  -7.4365232851683004e+01
   6.1500000000000000e+02  -7.4670530142875805e+01
   6.1600000000000000e+02  -7.4528671998146095e+01
   6.1700000000000000e+02  -7.4949800826264806e+01
   6.1800000000000000e+02  -7.5120887727260694e+01
   6.1900000000000000e+02  -7.5507129812553600e+01
   6.2000000000000000e+02  -7.5302809832172699e+01
   6.2100000000000000e+02  -7.5636701300274694e+01
   6.2200000000000000e+02  -7.5691544265167494e+01
   6.2300000000000000e+02  -7.6110155921890794e+01
   6.2400000000000000e+02  -7.5807825377193595e+01
   6.2500000000000000e+02  -7.6733554180918105e+01
   6.2600000000000000e+02  -7.6789445066777404e+01
   6.2700000000000000e+02  -7.7445722677824605e+01
   6.2800000000000000e+02  -7.6775978877809095e+01
   6.2900000000000000e+02  -7.6308951761579394e+01
   6.3000000000000000e+02  -7.6211600914915707e+01
   6.3100000000000000e+02  -7.6095235699259206e+01
   6.3200000000000000e+02  -7.5776170872740096e+01
   6.3300000000000000e+02  -7.5514688237641195e+01
   6.3400000000000000e+02  -7.5412781060461597e+01
   6.3500000000000000e+02  -7.5639900363375403e+01
   6.3600000000000000e+02  -7.6007963395199098e+01
   6.3700000000000000e+02  -7.5972919470847998e+01
   6.3800000000000000e+02  -7.6241222863514693e+01
   6.3900000000000000e+02  -7.5740675084981305e+01
   6.4000000000000000e+02  -7.5837775435645597e+01
   6.4100000000000000e+02  -7.5617526225361502e+01
   6.4200000000000000e+02  -7.5961502083995100e+01
   6.4300000000000000e+02  -7.6058291116252803e+01
   6.4400000000000000e+02  -7.6056055157553700e+01
   6.4500000000000000e+02  -7.5635654619483304e+01
   6.4600000000000000e+02  -7.6003797110703104e+01
   6.4700000000000000e+02  -7.6734032712146899e+01
   6.4800000000000000e+02  -7.6532547537038596e+01
   6.4900000000000000e+02  -7.6822539805349706e+01
   6.5000000000000000e+02  -7.7286453731645494e+01
   6.5100000000000000e+02  -7.7077363676308906e+01
   6.5200000000000000e+02  -7.6883154899592697e+01
   6.5300000000000000e+02  -7.6238148271509502e+01
   6.5400000000000000e+02  -7.5529214107670199e+01
   6.5500000000000000e+02  -7.5521893570061295e+01
   6.5600000000000000e+02  -7.5436569927498994e+01
   6.5700000000000000e+02  -7.5530748463963704e+01
   6.5800000000000000e+02  -7.5323992468060595e+01
   6.5900000000000000e+02  -7.5292857857954900e+01
   6.6000000000000000e+02  -7.5088522352957497e+01
   6.6100000000000000e+02  -7.5150154865277500e+01
   6.6200000000000000e+02  -7.5055480562056601e+01
   6.6300000000000000e+02  -7.5184234642808093e+01
   6.6400000000000000e+02  -7.5566280164757003e+01
   6.6500000000000000e+02  -7.5327235258082496e+01
   6.6600000000000000e+02  -7.5014843319218201e+01
   6.6700000000000000e+02  -7.5273123326970506e+01
   6.6800000000000000e+02  -7.5591866840800293e+01
   6.6900000000000000e+02  -7.6011713787524499e+01
   6.7000000000000000e+02  -7.5749467937302001e+01
   6.7100000000000000e+02  -7.5870597945695295e+01
   6.7200000000000000e+02  -7.5918319660013793e+01
   6.7300000000000000e+02  -7.5991571280728806e+01
   6.7400000000000000e+02  -7.6383265635783403e+01
   6.7500000000000000e+02  -7.6638510117244294e+01
   6.7600000000000000e+02  -7.6464064632639307e+01
   6.7700000000000000e+02  -7.6783058143994197e+01
   6.7800000000000000e+02  -7.6881440025848605e+01
   6.7900000000000000e+02  -7.6531481468122706e+01
   6.8000000000000000e+02  -7.6508524485383106e+01
   6.8100000000000000e+02  -7.6066505133051606e+01
   6.8200000000000000e+02  -7.5723936759807302e+01
   6.8300000000000000e+02  -7.5557141714447397e+01
   6.8400000000000000e+02  -7.5571817189317898e+01
   6.8500000000000000e+02  -7.5918699254868102e+01
   6.8600000000000000e+02  -7.6287789345545605e+01
   6.8700000000000000e+02  -7.6121130938769497e+01
   6.8800000000000000e+02  -7.5906844105104497e+01
   6.8900000000000000e+02  -7.6025027797298506e+01
   6.9000000000000000e+02  -7.6354132686064304e+01
   6.9100000000000000e+02  -7.6826778488668594e+01
   6.9200000000000000e+02  -7.6837650856501298e+01
   6.9300000000000000e+02  -7.7119690552730106e+01
   6.9400000000000000e+02  -7.7547275649634699e+01
   6.9500000000000000e+02  -7.7533705759545299e+01
   6.9600000000000000e+02  -7.7568229659714603e+01
   6.9700000000000000e+02  -7.8212443058426402e+01
   6.9800000000000000e+02  -7.8465788712297595e+01
   6.9900000000000000e+02  -7.8265648640231404e+01
   7.0000000000000000e+02  -7.8596400276781495e+01
   7.0100000000000000e+02  -7.8301440340250096e+01
   7.0200000000000000e+02  -7.8345903990336097e+01
   7.0300000000000000e+02  -7.8631444199059203e+01
   7.0400000000000000e+02  -7.8553695959326006e+01
   7.0500000000000000e+02  -7.8996972084750695e+01
   7.0600000000000000e+02  -7.8286474023021498e+01
   7.0700000000000000e+02  -7.8292748175846000e+01
   7.0800000000000000e+02  -7.8363342049578407e+01
   7.0900000000000000e+02  -7.8618408834069299e+01
   7.1000000000000000e+02  -7.8498348108605398e+01
   7.1100000000000000e+02  -7.8817426129817406e+01
   7.1200000000000000e+02  -7.8091067552794101e+01
   7.1300000000000000e+02  -7.8073921408586102e+01
   7.1400000000000000e+02  -7.8002255948850006e+01
   7.1500000000000000e+02  -7.7715610014651404e+01
   7.1600000000000000e+02  -7.7534544860103395e+01
   7.1700000000000000e+02  -7.7871271090635901e+01
   7.1800000000000000e+02  -7.7671205707697297e+01
   7.1900000000000000e+02  -7.7008102453857205e+01
   7.2000000000000000e+02  -7.6787691293705507e+01
   7.2100000000000000e+02  -7.6395373483446704e+01
   7.2200000000000000e+02  -7.6359010807987801e+01
   7.2300000000000000e+02  -7.6346971725039893e+01
   7.2400000000000000e+02  -7.6514032659501794e+01
   7.2500000000000000e+02  -7.6380100412907296e+01
   7.2600000000000000e+02  -7.5812848846154495e+01
   7.2700000000000000e+02  -7.5665641914204002e+01
   7.2800000000000000e+02  -7.5800465726385696e+01
   7.2900000000000000e+02  -7.5858749550819795e+01
   7.3000000000000000e+02  -7.5892236727667097e+01
   7.3100000000000000e+02  -7.5520513049604602e+01
   7.3200000000000000e+02  -7.5779637740621695e+01
   7.3300000000000000e+02  -7.6189018103390893e+01
   7.3400000000000000e+02  -7.6176459512810794e+01
   7.3500000000000000e+02  -7.6021057236266302e+01
   7.3600000000000000e+02  -7.6448105209786505e+01
   7.3700000000000000e+02  -7.6044113800619499e+01
   7.3800000000000000e+02  -7.6169220084039296e+01
   7.3900000000000000e+02  -7.5766857050940601e+01
   7.4000000000000000e+02  -7.5923524396508697e+01
   7.4100000000000000e+02  -7.5994390117016906e+01
   7.4200000000000000e+02  -7.6515986231619195e+01
   7.4300000000000000e+02  -7.6676966044140499e+01
   7.4400000000000000e+02  -7.6870026934578803e+01
   7.4500000000000000e+02  -7.6349559525323500e+01
   7.4600000000000000e+02  -7.6314713159162906e+01
   7.4700000000000000e+02  -7.6492783592424502e+01
   7.4800000000000000e+02  -7.6532832896391398e+01
   7.4900000000000000e+02  -7.6111600811373407e+01
   7.5000000000000000e+02  -7.5783250472531805e+01
   7.5100000000000000e+02  -7.5986524276705396e+01
   7.5200000000000000e+02  -7.6650512866709605e+01
   7.5300000000000000e+02  -7.7111207530222501e+01
   7.5400000000000000e+02  -7.6660794067478406e+01
   7.5500000000000000e+02  -7.6507918216219196e+01
   7.5600000000000000e+02  -7.6395949817760794e+01
   7.5700000000000000e+02  -7.6520988074070203e+01
   7.5800000000000000e+02  -7.6718997106622894e+01
   7.5900000000000000e+02  -7.6033860702220807e+01
   7.6000000000000000e+02  -7.6520275924808800e+01
   7.6100000000000000e+02  -7.6242729783061307e+01
   7.6200000000000000e+02  -7.6724812675882006e+01
   7.6300000000000000e+02  -7.7083791171809807e+01
   7.6400000000000000e+02  -7.6679485579859204e+01
   7.6500000000000000e+02  -7.6821751502343901e+01
   7.6600000000000000e+02  -7.6987803495345901e+01
   7.6700000000000000e+02  -7.6975734575899097e+01
   7.6800000000000000e+02  -7.6573345635242305e+01
   7.6900000000000000e+02  -7.6575275471193393e+01
   7.7000000000000000e+02  -7.6597892783766994e+01
   7.7100000000000000e+02  -7.6615743161886499e+01
   7.7200000000000000e+02  -7.7310882093380201e+01
   7.7300000000000000e+02  -7.6827380283964800e+01
   7.7400000000000000e+02  -7.6519965611717396e+01
   7.7500000000000000e+02  -7.6697054540185604e+01
   7.7600000000000000e+02  -7.6545265117932004e+01
   7.7700000000000000e+02  -7.6434855942456196e+01
   7.7800000000000000e+02  -7.6181147968597301e+01
   7.7900000000000000e+02  -7.5881976867036201e+01
   7.8000000000000000e+02  -7.5757659246055596e+01
   7.8100000000000000e+02  -7.5306634379882198e+01
   7.8200000000000000e+02  -7.5229665447727896e+01
   7.8300000000000000e+02  -7.4866624823377904e+01
   7.8400000000000000e+02  -7.4935999431693503e+01
   7.8500000000000000e+02  -7.4630949460579302e+01
   7.8600000000000000e+02  -7.4774973223649596e+01
   7.8700000000000000e+02  -7.4751256287095103e+01
   7.8800000000000000e+02  -7.4363605374257602e+01
   7.8900000000000000e+02  -7.4575898465585098e+01
   7.9000000000000000e+02  -7.4282065031816501e+01
   7.9100000000000000e+02  -7.4421446022002499e+01
   7.9200000000000000e+02  -7.4195609833175197e+01
   7.9300000000000000e+02  -7.4512078693546599e+01
   7.9400000000000000e+02  -7.3897841083871697e+01
   7.9500000000000000e+02  -7.3974132026655894e+01
   7.9600000000000000e+02  -7.3895580956032603e+01
   7.9700000000000000e+02  -7.3724316801916004e+01
   7.9800000000000000e+02  -7.3616772450526597e+01
   7.9900000000000000e+02  -7.3515586511988801e+01
   8.0000000000000000e+02  -7.3977364451199804e+01
   8.0100000000000000e+02  -7.4333798251160303e+01
   8.0200000000000000e+02  -7.4179617248695607e+01
   8.0300000000000000e+02  -7.4153066020832497e+01
   8.0400000000000000e+02  -7.4519085103093701e+01
   8.0500000000000000e+02  -7.4271756644020101e+01
   8.0600000000000000e+02  -7.4167857374039102e+01
   8.0700000000000000e+02  -7.4651059997523504e+01
   8.0800000000000000e+02  -7.4624116045502205e+01
   8.0900000000000000e+02  -7.4848487929466998e+01
   8.1000000000000000e+02  -7.4689197632150297e+01
   8.1100000000000000e+02  -7.4572966239052207e+01
   8.1200000000000000e+02  -7.4610435875990007e+01
   8.1300000000000000e+02  -7.5130955645688204e+01
   8.1400000000000000e+02  -7.5466136480761705e+01
   8.1500000000000000e+02  -7.5589137352005096e+01
   8.1600000000000000e+02  -7.5204412810020301e+01
   8.1700000000000000e+02  -7.4999909597915206e+01
   8.1800000000000000e+02  -7.5162306314456401e+01
   8.1900000000000000e+02  -7.5526386115484897e+01
   8.2000000000000000e+02  -7.5372678975830596e+01
   8.2100000000000000e+02  -7.5839944829546894e+01
   8.2200000000000000e+02  -7.5783806027504895e+01
   8.2300000000000000e+02  -7.5451979743219795e+01
   8.2400000000000000e+02  -7.4943639335803894e+01
   8.2500000000000000e+02  -7.4479960584324303e+01
   8.2600000000000000e+02  -7.4618878406821096e+01
   8.2700000000000000e+02  -7.4333580905742707e+01
   8.2800000000000000e+02  -7.4199137905485600e+01
   8.2900000000000000e+02  -7.4372244847268206e+01
   8.3000000000000000e+02  -7.4360034689907494e+01
   8.3100000000000000e+02  -7.4658515008167399e+01
   8.3200000000000000e+02  -7.4744379184343103e+01
   8.3300000000000000e+02  -7.4536607611779800e+01
   8.3400000000000000e+02  -7.4763112830583594e+01
   8.3500000000000000e+02  -7.4797886431220704e+01
   8.3600000000000000e+02  -7.4531377363725397e+01
   8.3700000000000000e+02  -7.5221672446187895e+01
   8.3800000000000000e+02  -7.5098452272126806e+01
   8.3900000000000000e+02  -7.4780861270544193e+01
   8.4000000000000000e+02  -7.4413549923349706e+01
   8.4100000000000000e+02  -7.5217854682400400e+01
   8.4200000000000000e+02  -7.5288831174838904e+01
   8.4300000000000000e+02  -7.5663493440905299e+01
   8.4400000000000000e+02  -7.5685729994410295e+01
   8.4500000000000000e+02  -7.4956564038746805e+01
   8.4600000000000000e+02  -7.5086349361116305e+01
   8.4700000000000000e+02  -7.4579037446807902e+01
   8.4800000000000000e+02  -7.4272790885942200e+01
   8.4900000000000000e+02  -7.3962481725003599e+01
   8.5000000000000000e+02  -7.3388389913786099e+01
   8.5100000000000000e+02  -7.3477413609491506e+01
   8.5200000000000000e+02  -7.3051199176314498e+01
   8.5300000000000000e+02  -7.3061485657172099e+01
   8.5400000000000000e+02  -7.2984224007704398e+01
   8.5500000000000000e+02  -7.3435707523392296e+01
   8.5600000000000000e+02  -7.3355490903931297e+01
   8.5700000000000000e+02  -7.3629872339473806e+01
   8.5800000000000000e+02  -7.3797726063453297e+01
   8.5900000000000000e+02  -7.3773789011025499e+01
   8.6000000000000000e+02  -7.3806241067190797e+01
   8.6100000000000000e+02  -7.4042038926979203e+01
   8.6200000000000000e+02  -7.4001016099794199e+01
   8.6300000000000000e+02  -7.4048859720207602e+01
   8.6400000000000000e+02  -7.3837245898380402e+01
   8.6500000000000000e+02  -7.3411995291818798e+01
   8.6600000000000000e+02  -7.3514686587267704e+01
   8.6700000000000000e+02  -7.3669984012570097e+01
   8.6800000000000000e+02  -7.3986685483375695e+01
   8.6900000000000000e+02  -7.4271241908359499e+01
   8.7000000000000000e+02  -7.4136544084437801e+01
   8.7100000000000000e+02  -7.4499213254572396e+01
   8.7200000000000000e+02  -7.4403484571692800e+01
   8.7300000000000000e+02  -7.5059061551031903e+01
   8.7400000000000000e+02  -7.4803182155184402e+01
   8.7500000000000000e+02  -7.4964278063992893e+01
   8.7600000000000000e+02  -7.4982951203978701e+01
   8.7700000000000000e+02  -7.4880743447101096e+01
   8.7800000000000000e+02  -7.4532371639714896e+01
   8.7900000000000000e+02  -7.4957244883113404e+01
   8.8000000000000000e+02  -7.5077470180603498e+01
   8.8100000000000000e+02  -7.4866326401353803e+01
   8.8200000000000000e+02  -7.5153263271853902e+01
   8.8300000000000000e+02  -7.5378855190659095e+01
   8.8400000000000000e+02  -7.5314237513737098e+01
   8.8500000000000000e+02  -7.5370670042556100e+01
   8.8600000000000000e+02  -7.5660284824260700e+01
   8.8700000000000000e+02  -7.5182909635354903e+01
   8.8800000000000000e+02  -7.4673394817577602e+01
   8.8900000000000000e+02  -7.5133847567465097e+01
   8.9000000000000000e+02  -7.4600377068536204e+01
   8.9100000000000000e+02  -7.4717897267149098e+01
   8.9200000000000000e+02  -7.4916086657264600e+01
   8.9300000000000000e+02  -7.4840852973609202e+01
   8.9400000000000000e+02  -7.4757582583585503e+01
   8.9500000000000000e+02  -7.4415800972788105e+01
   8.9600000000000000e+02  -7.4442243341288503e+01
   8.9700000000000000e+02  -7.4543963225363697e+01
   8.9800000000000000e+02  -7.4001250597846493e+01
   8.9900000000000000e+02  -7.4388545628969794e+01
   9.0000000000000000e+02  -7.4477395194220904e+01
   9.0100000000000000e+02  -7.4341814389108507e+01
   9.0200000000000000e+02  -7.4330378251502196e+01
   9.0300000000000000e+02  -7.4373189584093794e+01
   9.0400000000000000e+02  -7.4540653043896199e+01
   9.0500000000000000e+02  -7.4689845701832994e+01
   9.0600000000000000e+02  -7.4513638945373799e+01
   9.0700000000000000e+02  -7.4468746359580905e+01
   9.0800000000000000e+02  -7.4397589638551096e+01
   9.0900000000000000e+02  -7.4829009938827895e+01
   9.1000000000000000e+02  -7.5084573414213807e+01
   9.1100000000000000e+02  -7.5113876184160603e+01
   9.1200000000000000e+02  -7.4745545903713406e+01
   9.1300000000000000e+02  -7.3836065451626894e+01
   9.1400000000000000e+02  -7.3559156534139206e+01
   9.1500000000000000e+02  -7.3758825046880901e+01
   9.1600000000000000e+02  -7.4473310808418901e+01
   9.1700000000000000e+02  -7.4725216837272598e+01
   9.1800000000000000e+02  -7.4606310709629696e+01
   9.1900000000000000e+02  -7.4372571085941800e+01
   9.2000000000000000e+02  -7.4248746989452002e+01
   9.2100000000000000e+02  -7.3857870451235499e+01
   9.2200000000000000e+02  -7.3343869135686006e+01
   9.2300000000000000e+02  -7.2799533350994807e+01
   9.2400000000000000e+02  -7.3521166443391294e+01
   9.2500000000000000e+02  -7.3749702443599503e+01
   9.2600000000000000e+02  -7.4100830383294806e+01
   9.2700000000000000e+02  -7.4283531441617200e+01
   9.2800000000000000e+02  -7.4326393456044798e+01
   9.2900000000000000e+02  -7.4392691731252299e+01
   9.3000000000000000e+02  -7.4727592568944900e+01
   9.3100000000000000e+02  -7.5116731859870100e+01
   9.3200000000000000e+02  -7.5314639906061004e+01
   9.3300000000000000e+02  -7.5074754951493404e+01
   9.3400000000000000e+02  -7.5276813519181601e+01
   9.3500000000000000e+02  -7.5060791563509895e+01
   9.3600000000000000e+02  -7.5055155715765295e+01
   9.3700000000000000e+02  -7.5455683581267394e+01
   9.3800000000000000e+02  -7.5306978291365695e+01
   9.3900000000000000e+02  -7.5244292715722693e+01
   9.4000000000000000e+02  -7.5091671402191906e+01
   9.4100000000000000e+02  -7.4872487623078499e+01
   9.4200000000000000e+02  -7.5461149088008796e+01
   9.4300000000000000e+02  -7.5387121092010005e+01
   9.4400000000000000e+02  -7.5370284638594200e+01
   9.4500000000000000e+02  -7.5711169989716694e+01
   9.4600000000000000e+02  -7.5049864886376994e+01
   9.4700000000000000e+02  -7.5108886638334894e+01
   9.4800000000000000e+02  -7.4752252492912504e+01
   9.4900000000000000e+02  -7.4725585269263306e+01
   9.5000000000000000e+02  -7.4595725394890707e+01
   9.5100000000000000e+02  -7.4792980203081797e+01
   9.5200000000000000e+02  -7.4966573437517397e+01
   9.5300000000000000e+02  -7.4544402821905507e+01
