  -1.0000000000000000e+02  -7.2395502412078301e+01
  -9.9000000000000000e+01  -7.2533112387638596e+01
  -9.8000000000000000e+01  -7.3164790784931697e+01
  -9.7000000000000000e+01  -7.2876304814796001e+01
  -9.6000000000000000e+01  -7.2610751834789497e+01
  -9.5000000000000000e+01  -7.2970052922488705e+01
  -9.4000000000000000e+01  -7.2619038820581096e+01
  -9.3000000000000000e+01  -7.2508411889715603e+01
  -9.2000000000000000e+01  -7.2240998453311903e+01
  -9.1000000000000000e+01  -7.2477342633130803e+01
  -9.0000000000000000e+01  -7.2337075579317798e+01
  -8.9000000000000000e+01  -7.2216464350683594e+01
  -8.8000000000000000e+01  -7.2601377044122700e+01
  -8.7000000000000000e+01  -7.2649219272706802e+01
  -8.6000000000000000e+01  -7.2789382826744102e+01
  -8.5000000000000000e+01  -7.2368936297470896e+01
  -8.4000000000000000e+01  -7.2280275599867593e+01
  -8.3000000000000000e+01  -7.2394855165316798e+01
  -8.2000000000000000e+01  -7.2416742220858495e+01
  -8.1000000000000000e+01  -7.2311998892049601e+01
  -8.0000000000000000e+01  -7.2518139777684098e+01
  -7.9000000000000000e+01  -7.1628665989752193e+01
  -7.8000000000000000e+01  -7.1432557140635495e+01
  -7.7000000000000000e+01  -7.1429179898365902e+01
  -7.6000000000000000e+01  -7.0738441465535999e+01
  -7.5000000000000000e+01  -7.1040455296747496e+01
  -7.4000000000000000e+01  -7.0581038180101203e+01
  -7.3000000000000000e+01  -7.0676550203547194e+01
  -7.2000000000000000e+01  -7.0379766001811802e+01
  -7.1000000000000000e+01  -6.9913620110375305e+01
  -7.0000000000000000e+01  -6.9776249502359207e+01
  -6.9000000000000000e+01  -6.9748883896470204e+01
  -6.8000000000000000e+01  -6.9584103864672400e+01
  -6.7000000000000000e+01  -7.0010012491089199e+01
  -6.6000000000000000e+01  -7.0729206887434898e+01
  -6.5000000000000000e+01  -7.0616842302386303e+01
  -6.4000000000000000e+01  -7.0571314776326702e+01
  -6.3000000000000000e+01  -7.0971901439702904e+01
  -6.2000000000000000e+01  -7.1116271936856094e+01
  -6.1000000000000000e+01  -7.0878975377024204e+01
  -6.0000000000000000e+01  -7.1140439123412705e+01
  -5.9000000000000000e+01  -7.0962633869396399e+01
  -5.8000000000000000e+01  -7.0697556456165401e+01
  -5.7000000000000000e+01  -7.0310718409392805e+01
  -5.6000000000000000e+01  -7.0932674035561902e+01
  -5.5000000000000000e+01  -7.1018046222417894e+01
  -5.4000000000000000e+01  -7.1499292946338102e+01
  -5.3000000000000000e+01  -7.1573501110946694e+01
  -5.2000000000000000e+01  -7.1289122008387494e+01
  -5.1000000000000000e+01  -7.0952284060874604e+01
  -5.0000000000000000e+01  -7.0986888513981796e+01
  -4.9000000000000000e+01  -7.0963665656423203e+01
  -4.8000000000000000e+01  -7.0923100297677493e+01
  -4.7000000000000000e+01  -7.0624314166677493e+01
  -4.6000000000000000e+01  -7.0324495086354105e+01
  -4.5000000000000000e+01  -7.0484290135412493e+01
  -4.4000000000000000e+01  -7.0449711106641203e+01
  -4.3000000000000000e+01  -7.0566788016809397e+01
  -4.2000000000000000e+01  -7.0394645193118095e+01
  -4.1000000000000000e+01  -6.9869046183007001e+01
  -4.0000000000000000e+01  -7.0044915946730498e+01
  -3.9000000000000000e+01  -6.9862587425355898e+01
  -3.8000000000000000e+01  -6.9839721030293902e+01
  -3.7000000000000000e+01  -6.9893512607355902e+01
  -3.6000000000000000e+01  -6.9613340561901097e+01
  -3.5000000000000000e+01  -6.9422554762601806e+01
  -3.4000000000000000e+01  -6.8795326091085897e+01
  -3.3000000000000000e+01  -6.8335885742653701e+01
  -3.2000000000000000e+01  -6.8820886248116196e+01
  -3.1000000000000000e+01  -6.8518898008295807e+01
  -3.0000000000000000e+01  -6.8686371730940806e+01
  -2.9000000000000000e+01  -6.8730465430637096e+01
  -2.8000000000000000e+01  -6.8397552372713605e+01
  -2.7000000000000000e+01  -6.8210143911980097e+01
  -2.6000000000000000e+01  -6.8231815623906996e+01
  -2.5000000000000000e+01  -6.8387283257686903e+01
  -2.4000000000000000e+01  -6.8256158426786200e+01
  -2.3000000000000000e+01  -6.7683007584172003e+01
  -2.2000000000000000e+01  -6.7567433003833401e+01
  -2.1000000000000000e+01  -6.7813944133565599e+01
  -2.0000000000000000e+01  -6.7733717049755001e+01
  -1.9000000000000000e+01  -6.7434957546341096e+01
  -1.8000000000000000e+01  -6.7027696823040003e+01
  -1.7000000000000000e+01  -6.6575405664205107e+01
  -1.6000000000000000e+01  -6.6010239005998997e+01
  -1.5000000000000000e+01  -6.5321642524994303e+01
  -1.4000000000000000e+01  -6.4468860226607802e+01
  -1.3000000000000000e+01  -6.4610046128892293e+01
  -1.2000000000000000e+01  -6.4458396727727006e+01
  -1.1000000000000000e+01  -6.4427825483842696e+01
  -1.0000000000000000e+01  -6.3813763854547801e+01
  -9.0000000000000000e+00  -6.3260135915770398e+01
  -8.0000000000000000e+00  -6.2219681033748401e+01
  -7.0000000000000000e+00  -6.1933112182795398e+01
  -6.0000000000000000e+00  -6.1208144074680398e+01
  -5.0000000000000000e+00  -6.0122976836570402e+01
  -4.0000000000000000e+00  -5.7991250538771297e+01
  -3.0000000000000000e+00  -5.5530856157031302e+01
  -2.0000000000000000e+00  -5.0371202955970503e+01
  -1.0000000000000000e+00  -3.1746550600934899e+01
   0.0000000000000000e+00  -7.1129705362899198e+00
   1.0000000000000000e+00   9.2602373172504109e+00
   2.0000000000000000e+00   1.7781530453155298e+01
   3.0000000000000000e+00   2.2444739350732998e+01
   4.0000000000000000e+00   2.5266559294080601e+01
   5.0000000000000000e+00   2.6496499243685900e+01
   6.0000000000000000e+00   2.6573719977773202e+01
   7.0000000000000000e+00   2.7119882328611599e+01
   8.0000000000000000e+00   2.7476676126869901e+01
   9.0000000000000000e+00   2.7308375198074501e+01
   1.0000000000000000e+01   2.7800637650117899e+01
   1.1000000000000000e+01   2.8243318836997300e+01
   1.2000000000000000e+01   2.8550812460722700e+01
   1.3000000000000000e+01   2.8795190496623501e+01
   1.4000000000000000e+01   2.9136353149827499e+01
   1.5000000000000000e+01   2.9495737890926499e+01
   1.6000000000000000e+01   2.9913762206903399e+01
   1.7000000000000000e+01   3.0468645206531601e+01
   1.8000000000000000e+01   3.0277230614940301e+01
   1.9000000000000000e+01   3.0805592836525800e+01
   2.0000000000000000e+01   3.0681931185857199e+01
   2.1000000000000000e+01   3.1165260405417001e+01
   2.2000000000000000e+01   3.1434537731501599e+01
   2.3000000000000000e+01   3.1121907219528900e+01
   2.4000000000000000e+01   3.1615247033799001e+01
   2.5000000000000000e+01   3.1545708442611399e+01
   2.6000000000000000e+01   3.1407640293694399e+01
   2.7000000000000000e+01   3.1232748810834700e+01
   2.8000000000000000e+01   3.1018563191152300e+01
   2.9000000000000000e+01   3.1037072547109101e+01
   3.0000000000000000e+01   3.0747038521089600e+01
   3.1000000000000000e+01   3.0698631948155700e+01
   3.2000000000000000e+01   3.0515236520498501e+01
   3.3000000000000000e+01   3.0241322779560800e+01
   3.4000000000000000e+01   3.1005892439706599e+01
   3.5000000000000000e+01   3.1802514764562002e+01
   3.6000000000000000e+01   3.1344007682624099e+01
   3.7000000000000000e+01   3.1451606348118698e+01
   3.8000000000000000e+01   3.1941207739519800e+01
   3.9000000000000000e+01   3.2140255006244900e+01
   4.0000000000000000e+01   3.2432998627341703e+01
   4.1000000000000000e+01   3.2373958365956099e+01
   4.2000000000000000e+01   3.2416152105952001e+01
   4.3000000000000000e+01   3.2672217566062798e+01
   4.4000000000000000e+01   3.2468806625467799e+01
   4.5000000000000000e+01   3.2532980019825700e+01
   4.6000000000000000e+01   3.2900491969412599e+01
   4.7000000000000000e+01   3.2353685872356500e+01
   4.8000000000000000e+01   3.2215324054995200e+01
   4.9000000000000000e+01   3.1985839742995701e+01
   5.0000000000000000e+01   3.2087016846052997e+01
   5.1000000000000000e+01   3.1782697324939399e+01
   5.2000000000000000e+01   3.2165736052375102e+01
   5.3000000000000000e+01   3.2289168720495802e+01
   5.4000000000000000e+01   3.2499579083539402e+01
   5.5000000000000000e+01   3.2644117139943297e+01
   5.6000000000000000e+01   3.2503039227697798e+01
   5.7000000000000000e+01   3.2844157620427303e+01
   5.8000000000000000e+01   3.3335042805907001e+01
   5.9000000000000000e+01   3.3193907839889803e+01
   6.0000000000000000e+01   3.3310159949888003e+01
   6.1000000000000000e+01   3.3072728929861100e+01
   6.2000000000000000e+01   3.3057003878944300e+01
   6.3000000000000000e+01   3.3535834611205097e+01
   6.4000000000000000e+01   3.4123224516927898e+01
   6.5000000000000000e+01   3.3617736464342400e+01
   6.6000000000000000e+01   3.3796149391726800e+01
   6.7000000000000000e+01   3.4040669590897899e+01
   6.8000000000000000e+01   3.3750055834144199e+01
   6.9000000000000000e+01   3.3755491670906103e+01
   7.0000000000000000e+01   3.4034375235269401e+01
   7.1000000000000000e+01   3.4335956374252802e+01
   7.2000000000000000e+01   3.4446127700014898e+01
   7.3000000000000000e+01   3.4310436775827903e+01
   7.4000000000000000e+01   3.4519318417692901e+01
   7.5000000000000000e+01   3.4666676006485503e+01
   7.6000000000000000e+01   3.4739533029428600e+01
   7.7000000000000000e+01   3.4295676213471999e+01
   7.8000000000000000e+01   3.4081172924639397e+01
   7.9000000000000000e+01   3.4129862052910703e+01
   8.0000000000000000e+01   3.4242749476904201e+01
   8.1000000000000000e+01   3.4614152465276398e+01
   8.2000000000000000e+01   3.4678911800943901e+01
   8.3000000000000000e+01   3.4962971486127401e+01
   8.4000000000000000e+01   3.5150431797477701e+01
   8.5000000000000000e+01   3.5441133136865901e+01
   8.6000000000000000e+01   3.6095507583155801e+01
   8.7000000000000000e+01   3.6283690250584200e+01
   8.8000000000000000e+01   3.5925731749241301e+01
   8.9000000000000000e+01   3.5514726506511202e+01
   9.0000000000000000e+01   3.5507929950634498e+01
   9.1000000000000000e+01   3.6058324886916800e+01
   9.2000000000000000e+01   3.5564768406390201e+01
   9.3000000000000000e+01   3.5159353299732501e+01
   9.4000000000000000e+01   3.5208004171537297e+01
   9.5000000000000000e+01   3.5737535588313101e+01
   9.6000000000000000e+01   3.6108855999595299e+01
   9.7000000000000000e+01   3.6700734844055297e+01
   9.8000000000000000e+01   3.6967995405141203e+01
   9.9000000000000000e+01   3.7069356044784598e+01
   1.0000000000000000e+02   3.6245877280677099e+01
   1.0100000000000000e+02   3.6266122700543299e+01
   1.0200000000000000e+02   3.6556680714794098e+01
   1.0300000000000000e+02   3.6372481339387100e+01
   1.0400000000000000e+02   3.6281796270033198e+01
   1.0500000000000000e+02   3.6539386147617698e+01
   1.0600000000000000e+02   3.6660054312019703e+01
   1.0700000000000000e+02   3.6579303807042301e+01
   1.0800000000000000e+02   3.6588450830539003e+01
   1.0900000000000000e+02   3.6522863167869900e+01
   1.1000000000000000e+02   3.6350318941687497e+01
   1.1100000000000000e+02   3.7039697639317303e+01
   1.1200000000000000e+02   3.7002942114991797e+01
   1.1300000000000000e+02   3.7084713724335103e+01
   1.1400000000000000e+02   3.6676632036425303e+01
   1.1500000000000000e+02   3.6512386232605202e+01
   1.1600000000000000e+02   3.6172502028904702e+01
   1.1700000000000000e+02   3.6996230876829998e+01
   1.1800000000000000e+02   3.6514093743117201e+01
   1.1900000000000000e+02   3.6695129071838203e+01
   1.2000000000000000e+02   3.6530678809044502e+01
   1.2100000000000000e+02   3.6285845551478097e+01
   1.2200000000000000e+02   3.6267304393529102e+01
   1.2300000000000000e+02   3.6402816058969002e+01
   1.2400000000000000e+02   3.6306707053981000e+01
   1.2500000000000000e+02   3.6594488145021202e+01
   1.2600000000000000e+02   3.6802833908299398e+01
   1.2700000000000000e+02   3.6507226350007500e+01
   1.2800000000000000e+02   3.6708071247315900e+01
   1.2900000000000000e+02   3.6608017461254398e+01
   1.3000000000000000e+02   3.6626845790087103e+01
   1.3100000000000000e+02   3.6876156339370802e+01
   1.3200000000000000e+02   3.6508159942976498e+01
   1.3300000000000000e+02   3.6632594807032902e+01
   1.3400000000000000e+02   3.6216670541750901e+01
   1.3500000000000000e+02   3.6237015488917798e+01
   1.3600000000000000e+02   3.6163696001454902e+01
   1.3700000000000000e+02   3.6716329509986302e+01
   1.3800000000000000e+02   3.7210763954694698e+01
   1.3900000000000000e+02   3.7079509738938199e+01
   1.4000000000000000e+02   3.7189802045899697e+01
   1.4100000000000000e+02   3.7383600584472497e+01
   1.4200000000000000e+02   3.6864058256777703e+01
   1.4300000000000000e+02   3.6630259893996801e+01
   1.4400000000000000e+02   3.6409308160797103e+01
   1.4500000000000000e+02   3.6478661574364402e+01
   1.4600000000000000e+02   3.6385678744081702e+01
   1.4700000000000000e+02   3.5639963341592903e+01
   1.4800000000000000e+02   3.5522988109274600e+01
   1.4900000000000000e+02   3.5101823444929700e+01
   1.5000000000000000e+02   3.4871319495091399e+01
   1.5100000000000000e+02   3.5146337736101202e+01
   1.5200000000000000e+02   3.4924106465145499e+01
   1.5300000000000000e+02   3.4077265584272702e+01
   1.5400000000000000e+02   3.4417103982991399e+01
   1.5500000000000000e+02   3.4290695745752103e+01
   1.5600000000000000e+02   3.4714817886741997e+01
   1.5700000000000000e+02   3.4753691595939600e+01
   1.5800000000000000e+02   3.4959867350790603e+01
   1.5900000000000000e+02   3.4840591852898001e+01
   1.6000000000000000e+02   3.4827031906638197e+01
   1.6100000000000000e+02   3.4539986780322003e+01
   1.6200000000000000e+02   3.4188875169064900e+01
   1.6300000000000000e+02   3.4318261663340103e+01
   1.6400000000000000e+02   3.4445709875165399e+01
   1.6500000000000000e+02   3.4206894089140903e+01
   1.6600000000000000e+02   3.4254849890156898e+01
   1.6700000000000000e+02   3.4153712242052002e+01
   1.6800000000000000e+02   3.4325663051800902e+01
   1.6900000000000000e+02   3.3977686074520697e+01
   1.7000000000000000e+02   3.3741642593956499e+01
   1.7100000000000000e+02   3.3443952860364398e+01
   1.7200000000000000e+02   3.3366180374034400e+01
   1.7300000000000000e+02   3.3595074184431397e+01
   1.7400000000000000e+02   3.3994867834543399e+01
   1.7500000000000000e+02   3.4044586116679703e+01
   1.7600000000000000e+02   3.4286705678801198e+01
   1.7700000000000000e+02   3.4022985723167601e+01
   1.7800000000000000e+02   3.4018919979157403e+01
   1.7900000000000000e+02   3.4175534055679101e+01
   1.8000000000000000e+02   3.4092896705122797e+01
   1.8100000000000000e+02   3.3956310548457502e+01
   1.8200000000000000e+02   3.4004910201088101e+01
   1.8300000000000000e+02   3.4439400056457103e+01
   1.8400000000000000e+02   3.4001359286773500e+01
   1.8500000000000000e+02   3.3174712150648404e+01
   1.8600000000000000e+02   3.2944873520192402e+01
   1.8700000000000000e+02   3.2871363290593898e+01
   1.8800000000000000e+02   3.2828091240378399e+01
   1.8900000000000000e+02   3.2994564317695200e+01
   1.9000000000000000e+02   3.2796491994930598e+01
   1.9100000000000000e+02   3.2691337894327098e+01
   1.9200000000000000e+02   3.2128252335842902e+01
   1.9300000000000000e+02   3.2115857890969203e+01
   1.9400000000000000e+02   3.1557483146116802e+01
   1.9500000000000000e+02   3.1782388709788201e+01
   1.9600000000000000e+02   3.1834975328119899e+01
   1.9700000000000000e+02   3.1708597579646899e+01
   1.9800000000000000e+02   3.1757547647704200e+01
   1.9900000000000000e+02   3.1516225493885202e+01
   2.0000000000000000e+02   3.1504337024606802e+01
   2.0100000000000000e+02   3.1396475331899801e+01
   2.0200000000000000e+02   3.1399879898283000e+01
   2.0300000000000000e+02   3.0893394124219100e+01
   2.0400000000000000e+02   3.0693091481827700e+01
   2.0500000000000000e+02   3.0058699395331502e+01
   2.0600000000000000e+02   2.9780182405040701e+01
   2.0700000000000000e+02   2.9295848613326001e+01
   2.0800000000000000e+02   2.9083731780516299e+01
   2.0900000000000000e+02   2.9210600921938600e+01
   2.1000000000000000e+02   2.9059258331241601e+01
   2.1100000000000000e+02   2.8951945135368199e+01
   2.1200000000000000e+02   2.8983037135114898e+01
   2.1300000000000000e+02   2.8725452883409599e+01
   2.1400000000000000e+02   2.8129312141915399e+01
   2.1500000000000000e+02   2.8211597021841701e+01
   2.1600000000000000e+02   2.8199230112464502e+01
   2.1700000000000000e+02   2.7988626286601601e+01
   2.1800000000000000e+02   2.8283466330296200e+01
   2.1900000000000000e+02   2.8434870598024499e+01
   2.2000000000000000e+02   2.8369212663401498e+01
   2.2100000000000000e+02   2.8404655307933499e+01
   2.2200000000000000e+02   2.8144883057680200e+01
   2.2300000000000000e+02   2.7897205809323900e+01
   2.2400000000000000e+02   2.7678561603615201e+01
   2.2500000000000000e+02   2.7796525382026100e+01
   2.2600000000000000e+02   2.7499557703813501e+01
   2.2700000000000000e+02   2.8162666665283300e+01
   2.2800000000000000e+02   2.8164698641345598e+01
   2.2900000000000000e+02   2.8304224721590600e+01
   2.3000000000000000e+02   2.8150961205993500e+01
   2.3100000000000000e+02   2.8078584975755099e+01
   2.3200000000000000e+02   2.8028731437575299e+01
   2.3300000000000000e+02   2.7738240395693200e+01
   2.3400000000000000e+02   2.7788466916579299e+01
   2.3500000000000000e+02   2.7512247988079199e+01
   2.3600000000000000e+02   2.7373171179958501e+01
   2.3700000000000000e+02   2.7197331712883798e+01
   2.3800000000000000e+02   2.7374861819874400e+01
   2.3900000000000000e+02   2.6683665944830100e+01
   2.4000000000000000e+02   2.7000120968331800e+01
   2.4100000000000000e+02   2.7152434894382601e+01
   2.4200000000000000e+02   2.7026528416865599e+01
   2.4300000000000000e+02   2.6669312441417301e+01
   2.4400000000000000e+02   2.6277212709148799e+01
   2.4500000000000000e+02   2.5649770915061300e+01
   2.4600000000000000e+02   2.5303469576164499e+01
   2.4700000000000000e+02   2.5294830983636700e+01
   2.4800000000000000e+02   2.5313558724996899e+01
   2.4900000000000000e+02   2.5105158202614501e+01
   2.5000000000000000e+02   2.5153704007385102e+01
   2.5100000000000000e+02   2.5011719926742199e+01
   2.5200000000000000e+02   2.4367672613223800e+01
   2.5300000000000000e+02   2.4406555858801799e+01
   2.5400000000000000e+02   2.4314685419175799e+01
   2.5500000000000000e+02   2.4036435654277501e+01
   2.5600000000000000e+02   2.3997054532745601e+01
   2.5700000000000000e+02   2.3613652611718798e+01
   2.5800000000000000e+02   2.3275652827753699e+01
   2.5900000000000000e+02   2.3145282635647401e+01
   2.6000000000000000e+02   2.3378797062992501e+01
   2.6100000000000000e+02   2.2943466728555201e+01
   2.6200000000000000e+02   2.2648073027278201e+01
   2.6300000000000000e+02   2.2055494990976801e+01
   2.6400000000000000e+02   2.1619185497246601e+01
   2.6500000000000000e+02   2.1729126095107802e+01
   2.6600000000000000e+02   2.1714941394318402e+01
   2.6700000000000000e+02   2.1411370561209100e+01
   2.6800000000000000e+02   2.1347364505631699e+01
   2.6900000000000000e+02   2.1439837665638400e+01
   2.7000000000000000e+02   2.1112391920450101e+01
   2.7100000000000000e+02   2.1273990350277700e+01
   2.7200000000000000e+02   2.1425971026154400e+01
   2.7300000000000000e+02   2.1584611211658999e+01
   2.7400000000000000e+02   2.1824230715552801e+01
   2.7500000000000000e+02   2.1713698657489800e+01
   2.7600000000000000e+02   2.1441920504250000e+01
   2.7700000000000000e+02   2.1323702289979600e+01
   2.7800000000000000e+02   2.1652827180159999e+01
   2.7900000000000000e+02   2.1680800327549900e+01
   2.8000000000000000e+02   2.1172608444036200e+01
   2.8100000000000000e+02   2.0565687479280299e+01
   2.8200000000000000e+02   2.0310440241594701e+01
   2.8300000000000000e+02   2.0078226469919599e+01
   2.8400000000000000e+02   1.9922278623858301e+01
   2.8500000000000000e+02   1.9749947987091900e+01
   2.8600000000000000e+02   1.9579252458503600e+01
   2.8700000000000000e+02   1.9447916451447600e+01
   2.8800000000000000e+02   1.9783386896947299e+01
   2.8900000000000000e+02   1.9993105396173899e+01
   2.9000000000000000e+02   2.0338961436717799e+01
   2.9100000000000000e+02   1.9921994897330102e+01
   2.9200000000000000e+02   1.9678759549373801e+01
   2.9300000000000000e+02   1.9626723047550701e+01
   2.9400000000000000e+02   1.9494361018806700e+01
   2.9500000000000000e+02   1.9015978486079401e+01
   2.9600000000000000e+02   1.9311944227782700e+01
   2.9700000000000000e+02   1.9214164510527901e+01
   2.9800000000000000e+02   1.9200344921419301e+01
   2.9900000000000000e+02   1.9164644657357702e+01
   3.0000000000000000e+02   1.9086690460476401e+01
   3.0100000000000000e+02   1.8977558441031999e+01
   3.0200000000000000e+02   1.8950391266360999e+01
   3.0300000000000000e+02   1.8221414568627399e+01
   3.0400000000000000e+02   1.8172507167582701e+01
   3.0500000000000000e+02   1.8142727417358799e+01
   3.0600000000000000e+02   1.8070277101967498e+01
   3.0700000000000000e+02   1.8191194558777902e+01
   3.0800000000000000e+02   1.8187045180586999e+01
   3.0900000000000000e+02   1.7958581646882600e+01
   3.1000000000000000e+02   1.7289370380672501e+01
   3.1100000000000000e+02   1.7333090274531202e+01
   3.1200000000000000e+02   1.7660345930507699e+01
   3.1300000000000000e+02   1.7217372444834801e+01
   3.1400000000000000e+02   1.6801639919746400e+01
   3.1500000000000000e+02   1.7077708253851199e+01
   3.1600000000000000e+02   1.7319233435044001e+01
   3.1700000000000000e+02   1.7202410995007700e+01
   3.1800000000000000e+02   1.6661319641984100e+01
   3.1900000000000000e+02   1.6566308420705798e+01
   3.2000000000000000e+02   1.6438126290977600e+01
   3.2100000000000000e+02   1.5717224740059700e+01
   3.2200000000000000e+02   1.4927457743661501e+01
   3.2300000000000000e+02   1.4571143276300999e+01
   3.2400000000000000e+02   1.4284497275721201e+01
   3.2500000000000000e+02   1.3926841698960899e+01
   3.2600000000000000e+02   1.3775188954054100e+01
   3.2700000000000000e+02   1.3629247927723499e+01
   3.2800000000000000e+02   1.3326115076145600e+01
   3.2900000000000000e+02   1.3024318481017900e+01
   3.3000000000000000e+02   1.2922792584866100e+01
   3.3100000000000000e+02   1.2633883729804101e+01
   3.3200000000000000e+02   1.2132636819198300e+01
   3.3300000000000000e+02   1.1826852991110099e+01
   3.3400000000000000e+02   1.1794991012619301e+01
   3.3500000000000000e+02   1.1647431493114301e+01
   3.3600000000000000e+02   1.1536576432608600e+01
   3.3700000000000000e+02   1.1313444437500300e+01
   3.3800000000000000e+02   1.0770154212910899e+01
   3.3900000000000000e+02   1.0954115816826100e+01
   3.4000000000000000e+02   1.0423068194934199e+01
   3.4100000000000000e+02   1.0000788195540499e+01
   3.4200000000000000e+02   9.2546105083625498e+00
   3.4300000000000000e+02   9.2945851106042401e+00
   3.4400000000000000e+02   9.4297358273891394e+00
   3.4500000000000000e+02   8.8911769213108105e+00
   3.4600000000000000e+02   8.9587277745723899e+00
   3.4700000000000000e+02   8.4705147170874699e+00
   3.4800000000000000e+02   7.9622878399776997e+00
   3.4900000000000000e+02   7.8514160274438600e+00
   3.5000000000000000e+02   7.3827176680167499e+00
   3.5100000000000000e+02   6.9691578217172498e+00
   3.5200000000000000e+02   6.8301869662307402e+00
   3.5300000000000000e+02   6.1552087221201104e+00
   3.5400000000000000e+02   6.0889303034225799e+00
   3.5500000000000000e+02   6.1111936617384099e+00
   3.5600000000000000e+02   5.6729354431156898e+00
   3.5700000000000000e+02   5.2445411936955004e+00
   3.5800000000000000e+02   5.5439973645049099e+00
   3.5900000000000000e+02   5.7427484334736798e+00
   3.6000000000000000e+02   5.1894522377529100e+00
   3.6100000000000000e+02   5.1419651473612502e+00
   3.6200000000000000e+02   5.2104299260585902e+00
   3.6300000000000000e+02   5.9024882021500700e+00
   3.6400000000000000e+02   5.8993671329206903e+00
   3.6500000000000000e+02   5.3633684279877896e+00
   3.6600000000000000e+02   5.3224324398919496e+00
   3.6700000000000000e+02   5.3084960665016903e+00
   3.6800000000000000e+02   4.7799003989186097e+00
   3.6900000000000000e+02   4.5533419924292300e+00
   3.7000000000000000e+02   3.9857372302844301e+00
   3.7100000000000000e+02   3.5681426714892401e+00
   3.7200000000000000e+02   3.4558078522166600e+00
   3.7300000000000000e+02   3.4493374066505300e+00
   3.7400000000000000e+02   2.3962574131258099e+00
   3.7500000000000000e+02   2.0311963807829798e+00
   3.7600000000000000e+02   1.6383492707646401e+00
   3.7700000000000000e+02   1.3191101420764799e+00
   3.7800000000000000e+02   1.1888964626826299e+00
   3.7900000000000000e+02   1.4986812872621000e+00
   3.8000000000000000e+02   6.8475276489380399e-01
   3.8100000000000000e+02   6.4946802928408404e-02
   3.8200000000000000e+02  -2.3292507833159401e-01
   3.8300000000000000e+02  -3.3804357134730301e-01
   3.8400000000000000e+02  -5.5642917192065500e-01
   3.8500000000000000e+02  -8.7481699444877503e-01
   3.8600000000000000e+02  -9.2177172342964697e-01
   3.8700000000000000e+02  -8.2748610986062898e-01
   3.8800000000000000e+02  -8.8311049498769900e-01
   3.8900000000000000e+02  -1.1824124396667901e+00
   3.9000000000000000e+02  -1.3520309054813999e+00
   3.9100000000000000e+02  -1.3641411359144400e+00
   3.9200000000000000e+02  -1.7426860571370499e+00
   3.9300000000000000e+02  -2.0668329679917301e+00
   3.9400000000000000e+02  -2.6444776760669901e+00
   3.9500000000000000e+02  -3.1804853814407599e+00
   3.9600000000000000e+02  -3.5598276200367098e+00
   3.9700000000000000e+02  -3.6886074013431598e+00
   3.9800000000000000e+02  -3.8793937923994100e+00
   3.9900000000000000e+02  -3.9868537205680501e+00
   4.0000000000000000e+02  -3.6808092128549399e+00
   4.0100000000000000e+02  -4.1359292603186999e+00
   4.0200000000000000e+02  -4.5482633883493397e+00
   4.0300000000000000e+02  -5.2724059866026600e+00
   4.0400000000000000e+02  -5.5740197646970300e+00
   4.0500000000000000e+02  -6.2204672277147397e+00
   4.0600000000000000e+02  -6.5555413524024901e+00
   4.0700000000000000e+02  -7.0829067639881398e+00
   4.0800000000000000e+02  -7.6622142209636301e+00
   4.0900000000000000e+02  -7.8967971074804604e+00
   4.1000000000000000e+02  -8.2949498844921798e+00
   4.1100000000000000e+02  -8.3990421368415493e+00
   4.1200000000000000e+02  -8.5558227886188405e+00
   4.1300000000000000e+02  -8.8217858143944294e+00
   4.1400000000000000e+02  -9.2024167340371505e+00
   4.1500000000000000e+02  -9.7608923844636504e+00
   4.1600000000000000e+02  -1.0101074790677000e+01
   4.1700000000000000e+02  -1.0500154911290499e+01
   4.1800000000000000e+02  -1.0617122674928600e+01
   4.1900000000000000e+02  -1.1668364695189000e+01
   4.2000000000000000e+02  -1.2119067817175001e+01
   4.2100000000000000e+02  -1.2023675172087600e+01
   4.2200000000000000e+02  -1.2150635406340101e+01
   4.2300000000000000e+02  -1.2386682590754400e+01
   4.2400000000000000e+02  -1.2596002830032100e+01
   4.2500000000000000e+02  -1.3141550862647700e+01
   4.2600000000000000e+02  -1.3612050948759300e+01
   4.2700000000000000e+02  -1.3948834378953700e+01
   4.2800000000000000e+02  -1.4315711037220201e+01
   4.2900000000000000e+02  -1.4785181139112799e+01
   4.3000000000000000e+02  -1.4967972955261899e+01
   4.3100000000000000e+02  -1.5208475185409000e+01
   4.3200000000000000e+02  -1.5958569845012800e+01
   4.3300000000000000e+02  -1.6646123465376700e+01
   4.3400000000000000e+02  -1.7147328135893598e+01
   4.3500000000000000e+02  -1.7320996631673601e+01
   4.3600000000000000e+02  -1.7337823778566701e+01
   4.3700000000000000e+02  -1.7607541220317302e+01
   4.3800000000000000e+02  -1.7458436892749500e+01
   4.3900000000000000e+02  -1.7965281827987901e+01
   4.4000000000000000e+02  -1.8364610747151399e+01
   4.4100000000000000e+02  -1.8951659401660802e+01
   4.4200000000000000e+02  -1.9936894914390500e+01
   4.4300000000000000e+02  -2.0298631566283600e+01
   4.4400000000000000e+02  -2.0949306195872101e+01
   4.4500000000000000e+02  -2.1546059596561200e+01
   4.4600000000000000e+02  -2.1526334392726799e+01
   4.4700000000000000e+02  -2.1944505063658099e+01
   4.4800000000000000e+02  -2.2006406276544400e+01
   4.4900000000000000e+02  -2.2099211460590102e+01
   4.5000000000000000e+02  -2.2330609512405900e+01
   4.5100000000000000e+02  -2.2354191658666601e+01
   4.5200000000000000e+02  -2.2547374803096901e+01
   4.5300000000000000e+02  -2.2719119795462099e+01
   4.5400000000000000e+02  -2.2684169029318799e+01
   4.5500000000000000e+02  -2.2766643673897001e+01
   4.5600000000000000e+02  -2.2656198160711501e+01
   4.5700000000000000e+02  -2.3351768754721800e+01
   4.5800000000000000e+02  -2.3946384077195599e+01
   4.5900000000000000e+02  -2.3951695963754901e+01
   4.6000000000000000e+02  -2.4680964119113199e+01
   4.6100000000000000e+02  -2.5345513661987400e+01
   4.6200000000000000e+02  -2.5730681999030200e+01
   4.6300000000000000e+02  -2.6601568671525801e+01
   4.6400000000000000e+02  -2.6379346239172499e+01
   4.6500000000000000e+02  -2.6849886310486500e+01
   4.6600000000000000e+02  -2.7025852252226699e+01
   4.6700000000000000e+02  -2.7968660357103701e+01
   4.6800000000000000e+02  -2.8627635845476700e+01
   4.6900000000000000e+02  -2.9486869580047600e+01
   4.7000000000000000e+02  -2.9817314635919601e+01
   4.7100000000000000e+02  -2.9803653391506302e+01
   4.7200000000000000e+02  -3.0445310195540500e+01
   4.7300000000000000e+02  -3.1180738545863999e+01
   4.7400000000000000e+02  -3.1611922341942499e+01
   4.7500000000000000e+02  -3.1986678465585801e+01
   4.7600000000000000e+02  -3.2480835575811597e+01
   4.7700000000000000e+02  -3.3376279741608897e+01
   4.7800000000000000e+02  -3.3614760386249401e+01
   4.7900000000000000e+02  -3.4398959095169403e+01
   4.8000000000000000e+02  -3.4931979675953201e+01
   4.8100000000000000e+02  -3.5250948507007799e+01
   4.8200000000000000e+02  -3.5685846061828400e+01
   4.8300000000000000e+02  -3.6343755331342400e+01
   4.8400000000000000e+02  -3.6719148486434001e+01
   4.8500000000000000e+02  -3.7055118438444602e+01
   4.8600000000000000e+02  -3.7509038225038303e+01
   4.8700000000000000e+02  -3.7726425518190801e+01
   4.8800000000000000e+02  -3.8036194793278199e+01
   4.8900000000000000e+02  -3.8755221456324101e+01
   4.9000000000000000e+02  -3.8793519315273798e+01
   4.9100000000000000e+02  -3.9044516987398900e+01
   4.9200000000000000e+02  -3.9188460582981499e+01
   4.9300000000000000e+02  -3.9561038766186002e+01
   4.9400000000000000e+02  -3.9895154507881401e+01
   4.9500000000000000e+02  -3.9930587005178403e+01
   4.9600000000000000e+02  -4.0542496204431700e+01
   4.9700000000000000e+02  -4.0855975130273798e+01
   4.9800000000000000e+02  -4.1296171626584197e+01
   4.9900000000000000e+02  -4.1544604406673699e+01
   5.0000000000000000e+02  -4.2079464987863503e+01
   5.0100000000000000e+02  -4.2323713223844500e+01
   5.0200000000000000e+02  -4.2894216692042200e+01
   5.0300000000000000e+02  -4.3883306140074900e+01
   5.0400000000000000e+02  -4.3934219197540003e+01
   5.0500000000000000e+02  -4.4820706435317298e+01
   5.0600000000000000e+02  -4.4944515609353097e+01
   5.0700000000000000e+02  -4.5460896157022397e+01
   5.0800000000000000e+02  -4.6086381904220502e+01
   5.0900000000000000e+02  -4.6822614139161701e+01
   5.1000000000000000e+02  -4.7577525797573799e+01
   5.1100000000000000e+02  -4.7985047298115099e+01
   5.1200000000000000e+02  -4.8415689828513301e+01
   5.1300000000000000e+02  -4.8861660828302000e+01
   5.1400000000000000e+02  -4.8945361082485903e+01
   5.1500000000000000e+02  -4.9087662139622999e+01
   5.1600000000000000e+02  -4.9347915739871397e+01
   5.1700000000000000e+02  -4.9276000146679102e+01
   5.1800000000000000e+02  -5.0050692891746500e+01
   5.1900000000000000e+02  -5.0143380462571400e+01
   5.2000000000000000e+02  -5.0259507887825897e+01
   5.2100000000000000e+02  -5.0914167770370497e+01
   5.2200000000000000e+02  -5.1428119395765599e+01
   5.2300000000000000e+02  -5.2346664634736896e+01
   5.2400000000000000e+02  -5.3075988188813199e+01
   5.2500000000000000e+02  -5.3406912069682399e+01
   5.2600000000000000e+02  -5.3756331721700597e+01
   5.2700000000000000e+02  -5.3856441448458398e+01
   5.2800000000000000e+02  -5.3823604222820101e+01
   5.2900000000000000e+02  -5.4027254232607099e+01
   5.3000000000000000e+02  -5.4549567315260703e+01
   5.3100000000000000e+02  -5.5128806343979299e+01
   5.3200000000000000e+02  -5.5227622163530498e+01
   5.3300000000000000e+02  -5.5236225503778897e+01
   5.3400000000000000e+02  -5.5261673079750203e+01
   5.3500000000000000e+02  -5.5515748107664400e+01
   5.3600000000000000e+02  -5.5969720696111402e+01
   5.3700000000000000e+02  -5.6532789891312802e+01
   5.3800000000000000e+02  -5.7232482529880102e+01
   5.3900000000000000e+02  -5.7624577066767301e+01
   5.4000000000000000e+02  -5.7582415549119098e+01
   5.4100000000000000e+02  -5.7872193834925199e+01
   5.4200000000000000e+02  -5.8151687940026001e+01
   5.4300000000000000e+02  -5.8199203768714298e+01
   5.4400000000000000e+02  -5.8909224596579300e+01
   5.4500000000000000e+02  -5.9383908520166599e+01
   5.4600000000000000e+02  -6.0300372879379204e+01
   5.4700000000000000e+02  -6.0743767045208799e+01
   5.4800000000000000e+02  -6.1489363690430800e+01
   5.4900000000000000e+02  -6.1869949100765403e+01
   5.5000000000000000e+02  -6.2116143395229898e+01
   5.5100000000000000e+02  -6.2326962291553500e+01
   5.5200000000000000e+02  -6.2631279081360702e+01
   5.5300000000000000e+02  -6.3353613055354103e+01
   5.5400000000000000e+02  -6.3942450428961997e+01
   5.5500000000000000e+02  -6.4418092854305200e+01
   5.5600000000000000e+02  -6.4079574177978699e+01
   5.5700000000000000e+02  -6.4905333784428606e+01
   5.5800000000000000e+02  -6.4973953302258195e+01
   5.5900000000000000e+02  -6.4513431080927106e+01
   5.6000000000000000e+02  -6.4978801336618204e+01
   5.6100000000000000e+02  -6.5169376743743797e+01
   5.6200000000000000e+02  -6.5522328739675800e+01
   5.6300000000000000e+02  -6.5919312787952705e+01
   5.6400000000000000e+02  -6.6423648598151303e+01
   5.6500000000000000e+02  -6.6928703118550999e+01
   5.6600000000000000e+02  -6.7857316030435200e+01
   5.6700000000000000e+02  -6.8293139177742503e+01
   5.6800000000000000e+02  -6.8778096127269805e+01
   5.6900000000000000e+02  -6.9352218612923096e+01
   5.7000000000000000e+02  -6.9590912559937195e+01
   5.7100000000000000e+02  -6.9464025980077096e+01
   5.7200000000000000e+02  -6.9686720471957699e+01
   5.7300000000000000e+02  -6.9996773098820100e+01
   5.7400000000000000e+02  -6.9946545167167599e+01
   5.7500000000000000e+02  -7.0336429232549193e+01
   5.7600000000000000e+02  -7.0667279086385406e+01
   5.7700000000000000e+02  -7.1104659831823895e+01
   5.7800000000000000e+02  -7.1124721485563896e+01
   5.7900000000000000e+02  -7.1820848754347097e+01
   5.8000000000000000e+02  -7.2211316621226601e+01
   5.8100000000000000e+02  -7.1805834716397698e+01
   5.8200000000000000e+02  -7.2239490348139398e+01
   5.8300000000000000e+02  -7.2359438871477195e+01
   5.8400000000000000e+02  -7.2665196018168501e+01
   5.8500000000000000e+02  -7.3053741663998807e+01
   5.8600000000000000e+02  -7.2672281757793101e+01
   5.8700000000000000e+02  -7.3071323747392896e+01
   5.8800000000000000e+02  -7.2879034806754902e+01
   5.8900000000000000e+02  -7.3438138405327194e+01
   5.9000000000000000e+02  -7.3623508290838998e+01
   5.9100000000000000e+02  -7.3718920761261202e+01
   5.9200000000000000e+02  -7.3878096795778902e+01
   5.9300000000000000e+02  -7.3708745695976603e+01
   5.9400000000000000e+02  -7.3957847134051704e+01
   5.9500000000000000e+02  -7.4228809003406795e+01
   5.9600000000000000e+02  -7.4141689677633593e+01
   5.9700000000000000e+02  -7.4006463778021001e+01
   5.9800000000000000e+02  -7.3945598459489901e+01
   5.9900000000000000e+02  -7.4289888244507395e+01
   6.0000000000000000e+02  -7.4047454208091807e+01
   6.0100000000000000e+02  -7.4148637760359193e+01
   6.0200000000000000e+02  -7.4492273899870099e+01
   6.0300000000000000e+02  -7.4572277715257698e+01
   6.0400000000000000e+02  -7.4882224952220000e+01
   6.0500000000000000e+02  -7.4855849938618206e+01
   6.0600000000000000e+02  -7.4541599836664005e+01
   6.0700000000000000e+02  -7.4767148193813398e+01
   6.0800000000000000e+02  -7.4865155039641706e+01
   6.0900000000000000e+02  -7.4714179178790502e+01
   6.1000000000000000e+02  -7.5238773814367704e+01
   6.1100000000000000e+02  -7.5619560095297004e+01
   6.1200000000000000e+02  -7.5627406424646793e+01
   6.1300000000000000e+02  -7.5675381799698300e+01
   6.1400000000000000e+02  -7.5814607245441195e+01
   6.1500000000000000e+02  -7.6254838595167200e+01
   6.1600000000000000e+02  -7.6539921745716299e+01
   6.1700000000000000e+02  -7.6395698184614702e+01
   6.1800000000000000e+02  -7.6222321730520406e+01
   6.1900000000000000e+02  -7.6254379364005402e+01
   6.2000000000000000e+02  -7.6542452407046397e+01
   6.2100000000000000e+02  -7.6651848174840396e+01
   6.2200000000000000e+02  -7.6362352324394394e+01
   6.2300000000000000e+02  -7.6241612364684698e+01
   6.2400000000000000e+02  -7.6745975808060805e+01
   6.2500000000000000e+02  -7.6642735926339597e+01
   6.2600000000000000e+02  -7.6439519919527399e+01
   6.2700000000000000e+02  -7.6221626914171907e+01
   6.2800000000000000e+02  -7.7007917247058302e+01
   6.2900000000000000e+02  -7.6751804850927698e+01
   6.3000000000000000e+02  -7.7208347496633394e+01
   6.3100000000000000e+02  -7.7117070182756606e+01
   6.3200000000000000e+02  -7.6778850787279694e+01
   6.3300000000000000e+02  -7.7104699989529394e+01
   6.3400000000000000e+02  -7.7210086654474594e+01
   6.3500000000000000e+02  -7.7486175320223794e+01
   6.3600000000000000e+02  -7.7294496532427701e+01
   6.3700000000000000e+02  -7.7133346853100306e+01
   6.3800000000000000e+02  -7.6724085759768698e+01
   6.3900000000000000e+02  -7.6517530041898297e+01
   6.4000000000000000e+02  -7.6422753194720201e+01
   6.4100000000000000e+02  -7.6692003761392300e+01
   6.4200000000000000e+02  -7.6393345696437606e+01
   6.4300000000000000e+02  -7.5823380372815805e+01
   6.4400000000000000e+02  -7.5771039162382806e+01
   6.4500000000000000e+02  -7.5811162076775503e+01
   6.4600000000000000e+02  -7.5679869534242300e+01
   6.4700000000000000e+02  -7.6078823555449603e+01
   6.4800000000000000e+02  -7.6109712927427395e+01
   6.4900000000000000e+02  -7.7117669549263596e+01
   6.5000000000000000e+02  -7.7387120490519806e+01
   6.5100000000000000e+02  -7.7204365181617803e+01
   6.5200000000000000e+02  -7.7426930961596398e+01
   6.5300000000000000e+02  -7.7733589728110502e+01
   6.5400000000000000e+02  -7.6858209182626894e+01
   6.5500000000000000e+02  -7.7629808687194398e+01
   6.5600000000000000e+02  -7.7377542900729395e+01
   6.5700000000000000e+02  -7.7570629645796600e+01
   6.5800000000000000e+02  -7.7405793109372993e+01
   6.5900000000000000e+02  -7.7633728710477698e+01
   6.6000000000000000e+02  -7.8037616186177004e+01
   6.6100000000000000e+02  -7.8042217627795594e+01
   6.6200000000000000e+02  -7.7945007431201603e+01
   6.6300000000000000e+02  -7.8061248534378905e+01
   6.6400000000000000e+02  -7.7638680366914897e+01
   6.6500000000000000e+02  -7.7554574232096400e+01
   6.6600000000000000e+02  -7.7613182490765695e+01
   6.6700000000000000e+02  -7.7747244787944595e+01
   6.6800000000000000e+02  -7.7825305342692104e+01
   6.6900000000000000e+02  -7.8230358685217496e+01
   6.7000000000000000e+02  -7.8134395638531899e+01
   6.7100000000000000e+02  -7.8261467511241193e+01
   6.7200000000000000e+02  -7.8395233670281797e+01
   6.7300000000000000e+02  -7.8258478681448494e+01
   6.7400000000000000e+02  -7.8141598285432806e+01
   6.7500000000000000e+02  -7.8297922749066501e+01
   6.7600000000000000e+02  -7.8044066946710501e+01
   6.7700000000000000e+02  -7.8190359857341505e+01
   6.7800000000000000e+02  -7.8334002639795301e+01
   6.7900000000000000e+02  -7.8680290452325494e+01
   6.8000000000000000e+02  -7.8688780767292201e+01
   6.8100000000000000e+02  -7.8515532642341100e+01
   6.8200000000000000e+02  -7.8647665257826901e+01
   6.8300000000000000e+02  -7.8618756791231704e+01
   6.8400000000000000e+02  -7.8988030304011005e+01
   6.8500000000000000e+02  -7.9173623825375003e+01
   6.8600000000000000e+02  -7.9057587916761904e+01
   6.8700000000000000e+02  -7.8940098228004800e+01
   6.8800000000000000e+02  -7.8955432585143797e+01
   6.8900000000000000e+02  -7.8578535975230494e+01
   6.9000000000000000e+02  -7.8318500705077696e+01
   6.9100000000000000e+02  -7.8236177799799293e+01
   6.9200000000000000e+02  -7.8136757132462904e+01
   6.9300000000000000e+02  -7.8007870411052707e+01
   6.9400000000000000e+02  -7.7877901777317106e+01
   6.9500000000000000e+02  -7.7773203140563496e+01
   6.9600000000000000e+02  -7.7834657197340405e+01
   6.9700000000000000e+02  -7.7346519826166102e+01
   6.9800000000000000e+02  -7.7456694560887300e+01
   6.9900000000000000e+02  -7.7246798090507497e+01
   7.0000000000000000e+02  -7.7646385988299599e+01
   7.0100000000000000e+02  -7.7243433812619500e+01
   7.0200000000000000e+02  -7.7473814389991801e+01
   7.0300000000000000e+02  -7.7872212712264798e+01
   7.0400000000000000e+02  -7.8231360827639307e+01
   7.0500000000000000e+02  -7.7834438275062297e+01
   7.0600000000000000e+02  -7.7661469113164003e+01
   7.0700000000000000e+02  -7.7943971068536101e+01
   7.0800000000000000e+02  -7.7872164566667493e+01
   7.0900000000000000e+02  -7.7964122457869294e+01
   7.1000000000000000e+02  -7.7764170794353404e+01
   7.1100000000000000e+02  -7.6902389925024394e+01
   7.1200000000000000e+02  -7.6583060299618893e+01
   7.1300000000000000e+02  -7.6129381493823203e+01
   7.1400000000000000e+02  -7.6292823774945106e+01
   7.1500000000000000e+02  -7.6746523462285893e+01
   7.1600000000000000e+02  -7.7034930614511296e+01
   7.1700000000000000e+02  -7.7100030543614594e+01
   7.1800000000000000e+02  -7.6999058801952003e+01
   7.1900000000000000e+02  -7.7297448508620505e+01
   7.2000000000000000e+02  -7.7518202826178893e+01
   7.2100000000000000e+02  -7.7404633761979298e+01
   7.2200000000000000e+02  -7.6964449735041399e+01
   7.2300000000000000e+02  -7.7302321263905995e+01
   7.2400000000000000e+02  -7.7280991298391797e+01
   7.2500000000000000e+02  -7.6946955651958902e+01
   7.2600000000000000e+02  -7.6813790283712706e+01
   7.2700000000000000e+02  -7.7233379466094306e+01
   7.2800000000000000e+02  -7.7072032251322696e+01
   7.2900000000000000e+02  -7.7037047719876000e+01
   7.3000000000000000e+02  -7.6964739275092398e+01
   7.3100000000000000e+02  -7.6888980422809695e+01
   7.3200000000000000e+02  -7.6725518451350396e+01
   7.3300000000000000e+02  -7.6083415292261094e+01
   7.3400000000000000e+02  -7.6417202387840007e+01
   7.3500000000000000e+02  -7.6171520036242697e+01
   7.3600000000000000e+02  -7.6005546400671093e+01
   7.3700000000000000e+02  -7.5529802775156000e+01
   7.3800000000000000e+02  -7.5488068393122404e+01
   7.3900000000000000e+02  -7.5500244779655702e+01
   7.4000000000000000e+02  -7.5389044110889401e+01
   7.4100000000000000e+02  -7.5001405306022406e+01
   7.4200000000000000e+02  -7.5207543322722501e+01
   7.4300000000000000e+02  -7.5349798096853107e+01
   7.4400000000000000e+02  -7.5588584258071904e+01
   7.4500000000000000e+02  -7.5701763332708197e+01
   7.4600000000000000e+02  -7.5931778611764003e+01
   7.4700000000000000e+02  -7.5865213992019804e+01
   7.4800000000000000e+02  -7.5545054876211395e+01
   7.4900000000000000e+02  -7.5672140469680002e+01
   7.5000000000000000e+02  -7.5522920033095801e+01
   7.5100000000000000e+02  -7.5298886020867897e+01
   7.5200000000000000e+02  -7.5593896008864604e+01
   7.5300000000000000e+02  -7.5173395838094095e+01
   7.5400000000000000e+02  -7.5314427484702705e+01
   7.5500000000000000e+02  -7.5378524565646501e+01
   7.5600000000000000e+02  -7.6125976098395299e+01
   7.5700000000000000e+02  -7.6114162464892104e+01
   7.5800000000000000e+02  -7.5973268387764904e+01
   7.5900000000000000e+02  -7.5429576177121504e+01
   7.6000000000000000e+02  -7.5178435019381297e+01
   7.6100000000000000e+02  -7.5513580922753107e+01
   7.6200000000000000e+02  -7.5340955542984204e+01
   7.6300000000000000e+02  -7.5562747030568303e+01
   7.6400000000000000e+02  -7.5515908604815493e+01
   7.6500000000000000e+02  -7.5190925569965700e+01
   7.6600000000000000e+02  -7.5013340184629200e+01
   7.6700000000000000e+02  -7.4637477910668494e+01
   7.6800000000000000e+02  -7.4919576847340807e+01
   7.6900000000000000e+02  -7.5005128259853606e+01
   7.7000000000000000e+02  -7.5014530062256100e+01
   7.7100000000000000e+02  -7.5218674016842797e+01
   7.7200000000000000e+02  -7.5360197134793097e+01
   7.7300000000000000e+02  -7.5806328284637104e+01
   7.7400000000000000e+02  -7.5803650638651902e+01
   7.7500000000000000e+02  -7.6133312413947905e+01
   7.7600000000000000e+02  -7.6160431758101595e+01
   7.7700000000000000e+02  -7.6355572059644402e+01
   7.7800000000000000e+02  -7.7038068401317105e+01
   7.7900000000000000e+02  -7.6998301840774303e+01
   7.8000000000000000e+02  -7.6640046088878194e+01
   7.8100000000000000e+02  -7.6607015945759400e+01
   7.8200000000000000e+02  -7.6503466469854104e+01
   7.8300000000000000e+02  -7.6805563132887499e+01
   7.8400000000000000e+02  -7.6869794044710105e+01
   7.8500000000000000e+02  -7.6893396984027305e+01
   7.8600000000000000e+02  -7.6276979729798896e+01
   7.8700000000000000e+02  -7.6409499301690403e+01
   7.8800000000000000e+02  -7.6530196065620700e+01
   7.8900000000000000e+02  -7.6879035932973494e+01
   7.9000000000000000e+02  -7.7122768473918697e+01
   7.9100000000000000e+02  -7.6972505305761004e+01
   7.9200000000000000e+02  -7.7084923828369895e+01
   7.9300000000000000e+02  -7.7218334714861697e+01
   7.9400000000000000e+02  -7.7184179667918698e+01
   7.9500000000000000e+02  -7.7190172026320099e+01
   7.9600000000000000e+02  -7.6950877521610906e+01
   7.9700000000000000e+02  -7.6934557076288101e+01
   7.9800000000000000e+02  -7.6664656229072094e+01
   7.9900000000000000e+02  -7.7033418535212803e+01
   8.0000000000000000e+02  -7.6940210080323993e+01
   8.0100000000000000e+02  -7.7085892861256497e+01
   8.0200000000000000e+02  -7.6922323980036893e+01
   8.0300000000000000e+02  -7.6301164554912404e+01
   8.0400000000000000e+02  -7.5754278245787106e+01
   8.0500000000000000e+02  -7.5506159675180598e+01
   8.0600000000000000e+02  -7.5416214124493493e+01
   8.0700000000000000e+02  -7.5587001109128295e+01
   8.0800000000000000e+02  -7.5752504930618898e+01
   8.0900000000000000e+02  -7.6173186814622298e+01
   8.1000000000000000e+02  -7.6061745006530799e+01
   8.1100000000000000e+02  -7.6017914897983900e+01
   8.1200000000000000e+02  -7.6170313121488903e+01
   8.1300000000000000e+02  -7.5704729359322101e+01
   8.1400000000000000e+02  -7.5597212361622198e+01
   8.1500000000000000e+02  -7.5479716651170904e+01
   8.1600000000000000e+02  -7.5485803897856698e+01
   8.1700000000000000e+02  -7.5193507291689897e+01
   8.1800000000000000e+02  -7.5651414068234700e+01
   8.1900000000000000e+02  -7.5435624470738802e+01
   8.2000000000000000e+02  -7.5317751245754593e+01
   8.2100000000000000e+02  -7.5726316145476503e+01
   8.2200000000000000e+02  -7.5598859547778503e+01
   8.2300000000000000e+02  -7.5872431592843697e+01
   8.2400000000000000e+02  -7.5326851373732396e+01
   8.2500000000000000e+02  -7.5247899721508105e+01
   8.2600000000000000e+02  -7.5055386293792097e+01
   8.2700000000000000e+02  -7.4757950206064507e+01
   8.2800000000000000e+02  -7.5127128448105594e+01
   8.2900000000000000e+02  -7.5239588554252094e+01
   8.3000000000000000e+02  -7.5679083880855202e+01
   8.3100000000000000e+02  -7.5666924949466605e+01
   8.3200000000000000e+02  -7.5620214603187506e+01
   8.3300000000000000e+02  -7.5678379023956097e+01
   8.3400000000000000e+02  -7.5823050927976894e+01
   8.3500000000000000e+02  -7.5957759036968000e+01
   8.3600000000000000e+02  -7.5823728813189902e+01
   8.3700000000000000e+02  -7.6017561741618294e+01
   8.3800000000000000e+02  -7.6725644239084005e+01
   8.3900000000000000e+02  -7.6721859912193906e+01
   8.4000000000000000e+02  -7.6648512220958807e+01
   8.4100000000000000e+02  -7.6630474556434606e+01
   8.4200000000000000e+02  -7.7145818212053399e+01
   8.4300000000000000e+02  -7.6968520649631699e+01
   8.4400000000000000e+02  -7.6539996944572394e+01
   8.4500000000000000e+02  -7.6937668226095795e+01
   8.4600000000000000e+02  -7.6754333123772497e+01
   8.4700000000000000e+02  -7.6513374350089606e+01
   8.4800000000000000e+02  -7.6509813170100401e+01
   8.4900000000000000e+02  -7.6361666338279605e+01
   8.5000000000000000e+02  -7.6120926866968404e+01
   8.5100000000000000e+02  -7.5561823168150397e+01
   8.5200000000000000e+02  -7.5558701629078996e+01
   8.5300000000000000e+02  -7.5179967471977605e+01
   8.5400000000000000e+02  -7.5217309202449997e+01
   8.5500000000000000e+02  -7.5007887764270706e+01
   8.5600000000000000e+02  -7.5022133105159099e+01
   8.5700000000000000e+02  -7.5158951851589904e+01
   8.5800000000000000e+02  -7.4972105642710304e+01
   8.5900000000000000e+02  -7.5062864664301500e+01
   8.6000000000000000e+02  -7.4945628235661800e+01
   8.6100000000000000e+02  -7.5081769344988103e+01
   8.6200000000000000e+02  -7.5440964128241703e+01
   8.6300000000000000e+02  -7.5299152008073094e+01
   8.6400000000000000e+02  -7.5041021230106494e+01
   8.6500000000000000e+02  -7.4970349995837395e+01
   8.6600000000000000e+02  -7.4697916476075306e+01
   8.6700000000000000e+02  -7.4988742010455397e+01
   8.6800000000000000e+02  -7.5045402961167497e+01
   8.6900000000000000e+02  -7.4982452553549095e+01
   8.7000000000000000e+02  -7.4599056649432697e+01
   8.7100000000000000e+02  -7.4877663746277094e+01
   8.7200000000000000e+02  -7.5065243283936098e+01
   8.7300000000000000e+02  -7.5184300981558295e+01
   8.7400000000000000e+02  -7.4755014709341395e+01
   8.7500000000000000e+02  -7.5056704296996998e+01
   8.7600000000000000e+02  -7.4896849278844300e+01
   8.7700000000000000e+02  -7.5042849357959597e+01
   8.7800000000000000e+02  -7.5025207601841203e+01
   8.7900000000000000e+02  -7.4821909607332401e+01
   8.8000000000000000e+02  -7.4709597293992800e+01
   8.8100000000000000e+02  -7.4743356969061693e+01
   8.8200000000000000e+02  -7.4800139354082305e+01
   8.8300000000000000e+02  -7.4527911081878500e+01
   8.8400000000000000e+02  -7.4623539422717997e+01
   8.8500000000000000e+02  -7.5048235750597001e+01
   8.8600000000000000e+02  -7.4566377183406502e+01
   8.8700000000000000e+02  -7.4771406130565794e+01
   8.8800000000000000e+02  -7.4811116756805902e+01
   8.8900000000000000e+02  -7.4724857903746596e+01
   8.9000000000000000e+02  -7.5180596488292807e+01
   8.9100000000000000e+02  -7.5589264101596598e+01
   8.9200000000000000e+02  -7.6266814584080905e+01
   8.9300000000000000e+02  -7.5868651816332502e+01
   8.9400000000000000e+02  -7.5510560699282706e+01
   8.9500000000000000e+02  -7.5462618730575002e+01
   8.9600000000000000e+02  -7.5075824722024095e+01
   8.9700000000000000e+02  -7.4998187628319002e+01
   8.9800000000000000e+02  -7.5362533966695906e+01
   8.9900000000000000e+02  -7.4865661005492100e+01
   9.0000000000000000e+02  -7.4637166225942394e+01
   9.0100000000000000e+02  -7.4422565981993898e+01
   9.0200000000000000e+02  -7.3898718210245704e+01
   9.0300000000000000e+02  -7.3341980456735499e+01
   9.0400000000000000e+02  -7.3662032254502904e+01
   9.0500000000000000e+02  -7.3944204208923594e+01
   9.0600000000000000e+02  -7.4278880960524901e+01
   9.0700000000000000e+02  -7.4510014448714202e+01
   9.0800000000000000e+02  -7.4433432730343597e+01
   9.0900000000000000e+02  -7.4763121605770806e+01
   9.1000000000000000e+02  -7.4860856735547898e+01
   9.1100000000000000e+02  -7.4929947806965004e+01
   9.1200000000000000e+02  -7.4982481692641002e+01
   9.1300000000000000e+02  -7.4644053445949496e+01
   9.1400000000000000e+02  -7.4707900966223207e+01
   9.1500000000000000e+02  -7.4585275988704396e+01
   9.1600000000000000e+02  -7.5299878398886605e+01
   9.1700000000000000e+02  -7.4895631532505703e+01
   9.1800000000000000e+02  -7.4432297507355102e+01
   9.1900000000000000e+02  -7.4207234206863603e+01
   9.2000000000000000e+02  -7.3842840036120407e+01
   9.2100000000000000e+02  -7.3529929934678904e+01
   9.2200000000000000e+02  -7.3491761974863493e+01
   9.2300000000000000e+02  -7.3254060998720107e+01
   9.2400000000000000e+02  -7.2879970205986595e+01
   9.2500000000000000e+02  -7.2485140564977897e+01
   9.2600000000000000e+02  -7.2408396591994205e+01
   9.2700000000000000e+02  -7.2756110512627600e+01
   9.2800000000000000e+02  -7.2747874231263197e+01
   9.2900000000000000e+02  -7.2887954372305103e+01
   9.3000000000000000e+02  -7.2829046687943404e+01
   9.3100000000000000e+02  -7.2655290238791196e+01
   9.3200000000000000e+02  -7.2660632154355895e+01
   9.3300000000000000e+02  -7.2680049420915395e+01
   9.3400000000000000e+02  -7.2454657732427293e+01
   9.3500000000000000e+02  -7.2531005428431598e+01
   9.3600000000000000e+02  -7.2329381575325698e+01
   9.3700000000000000e+02  -7.2428413950208494e+01
   9.3800000000000000e+02  -7.2903131789986901e+01
   9.3900000000000000e+02  -7.2976595056136006e+01
   9.4000000000000000e+02  -7.2938557421695293e+01
   9.4100000000000000e+02  -7.2842285648522704e+01
   9.4200000000000000e+02  -7.2385584637391503e+01
   9.4300000000000000e+02  -7.2426405628364805e+01
   9.4400000000000000e+02  -7.2491525655015295e+01
   9.4500000000000000e+02  -7.2408042048268399e+01
   9.4600000000000000e+02  -7.2094966425081907e+01
   9.4700000000000000e+02  -7.1643678423926900e+01
   9.4800000000000000e+02  -7.1641404165728801e+01
   9.4900000000000000e+02  -7.1289527307918704e+01
   9.5000000000000000e+02  -7.1467606125964807e+01
   9.5100000000000000e+02  -7.1473264440436495e+01
   9.5200000000000000e+02  -7.1656516922571598e+01
   9.5300000000000000e+02  -7.1457856941945195e+01
   9.5400000000000000e+02  -7.1687628592339493e+01
   9.5500000000000000e+02  -7.1450263668067606e+01
   9.5600000000000000e+02  -7.1407117848201693e+01
   9.5700000000000000e+02  -7.1994182940287700e+01
   9.5800000000000000e+02  -7.2308032922353306e+01
   9.5900000000000000e+02  -7.2118253165510595e+01
   9.6000000000000000e+02  -7.2125537443241100e+01
   9.6100000000000000e+02  -7.2036853274462700e+01
   9.6200000000000000e+02  -7.1755359482427906e+01
   9.6300000000000000e+02  -7.2418961650347200e+01
   9.6400000000000000e+02  -7.2130453894080404e+01
   9.6500000000000000e+02  -7.1984997037031903e+01
   9.6600000000000000e+02  -7.1435957355700097e+01
   9.6700000000000000e+02  -7.1357272588117496e+01
   9.6800000000000000e+02  -7.1687857678450001e+01
   9.6900000000000000e+02  -7.2240698380429393e+01
   9.7000000000000000e+02  -7.1936721020167795e+01
   9.7100000000000000e+02  -7.2187970092963894e+01
   9.7200000000000000e+02  -7.2287594665144894e+01
   9.7300000000000000e+02  -7.2511974850931196e+01
   9.7400000000000000e+02  -7.2474312217163600e+01
   9.7500000000000000e+02  -7.2938506767695799e+01
   9.7600000000000000e+02  -7.2874127636065694e+01
   9.7700000000000000e+02  -7.2829847255462397e+01
   9.7800000000000000e+02  -7.2327804483395298e+01
   9.7900000000000000e+02  -7.2347525295562406e+01
   9.8000000000000000e+02  -7.2294141400109794e+01
   9.8100000000000000e+02  -7.2301698742404298e+01
   9.8200000000000000e+02  -7.2601610383288005e+01
   9.8300000000000000e+02  -7.3033968842495199e+01
   9.8400000000000000e+02  -7.3339033376930104e+01
   9.8500000000000000e+02  -7.3152948334581197e+01
   9.8600000000000000e+02  -7.3163866554602706e+01
   9.8700000000000000e+02  -7.3062839106968596e+01
   9.8800000000000000e+02  -7.3002064968972107e+01
   9.8900000000000000e+02  -7.3407676620628493e+01
   9.9000000000000000e+02  -7.3352711108026199e+01
   9.9100000000000000e+02  -7.3202023875489601e+01
   9.9200000000000000e+02  -7.3340958582959999e+01
   9.9300000000000000e+02  -7.3289083581143402e+01
   9.9400000000000000e+02  -7.2784092492379102e+01
   9.9500000000000000e+02  -7.2100125427858899e+01
   9.9600000000000000e+02  -7.1942999131210200e+01
   9.9700000000000000e+02  -7.1874969104408095e+01
   9.9800000000000000e+02  -7.1674101545735297e+01
   9.9900000000000000e+02  -7.1426236580000506e+01
   1.0000000000000000e+03  -7.1216935366867602e+01
   1.0010000000000000e+03  -7.1293566625067896e+01
   1.0020000000000000e+03  -7.1276324663414400e+01
   1.0030000000000000e+03  -7.1134567555041599e+01
   1.0040000000000000e+03  -7.0874426881213395e+01
   1.0050000000000000e+03  -7.0741631565373595e+01
   1.0060000000000000e+03  -7.0514423690354306e+01
   1.0070000000000000e+03  -7.0529145947030898e+01
   1.0080000000000000e+03  -7.0694281607934002e+01
   1.0090000000000000e+03  -7.0560915045093097e+01
