  -1.0000000000000000e+02  -7.3226975680652401e+01
  -9.9000000000000000e+01  -7.3194220384898998e+01
  -9.8000000000000000e+01  -7.3456673034591603e+01
  -9.7000000000000000e+01  -7.3509025117025104e+01
  -9.6000000000000000e+01  -7.3478886188321198e+01
  -9.5000000000000000e+01  -7.3576185013810104e+01
  -9.4000000000000000e+01  -7.3477722483493594e+01
  -9.3000000000000000e+01  -7.3132797188354203e+01
  -9.2000000000000000e+01  -7.3352299496650801e+01
  -9.1000000000000000e+01  -7.3171091117170505e+01
  -9.0000000000000000e+01  -7.2930787262334505e+01
  -8.9000000000000000e+01  -7.2000982911173097e+01
  -8.8000000000000000e+01  -7.2206121227341100e+01
  -8.7000000000000000e+01  -7.2217441652082101e+01
  -8.6000000000000000e+01  -7.2146462096899597e+01
  -8.5000000000000000e+01  -7.2093803010941500e+01
  -8.4000000000000000e+01  -7.2168693000060102e+01
  -8.3000000000000000e+01  -7.2156643912256598e+01
  -8.2000000000000000e+01  -7.2097819384427893e+01
  -8.1000000000000000e+01  -7.1880349748594995e+01
  -8.0000000000000000e+01  -7.2014796467043894e+01
  -7.9000000000000000e+01  -7.2009188737974497e+01
  -7.8000000000000000e+01  -7.2403427851779597e+01
  -7.7000000000000000e+01  -7.2236845304110503e+01
  -7.6000000000000000e+01  -7.2564056754776203e+01
  -7.5000000000000000e+01  -7.2238411293992499e+01
  -7.4000000000000000e+01  -7.2143617735681104e+01
  -7.3000000000000000e+01  -7.1847129141774005e+01
  -7.2000000000000000e+01  -7.1507154607805305e+01
  -7.1000000000000000e+01  -7.1071855266875303e+01
  -7.0000000000000000e+01  -7.1206398172836202e+01
  -6.9000000000000000e+01  -7.1075969486929793e+01
  -6.8000000000000000e+01  -7.0849268265024406e+01
  -6.7000000000000000e+01  -7.0796337675507900e+01
  -6.6000000000000000e+01  -7.0546229685703295e+01
  -6.5000000000000000e+01  -7.0606969424471401e+01
  -6.4000000000000000e+01  -7.0974665014587003e+01
  -6.3000000000000000e+01  -7.1255188970011602e+01
  -6.2000000000000000e+01  -7.1345186656858203e+01
  -6.1000000000000000e+01  -7.1679178822920093e+01
  -6.0000000000000000e+01  -7.1339331312110005e+01
  -5.9000000000000000e+01  -7.1356876438865697e+01
  -5.8000000000000000e+01  -7.1351230639619999e+01
  -5.7000000000000000e+01  -7.1220292303423506e+01
  -5.6000000000000000e+01  -7.0999707048282403e+01
  -5.5000000000000000e+01  -7.0822328926953304e+01
  -5.4000000000000000e+01  -7.0823624753242996e+01
  -5.3000000000000000e+01  -7.0565065817250499e+01
  -5.2000000000000000e+01  -6.9719671263717103e+01
  -5.1000000000000000e+01  -6.9293914992569398e+01
  -5.0000000000000000e+01  -6.9451561599794502e+01
  -4.9000000000000000e+01  -6.9530017304723700e+01
  -4.8000000000000000e+01  -6.9500448764852493e+01
  -4.7000000000000000e+01  -6.9006928483583494e+01
  -4.6000000000000000e+01  -6.9125643636308496e+01
  -4.5000000000000000e+01  -6.9001321916542594e+01
  -4.4000000000000000e+01  -6.8616833692735398e+01
  -4.3000000000000000e+01  -6.8628249045752597e+01
  -4.2000000000000000e+01  -6.8784188597108695e+01
  -4.1000000000000000e+01  -6.8890606158265498e+01
  -4.0000000000000000e+01  -6.9171357540826406e+01
  -3.9000000000000000e+01  -6.9525974115735806e+01
  -3.8000000000000000e+01  -6.9258444481393397e+01
  -3.7000000000000000e+01  -6.9607975328976806e+01
  -3.6000000000000000e+01  -6.9726319647053799e+01
  -3.5000000000000000e+01  -6.9215948256817100e+01
  -3.4000000000000000e+01  -6.9440167968685699e+01
  -3.3000000000000000e+01  -6.9522687857995606e+01
  -3.2000000000000000e+01  -6.9651780035737005e+01
  -3.1000000000000000e+01  -6.9474773394444597e+01
  -3.0000000000000000e+01  -6.9045000007472098e+01
  -2.9000000000000000e+01  -6.9215644906742696e+01
  -2.8000000000000000e+01  -6.9651702203727297e+01
  -2.7000000000000000e+01  -6.9524021851225299e+01
  -2.6000000000000000e+01  -6.9157070562415100e+01
  -2.5000000000000000e+01  -6.9086736631253501e+01
  -2.4000000000000000e+01  -6.8769831062505204e+01
  -2.3000000000000000e+01  -6.8010951949093794e+01
  -2.2000000000000000e+01  -6.8252782216952696e+01
  -2.1000000000000000e+01  -6.8313474709370496e+01
  -2.0000000000000000e+01  -6.7796680938482595e+01
  -1.9000000000000000e+01  -6.7031820604364398e+01
  -1.8000000000000000e+01  -6.6772042110494098e+01
  -1.7000000000000000e+01  -6.6282524573884103e+01
  -1.6000000000000000e+01  -6.6140135427577505e+01
  -1.5000000000000000e+01  -6.5584221268776602e+01
  -1.4000000000000000e+01  -6.5122783670006797e+01
  -1.3000000000000000e+01  -6.5090791684562603e+01
  -1.2000000000000000e+01  -6.4695325311257605e+01
  -1.1000000000000000e+01  -6.3880139542381599e+01
  -1.0000000000000000e+01  -6.3954061613827200e+01
  -9.0000000000000000e+00  -6.3748695097275700e+01
  -8.0000000000000000e+00  -6.3346092062326498e+01
  -7.0000000000000000e+00  -6.2800361558138000e+01
  -6.0000000000000000e+00  -6.1707462992543803e+01
  -5.0000000000000000e+00  -6.0547740464013501e+01
  -4.0000000000000000e+00  -5.9144151217658703e+01
  -3.0000000000000000e+00  -5.6849577477193300e+01
  -2.0000000000000000e+00  -5.2690758346866701e+01
  -1.0000000000000000e+00  -3.8656300253224401e+01
   0.0000000000000000e+00  -9.3662313968792894e+00
   1.0000000000000000e+00   7.4533459902601704e+00
   2.0000000000000000e+00   1.7221724236530900e+01
   3.0000000000000000e+00   2.2105457717590902e+01
   4.0000000000000000e+00   2.4781343646593999e+01
   5.0000000000000000e+00   2.6657548536286299e+01
   6.0000000000000000e+00   2.7365164026352399e+01
   7.0000000000000000e+00   2.7251655952979700e+01
   8.0000000000000000e+00   2.7487903977973101e+01
   9.0000000000000000e+00   2.7448833036819401e+01
   1.0000000000000000e+01   2.7719640571724899e+01
   1.1000000000000000e+01   2.8373887442615501e+01
   1.2000000000000000e+01   2.8591379799027901e+01
   1.3000000000000000e+01   2.8645519173994298e+01
   1.4000000000000000e+01   2.9046553378051900e+01
   1.5000000000000000e+01   3.0014152584469400e+01
   1.6000000000000000e+01   3.0671927285088600e+01
   1.7000000000000000e+01   3.0939892767100801e+01
   1.8000000000000000e+01   3.1106230282975201e+01
   1.9000000000000000e+01   3.1089641608591901e+01
   2.0000000000000000e+01   3.1132835411837899e+01
   2.1000000000000000e+01   3.1257030638146102e+01
   2.2000000000000000e+01   3.1567559447156100e+01
   2.3000000000000000e+01   3.1700916181112301e+01
   2.4000000000000000e+01   3.2366539016743801e+01
   2.5000000000000000e+01   3.1776053623292100e+01
   2.6000000000000000e+01   3.1782935937306899e+01
   2.7000000000000000e+01   3.1699028528931599e+01
   2.8000000000000000e+01   3.1623311871279899e+01
   2.9000000000000000e+01   3.1830648863473499e+01
   3.0000000000000000e+01   3.1749775313274100e+01
   3.1000000000000000e+01   3.1778469284649301e+01
   3.2000000000000000e+01   3.1539015187779000e+01
   3.3000000000000000e+01   3.1749627089559599e+01
   3.4000000000000000e+01   3.1792889934634601e+01
   3.5000000000000000e+01   3.2262222297070302e+01
   3.6000000000000000e+01   3.2300868845549097e+01
   3.7000000000000000e+01   3.1970843094682500e+01
   3.8000000000000000e+01   3.2220298776809301e+01
   3.9000000000000000e+01   3.1905214615504299e+01
   4.0000000000000000e+01   3.2401216956493997e+01
   4.1000000000000000e+01   3.2381295916250103e+01
   4.2000000000000000e+01   3.2482224518660800e+01
   4.3000000000000000e+01   3.2787323307269503e+01
   4.4000000000000000e+01   3.2799087899538399e+01
   4.5000000000000000e+01   3.3096235350373902e+01
   4.6000000000000000e+01   3.3361512728686002e+01
   4.7000000000000000e+01   3.3364621334358901e+01
   4.8000000000000000e+01   3.3057029062222597e+01
   4.9000000000000000e+01   3.3304349364171898e+01
   5.0000000000000000e+01   3.3727157904765598e+01
   5.1000000000000000e+01   3.4038485874518301e+01
   5.2000000000000000e+01   3.4456611080999402e+01
   5.3000000000000000e+01   3.4908318110403798e+01
   5.4000000000000000e+01   3.5089949123107303e+01
   5.5000000000000000e+01   3.4973877682959298e+01
   5.6000000000000000e+01   3.5034924839721000e+01
   5.7000000000000000e+01   3.4981444911647301e+01
   5.8000000000000000e+01   3.4716798741886898e+01
   5.9000000000000000e+01   3.4880123948403799e+01
   6.0000000000000000e+01   3.4845328753246399e+01
   6.1000000000000000e+01   3.4609367859223497e+01
   6.2000000000000000e+01   3.4691917904441603e+01
   6.3000000000000000e+01   3.5189092413428703e+01
   6.4000000000000000e+01   3.5536542921077398e+01
   6.5000000000000000e+01   3.5796215908469101e+01
   6.6000000000000000e+01   3.5293275894217501e+01
   6.7000000000000000e+01   3.5395858378270397e+01
   6.8000000000000000e+01   3.5416883802557699e+01
   6.9000000000000000e+01   3.5379296652897999e+01
   7.0000000000000000e+01   3.5913462101453803e+01
   7.1000000000000000e+01   3.6175176837730902e+01
   7.2000000000000000e+01   3.5666247772484198e+01
   7.3000000000000000e+01   3.6002109928381500e+01
   7.4000000000000000e+01   3.6074866013917898e+01
   7.5000000000000000e+01   3.5987387621563002e+01
   7.6000000000000000e+01   3.6291225848093298e+01
   7.7000000000000000e+01   3.6443829773309098e+01
   7.8000000000000000e+01   3.6800972346599302e+01
   7.9000000000000000e+01   3.7171020031605600e+01
   8.0000000000000000e+01   3.7255042015511400e+01
   8.1000000000000000e+01   3.7103862991509601e+01
   8.2000000000000000e+01   3.6756928757280598e+01
   8.3000000000000000e+01   3.6912660594035302e+01
   8.4000000000000000e+01   3.6853254057500301e+01
   8.5000000000000000e+01   3.6569202577107703e+01
   8.6000000000000000e+01   3.6902946148983197e+01
   8.7000000000000000e+01   3.6667641604616897e+01
   8.8000000000000000e+01   3.6691735943035397e+01
   8.9000000000000000e+01   3.6459419049380799e+01
   9.0000000000000000e+01   3.6333452230752997e+01
   9.1000000000000000e+01   3.6174522363312200e+01
   9.2000000000000000e+01   3.5927066055058297e+01
   9.3000000000000000e+01   3.6240139563211301e+01
   9.4000000000000000e+01   3.6162932539868798e+01
   9.5000000000000000e+01   3.6003702340716700e+01
   9.6000000000000000e+01   3.6183868190820803e+01
   9.7000000000000000e+01   3.6330519238279500e+01
   9.8000000000000000e+01   3.6251572765424299e+01
   9.9000000000000000e+01   3.6696700259134097e+01
   1.0000000000000000e+02   3.6678279222637698e+01
   1.0100000000000000e+02   3.6122414438825501e+01
   1.0200000000000000e+02   3.6007189384948802e+01
   1.0300000000000000e+02   3.6128610201304397e+01
   1.0400000000000000e+02   3.5641324389673599e+01
   1.0500000000000000e+02   3.5706561166901601e+01
   1.0600000000000000e+02   3.4925268502190598e+01
   1.0700000000000000e+02   3.4936308377985000e+01
   1.0800000000000000e+02   3.4975293129069001e+01
   1.0900000000000000e+02   3.5307579597025601e+01
   1.1000000000000000e+02   3.5432788212567800e+01
   1.1100000000000000e+02   3.5576721418768400e+01
   1.1200000000000000e+02   3.5691276689331303e+01
   1.1300000000000000e+02   3.5788131227155702e+01
   1.1400000000000000e+02   3.5646959568648299e+01
   1.1500000000000000e+02   3.5672853306610200e+01
   1.1600000000000000e+02   3.5560160030141503e+01
   1.1700000000000000e+02   3.4950747702869897e+01
   1.1800000000000000e+02   3.4742280926287698e+01
   1.1900000000000000e+02   3.4347910069360800e+01
   1.2000000000000000e+02   3.4596859266043097e+01
   1.2100000000000000e+02   3.4477812669308904e+01
   1.2200000000000000e+02   3.4811891842480499e+01
   1.2300000000000000e+02   3.4387487653773398e+01
   1.2400000000000000e+02   3.4684820127383503e+01
   1.2500000000000000e+02   3.4539735416230599e+01
   1.2600000000000000e+02   3.4819369406165997e+01
   1.2700000000000000e+02   3.4610570165369097e+01
   1.2800000000000000e+02   3.4431244182912501e+01
   1.2900000000000000e+02   3.4268517034752200e+01
   1.3000000000000000e+02   3.4320942410492101e+01
   1.3100000000000000e+02   3.4925553695829599e+01
   1.3200000000000000e+02   3.4944651472174201e+01
   1.3300000000000000e+02   3.4791153604208297e+01
   1.3400000000000000e+02   3.4859157772727201e+01
   1.3500000000000000e+02   3.4984981588406697e+01
   1.3600000000000000e+02   3.4798427593069803e+01
   1.3700000000000000e+02   3.4895749960557197e+01
   1.3800000000000000e+02   3.5160453294745103e+01
   1.3900000000000000e+02   3.4908135857168197e+01
   1.4000000000000000e+02   3.4871849259453398e+01
   1.4100000000000000e+02   3.4511072935012102e+01
   1.4200000000000000e+02   3.5294624790709101e+01
   1.4300000000000000e+02   3.5713692632804403e+01
   1.4400000000000000e+02   3.5207980757344203e+01
   1.4500000000000000e+02   3.5136847722663298e+01
   1.4600000000000000e+02   3.5304627920317103e+01
   1.4700000000000000e+02   3.5078544151670300e+01
   1.4800000000000000e+02   3.5160741322766199e+01
   1.4900000000000000e+02   3.5294495345264501e+01
   1.5000000000000000e+02   3.5036954306305098e+01
   1.5100000000000000e+02   3.4662693816656301e+01
   1.5200000000000000e+02   3.4531865252376200e+01
   1.5300000000000000e+02   3.4725006216846602e+01
   1.5400000000000000e+02   3.4961129193790903e+01
   1.5500000000000000e+02   3.4891830526363897e+01
   1.5600000000000000e+02   3.4679560301490397e+01
   1.5700000000000000e+02   3.4769315819030702e+01
   1.5800000000000000e+02   3.4452941003736001e+01
   1.5900000000000000e+02   3.4275675496107397e+01
   1.6000000000000000e+02   3.3988531071422798e+01
   1.6100000000000000e+02   3.3998141823694802e+01
   1.6200000000000000e+02   3.3965481795406497e+01
   1.6300000000000000e+02   3.3732525330081003e+01
   1.6400000000000000e+02   3.3309463545599797e+01
   1.6500000000000000e+02   3.3330605834078497e+01
   1.6600000000000000e+02   3.3496764875840299e+01
   1.6700000000000000e+02   3.3474142178607700e+01
   1.6800000000000000e+02   3.3485718821863401e+01
   1.6900000000000000e+02   3.3532853703715197e+01
   1.7000000000000000e+02   3.3817685387762502e+01
   1.7100000000000000e+02   3.3670797510573301e+01
   1.7200000000000000e+02   3.3526530511660397e+01
   1.7300000000000000e+02   3.3616093891561398e+01
   1.7400000000000000e+02   3.3803321162030798e+01
   1.7500000000000000e+02   3.3930673895821599e+01
   1.7600000000000000e+02   3.3911786857932398e+01
   1.7700000000000000e+02   3.3440959305466997e+01
   1.7800000000000000e+02   3.3259401496342498e+01
   1.7900000000000000e+02   3.2422871620848099e+01
   1.8000000000000000e+02   3.2600059301952200e+01
   1.8100000000000000e+02   3.2537172276239097e+01
   1.8200000000000000e+02   3.2454073904899900e+01
   1.8300000000000000e+02   3.2532908379009498e+01
   1.8400000000000000e+02   3.2597445773364399e+01
   1.8500000000000000e+02   3.2708648123159300e+01
   1.8600000000000000e+02   3.2989173067810597e+01
   1.8700000000000000e+02   3.2889940009926796e+01
   1.8800000000000000e+02   3.2743913719498998e+01
   1.8900000000000000e+02   3.2318865836317798e+01
   1.9000000000000000e+02   3.2015292659773102e+01
   1.9100000000000000e+02   3.1885102382340200e+01
   1.9200000000000000e+02   3.1491042505571301e+01
   1.9300000000000000e+02   3.1404569272443698e+01
   1.9400000000000000e+02   3.1466925156130099e+01
   1.9500000000000000e+02   3.1645929995515601e+01
   1.9600000000000000e+02   3.1515830469454102e+01
   1.9700000000000000e+02   3.1647981504781001e+01
   1.9800000000000000e+02   3.1610375738464601e+01
   1.9900000000000000e+02   3.1660925306955601e+01
   2.0000000000000000e+02   3.1348977754410299e+01
   2.0100000000000000e+02   3.1918700793371201e+01
   2.0200000000000000e+02   3.1736432140880300e+01
   2.0300000000000000e+02   3.1671883443670701e+01
   2.0400000000000000e+02   3.1032060150631100e+01
   2.0500000000000000e+02   3.1166649462941400e+01
   2.0600000000000000e+02   3.1019252360585199e+01
   2.0700000000000000e+02   3.1098177603160298e+01
   2.0800000000000000e+02   3.0817873171187500e+01
   2.0900000000000000e+02   3.0773956510427400e+01
   2.1000000000000000e+02   3.0386532992326501e+01
   2.1100000000000000e+02   3.0625114910489799e+01
   2.1200000000000000e+02   3.0800813997593298e+01
   2.1300000000000000e+02   3.0692584773774900e+01
   2.1400000000000000e+02   3.1205657373421399e+01
   2.1500000000000000e+02   3.1040415844090301e+01
   2.1600000000000000e+02   3.1202959976687399e+01
   2.1700000000000000e+02   3.1279198599471101e+01
   2.1800000000000000e+02   3.1028721595354799e+01
   2.1900000000000000e+02   3.1122807214144800e+01
   2.2000000000000000e+02   3.1561732709315901e+01
   2.2100000000000000e+02   3.1751494694720499e+01
   2.2200000000000000e+02   3.0999756985179701e+01
   2.2300000000000000e+02   3.0470305597064900e+01
   2.2400000000000000e+02   3.0545618174159500e+01
   2.2500000000000000e+02   3.0560476741142200e+01
   2.2600000000000000e+02   3.0297584719880000e+01
   2.2700000000000000e+02   3.0218584337342801e+01
   2.2800000000000000e+02   2.9844653331122100e+01
   2.2900000000000000e+02   2.9652612634482200e+01
   2.3000000000000000e+02   2.9242877188832900e+01
   2.3100000000000000e+02   2.9275150729139501e+01
   2.3200000000000000e+02   2.8801766917549500e+01
   2.3300000000000000e+02   2.8622754105059698e+01
   2.3400000000000000e+02   2.8871753535557900e+01
   2.3500000000000000e+02   2.9082253422851998e+01
   2.3600000000000000e+02   2.8793282720730399e+01
   2.3700000000000000e+02   2.8822653447832199e+01
   2.3800000000000000e+02   2.8321830399643499e+01
   2.3900000000000000e+02   2.7773690879799702e+01
   2.4000000000000000e+02   2.7667695241129302e+01
   2.4100000000000000e+02   2.7873464272763201e+01
   2.4200000000000000e+02   2.8199400037949999e+01
   2.4300000000000000e+02   2.8042185356445600e+01
   2.4400000000000000e+02   2.8214309094628099e+01
   2.4500000000000000e+02   2.8366351833947299e+01
   2.4600000000000000e+02   2.8239555698022901e+01
   2.4700000000000000e+02   2.8517198263565700e+01
   2.4800000000000000e+02   2.8726465073002998e+01
   2.4900000000000000e+02   2.8697141112203401e+01
   2.5000000000000000e+02   2.8385993966756001e+01
   2.5100000000000000e+02   2.8038623304606400e+01
   2.5200000000000000e+02   2.7525630716739698e+01
   2.5300000000000000e+02   2.7596179202903699e+01
   2.5400000000000000e+02   2.7990653288512700e+01
   2.5500000000000000e+02   2.8304045010266101e+01
   2.5600000000000000e+02   2.8164906474060899e+01
   2.5700000000000000e+02   2.7979241176171598e+01
   2.5800000000000000e+02   2.7868804256415700e+01
   2.5900000000000000e+02   2.7862186942613800e+01
   2.6000000000000000e+02   2.7374102327472400e+01
   2.6100000000000000e+02   2.7306996856900700e+01
   2.6200000000000000e+02   2.6919861238549501e+01
   2.6300000000000000e+02   2.6911839600729301e+01
   2.6400000000000000e+02   2.7082517738960298e+01
   2.6500000000000000e+02   2.6465197589595601e+01
   2.6600000000000000e+02   2.6536456735144000e+01
   2.6700000000000000e+02   2.6382783760042098e+01
   2.6800000000000000e+02   2.6370798894098101e+01
   2.6900000000000000e+02   2.5873346295691402e+01
   2.7000000000000000e+02   2.5653633816040301e+01
   2.7100000000000000e+02   2.5493028770886902e+01
   2.7200000000000000e+02   2.5185190342439100e+01
   2.7300000000000000e+02   2.5214112385407699e+01
   2.7400000000000000e+02   2.5169344157692400e+01
   2.7500000000000000e+02   2.4993485943370100e+01
   2.7600000000000000e+02   2.4515714518797200e+01
   2.7700000000000000e+02   2.4249586891374001e+01
   2.7800000000000000e+02   2.3698841640846101e+01
   2.7900000000000000e+02   2.3136981470782999e+01
   2.8000000000000000e+02   2.3167245651355401e+01
   2.8100000000000000e+02   2.3580906410834100e+01
   2.8200000000000000e+02   2.3172152443621599e+01
   2.8300000000000000e+02   2.2940817933020998e+01
   2.8400000000000000e+02   2.2328816113958599e+01
   2.8500000000000000e+02   2.2229665875580800e+01
   2.8600000000000000e+02   2.2299767655388901e+01
   2.8700000000000000e+02   2.2403048674631702e+01
   2.8800000000000000e+02   2.1975796773742200e+01
   2.8900000000000000e+02   2.1832217754392001e+01
   2.9000000000000000e+02   2.1393114230523601e+01
   2.9100000000000000e+02   2.1373138929141000e+01
   2.9200000000000000e+02   2.1621248702875700e+01
   2.9300000000000000e+02   2.1459483286630299e+01
   2.9400000000000000e+02   2.1167418556097900e+01
   2.9500000000000000e+02   2.0791589241454499e+01
   2.9600000000000000e+02   2.0801567046127001e+01
   2.9700000000000000e+02   2.0069938876236701e+01
   2.9800000000000000e+02   2.0037404103998000e+01
   2.9900000000000000e+02   2.0105613214329900e+01
   3.0000000000000000e+02   1.9894726565906399e+01
   3.0100000000000000e+02   1.9111240327331998e+01
   3.0200000000000000e+02   1.9279380144777999e+01
   3.0300000000000000e+02   1.9129177001817698e+01
   3.0400000000000000e+02   1.8564932654189199e+01
   3.0500000000000000e+02   1.7977746150613100e+01
   3.0600000000000000e+02   1.7813892187012399e+01
   3.0700000000000000e+02   1.7928611226128201e+01
   3.0800000000000000e+02   1.7471791962054599e+01
   3.0900000000000000e+02   1.7626567078635301e+01
   3.1000000000000000e+02   1.7714270204722300e+01
   3.1100000000000000e+02   1.7423254446406300e+01
   3.1200000000000000e+02   1.7386928363108801e+01
   3.1300000000000000e+02   1.7503895357443898e+01
   3.1400000000000000e+02   1.7275632562776899e+01
   3.1500000000000000e+02   1.6696797619049502e+01
   3.1600000000000000e+02   1.6441346281317902e+01
   3.1700000000000000e+02   1.6508073619795201e+01
   3.1800000000000000e+02   1.6479515838197699e+01
   3.1900000000000000e+02   1.6314815597006302e+01
   3.2000000000000000e+02   1.5743107533202799e+01
   3.2100000000000000e+02   1.5397669992730799e+01
   3.2200000000000000e+02   1.5062174264474899e+01
   3.2300000000000000e+02   1.4989886702845901e+01
   3.2400000000000000e+02   1.4609569304041500e+01
   3.2500000000000000e+02   1.4191086715747300e+01
   3.2600000000000000e+02   1.3322144207295700e+01
   3.2700000000000000e+02   1.2995441698596901e+01
   3.2800000000000000e+02   1.2364544455294199e+01
   3.2900000000000000e+02   1.2175446377038300e+01
   3.3000000000000000e+02   1.2016717873644600e+01
   3.3100000000000000e+02   1.1688122743423101e+01
   3.3200000000000000e+02   1.1700170678571700e+01
   3.3300000000000000e+02   1.1292288861562101e+01
   3.3400000000000000e+02   1.1235943879834901e+01
   3.3500000000000000e+02   1.1283728150927301e+01
   3.3600000000000000e+02   1.0908138140708800e+01
   3.3700000000000000e+02   1.0433622943691500e+01
   3.3800000000000000e+02   1.0183280619886901e+01
   3.3900000000000000e+02   1.0135855101035601e+01
   3.4000000000000000e+02   9.8317897813384700e+00
   3.4100000000000000e+02   9.5320664211017707e+00
   3.4200000000000000e+02   9.3628867954240693e+00
   3.4300000000000000e+02   9.3229734352646894e+00
   3.4400000000000000e+02   8.9564369900324792e+00
   3.4500000000000000e+02   8.8799025736037098e+00
   3.4600000000000000e+02   8.9845817688942304e+00
   3.4700000000000000e+02   8.9873355490144107e+00
   3.4800000000000000e+02   8.7183699891510500e+00
   3.4900000000000000e+02   8.5023910774742593e+00
   3.5000000000000000e+02   8.1032887123656394e+00
   3.5100000000000000e+02   8.0313734924144295e+00
   3.5200000000000000e+02   8.0437126905041101e+00
   3.5300000000000000e+02   7.6785935900673197e+00
   3.5400000000000000e+02   6.9369234572467304e+00
   3.5500000000000000e+02   6.6998738645478202e+00
   3.5600000000000000e+02   6.6241940991823300e+00
   3.5700000000000000e+02   6.5042484367641897e+00
   3.5800000000000000e+02   6.6355320129043003e+00
   3.5900000000000000e+02   6.6454521704491301e+00
   3.6000000000000000e+02   6.6579853057698504e+00
   3.6100000000000000e+02   6.4773597903193796e+00
   3.6200000000000000e+02   6.1053817812816096e+00
   3.6300000000000000e+02   6.1212862048703496e+00
   3.6400000000000000e+02   5.6460070437271899e+00
   3.6500000000000000e+02   5.6957378299355099e+00
   3.6600000000000000e+02   5.5200210438362598e+00
   3.6700000000000000e+02   5.6473530107742702e+00
   3.6800000000000000e+02   5.7402747539846901e+00
   3.6900000000000000e+02   5.4754094148026597e+00
   3.7000000000000000e+02   5.3225507645959196e+00
   3.7100000000000000e+02   5.5608641012567697e+00
   3.7200000000000000e+02   5.0559955757548600e+00
   3.7300000000000000e+02   4.6548006550513499e+00
   3.7400000000000000e+02   4.3241861957665799e+00
   3.7500000000000000e+02   4.1741788953509200e+00
   3.7600000000000000e+02   4.1212115442165000e+00
   3.7700000000000000e+02   3.7461916933246400e+00
   3.7800000000000000e+02   3.9306461890611399e+00
   3.7900000000000000e+02   3.7555658277538102e+00
   3.8000000000000000e+02   2.7962902397207201e+00
   3.8100000000000000e+02   3.0177789233589900e+00
   3.8200000000000000e+02   2.5156707788374399e+00
   3.8300000000000000e+02   2.2046448439645601e+00
   3.8400000000000000e+02   2.1893552960845502e+00
   3.8500000000000000e+02   2.7399305947441599e+00
   3.8600000000000000e+02   1.8568619851622401e+00
   3.8700000000000000e+02   1.7618582949300601e+00
   3.8800000000000000e+02   1.9277904450868599e+00
   3.8900000000000000e+02   1.6566031727732999e+00
   3.9000000000000000e+02   1.4617740454956201e+00
   3.9100000000000000e+02   1.2743726120705601e+00
   3.9200000000000000e+02   1.0180096753674901e+00
   3.9300000000000000e+02   9.2683526664027505e-01
   3.9400000000000000e+02   7.2367993837892397e-01
   3.9500000000000000e+02   6.9168818113617603e-01
   3.9600000000000000e+02   7.6396451407892896e-01
   3.9700000000000000e+02   3.2163933665511002e-01
   3.9800000000000000e+02   3.0693522450473898e-01
   3.9900000000000000e+02   5.0854210684087897e-01
   4.0000000000000000e+02   3.6896003598922100e-01
   4.0100000000000000e+02  -1.1625165550365101e-01
   4.0200000000000000e+02  -1.1327526217571100e-01
   4.0300000000000000e+02  -6.3189084880690705e-01
   4.0400000000000000e+02  -6.0333096628686300e-01
   4.0500000000000000e+02  -8.7763419688509403e-01
   4.0600000000000000e+02  -1.3896585375972399e+00
   4.0700000000000000e+02  -1.6901896422781999e+00
   4.0800000000000000e+02  -1.8252823396022899e+00
   4.0900000000000000e+02  -1.5776316865247300e+00
   4.1000000000000000e+02  -1.7835174758478201e+00
   4.1100000000000000e+02  -2.1826587826067700e+00
   4.1200000000000000e+02  -2.4292151206557100e+00
   4.1300000000000000e+02  -2.7498757616527301e+00
   4.1400000000000000e+02  -3.2128015627928201e+00
   4.1500000000000000e+02  -4.0027460687910201e+00
   4.1600000000000000e+02  -4.2366589821764897e+00
   4.1700000000000000e+02  -4.3253061941828896e+00
   4.1800000000000000e+02  -4.2430273563182599e+00
   4.1900000000000000e+02  -4.7565382897039701e+00
   4.2000000000000000e+02  -5.4365259418424596e+00
   4.2100000000000000e+02  -5.8830618079920098e+00
   4.2200000000000000e+02  -6.6576879027520004e+00
   4.2300000000000000e+02  -6.5802964306117904e+00
   4.2400000000000000e+02  -6.8069344735756196e+00
   4.2500000000000000e+02  -7.4231392065362298e+00
   4.2600000000000000e+02  -7.2796109362792496e+00
   4.2700000000000000e+02  -7.4192320327747403e+00
   4.2800000000000000e+02  -7.5004685449178998e+00
   4.2900000000000000e+02  -8.2412509840466903e+00
   4.3000000000000000e+02  -8.1977540108871700e+00
   4.3100000000000000e+02  -8.2487299082716508e+00
   4.3200000000000000e+02  -8.7667638139436708e+00
   4.3300000000000000e+02  -8.7720741314132304e+00
   4.3400000000000000e+02  -8.7335902376943206e+00
   4.3500000000000000e+02  -9.5905840749349807e+00
   4.3600000000000000e+02  -9.8773807538230205e+00
   4.3700000000000000e+02  -9.6288985963980096e+00
   4.3800000000000000e+02  -1.0162370626733100e+01
   4.3900000000000000e+02  -1.0301693322587999e+01
   4.4000000000000000e+02  -1.0676216565854499e+01
   4.4100000000000000e+02  -1.1294184024959200e+01
   4.4200000000000000e+02  -1.1717971009712800e+01
   4.4300000000000000e+02  -1.2030937044760501e+01
   4.4400000000000000e+02  -1.1811623386542600e+01
   4.4500000000000000e+02  -1.2752797232946300e+01
   4.4600000000000000e+02  -1.2688689425265901e+01
   4.4700000000000000e+02  -1.2720224900644499e+01
   4.4800000000000000e+02  -1.3103445038038100e+01
   4.4900000000000000e+02  -1.3318863259323100e+01
   4.5000000000000000e+02  -1.3551288602727100e+01
   4.5100000000000000e+02  -1.3991471214674400e+01
   4.5200000000000000e+02  -1.4005420561929499e+01
   4.5300000000000000e+02  -1.4278408846330899e+01
   4.5400000000000000e+02  -1.5296751510884500e+01
   4.5500000000000000e+02  -1.5725461669577401e+01
   4.5600000000000000e+02  -1.5918719749370300e+01
   4.5700000000000000e+02  -1.5864253583557399e+01
   4.5800000000000000e+02  -1.5784496898624299e+01
   4.5900000000000000e+02  -1.5865790132905300e+01
   4.6000000000000000e+02  -1.6287030499440800e+01
   4.6100000000000000e+02  -1.6359667700993700e+01
   4.6200000000000000e+02  -1.6938062339857701e+01
   4.6300000000000000e+02  -1.7266496066051701e+01
   4.6400000000000000e+02  -1.7791898944786400e+01
   4.6500000000000000e+02  -1.8094493607521802e+01
   4.6600000000000000e+02  -1.8214093523857599e+01
   4.6700000000000000e+02  -1.8947254214831101e+01
   4.6800000000000000e+02  -2.0047406142118099e+01
   4.6900000000000000e+02  -2.0731409255666701e+01
   4.7000000000000000e+02  -2.1640895957740799e+01
   4.7100000000000000e+02  -2.1905682635411299e+01
   4.7200000000000000e+02  -2.2008294274819701e+01
   4.7300000000000000e+02  -2.2356776191428001e+01
   4.7400000000000000e+02  -2.2893309408489500e+01
   4.7500000000000000e+02  -2.3078435539087501e+01
   4.7600000000000000e+02  -2.3117483840966099e+01
   4.7700000000000000e+02  -2.3189114147653399e+01
   4.7800000000000000e+02  -2.3316064499469299e+01
   4.7900000000000000e+02  -2.3497945788787000e+01
   4.8000000000000000e+02  -2.4222848733749899e+01
   4.8100000000000000e+02  -2.4544137876127500e+01
   4.8200000000000000e+02  -2.4955219833956502e+01
   4.8300000000000000e+02  -2.5201470790541400e+01
   4.8400000000000000e+02  -2.5756363506414498e+01
   4.8500000000000000e+02  -2.5909912980461900e+01
   4.8600000000000000e+02  -2.6806490065896899e+01
   4.8700000000000000e+02  -2.7548381190792998e+01
   4.8800000000000000e+02  -2.8298542351804901e+01
   4.8900000000000000e+02  -2.8944771991213400e+01
   4.9000000000000000e+02  -2.9238436535142000e+01
   4.9100000000000000e+02  -2.9744759769520400e+01
   4.9200000000000000e+02  -3.0602468152478799e+01
   4.9300000000000000e+02  -3.1527383250812601e+01
   4.9400000000000000e+02  -3.2312825689765603e+01
   4.9500000000000000e+02  -3.2753969696127697e+01
   4.9600000000000000e+02  -3.3559813363815799e+01
   4.9700000000000000e+02  -3.4030655076406099e+01
   4.9800000000000000e+02  -3.3950859636337803e+01
   4.9900000000000000e+02  -3.4707767884224502e+01
   5.0000000000000000e+02  -3.5043293059558003e+01
   5.0100000000000000e+02  -3.5554742855646900e+01
   5.0200000000000000e+02  -3.5731296986989797e+01
   5.0300000000000000e+02  -3.6106999216401100e+01
   5.0400000000000000e+02  -3.6351796236441700e+01
   5.0500000000000000e+02  -3.7072379247119400e+01
   5.0600000000000000e+02  -3.7385958846110299e+01
   5.0700000000000000e+02  -3.8035038713231103e+01
   5.0800000000000000e+02  -3.8591434674504100e+01
   5.0900000000000000e+02  -3.8693347726772501e+01
   5.1000000000000000e+02  -3.8806239753378598e+01
   5.1100000000000000e+02  -3.9431778060568703e+01
   5.1200000000000000e+02  -4.0507233482943398e+01
   5.1300000000000000e+02  -4.0978417537066797e+01
   5.1400000000000000e+02  -4.1148584137763102e+01
   5.1500000000000000e+02  -4.1403105484590000e+01
   5.1600000000000000e+02  -4.2016368572190700e+01
   5.1700000000000000e+02  -4.2725708998279899e+01
   5.1800000000000000e+02  -4.3278299616810301e+01
   5.1900000000000000e+02  -4.3774508136484897e+01
   5.2000000000000000e+02  -4.4324718366962102e+01
   5.2100000000000000e+02  -4.4876838338858200e+01
   5.2200000000000000e+02  -4.5460813717510000e+01
   5.2300000000000000e+02  -4.6017872618656703e+01
   5.2400000000000000e+02  -4.6365628019299400e+01
   5.2500000000000000e+02  -4.7265900958316301e+01
   5.2600000000000000e+02  -4.7955798212086300e+01
   5.2700000000000000e+02  -4.8007151227740998e+01
   5.2800000000000000e+02  -4.8254236795326797e+01
   5.2900000000000000e+02  -4.9000421832823299e+01
   5.3000000000000000e+02  -4.9865690168005500e+01
   5.3100000000000000e+02  -4.9894234694052102e+01
   5.3200000000000000e+02  -5.0418196318938101e+01
   5.3300000000000000e+02  -5.0680217400228599e+01
   5.3400000000000000e+02  -5.0923771239285102e+01
   5.3500000000000000e+02  -5.1744664511964700e+01
   5.3600000000000000e+02  -5.2274784146897403e+01
   5.3700000000000000e+02  -5.2372289048141901e+01
   5.3800000000000000e+02  -5.2521526775387898e+01
   5.3900000000000000e+02  -5.2838609500120199e+01
   5.4000000000000000e+02  -5.3444997314614298e+01
   5.4100000000000000e+02  -5.3165971153599997e+01
   5.4200000000000000e+02  -5.3981513756492298e+01
   5.4300000000000000e+02  -5.4172951745361303e+01
   5.4400000000000000e+02  -5.4083317557809202e+01
   5.4500000000000000e+02  -5.4091429681656201e+01
   5.4600000000000000e+02  -5.4129810874070003e+01
   5.4700000000000000e+02  -5.4267273786758899e+01
   5.4800000000000000e+02  -5.4596840015105997e+01
   5.4900000000000000e+02  -5.5511782235079600e+01
   5.5000000000000000e+02  -5.5889286946301198e+01
   5.5100000000000000e+02  -5.6542321256600196e+01
   5.5200000000000000e+02  -5.6490965679933502e+01
   5.5300000000000000e+02  -5.6720773701533503e+01
   5.5400000000000000e+02  -5.7666376762731701e+01
   5.5500000000000000e+02  -5.8561125866082101e+01
   5.5600000000000000e+02  -5.8743670333362097e+01
   5.5700000000000000e+02  -5.9268598011755103e+01
   5.5800000000000000e+02  -5.9790895520985998e+01
   5.5900000000000000e+02  -6.0342145367717301e+01
   5.6000000000000000e+02  -6.1318811770968999e+01
   5.6100000000000000e+02  -6.1810065721591201e+01
   5.6200000000000000e+02  -6.2145619019964698e+01
   5.6300000000000000e+02  -6.2381794271802598e+01
   5.6400000000000000e+02  -6.3034132533399898e+01
   5.6500000000000000e+02  -6.3619995611580897e+01
   5.6600000000000000e+02  -6.4042372027699699e+01
   5.6700000000000000e+02  -6.4683183734528797e+01
   5.6800000000000000e+02  -6.5098073282105801e+01
   5.6900000000000000e+02  -6.5260969109246204e+01
   5.7000000000000000e+02  -6.5463083922226403e+01
   5.7100000000000000e+02  -6.5645509801888807e+01
   5.7200000000000000e+02  -6.5346138746283600e+01
   5.7300000000000000e+02  -6.5806090293831403e+01
   5.7400000000000000e+02  -6.6187165017535193e+01
   5.7500000000000000e+02  -6.6582927072783704e+01
   5.7600000000000000e+02  -6.7242108950362606e+01
   5.7700000000000000e+02  -6.7768350151463096e+01
   5.7800000000000000e+02  -6.8117324323148495e+01
   5.7900000000000000e+02  -6.8164065540392997e+01
   5.8000000000000000e+02  -6.8386475699165800e+01
   5.8100000000000000e+02  -6.9203733614299097e+01
   5.8200000000000000e+02  -6.9839392235890898e+01
   5.8300000000000000e+02  -7.0021323707008094e+01
   5.8400000000000000e+02  -7.0129439584623398e+01
   5.8500000000000000e+02  -7.0799248858776593e+01
   5.8600000000000000e+02  -7.0939984351097607e+01
   5.8700000000000000e+02  -7.1547669122755906e+01
   5.8800000000000000e+02  -7.1367999289832497e+01
   5.8900000000000000e+02  -7.0776771978248107e+01
   5.9000000000000000e+02  -7.1203026581163698e+01
   5.9100000000000000e+02  -7.1146044693141704e+01
   5.9200000000000000e+02  -7.1224776790535898e+01
   5.9300000000000000e+02  -7.1580667470014504e+01
   5.9400000000000000e+02  -7.1504617578160193e+01
   5.9500000000000000e+02  -7.1419163661772899e+01
   5.9600000000000000e+02  -7.1372928982965902e+01
   5.9700000000000000e+02  -7.1394353272842807e+01
   5.9800000000000000e+02  -7.1735152689563904e+01
   5.9900000000000000e+02  -7.2160966078782295e+01
   6.0000000000000000e+02  -7.2043558145009698e+01
   6.0100000000000000e+02  -7.2379401292907502e+01
   6.0200000000000000e+02  -7.2604391444503506e+01
   6.0300000000000000e+02  -7.2868385643714603e+01
   6.0400000000000000e+02  -7.2921108949874593e+01
   6.0500000000000000e+02  -7.3098050551161094e+01
   6.0600000000000000e+02  -7.2980459991706596e+01
   6.0700000000000000e+02  -7.4134323309431196e+01
   6.0800000000000000e+02  -7.4369329792617904e+01
   6.0900000000000000e+02  -7.4583755292222804e+01
   6.1000000000000000e+02  -7.4763862783032707e+01
   6.1100000000000000e+02  -7.4929677950702199e+01
   6.1200000000000000e+02  -7.4956121450185094e+01
   6.1300000000000000e+02  -7.5734830557481700e+01
   6.1400000000000000e+02  -7.5852476013195499e+01
   6.1500000000000000e+02  -7.6036404060924298e+01
   6.1600000000000000e+02  -7.6443874392189500e+01
   6.1700000000000000e+02  -7.6369764403434800e+01
   6.1800000000000000e+02  -7.6260318508560601e+01
   6.1900000000000000e+02  -7.5964199736526595e+01
   6.2000000000000000e+02  -7.5593027619127497e+01
   6.2100000000000000e+02  -7.5405132344789195e+01
   6.2200000000000000e+02  -7.5369717634246797e+01
   6.2300000000000000e+02  -7.5702429700721396e+01
   6.2400000000000000e+02  -7.5952561201314595e+01
   6.2500000000000000e+02  -7.6017133180962404e+01
   6.2600000000000000e+02  -7.6291928518910893e+01
   6.2700000000000000e+02  -7.6072149531735107e+01
   6.2800000000000000e+02  -7.5926023249425597e+01
   6.2900000000000000e+02  -7.5597279845733496e+01
   6.3000000000000000e+02  -7.5711435914799793e+01
   6.3100000000000000e+02  -7.6050829779525401e+01
   6.3200000000000000e+02  -7.6451977268590099e+01
   6.3300000000000000e+02  -7.6467775220109999e+01
   6.3400000000000000e+02  -7.6723939716271502e+01
   6.3500000000000000e+02  -7.6262450373783494e+01
   6.3600000000000000e+02  -7.6325838749688202e+01
   6.3700000000000000e+02  -7.6748141928559306e+01
   6.3800000000000000e+02  -7.7029454042947407e+01
   6.3900000000000000e+02  -7.6928587382084601e+01
   6.4000000000000000e+02  -7.6615336890475305e+01
   6.4100000000000000e+02  -7.6942009536333003e+01
   6.4200000000000000e+02  -7.6967693232330205e+01
   6.4300000000000000e+02  -7.7344879548015797e+01
   6.4400000000000000e+02  -7.7079100751694398e+01
   6.4500000000000000e+02  -7.7384258305478099e+01
   6.4600000000000000e+02  -7.7102162281684301e+01
   6.4700000000000000e+02  -7.7852759560851595e+01
   6.4800000000000000e+02  -7.7961270508421194e+01
   6.4900000000000000e+02  -7.7633672329417095e+01
   6.5000000000000000e+02  -7.7441688323804300e+01
   6.5100000000000000e+02  -7.7541355328454003e+01
   6.5200000000000000e+02  -7.7103752348411106e+01
   6.5300000000000000e+02  -7.6953117789147498e+01
   6.5400000000000000e+02  -7.7316676251528406e+01
   6.5500000000000000e+02  -7.7123052747851503e+01
   6.5600000000000000e+02  -7.6965386705930200e+01
   6.5700000000000000e+02  -7.6893599130809804e+01
   6.5800000000000000e+02  -7.7013444682891205e+01
   6.5900000000000000e+02  -7.6756284696714900e+01
   6.6000000000000000e+02  -7.6651691059675201e+01
   6.6100000000000000e+02  -7.6984897433829403e+01
   6.6200000000000000e+02  -7.6786999772514207e+01
   6.6300000000000000e+02  -7.6620315976095995e+01
   6.6400000000000000e+02  -7.7296085849203706e+01
   6.6500000000000000e+02  -7.7635346353218907e+01
   6.6600000000000000e+02  -7.6999498421757195e+01
   6.6700000000000000e+02  -7.6326437843724605e+01
   6.6800000000000000e+02  -7.6511132518477098e+01
   6.6900000000000000e+02  -7.6571545679866901e+01
   6.7000000000000000e+02  -7.6416903066609507e+01
   6.7100000000000000e+02  -7.6639237055751593e+01
   6.7200000000000000e+02  -7.6329874425404896e+01
   6.7300000000000000e+02  -7.6424109742352798e+01
   6.7400000000000000e+02  -7.6735548295731405e+01
   6.7500000000000000e+02  -7.6629708348504707e+01
   6.7600000000000000e+02  -7.6954313748596306e+01
   6.7700000000000000e+02  -7.6961044420164697e+01
   6.7800000000000000e+02  -7.6905260463940493e+01
   6.7900000000000000e+02  -7.7340382666567393e+01
   6.8000000000000000e+02  -7.7035188805297906e+01
   6.8100000000000000e+02  -7.6587939014816300e+01
   6.8200000000000000e+02  -7.6581100352789406e+01
   6.8300000000000000e+02  -7.6673586867463797e+01
   6.8400000000000000e+02  -7.6754933342466103e+01
   6.8500000000000000e+02  -7.6967220629230496e+01
   6.8600000000000000e+02  -7.7301944826376797e+01
   6.8700000000000000e+02  -7.6891175869061797e+01
   6.8800000000000000e+02  -7.7261747683274294e+01
   6.8900000000000000e+02  -7.6873041759320103e+01
   6.9000000000000000e+02  -7.7104931121673303e+01
   6.9100000000000000e+02  -7.7315589076630999e+01
   6.9200000000000000e+02  -7.7042162602244204e+01
   6.9300000000000000e+02  -7.6643596987218700e+01
   6.9400000000000000e+02  -7.6354068744595693e+01
   6.9500000000000000e+02  -7.6549274977352695e+01
   6.9600000000000000e+02  -7.6955089914096604e+01
   6.9700000000000000e+02  -7.6390900108811294e+01
   6.9800000000000000e+02  -7.6226541533293698e+01
   6.9900000000000000e+02  -7.6475525011670697e+01
   7.0000000000000000e+02  -7.6632121861113504e+01
   7.0100000000000000e+02  -7.6459492505251205e+01
   7.0200000000000000e+02  -7.6432120918433299e+01
   7.0300000000000000e+02  -7.6612703947199094e+01
   7.0400000000000000e+02  -7.6895569556490599e+01
   7.0500000000000000e+02  -7.7142492010366993e+01
   7.0600000000000000e+02  -7.7093738740193501e+01
   7.0700000000000000e+02  -7.7171794936957099e+01
   7.0800000000000000e+02  -7.6834465268505099e+01
   7.0900000000000000e+02  -7.6943994015721103e+01
   7.1000000000000000e+02  -7.6815664650385401e+01
   7.1100000000000000e+02  -7.7033863777064497e+01
   7.1200000000000000e+02  -7.7110035939097699e+01
   7.1300000000000000e+02  -7.6950870803384404e+01
   7.1400000000000000e+02  -7.7284408900205804e+01
   7.1500000000000000e+02  -7.7538205599720200e+01
   7.1600000000000000e+02  -7.7426998160864002e+01
   7.1700000000000000e+02  -7.7865457287406898e+01
   7.1800000000000000e+02  -7.6976358306216099e+01
   7.1900000000000000e+02  -7.6777251899795601e+01
   7.2000000000000000e+02  -7.6870110742499605e+01
   7.2100000000000000e+02  -7.7124765607948802e+01
   7.2200000000000000e+02  -7.7603847150124906e+01
   7.2300000000000000e+02  -7.7771290732209295e+01
   7.2400000000000000e+02  -7.7196893182841805e+01
   7.2500000000000000e+02  -7.7353945936846600e+01
   7.2600000000000000e+02  -7.7030074176640596e+01
   7.2700000000000000e+02  -7.7018142589810296e+01
   7.2800000000000000e+02  -7.6591812693299104e+01
   7.2900000000000000e+02  -7.5825758825143097e+01
   7.3000000000000000e+02  -7.6432530695354302e+01
   7.3100000000000000e+02  -7.6400660409880004e+01
   7.3200000000000000e+02  -7.6709559361008004e+01
   7.3300000000000000e+02  -7.6417871702374100e+01
   7.3400000000000000e+02  -7.6793345927205394e+01
   7.3500000000000000e+02  -7.6178350080119799e+01
   7.3600000000000000e+02  -7.6171340176575399e+01
   7.3700000000000000e+02  -7.6544673503255694e+01
   7.3800000000000000e+02  -7.6935031095973301e+01
   7.3900000000000000e+02  -7.6897854130126106e+01
   7.4000000000000000e+02  -7.6509246361741702e+01
   7.4100000000000000e+02  -7.7067509814351197e+01
   7.4200000000000000e+02  -7.7353862568080203e+01
   7.4300000000000000e+02  -7.6635380480197298e+01
   7.4400000000000000e+02  -7.6744687198152604e+01
   7.4500000000000000e+02  -7.6557940068695999e+01
   7.4600000000000000e+02  -7.6705355196757793e+01
   7.4700000000000000e+02  -7.6708892444582006e+01
   7.4800000000000000e+02  -7.7048954600700597e+01
   7.4900000000000000e+02  -7.7063657743653096e+01
   7.5000000000000000e+02  -7.6713994119701596e+01
   7.5100000000000000e+02  -7.6528013113608495e+01
   7.5200000000000000e+02  -7.6797273264799401e+01
   7.5300000000000000e+02  -7.6807583850522903e+01
   7.5400000000000000e+02  -7.6574299723680298e+01
   7.5500000000000000e+02  -7.6908199384297006e+01
   7.5600000000000000e+02  -7.6703891383963295e+01
   7.5700000000000000e+02  -7.6466808216576794e+01
   7.5800000000000000e+02  -7.6036703100311797e+01
   7.5900000000000000e+02  -7.5778237265983407e+01
   7.6000000000000000e+02  -7.5453007995377305e+01
   7.6100000000000000e+02  -7.5722542119837300e+01
   7.6200000000000000e+02  -7.6096758359078393e+01
   7.6300000000000000e+02  -7.5881380102861002e+01
   7.6400000000000000e+02  -7.5947888582939399e+01
   7.6500000000000000e+02  -7.5808265408103793e+01
   7.6600000000000000e+02  -7.5857453216059099e+01
   7.6700000000000000e+02  -7.5710075826765106e+01
   7.6800000000000000e+02  -7.5571870651640495e+01
   7.6900000000000000e+02  -7.5483972071060194e+01
   7.7000000000000000e+02  -7.5828215734893305e+01
   7.7100000000000000e+02  -7.5703503086004602e+01
   7.7200000000000000e+02  -7.5663780874342706e+01
   7.7300000000000000e+02  -7.5990265513221601e+01
   7.7400000000000000e+02  -7.6218465701712006e+01
   7.7500000000000000e+02  -7.5766796351291802e+01
   7.7600000000000000e+02  -7.5835154146886694e+01
   7.7700000000000000e+02  -7.6534942486101798e+01
   7.7800000000000000e+02  -7.6114470831188399e+01
   7.7900000000000000e+02  -7.6537299548383302e+01
   7.8000000000000000e+02  -7.6238970267592293e+01
   7.8100000000000000e+02  -7.6847370103535496e+01
   7.8200000000000000e+02  -7.6866546873835404e+01
   7.8300000000000000e+02  -7.6379898154374303e+01
   7.8400000000000000e+02  -7.6482287419796407e+01
   7.8500000000000000e+02  -7.6647706090573493e+01
   7.8600000000000000e+02  -7.6555087541129794e+01
   7.8700000000000000e+02  -7.6992926082666600e+01
   7.8800000000000000e+02  -7.7295692199541406e+01
   7.8900000000000000e+02  -7.7167082546921094e+01
   7.9000000000000000e+02  -7.6906524824309201e+01
   7.9100000000000000e+02  -7.7607575040028706e+01
   7.9200000000000000e+02  -7.7826682247208197e+01
   7.9300000000000000e+02  -7.7767503872096199e+01
   7.9400000000000000e+02  -7.7741320958844497e+01
   7.9500000000000000e+02  -7.7484987486640705e+01
   7.9600000000000000e+02  -7.7509574587677804e+01
   7.9700000000000000e+02  -7.7366603755304098e+01
   7.9800000000000000e+02  -7.7363790180189696e+01
   7.9900000000000000e+02  -7.7851179243656404e+01
   8.0000000000000000e+02  -7.8211961155888901e+01
   8.0100000000000000e+02  -7.8333369636460901e+01
   8.0200000000000000e+02  -7.8312483651904998e+01
   8.0300000000000000e+02  -7.8355605614450894e+01
   8.0400000000000000e+02  -7.8319150820455107e+01
   8.0500000000000000e+02  -7.8129426888242605e+01
   8.0600000000000000e+02  -7.8173194349162998e+01
   8.0700000000000000e+02  -7.8008464434631193e+01
   8.0800000000000000e+02  -7.7975552260636405e+01
   8.0900000000000000e+02  -7.7887771527710200e+01
   8.1000000000000000e+02  -7.8351312165190805e+01
   8.1100000000000000e+02  -7.8529723461334797e+01
   8.1200000000000000e+02  -7.8579030284050702e+01
   8.1300000000000000e+02  -7.8141844135408505e+01
   8.1400000000000000e+02  -7.8164015474589306e+01
   8.1500000000000000e+02  -7.8313007232173405e+01
   8.1600000000000000e+02  -7.8127707786192104e+01
   8.1700000000000000e+02  -7.7695762533414495e+01
   8.1800000000000000e+02  -7.7489639293080401e+01
   8.1900000000000000e+02  -7.7397485293974000e+01
   8.2000000000000000e+02  -7.7700933921490702e+01
   8.2100000000000000e+02  -7.7630530248881101e+01
   8.2200000000000000e+02  -7.7340128172748194e+01
   8.2300000000000000e+02  -7.7129651928894503e+01
   8.2400000000000000e+02  -7.7486822448857197e+01
   8.2500000000000000e+02  -7.7474816780230299e+01
   8.2600000000000000e+02  -7.7258256867845404e+01
   8.2700000000000000e+02  -7.7082903081190906e+01
   8.2800000000000000e+02  -7.7247659751264194e+01
   8.2900000000000000e+02  -7.7170656986922396e+01
   8.3000000000000000e+02  -7.7256786878735497e+01
   8.3100000000000000e+02  -7.7042223896214395e+01
   8.3200000000000000e+02  -7.7125153274273202e+01
   8.3300000000000000e+02  -7.7081546512548300e+01
   8.3400000000000000e+02  -7.7282511054807401e+01
   8.3500000000000000e+02  -7.7123805847294705e+01
   8.3600000000000000e+02  -7.7034669203388901e+01
   8.3700000000000000e+02  -7.7145708658920000e+01
   8.3800000000000000e+02  -7.7482873580270393e+01
   8.3900000000000000e+02  -7.7761043278246802e+01
   8.4000000000000000e+02  -7.7139618028978902e+01
   8.4100000000000000e+02  -7.7085836042981796e+01
   8.4200000000000000e+02  -7.7456254687360797e+01
   8.4300000000000000e+02  -7.7311009289000097e+01
   8.4400000000000000e+02  -7.7235608518126895e+01
   8.4500000000000000e+02  -7.7228889110997002e+01
   8.4600000000000000e+02  -7.7185038302944903e+01
   8.4700000000000000e+02  -7.7084699971039399e+01
   8.4800000000000000e+02  -7.6496821516978798e+01
   8.4900000000000000e+02  -7.6453795261481105e+01
   8.5000000000000000e+02  -7.6538249313637294e+01
   8.5100000000000000e+02  -7.6894242806858998e+01
   8.5200000000000000e+02  -7.7137291796593900e+01
   8.5300000000000000e+02  -7.7363347078338293e+01
   8.5400000000000000e+02  -7.7228917911709999e+01
   8.5500000000000000e+02  -7.6808451855754001e+01
   8.5600000000000000e+02  -7.6758166478158600e+01
   8.5700000000000000e+02  -7.6788801964189403e+01
   8.5800000000000000e+02  -7.6838394778516502e+01
   8.5900000000000000e+02  -7.6844094575907704e+01
   8.6000000000000000e+02  -7.6687696450200903e+01
   8.6100000000000000e+02  -7.6187720830537501e+01
   8.6200000000000000e+02  -7.5734007375229396e+01
   8.6300000000000000e+02  -7.5964329772166096e+01
   8.6400000000000000e+02  -7.5598370604143696e+01
   8.6500000000000000e+02  -7.5426819708119694e+01
   8.6600000000000000e+02  -7.5207250178187294e+01
   8.6700000000000000e+02  -7.5479940263027800e+01
   8.6800000000000000e+02  -7.5226261024899003e+01
   8.6900000000000000e+02  -7.5495965328377807e+01
   8.7000000000000000e+02  -7.5815168483715397e+01
   8.7100000000000000e+02  -7.5620888560149197e+01
   8.7200000000000000e+02  -7.5459231053177803e+01
   8.7300000000000000e+02  -7.5574345561559298e+01
   8.7400000000000000e+02  -7.5621700300481294e+01
   8.7500000000000000e+02  -7.5189138990570598e+01
   8.7600000000000000e+02  -7.5350356737293296e+01
   8.7700000000000000e+02  -7.5566769091537395e+01
   8.7800000000000000e+02  -7.5538047555348399e+01
   8.7900000000000000e+02  -7.5630287048958607e+01
   8.8000000000000000e+02  -7.5579953387285201e+01
   8.8100000000000000e+02  -7.5616540489413893e+01
   8.8200000000000000e+02  -7.5333831639574299e+01
   8.8300000000000000e+02  -7.5131786335128993e+01
   8.8400000000000000e+02  -7.4823193502409794e+01
   8.8500000000000000e+02  -7.4951155486985002e+01
   8.8600000000000000e+02  -7.4936136487100896e+01
   8.8700000000000000e+02  -7.4496100827340001e+01
   8.8800000000000000e+02  -7.5054906416805807e+01
   8.8900000000000000e+02  -7.4424392022759093e+01
   8.9000000000000000e+02  -7.4709749609223095e+01
   8.9100000000000000e+02  -7.5067947174443802e+01
   8.9200000000000000e+02  -7.4916586533043599e+01
   8.9300000000000000e+02  -7.4529138551145607e+01
   8.9400000000000000e+02  -7.4612971232178495e+01
   8.9500000000000000e+02  -7.4554683978813003e+01
   8.9600000000000000e+02  -7.4482969912425105e+01
   8.9700000000000000e+02  -7.4336859518123603e+01
   8.9800000000000000e+02  -7.3905289666940206e+01
   8.9900000000000000e+02  -7.3828503407674702e+01
   9.0000000000000000e+02  -7.4154734978932396e+01
   9.0100000000000000e+02  -7.4266552009487796e+01
   9.0200000000000000e+02  -7.3890042083524193e+01
   9.0300000000000000e+02  -7.4206907690605604e+01
   9.0400000000000000e+02  -7.4094408660491794e+01
   9.0500000000000000e+02  -7.4557148652835707e+01
   9.0600000000000000e+02  -7.4948225028017603e+01
   9.0700000000000000e+02  -7.4749962843230705e+01
   9.0800000000000000e+02  -7.4068658528106397e+01
   9.0900000000000000e+02  -7.4027159595919898e+01
   9.1000000000000000e+02  -7.3934068862648800e+01
   9.1100000000000000e+02  -7.4110827294752596e+01
   9.1200000000000000e+02  -7.4417545110913494e+01
   9.1300000000000000e+02  -7.3993798189535497e+01
   9.1400000000000000e+02  -7.3617600133995197e+01
   9.1500000000000000e+02  -7.3193821659841106e+01
   9.1600000000000000e+02  -7.3249324766104195e+01
   9.1700000000000000e+02  -7.3415746846778703e+01
   9.1800000000000000e+02  -7.3917661080228200e+01
   9.1900000000000000e+02  -7.3566031695065206e+01
   9.2000000000000000e+02  -7.3072507160843600e+01
   9.2100000000000000e+02  -7.3241874571791499e+01
   9.2200000000000000e+02  -7.3364786929683504e+01
   9.2300000000000000e+02  -7.3529043648028704e+01
   9.2400000000000000e+02  -7.3840890159585697e+01
   9.2500000000000000e+02  -7.4483719624122699e+01
   9.2600000000000000e+02  -7.4150982607576694e+01
   9.2700000000000000e+02  -7.4010028675396200e+01
   9.2800000000000000e+02  -7.3941954502694301e+01
   9.2900000000000000e+02  -7.3730312989551706e+01
   9.3000000000000000e+02  -7.4509877123966106e+01
   9.3100000000000000e+02  -7.4457202917344404e+01
   9.3200000000000000e+02  -7.4528960591093494e+01
   9.3300000000000000e+02  -7.4826945099437495e+01
   9.3400000000000000e+02  -7.4634007942692193e+01
   9.3500000000000000e+02  -7.4586220629177106e+01
   9.3600000000000000e+02  -7.4151839000627803e+01
   9.3700000000000000e+02  -7.4349994371777498e+01
   9.3800000000000000e+02  -7.4610158351047602e+01
   9.3900000000000000e+02  -7.4978096666343205e+01
   9.4000000000000000e+02  -7.4869444023533802e+01
   9.4100000000000000e+02  -7.5080623678102597e+01
   9.4200000000000000e+02  -7.5149774524537193e+01
   9.4300000000000000e+02  -7.4637808008877201e+01
   9.4400000000000000e+02  -7.4591674281889198e+01
   9.4500000000000000e+02  -7.4404282283439102e+01
   9.4600000000000000e+02  -7.4372519817829200e+01
   9.4700000000000000e+02  -7.4445835862857606e+01
   9.4800000000000000e+02  -7.4169776108014403e+01
   9.4900000000000000e+02  -7.3761298465041705e+01
   9.5000000000000000e+02  -7.3671738531466005e+01
   9.5100000000000000e+02  -7.3826171159703605e+01
   9.5200000000000000e+02  -7.4217125459809395e+01
   9.5300000000000000e+02  -7.4298003199104897e+01
   9.5400000000000000e+02  -7.3825669381575196e+01
   9.5500000000000000e+02  -7.3864927350069706e+01
   9.5600000000000000e+02  -7.4615886789474601e+01
   9.5700000000000000e+02  -7.4302045453907496e+01
   9.5800000000000000e+02  -7.4256566801169598e+01
   9.5900000000000000e+02  -7.4095296461204697e+01
   9.6000000000000000e+02  -7.3776200586000698e+01
   9.6100000000000000e+02  -7.3498138995740106e+01
   9.6200000000000000e+02  -7.2942241990879296e+01
   9.6300000000000000e+02  -7.2835672096972104e+01
   9.6400000000000000e+02  -7.2627161462154305e+01
   9.6500000000000000e+02  -7.2364152733013299e+01
   9.6600000000000000e+02  -7.2590527569541507e+01
   9.6700000000000000e+02  -7.2894723751789698e+01
   9.6800000000000000e+02  -7.2604458995272594e+01
   9.6900000000000000e+02  -7.2437141287663493e+01
   9.7000000000000000e+02  -7.2341164432244497e+01
   9.7100000000000000e+02  -7.2456537297082093e+01
   9.7200000000000000e+02  -7.2155113443964595e+01
   9.7300000000000000e+02  -7.2047193780001606e+01
   9.7400000000000000e+02  -7.1553789846576194e+01
   9.7500000000000000e+02  -7.1220728426039699e+01
   9.7600000000000000e+02  -7.0994581622737698e+01
   9.7700000000000000e+02  -7.0514771355714899e+01
   9.7800000000000000e+02  -7.0474972521763107e+01
   9.7900000000000000e+02  -7.0081269231250801e+01
   9.8000000000000000e+02  -6.9943798518161202e+01
   9.8100000000000000e+02  -6.9590221397439905e+01
   9.8200000000000000e+02  -7.0231255698306299e+01
   9.8300000000000000e+02  -6.9788636410585696e+01
   9.8400000000000000e+02  -6.9583316799925598e+01
   9.8500000000000000e+02  -6.9204098598199906e+01
   9.8600000000000000e+02  -6.9682163464860395e+01
   9.8700000000000000e+02  -6.9109030246210693e+01
   9.8800000000000000e+02  -6.9025189063787593e+01
   9.8900000000000000e+02  -6.8878837650059097e+01
   9.9000000000000000e+02  -6.9035710570429003e+01
   9.9100000000000000e+02  -6.8775142041029099e+01
   9.9200000000000000e+02  -6.9191735604665197e+01
   9.9300000000000000e+02  -6.9017812414559998e+01
   9.9400000000000000e+02  -6.8719538485095597e+01
   9.9500000000000000e+02  -6.8688202233454803e+01
   9.9600000000000000e+02  -6.8869433235913903e+01
   9.9700000000000000e+02  -6.8731981162646306e+01
   9.9800000000000000e+02  -6.8166282429243395e+01
   9.9900000000000000e+02  -6.8248115397943195e+01
   1.0000000000000000e+03  -6.7660209449324199e+01
   1.0010000000000000e+03  -6.7555282716199201e+01
   1.0020000000000000e+03  -6.7245790255909199e+01
   1.0030000000000000e+03  -6.7564519146305202e+01
   1.0040000000000000e+03  -6.7641711336065200e+01
   1.0050000000000000e+03  -6.7736978403418206e+01
