  -1.0000000000000000e+02  -7.4523053295600704e+01
  -9.9000000000000000e+01  -7.4255831849232706e+01
  -9.8000000000000000e+01  -7.4330373814090393e+01
  -9.7000000000000000e+01  -7.4442222554017306e+01
  -9.6000000000000000e+01  -7.4440801845367005e+01
  -9.5000000000000000e+01  -7.4879662154503507e+01
  -9.4000000000000000e+01  -7.4665589343540006e+01
  -9.3000000000000000e+01  -7.4450143858628493e+01
  -9.2000000000000000e+01  -7.4186040272281204e+01
  -9.1000000000000000e+01  -7.4099438661152504e+01
  -9.0000000000000000e+01  -7.3973950538272405e+01
  -8.9000000000000000e+01  -7.3621209938068702e+01
  -8.8000000000000000e+01  -7.3396741547065801e+01
  -8.7000000000000000e+01  -7.3333952087161407e+01
  -8.6000000000000000e+01  -7.3240797774277695e+01
  -8.5000000000000000e+01  -7.3210338499409005e+01
  -8.4000000000000000e+01  -7.3034926036084002e+01
  -8.3000000000000000e+01  -7.3049651504492203e+01
  -8.2000000000000000e+01  -7.3721471225220199e+01
  -8.1000000000000000e+01  -7.3880798688913998e+01
  -8.0000000000000000e+01  -7.3668920386586905e+01
  -7.9000000000000000e+01  -7.3703844607617398e+01
  -7.8000000000000000e+01  -7.3369707460982298e+01
  -7.7000000000000000e+01  -7.3253501128742997e+01
  -7.6000000000000000e+01  -7.2694666340428796e+01
  -7.5000000000000000e+01  -7.2943138113520007e+01
  -7.4000000000000000e+01  -7.2950791093411993e+01
  -7.3000000000000000e+01  -7.2799042208860399e+01
  -7.2000000000000000e+01  -7.2780986232717396e+01
  -7.1000000000000000e+01  -7.2872990633666106e+01
  -7.0000000000000000e+01  -7.3125939322979605e+01
  -6.9000000000000000e+01  -7.3230417800811196e+01
  -6.8000000000000000e+01  -7.2670890500980406e+01
  -6.7000000000000000e+01  -7.2634342279244294e+01
  -6.6000000000000000e+01  -7.2210183626840902e+01
  -6.5000000000000000e+01  -7.2253439648937402e+01
  -6.4000000000000000e+01  -7.1538485628459895e+01
  -6.3000000000000000e+01  -7.1024824907842600e+01
  -6.2000000000000000e+01  -7.1800620891948995e+01
  -6.1000000000000000e+01  -7.1578629424528600e+01
  -6.0000000000000000e+01  -7.1356972000445296e+01
  -5.9000000000000000e+01  -7.1606737019218201e+01
  -5.8000000000000000e+01  -7.1757196381131806e+01
  -5.7000000000000000e+01  -7.1488839908420402e+01
  -5.6000000000000000e+01  -7.1472022402437901e+01
  -5.5000000000000000e+01  -7.1113340982303498e+01
  -5.4000000000000000e+01  -7.1102334680473902e+01
  -5.3000000000000000e+01  -7.1140563603417903e+01
  -5.2000000000000000e+01  -7.1150446587722996e+01
  -5.1000000000000000e+01  -7.1063635080951499e+01
  -5.0000000000000000e+01  -7.0888291206642606e+01
  -4.9000000000000000e+01  -7.0938543166859802e+01
  -4.8000000000000000e+01  -7.0704160695991405e+01
  -4.7000000000000000e+01  -7.0476927617648499e+01
  -4.6000000000000000e+01  -7.0095366686297297e+01
  -4.5000000000000000e+01  -6.9555480524451298e+01
  -4.4000000000000000e+01  -6.9604119358102594e+01
  -4.3000000000000000e+01  -6.9686525533669098e+01
  -4.2000000000000000e+01  -6.9678217920903293e+01
  -4.1000000000000000e+01  -6.9453875391760803e+01
  -4.0000000000000000e+01  -6.9953206447945206e+01
  -3.9000000000000000e+01  -6.9712663792826802e+01
  -3.8000000000000000e+01  -6.9167876720787902e+01
  -3.7000000000000000e+01  -6.9628231412119902e+01
  -3.6000000000000000e+01  -6.9722905418663998e+01
  -3.5000000000000000e+01  -6.9368773335341700e+01
  -3.4000000000000000e+01  -6.9568287844231193e+01
  -3.3000000000000000e+01  -6.9153044659011996e+01
  -3.2000000000000000e+01  -6.9309761208350906e+01
  -3.1000000000000000e+01  -6.9745192952900496e+01
  -3.0000000000000000e+01  -6.9159038716075301e+01
  -2.9000000000000000e+01  -6.9093366108397902e+01
  -2.8000000000000000e+01  -6.9401199693557203e+01
  -2.7000000000000000e+01  -6.9477035393170397e+01
  -2.6000000000000000e+01  -6.9533953122568803e+01
  -2.5000000000000000e+01  -6.9135365229655903e+01
  -2.4000000000000000e+01  -6.8908732676011297e+01
  -2.3000000000000000e+01  -6.8736059562229698e+01
  -2.2000000000000000e+01  -6.8322553327628000e+01
  -2.1000000000000000e+01  -6.7632331444008003e+01
  -2.0000000000000000e+01  -6.7397023236079406e+01
  -1.9000000000000000e+01  -6.7114619446777198e+01
  -1.8000000000000000e+01  -6.6745593390907104e+01
  -1.7000000000000000e+01  -6.6791477136717802e+01
  -1.6000000000000000e+01  -6.6493893460404607e+01
  -1.5000000000000000e+01  -6.5940018931787506e+01
  -1.4000000000000000e+01  -6.5168126146728795e+01
  -1.3000000000000000e+01  -6.4442268901882997e+01
  -1.2000000000000000e+01  -6.4091579981428197e+01
  -1.1000000000000000e+01  -6.3488505320797600e+01
  -1.0000000000000000e+01  -6.2982767447188102e+01
  -9.0000000000000000e+00  -6.2916234961006801e+01
  -8.0000000000000000e+00  -6.1908146372947300e+01
  -7.0000000000000000e+00  -6.1287652987433297e+01
  -6.0000000000000000e+00  -6.0359128903607299e+01
  -5.0000000000000000e+00  -5.8991856280428699e+01
  -4.0000000000000000e+00  -5.7538761971795402e+01
  -3.0000000000000000e+00  -5.4438179267318702e+01
  -2.0000000000000000e+00  -4.9116399202791698e+01
  -1.0000000000000000e+00  -3.3111912654488997e+01
   0.0000000000000000e+00  -1.1784437674090800e+01
   1.0000000000000000e+00   4.3729549516338801e+00
   2.0000000000000000e+00   1.4478713652398900e+01
   3.0000000000000000e+00   1.9757708154933098e+01
   4.0000000000000000e+00   2.2485835013572000e+01
   5.0000000000000000e+00   2.4070753388303000e+01
   6.0000000000000000e+00   2.5120049887468500e+01
   7.0000000000000000e+00   2.5543456486997400e+01
   8.0000000000000000e+00   2.5300649733592500e+01
   9.0000000000000000e+00   2.5423340344857699e+01
   1.0000000000000000e+01   2.5514711367712199e+01
   1.1000000000000000e+01   2.5542755266431399e+01
   1.2000000000000000e+01   2.6045329571886999e+01
   1.3000000000000000e+01   2.6311954047990799e+01
   1.4000000000000000e+01   2.6739980892315401e+01
   1.5000000000000000e+01   2.7369730953837301e+01
   1.6000000000000000e+01   2.8000554878924099e+01
   1.7000000000000000e+01   2.8192216400707402e+01
   1.8000000000000000e+01   2.8342217319871200e+01
   1.9000000000000000e+01   2.8601140833663500e+01
   2.0000000000000000e+01   2.9189206095410899e+01
   2.1000000000000000e+01   2.9071681234270500e+01
   2.2000000000000000e+01   2.8960768915448401e+01
   2.3000000000000000e+01   2.9106536885006200e+01
   2.4000000000000000e+01   2.9292133083338200e+01
   2.5000000000000000e+01   2.9282089188535000e+01
   2.6000000000000000e+01   2.9104862363663500e+01
   2.7000000000000000e+01   2.9858432619494501e+01
   2.8000000000000000e+01   2.9697080536852400e+01
   2.9000000000000000e+01   2.9866853470981098e+01
   3.0000000000000000e+01   2.9983210601644100e+01
   3.1000000000000000e+01   2.9871764698100101e+01
   3.2000000000000000e+01   2.9890017639110500e+01
   3.3000000000000000e+01   3.0103904537248400e+01
   3.4000000000000000e+01   3.0185696814157001e+01
   3.5000000000000000e+01   3.0271251831089000e+01
   3.6000000000000000e+01   3.0121087589929200e+01
   3.7000000000000000e+01   3.0332096664206698e+01
   3.8000000000000000e+01   3.0631508761102001e+01
   3.9000000000000000e+01   3.1044488533440600e+01
   4.0000000000000000e+01   3.0797291733780700e+01
   4.1000000000000000e+01   3.0963518506453799e+01
   4.2000000000000000e+01   3.1384566928048098e+01
   4.3000000000000000e+01   3.1686937397966599e+01
   4.4000000000000000e+01   3.1715318528438200e+01
   4.5000000000000000e+01   3.2185285184139801e+01
   4.6000000000000000e+01   3.2055577278941897e+01
   4.7000000000000000e+01   3.2123135744541997e+01
   4.8000000000000000e+01   3.2852893926008498e+01
   4.9000000000000000e+01   3.3005567181997797e+01
   5.0000000000000000e+01   3.3145290941132998e+01
   5.1000000000000000e+01   3.2964101907363101e+01
   5.2000000000000000e+01   3.3121490215370002e+01
   5.3000000000000000e+01   3.3038221268118797e+01
   5.4000000000000000e+01   3.2766665932180601e+01
   5.5000000000000000e+01   3.3007273103012501e+01
   5.6000000000000000e+01   3.3211089904779897e+01
   5.7000000000000000e+01   3.3244768096805700e+01
   5.8000000000000000e+01   3.3570684259687503e+01
   5.9000000000000000e+01   3.3252354516415700e+01
   6.0000000000000000e+01   3.3594985299146103e+01
   6.1000000000000000e+01   3.4487642070436102e+01
   6.2000000000000000e+01   3.4540606146736302e+01
   6.3000000000000000e+01   3.5119002619250899e+01
   6.4000000000000000e+01   3.5011480255762500e+01
   6.5000000000000000e+01   3.5420458298918597e+01
   6.6000000000000000e+01   3.5242568080960098e+01
   6.7000000000000000e+01   3.5410444338222703e+01
   6.8000000000000000e+01   3.5153985928334599e+01
   6.9000000000000000e+01   3.5452088708104903e+01
   7.0000000000000000e+01   3.5079544763560001e+01
   7.1000000000000000e+01   3.4901664029812899e+01
   7.2000000000000000e+01   3.4789471965746301e+01
   7.3000000000000000e+01   3.4621155843986799e+01
   7.4000000000000000e+01   3.5005701536431502e+01
   7.5000000000000000e+01   3.4732287068358900e+01
   7.6000000000000000e+01   3.4902456900785701e+01
   7.7000000000000000e+01   3.5112369094081501e+01
   7.8000000000000000e+01   3.4618084266818300e+01
   7.9000000000000000e+01   3.4835879205909301e+01
   8.0000000000000000e+01   3.5286835902977302e+01
   8.1000000000000000e+01   3.5213821460776401e+01
   8.2000000000000000e+01   3.5444384411047999e+01
   8.3000000000000000e+01   3.5647407923304300e+01
   8.4000000000000000e+01   3.5084595503394702e+01
   8.5000000000000000e+01   3.5385269316712296e+01
   8.6000000000000000e+01   3.5601263148464703e+01
   8.7000000000000000e+01   3.5902868584367504e+01
   8.8000000000000000e+01   3.6191187180930299e+01
   8.9000000000000000e+01   3.6226508864125002e+01
   9.0000000000000000e+01   3.6128381355636300e+01
   9.1000000000000000e+01   3.6001188004294399e+01
   9.2000000000000000e+01   3.5857295476529998e+01
   9.3000000000000000e+01   3.6192926077054700e+01
   9.4000000000000000e+01   3.6422988436815501e+01
   9.5000000000000000e+01   3.6384062822371298e+01
   9.6000000000000000e+01   3.6171982274530599e+01
   9.7000000000000000e+01   3.5953885991629598e+01
   9.8000000000000000e+01   3.6119568285657401e+01
   9.9000000000000000e+01   3.6358064167616597e+01
   1.0000000000000000e+02   3.6184429402798102e+01
   1.0100000000000000e+02   3.6165104759501602e+01
   1.0200000000000000e+02   3.5895939652177901e+01
   1.0300000000000000e+02   3.5474343419719197e+01
   1.0400000000000000e+02   3.5703492261128297e+01
   1.0500000000000000e+02   3.5352318194610000e+01
   1.0600000000000000e+02   3.5208161964241803e+01
   1.0700000000000000e+02   3.5706472771120801e+01
   1.0800000000000000e+02   3.6053870200580597e+01
   1.0900000000000000e+02   3.5684500754499503e+01
   1.1000000000000000e+02   3.5326053674536503e+01
   1.1100000000000000e+02   3.5425743673984201e+01
   1.1200000000000000e+02   3.5170421290401599e+01
   1.1300000000000000e+02   3.5172775491735301e+01
   1.1400000000000000e+02   3.5400066908241698e+01
   1.1500000000000000e+02   3.5737620010513098e+01
   1.1600000000000000e+02   3.5755439569409397e+01
   1.1700000000000000e+02   3.6358275771275402e+01
   1.1800000000000000e+02   3.6985196719206698e+01
   1.1900000000000000e+02   3.6646693708380802e+01
   1.2000000000000000e+02   3.6362654301596599e+01
   1.2100000000000000e+02   3.6784424846653003e+01
   1.2200000000000000e+02   3.6903799294572003e+01
   1.2300000000000000e+02   3.7383919844338699e+01
   1.2400000000000000e+02   3.6795963660572802e+01
   1.2500000000000000e+02   3.6629208625393801e+01
   1.2600000000000000e+02   3.6014524063285300e+01
   1.2700000000000000e+02   3.5831641534653201e+01
   1.2800000000000000e+02   3.5918264046461303e+01
   1.2900000000000000e+02   3.5676964135196599e+01
   1.3000000000000000e+02   3.5377544671911799e+01
   1.3100000000000000e+02   3.5139072154028398e+01
   1.3200000000000000e+02   3.5275791586125898e+01
   1.3300000000000000e+02   3.5731616430241303e+01
   1.3400000000000000e+02   3.5881034916128499e+01
   1.3500000000000000e+02   3.6173491839430902e+01
   1.3600000000000000e+02   3.6135032794542099e+01
   1.3700000000000000e+02   3.5661147260455799e+01
   1.3800000000000000e+02   3.6014913118546701e+01
   1.3900000000000000e+02   3.5506347628826298e+01
   1.4000000000000000e+02   3.4862335596025801e+01
   1.4100000000000000e+02   3.4587104698576802e+01
   1.4200000000000000e+02   3.4999114089732799e+01
   1.4300000000000000e+02   3.5109295622033699e+01
   1.4400000000000000e+02   3.4864533753835701e+01
   1.4500000000000000e+02   3.4727316503925202e+01
   1.4600000000000000e+02   3.5268219182281697e+01
   1.4700000000000000e+02   3.4710681997788498e+01
   1.4800000000000000e+02   3.4324767320709000e+01
   1.4900000000000000e+02   3.4882618749167001e+01
   1.5000000000000000e+02   3.4809584638262301e+01
   1.5100000000000000e+02   3.4533991938479097e+01
   1.5200000000000000e+02   3.4562241025409499e+01
   1.5300000000000000e+02   3.4152127634423898e+01
   1.5400000000000000e+02   3.4051213800975603e+01
   1.5500000000000000e+02   3.3777766163219397e+01
   1.5600000000000000e+02   3.3538847017852198e+01
   1.5700000000000000e+02   3.3031892736758898e+01
   1.5800000000000000e+02   3.3241483957679399e+01
   1.5900000000000000e+02   3.2739297502207101e+01
   1.6000000000000000e+02   3.2063740987968799e+01
   1.6100000000000000e+02   3.2516813889708303e+01
   1.6200000000000000e+02   3.2687727111554800e+01
   1.6300000000000000e+02   3.2391114185912201e+01
   1.6400000000000000e+02   3.2670143358779598e+01
   1.6500000000000000e+02   3.2681836534179602e+01
   1.6600000000000000e+02   3.2309919189429600e+01
   1.6700000000000000e+02   3.2391186709478703e+01
   1.6800000000000000e+02   3.2557042585643302e+01
   1.6900000000000000e+02   3.2331417403171997e+01
   1.7000000000000000e+02   3.2518223049745998e+01
   1.7100000000000000e+02   3.2716073194625501e+01
   1.7200000000000000e+02   3.2797621106709002e+01
   1.7300000000000000e+02   3.2784728405316301e+01
   1.7400000000000000e+02   3.2737217475668999e+01
   1.7500000000000000e+02   3.2659111405005703e+01
   1.7600000000000000e+02   3.2791160446660598e+01
   1.7700000000000000e+02   3.2599778665574597e+01
   1.7800000000000000e+02   3.2780009236668697e+01
   1.7900000000000000e+02   3.2870594862603497e+01
   1.8000000000000000e+02   3.2787850142617799e+01
   1.8100000000000000e+02   3.2848568603023203e+01
   1.8200000000000000e+02   3.3092422124038599e+01
   1.8300000000000000e+02   3.2688221748847099e+01
   1.8400000000000000e+02   3.2664073768251498e+01
   1.8500000000000000e+02   3.2618578189592299e+01
   1.8600000000000000e+02   3.2114869091285698e+01
   1.8700000000000000e+02   3.1779481426488399e+01
   1.8800000000000000e+02   3.1689551204797201e+01
   1.8900000000000000e+02   3.2067285791381600e+01
   1.9000000000000000e+02   3.1310948958657701e+01
   1.9100000000000000e+02   3.1102560449478801e+01
   1.9200000000000000e+02   3.0647315424776000e+01
   1.9300000000000000e+02   3.0383244666103099e+01
   1.9400000000000000e+02   3.0163597847016799e+01
   1.9500000000000000e+02   3.0038919716163502e+01
   1.9600000000000000e+02   2.9496487431503802e+01
   1.9700000000000000e+02   2.8957952202679600e+01
   1.9800000000000000e+02   2.9308574229303499e+01
   1.9900000000000000e+02   2.9385467033036800e+01
   2.0000000000000000e+02   2.9056369299874000e+01
   2.0100000000000000e+02   2.8828163896896800e+01
   2.0200000000000000e+02   2.8849204420027501e+01
   2.0300000000000000e+02   2.8598017034749400e+01
   2.0400000000000000e+02   2.8292516443463100e+01
   2.0500000000000000e+02   2.8917740654790901e+01
   2.0600000000000000e+02   2.9000907736682699e+01
   2.0700000000000000e+02   2.8604542289318999e+01
   2.0800000000000000e+02   2.7898319971611102e+01
   2.0900000000000000e+02   2.7932670874364600e+01
   2.1000000000000000e+02   2.7645982851465401e+01
   2.1100000000000000e+02   2.7468517583953201e+01
   2.1200000000000000e+02   2.7633554101132798e+01
   2.1300000000000000e+02   2.7082864225405299e+01
   2.1400000000000000e+02   2.6773920554784599e+01
   2.1500000000000000e+02   2.6422749994258702e+01
   2.1600000000000000e+02   2.6875898194998602e+01
   2.1700000000000000e+02   2.6838473598410200e+01
   2.1800000000000000e+02   2.6904322740956601e+01
   2.1900000000000000e+02   2.6593061416843501e+01
   2.2000000000000000e+02   2.6626678386071301e+01
   2.2100000000000000e+02   2.6053306576975999e+01
   2.2200000000000000e+02   2.5740509954001499e+01
   2.2300000000000000e+02   2.5341895741669600e+01
   2.2400000000000000e+02   2.5392118531523000e+01
   2.2500000000000000e+02   2.5364396986840401e+01
   2.2600000000000000e+02   2.5176453221263500e+01
   2.2700000000000000e+02   2.5333064591856900e+01
   2.2800000000000000e+02   2.4798898483372302e+01
   2.2900000000000000e+02   2.5235917760258200e+01
   2.3000000000000000e+02   2.4763808130536098e+01
   2.3100000000000000e+02   2.4314471820444101e+01
   2.3200000000000000e+02   2.3774625409212099e+01
   2.3300000000000000e+02   2.3364209467940800e+01
   2.3400000000000000e+02   2.3061025073693202e+01
   2.3500000000000000e+02   2.3125264777448901e+01
   2.3600000000000000e+02   2.3022327865160999e+01
   2.3700000000000000e+02   2.2832745622756800e+01
   2.3800000000000000e+02   2.2905160647759999e+01
   2.3900000000000000e+02   2.2691193950144001e+01
   2.4000000000000000e+02   2.2429209985292999e+01
   2.4100000000000000e+02   2.2701375269425402e+01
   2.4200000000000000e+02   2.2622335813208501e+01
   2.4300000000000000e+02   2.1913050672419001e+01
   2.4400000000000000e+02   2.1320697425551600e+01
   2.4500000000000000e+02   2.0958898723448399e+01
   2.4600000000000000e+02   2.0771225337789598e+01
   2.4700000000000000e+02   2.1116804008948101e+01
   2.4800000000000000e+02   2.0724019984148601e+01
   2.4900000000000000e+02   2.0110651617092898e+01
   2.5000000000000000e+02   1.9994079063581800e+01
   2.5100000000000000e+02   2.0218095255681899e+01
   2.5200000000000000e+02   2.0054255733385499e+01
   2.5300000000000000e+02   1.9990726956793399e+01
   2.5400000000000000e+02   1.9800968825648301e+01
   2.5500000000000000e+02   1.9976537596913200e+01
   2.5600000000000000e+02   1.9629753963868499e+01
   2.5700000000000000e+02   1.9795560621704698e+01
   2.5800000000000000e+02   1.9203381209280401e+01
   2.5900000000000000e+02   1.9140845008586201e+01
   2.6000000000000000e+02   1.8705223404532799e+01
   2.6100000000000000e+02   1.8873558865875001e+01
   2.6200000000000000e+02   1.8722921049361101e+01
   2.6300000000000000e+02   1.8136930008947999e+01
   2.6400000000000000e+02   1.7830044032746201e+01
   2.6500000000000000e+02   1.7770763071625002e+01
   2.6600000000000000e+02   1.7926326753074200e+01
   2.6700000000000000e+02   1.7385609754687600e+01
   2.6800000000000000e+02   1.6813420385666500e+01
   2.6900000000000000e+02   1.6261199413246199e+01
   2.7000000000000000e+02   1.6239155512294101e+01
   2.7100000000000000e+02   1.6119191624641498e+01
   2.7200000000000000e+02   1.6368351182712100e+01
   2.7300000000000000e+02   1.6038322016430499e+01
   2.7400000000000000e+02   1.6069447191140799e+01
   2.7500000000000000e+02   1.6289650703348201e+01
   2.7600000000000000e+02   1.6096891561343700e+01
   2.7700000000000000e+02   1.5848584249746599e+01
   2.7800000000000000e+02   1.5570265331958799e+01
   2.7900000000000000e+02   1.5347484581181901e+01
   2.8000000000000000e+02   1.4786944266631901e+01
   2.8100000000000000e+02   1.4401965231736700e+01
   2.8200000000000000e+02   1.4082722820934400e+01
   2.8300000000000000e+02   1.3622656311621901e+01
   2.8400000000000000e+02   1.3767973007247400e+01
   2.8500000000000000e+02   1.3115682069180799e+01
   2.8600000000000000e+02   1.3027605947428199e+01
   2.8700000000000000e+02   1.3118339695216800e+01
   2.8800000000000000e+02   1.3377729908927799e+01
   2.8900000000000000e+02   1.3163168722453900e+01
   2.9000000000000000e+02   1.2904154903635300e+01
   2.9100000000000000e+02   1.2633865970389699e+01
   2.9200000000000000e+02   1.2360199559186100e+01
   2.9300000000000000e+02   1.2310245680035999e+01
   2.9400000000000000e+02   1.2612584967297501e+01
   2.9500000000000000e+02   1.2894329874455400e+01
   2.9600000000000000e+02   1.3289107265664700e+01
   2.9700000000000000e+02   1.2286551983256000e+01
   2.9800000000000000e+02   1.2272886955695199e+01
   2.9900000000000000e+02   1.2035170525862600e+01
   3.0000000000000000e+02   1.2002591508602000e+01
   3.0100000000000000e+02   1.1840401461131300e+01
   3.0200000000000000e+02   1.1567075568311200e+01
   3.0300000000000000e+02   1.1454925691866700e+01
   3.0400000000000000e+02   1.1287064272702700e+01
   3.0500000000000000e+02   1.0937931819895500e+01
   3.0600000000000000e+02   1.0308488490628800e+01
   3.0700000000000000e+02   9.9911063758784309e+00
   3.0800000000000000e+02   9.6988356622062408e+00
   3.0900000000000000e+02   9.3731275541255101e+00
   3.1000000000000000e+02   9.2579158171719005e+00
   3.1100000000000000e+02   9.2276968777016606e+00
   3.1200000000000000e+02   9.1079557553162704e+00
   3.1300000000000000e+02   8.9600595568673906e+00
   3.1400000000000000e+02   8.9373687329186904e+00
   3.1500000000000000e+02   8.6807832555539797e+00
   3.1600000000000000e+02   8.8210089956230799e+00
   3.1700000000000000e+02   8.6631774453068395e+00
   3.1800000000000000e+02   8.5146062012723203e+00
   3.1900000000000000e+02   8.4180356583441007e+00
   3.2000000000000000e+02   8.1595756044364993e+00
   3.2100000000000000e+02   8.2279152082210807e+00
   3.2200000000000000e+02   8.2942859179994404e+00
   3.2300000000000000e+02   7.9972291952726602e+00
   3.2400000000000000e+02   7.8313668360969002e+00
   3.2500000000000000e+02   8.4795788104803496e+00
   3.2600000000000000e+02   8.3832485597145006e+00
   3.2700000000000000e+02   7.9475893532416304e+00
   3.2800000000000000e+02   7.1574754585481699e+00
   3.2900000000000000e+02   7.2472182669155396e+00
   3.3000000000000000e+02   7.4379604904570398e+00
   3.3100000000000000e+02   6.6956171332999697e+00
   3.3200000000000000e+02   6.4437465854897997e+00
   3.3300000000000000e+02   7.0830721280212403e+00
   3.3400000000000000e+02   6.5648387811765403e+00
   3.3500000000000000e+02   6.8578630737854800e+00
   3.3600000000000000e+02   6.7521928482021396e+00
   3.3700000000000000e+02   6.3756126079197397e+00
   3.3800000000000000e+02   6.1744132268140204e+00
   3.3900000000000000e+02   6.2554227813022703e+00
   3.4000000000000000e+02   6.2498552946158004e+00
   3.4100000000000000e+02   6.0128880416714603e+00
   3.4200000000000000e+02   5.9814251556885596e+00
   3.4300000000000000e+02   5.6557322607142098e+00
   3.4400000000000000e+02   5.6612393766834002e+00
   3.4500000000000000e+02   5.5199789752431299e+00
   3.4600000000000000e+02   5.1931378110409101e+00
   3.4700000000000000e+02   5.3188941127316802e+00
   3.4800000000000000e+02   4.9368486538207002e+00
   3.4900000000000000e+02   4.8161334370487499e+00
   3.5000000000000000e+02   4.7486006720961296e+00
   3.5100000000000000e+02   4.2769344834165004e+00
   3.5200000000000000e+02   4.0711753044443100e+00
   3.5300000000000000e+02   3.4440298204244999e+00
   3.5400000000000000e+02   3.1837387215407200e+00
   3.5500000000000000e+02   3.2675261493638601e+00
   3.5600000000000000e+02   3.2521277570985299e+00
   3.5700000000000000e+02   2.9778844727672702e+00
   3.5800000000000000e+02   2.3027561804318601e+00
   3.5900000000000000e+02   1.5065963761615200e+00
   3.6000000000000000e+02   1.0010443038422900e+00
   3.6100000000000000e+02   1.6600072326892901e+00
   3.6200000000000000e+02   1.8571455079744299e+00
   3.6300000000000000e+02   1.6758491103932800e+00
   3.6400000000000000e+02   1.2895575443716700e+00
   3.6500000000000000e+02   8.9482303129835505e-01
   3.6600000000000000e+02   4.2412971870105098e-01
   3.6700000000000000e+02   5.9059497268348797e-02
   3.6800000000000000e+02  -3.4485831046749599e-02
   3.6900000000000000e+02  -3.4285808749072300e-01
   3.7000000000000000e+02  -5.5988871121289896e-01
   3.7100000000000000e+02  -1.0303522701518100e+00
   3.7200000000000000e+02  -9.5763581935886899e-01
   3.7300000000000000e+02  -1.0448669810429301e+00
   3.7400000000000000e+02  -1.7311325734981200e+00
   3.7500000000000000e+02  -1.1270952892512200e+00
   3.7600000000000000e+02  -1.2362983933337000e+00
   3.7700000000000000e+02  -1.6842840237795800e+00
   3.7800000000000000e+02  -1.4716788076338700e+00
   3.7900000000000000e+02  -1.7747724985169100e+00
   3.8000000000000000e+02  -1.7489795787839300e+00
   3.8100000000000000e+02  -2.1186155176272301e+00
   3.8200000000000000e+02  -2.6438627856707599e+00
   3.8300000000000000e+02  -3.0595264145964700e+00
   3.8400000000000000e+02  -3.1174648015480999e+00
   3.8500000000000000e+02  -3.4369530298285902e+00
   3.8600000000000000e+02  -3.9950767734084498e+00
   3.8700000000000000e+02  -4.3090126213292397e+00
   3.8800000000000000e+02  -4.4018681284810501e+00
   3.8900000000000000e+02  -4.4086666453510404e+00
   3.9000000000000000e+02  -4.9319446932005802e+00
   3.9100000000000000e+02  -5.5767185013142804e+00
   3.9200000000000000e+02  -5.6672290533606500e+00
   3.9300000000000000e+02  -6.1183746795577800e+00
   3.9400000000000000e+02  -6.6424441069159403e+00
   3.9500000000000000e+02  -7.4155718892628002e+00
   3.9600000000000000e+02  -7.9559686319959999e+00
   3.9700000000000000e+02  -8.2168022352600296e+00
   3.9800000000000000e+02  -8.1880745739606500e+00
   3.9900000000000000e+02  -8.5173363412985097e+00
   4.0000000000000000e+02  -9.4243077936356094e+00
   4.0100000000000000e+02  -9.5291680454403203e+00
   4.0200000000000000e+02  -9.7905156932179391e+00
   4.0300000000000000e+02  -1.0690160090580701e+01
   4.0400000000000000e+02  -1.1221022564002400e+01
   4.0500000000000000e+02  -1.1666154956473200e+01
   4.0600000000000000e+02  -1.1843173190139300e+01
   4.0700000000000000e+02  -1.2176622157047699e+01
   4.0800000000000000e+02  -1.2390812155150700e+01
   4.0900000000000000e+02  -1.2862522042585500e+01
   4.1000000000000000e+02  -1.3503511100368000e+01
   4.1100000000000000e+02  -1.4278887964495700e+01
   4.1200000000000000e+02  -1.4774752995283301e+01
   4.1300000000000000e+02  -1.5785333603300900e+01
   4.1400000000000000e+02  -1.6446707142489601e+01
   4.1500000000000000e+02  -1.6762450556454901e+01
   4.1600000000000000e+02  -1.7125956046542900e+01
   4.1700000000000000e+02  -1.7084988552902502e+01
   4.1800000000000000e+02  -1.7265288999363200e+01
   4.1900000000000000e+02  -1.7594647568647002e+01
   4.2000000000000000e+02  -1.7588214097005199e+01
   4.2100000000000000e+02  -1.7478225924505502e+01
   4.2200000000000000e+02  -1.7894678937603800e+01
   4.2300000000000000e+02  -1.8184909245876501e+01
   4.2400000000000000e+02  -1.8419639749558200e+01
   4.2500000000000000e+02  -1.8975692633712601e+01
   4.2600000000000000e+02  -1.9547833405674400e+01
   4.2700000000000000e+02  -1.9824115626976301e+01
   4.2800000000000000e+02  -2.0289818078183700e+01
   4.2900000000000000e+02  -2.0539403947160299e+01
   4.3000000000000000e+02  -2.0976309956063101e+01
   4.3100000000000000e+02  -2.1863727734591698e+01
   4.3200000000000000e+02  -2.2581955042812901e+01
   4.3300000000000000e+02  -2.3208132122761601e+01
   4.3400000000000000e+02  -2.3944935739870800e+01
   4.3500000000000000e+02  -2.4090341738745600e+01
   4.3600000000000000e+02  -2.4044600016381601e+01
   4.3700000000000000e+02  -2.4420467800680900e+01
   4.3800000000000000e+02  -2.5415363007591100e+01
   4.3900000000000000e+02  -2.5375099945449300e+01
   4.4000000000000000e+02  -2.6293693323516901e+01
   4.4100000000000000e+02  -2.6718482053973300e+01
   4.4200000000000000e+02  -2.7401742194129199e+01
   4.4300000000000000e+02  -2.8064540543401801e+01
   4.4400000000000000e+02  -2.7990675423740399e+01
   4.4500000000000000e+02  -2.8224480343514902e+01
   4.4600000000000000e+02  -2.8908670974372502e+01
   4.4700000000000000e+02  -2.9575623976703000e+01
   4.4800000000000000e+02  -2.9965367707174501e+01
   4.4900000000000000e+02  -3.0265425661922698e+01
   4.5000000000000000e+02  -3.0535566392613699e+01
   4.5100000000000000e+02  -3.1029366620385201e+01
   4.5200000000000000e+02  -3.1924152671266299e+01
   4.5300000000000000e+02  -3.2648556374477799e+01
   4.5400000000000000e+02  -3.3154485325235200e+01
   4.5500000000000000e+02  -3.3637170245309001e+01
   4.5600000000000000e+02  -3.4335180195098701e+01
   4.5700000000000000e+02  -3.4388194225959303e+01
   4.5800000000000000e+02  -3.5197818269225998e+01
   4.5900000000000000e+02  -3.5815904020882201e+01
   4.6000000000000000e+02  -3.6193583076593200e+01
   4.6100000000000000e+02  -3.6380874014242202e+01
   4.6200000000000000e+02  -3.6885748193872701e+01
   4.6300000000000000e+02  -3.7426798226990897e+01
   4.6400000000000000e+02  -3.8022803204142498e+01
   4.6500000000000000e+02  -3.8642094646120100e+01
   4.6600000000000000e+02  -3.9564947986476703e+01
   4.6700000000000000e+02  -3.9771094697932597e+01
   4.6800000000000000e+02  -3.9853019289318098e+01
   4.6900000000000000e+02  -4.0275882834677098e+01
   4.7000000000000000e+02  -4.0534232660014702e+01
   4.7100000000000000e+02  -4.0791272917309200e+01
   4.7200000000000000e+02  -4.1094575875312700e+01
   4.7300000000000000e+02  -4.2150182616816501e+01
   4.7400000000000000e+02  -4.2568334480129700e+01
   4.7500000000000000e+02  -4.2976930401026699e+01
   4.7600000000000000e+02  -4.3218864187478800e+01
   4.7700000000000000e+02  -4.3816363474237100e+01
   4.7800000000000000e+02  -4.4557268208158902e+01
   4.7900000000000000e+02  -4.5245750512993702e+01
   4.8000000000000000e+02  -4.5563954707326801e+01
   4.8100000000000000e+02  -4.6138557078729797e+01
   4.8200000000000000e+02  -4.6682684535945803e+01
   4.8300000000000000e+02  -4.7185241075015803e+01
   4.8400000000000000e+02  -4.7911357760627197e+01
   4.8500000000000000e+02  -4.7688295153440599e+01
   4.8600000000000000e+02  -4.7769006174379598e+01
   4.8700000000000000e+02  -4.8299920744127299e+01
   4.8800000000000000e+02  -4.8621758856348002e+01
   4.8900000000000000e+02  -4.9035611869572499e+01
   4.9000000000000000e+02  -4.9452646548637297e+01
   4.9100000000000000e+02  -5.0387723320806401e+01
   4.9200000000000000e+02  -5.1042323309021199e+01
   4.9300000000000000e+02  -5.1599983747402398e+01
   4.9400000000000000e+02  -5.1508138134004000e+01
   4.9500000000000000e+02  -5.1785136727279699e+01
   4.9600000000000000e+02  -5.1888461056786902e+01
   4.9700000000000000e+02  -5.2283830648869703e+01
   4.9800000000000000e+02  -5.2674420030288601e+01
   4.9900000000000000e+02  -5.3573358475602703e+01
   5.0000000000000000e+02  -5.3829676781672099e+01
   5.0100000000000000e+02  -5.4207466273865400e+01
   5.0200000000000000e+02  -5.4111673800395600e+01
   5.0300000000000000e+02  -5.4670892146646899e+01
   5.0400000000000000e+02  -5.5278295287159096e+01
   5.0500000000000000e+02  -5.5830382512102503e+01
   5.0600000000000000e+02  -5.6317510941017602e+01
   5.0700000000000000e+02  -5.6036303980432102e+01
   5.0800000000000000e+02  -5.6224643155764703e+01
   5.0900000000000000e+02  -5.6604389099145301e+01
   5.1000000000000000e+02  -5.6852577445575797e+01
   5.1100000000000000e+02  -5.7269882541699701e+01
   5.1200000000000000e+02  -5.8092945617214099e+01
   5.1300000000000000e+02  -5.8130899949998998e+01
   5.1400000000000000e+02  -5.8562011380578603e+01
   5.1500000000000000e+02  -5.9285625147826202e+01
   5.1600000000000000e+02  -5.9969625795358503e+01
   5.1700000000000000e+02  -6.0021118101356500e+01
   5.1800000000000000e+02  -6.0231853107143401e+01
   5.1900000000000000e+02  -6.0651342964855800e+01
   5.2000000000000000e+02  -6.0868343980653201e+01
   5.2100000000000000e+02  -6.0705749424851902e+01
   5.2200000000000000e+02  -6.1127235701300798e+01
   5.2300000000000000e+02  -6.1391995492195001e+01
   5.2400000000000000e+02  -6.1678437039454799e+01
   5.2500000000000000e+02  -6.2418183370668899e+01
   5.2600000000000000e+02  -6.2859553641261201e+01
   5.2700000000000000e+02  -6.3296320451090203e+01
   5.2800000000000000e+02  -6.3364018961165598e+01
   5.2900000000000000e+02  -6.3818086063963101e+01
   5.3000000000000000e+02  -6.4122133810841405e+01
   5.3100000000000000e+02  -6.4329406362795595e+01
   5.3200000000000000e+02  -6.4120577996482993e+01
   5.3300000000000000e+02  -6.5165480072431805e+01
   5.3400000000000000e+02  -6.5771320900567702e+01
   5.3500000000000000e+02  -6.6918204128242195e+01
   5.3600000000000000e+02  -6.7193369809372001e+01
   5.3700000000000000e+02  -6.7613429640329500e+01
   5.3800000000000000e+02  -6.7884994949505696e+01
   5.3900000000000000e+02  -6.8535284677980798e+01
   5.4000000000000000e+02  -6.9339435627856204e+01
   5.4100000000000000e+02  -6.9832483610562903e+01
   5.4200000000000000e+02  -7.0511818571511100e+01
   5.4300000000000000e+02  -7.1183578383929500e+01
   5.4400000000000000e+02  -7.0729540235361597e+01
   5.4500000000000000e+02  -7.1286608130690198e+01
   5.4600000000000000e+02  -7.1285753840969704e+01
   5.4700000000000000e+02  -7.1641021900457105e+01
   5.4800000000000000e+02  -7.1895458825444607e+01
   5.4900000000000000e+02  -7.2331328791238803e+01
   5.5000000000000000e+02  -7.2260785650828893e+01
   5.5100000000000000e+02  -7.2531467238034793e+01
   5.5200000000000000e+02  -7.2490726959322899e+01
   5.5300000000000000e+02  -7.2632791353045306e+01
   5.5400000000000000e+02  -7.2663260980811103e+01
   5.5500000000000000e+02  -7.2820726546530693e+01
   5.5600000000000000e+02  -7.3035502658434893e+01
   5.5700000000000000e+02  -7.2896259929148897e+01
   5.5800000000000000e+02  -7.3417452068626702e+01
   5.5900000000000000e+02  -7.3528893915079195e+01
   5.6000000000000000e+02  -7.3278697568987596e+01
   5.6100000000000000e+02  -7.3889240120376996e+01
   5.6200000000000000e+02  -7.3935871710939395e+01
   5.6300000000000000e+02  -7.4885140627819396e+01
   5.6400000000000000e+02  -7.4955860472512597e+01
   5.6500000000000000e+02  -7.4630705160113607e+01
   5.6600000000000000e+02  -7.4961933446242796e+01
   5.6700000000000000e+02  -7.4484980273545503e+01
   5.6800000000000000e+02  -7.4481349049282798e+01
   5.6900000000000000e+02  -7.4704919315950804e+01
   5.7000000000000000e+02  -7.5184390765952401e+01
   5.7100000000000000e+02  -7.4514521236552298e+01
   5.7200000000000000e+02  -7.4921555739147195e+01
   5.7300000000000000e+02  -7.4950844710913998e+01
   5.7400000000000000e+02  -7.5097881428849703e+01
   5.7500000000000000e+02  -7.5484851880112899e+01
   5.7600000000000000e+02  -7.5799480924248201e+01
   5.7700000000000000e+02  -7.5824885752243006e+01
   5.7800000000000000e+02  -7.5380313453031704e+01
   5.7900000000000000e+02  -7.5320986688809597e+01
   5.8000000000000000e+02  -7.5667570110747704e+01
   5.8100000000000000e+02  -7.5878624239759802e+01
   5.8200000000000000e+02  -7.6284147248287994e+01
   5.8300000000000000e+02  -7.6370656133497206e+01
   5.8400000000000000e+02  -7.6084867190453494e+01
   5.8500000000000000e+02  -7.5840231864439900e+01
   5.8600000000000000e+02  -7.5906180330317298e+01
   5.8700000000000000e+02  -7.5794647417800803e+01
   5.8800000000000000e+02  -7.5695753074908197e+01
   5.8900000000000000e+02  -7.5659789395541793e+01
   5.9000000000000000e+02  -7.6363380008102595e+01
   5.9100000000000000e+02  -7.5914844149444903e+01
   5.9200000000000000e+02  -7.6165125719289804e+01
   5.9300000000000000e+02  -7.6516356329475499e+01
   5.9400000000000000e+02  -7.6435065789654502e+01
   5.9500000000000000e+02  -7.6526933767379305e+01
   5.9600000000000000e+02  -7.6137769081875703e+01
   5.9700000000000000e+02  -7.6034497030641305e+01
   5.9800000000000000e+02  -7.5751341988302300e+01
   5.9900000000000000e+02  -7.5453613353390296e+01
   6.0000000000000000e+02  -7.5338992154718099e+01
   6.0100000000000000e+02  -7.5158468891959203e+01
   6.0200000000000000e+02  -7.5229556212741699e+01
   6.0300000000000000e+02  -7.5141668431054796e+01
   6.0400000000000000e+02  -7.5025614920991600e+01
   6.0500000000000000e+02  -7.5540782094720200e+01
   6.0600000000000000e+02  -7.5462051363400803e+01
   6.0700000000000000e+02  -7.5413614197486595e+01
   6.0800000000000000e+02  -7.5319948984377803e+01
   6.0900000000000000e+02  -7.5238231547005597e+01
   6.1000000000000000e+02  -7.5426956764273299e+01
   6.1100000000000000e+02  -7.5832753044499100e+01
   6.1200000000000000e+02  -7.6007792403122195e+01
   6.1300000000000000e+02  -7.6417332930415398e+01
   6.1400000000000000e+02  -7.6316102172850407e+01
   6.1500000000000000e+02  -7.6732014237872093e+01
   6.1600000000000000e+02  -7.7031730892962997e+01
   6.1700000000000000e+02  -7.7654702133585900e+01
   6.1800000000000000e+02  -7.7894609234005799e+01
   6.1900000000000000e+02  -7.7964452358332295e+01
   6.2000000000000000e+02  -7.8008916586638307e+01
   6.2100000000000000e+02  -7.8044570691665996e+01
   6.2200000000000000e+02  -7.7868738898193797e+01
   6.2300000000000000e+02  -7.7740760868188801e+01
   6.2400000000000000e+02  -7.7819313605084801e+01
   6.2500000000000000e+02  -7.7499224063064204e+01
   6.2600000000000000e+02  -7.7652527219884405e+01
   6.2700000000000000e+02  -7.8147557677450393e+01
   6.2800000000000000e+02  -7.8208342029211096e+01
   6.2900000000000000e+02  -7.8165107545360698e+01
   6.3000000000000000e+02  -7.8241421593010898e+01
   6.3100000000000000e+02  -7.8192792213743900e+01
   6.3200000000000000e+02  -7.8527338333911700e+01
   6.3300000000000000e+02  -7.8192866828415305e+01
   6.3400000000000000e+02  -7.8332659072355099e+01
   6.3500000000000000e+02  -7.8077459843578197e+01
   6.3600000000000000e+02  -7.8622281050792196e+01
   6.3700000000000000e+02  -7.8546393354146701e+01
   6.3800000000000000e+02  -7.7892128784672494e+01
   6.3900000000000000e+02  -7.8172867224282101e+01
   6.4000000000000000e+02  -7.8314322643678196e+01
   6.4100000000000000e+02  -7.8592249856601299e+01
   6.4200000000000000e+02  -7.8449462614841806e+01
   6.4300000000000000e+02  -7.8279814710462801e+01
   6.4400000000000000e+02  -7.8117329173237295e+01
   6.4500000000000000e+02  -7.8252085004440204e+01
   6.4600000000000000e+02  -7.8170865569753005e+01
   6.4700000000000000e+02  -7.7987606970270605e+01
   6.4800000000000000e+02  -7.8105749515063195e+01
   6.4900000000000000e+02  -7.7741065620726602e+01
   6.5000000000000000e+02  -7.7444716657501900e+01
   6.5100000000000000e+02  -7.7544152226291502e+01
   6.5200000000000000e+02  -7.7378346045296098e+01
   6.5300000000000000e+02  -7.7531122367535502e+01
   6.5400000000000000e+02  -7.7867551554395106e+01
   6.5500000000000000e+02  -7.7737937260679402e+01
   6.5600000000000000e+02  -7.7389880600462803e+01
   6.5700000000000000e+02  -7.7371021838550703e+01
   6.5800000000000000e+02  -7.7340141428566199e+01
   6.5900000000000000e+02  -7.7396621191602094e+01
   6.6000000000000000e+02  -7.7867947208913094e+01
   6.6100000000000000e+02  -7.8192582303921796e+01
   6.6200000000000000e+02  -7.7468314953560494e+01
   6.6300000000000000e+02  -7.7399431315280196e+01
   6.6400000000000000e+02  -7.7856916668776194e+01
   6.6500000000000000e+02  -7.7790144471663197e+01
   6.6600000000000000e+02  -7.8552118000526093e+01
   6.6700000000000000e+02  -7.8113419263103907e+01
   6.6800000000000000e+02  -7.8515521336173407e+01
   6.6900000000000000e+02  -7.8553005741846505e+01
   6.7000000000000000e+02  -7.8741678301008406e+01
   6.7100000000000000e+02  -7.8765199211701201e+01
   6.7200000000000000e+02  -7.8762016021354398e+01
   6.7300000000000000e+02  -7.8731889849048201e+01
   6.7400000000000000e+02  -7.8930168210341407e+01
   6.7500000000000000e+02  -7.9010406101476093e+01
   6.7600000000000000e+02  -7.9019442243195201e+01
   6.7700000000000000e+02  -7.9147792963788504e+01
   6.7800000000000000e+02  -7.9174760347030102e+01
   6.7900000000000000e+02  -7.9172345017881796e+01
   6.8000000000000000e+02  -7.8764155405573703e+01
   6.8100000000000000e+02  -7.8388457404741700e+01
   6.8200000000000000e+02  -7.7905710441681094e+01
   6.8300000000000000e+02  -7.7553752483158206e+01
   6.8400000000000000e+02  -7.7487030477121493e+01
   6.8500000000000000e+02  -7.7760433099509896e+01
   6.8600000000000000e+02  -7.7555189918205301e+01
   6.8700000000000000e+02  -7.7356181369436001e+01
   6.8800000000000000e+02  -7.7309924860382097e+01
   6.8900000000000000e+02  -7.7358630431814106e+01
   6.9000000000000000e+02  -7.7491115380779604e+01
   6.9100000000000000e+02  -7.7448117751163295e+01
   6.9200000000000000e+02  -7.7333179622364000e+01
   6.9300000000000000e+02  -7.7211961851213701e+01
   6.9400000000000000e+02  -7.7501300992373501e+01
   6.9500000000000000e+02  -7.7751060682895996e+01
   6.9600000000000000e+02  -7.7549424016096495e+01
   6.9700000000000000e+02  -7.7574673390153293e+01
   6.9800000000000000e+02  -7.7342485944280796e+01
   6.9900000000000000e+02  -7.7227552690973198e+01
   7.0000000000000000e+02  -7.6599006507262203e+01
   7.0100000000000000e+02  -7.6261704600103400e+01
   7.0200000000000000e+02  -7.6328985039601406e+01
   7.0300000000000000e+02  -7.6569019366161498e+01
   7.0400000000000000e+02  -7.6674489618908495e+01
   7.0500000000000000e+02  -7.6336118832863207e+01
   7.0600000000000000e+02  -7.6717761300741401e+01
   7.0700000000000000e+02  -7.6777461085309000e+01
   7.0800000000000000e+02  -7.6573304727567006e+01
   7.0900000000000000e+02  -7.6403722431155700e+01
   7.1000000000000000e+02  -7.5870066700314794e+01
   7.1100000000000000e+02  -7.6092472010552996e+01
   7.1200000000000000e+02  -7.5595329406810507e+01
   7.1300000000000000e+02  -7.6030530667825502e+01
   7.1400000000000000e+02  -7.6522258105638599e+01
   7.1500000000000000e+02  -7.7096934636751698e+01
   7.1600000000000000e+02  -7.7336577756745996e+01
   7.1700000000000000e+02  -7.7801670326372303e+01
   7.1800000000000000e+02  -7.8150715940718001e+01
   7.1900000000000000e+02  -7.7927150178247004e+01
   7.2000000000000000e+02  -7.7733485421063094e+01
   7.2100000000000000e+02  -7.7699546742442294e+01
   7.2200000000000000e+02  -7.7581952630105604e+01
   7.2300000000000000e+02  -7.7652106555826506e+01
   7.2400000000000000e+02  -7.7486474903074694e+01
   7.2500000000000000e+02  -7.7063312135503693e+01
   7.2600000000000000e+02  -7.7376162428054599e+01
   7.2700000000000000e+02  -7.7268975358162606e+01
   7.2800000000000000e+02  -7.7679646178425500e+01
   7.2900000000000000e+02  -7.7982940338935293e+01
   7.3000000000000000e+02  -7.7794540211226504e+01
   7.3100000000000000e+02  -7.7962401616436196e+01
   7.3200000000000000e+02  -7.8387344753460994e+01
   7.3300000000000000e+02  -7.8252865738136407e+01
   7.3400000000000000e+02  -7.8050257107623295e+01
   7.3500000000000000e+02  -7.7876922153875299e+01
   7.3600000000000000e+02  -7.8027783464257197e+01
   7.3700000000000000e+02  -7.7521600556768504e+01
   7.3800000000000000e+02  -7.7096823242733294e+01
   7.3900000000000000e+02  -7.7168315804142196e+01
   7.4000000000000000e+02  -7.7136942634684999e+01
   7.4100000000000000e+02  -7.6556929480098304e+01
   7.4200000000000000e+02  -7.6212280158555004e+01
   7.4300000000000000e+02  -7.5969540865520401e+01
   7.4400000000000000e+02  -7.6177396984846396e+01
   7.4500000000000000e+02  -7.6008224255045903e+01
   7.4600000000000000e+02  -7.5883932345102707e+01
   7.4700000000000000e+02  -7.6006517008965801e+01
   7.4800000000000000e+02  -7.6004512927194000e+01
   7.4900000000000000e+02  -7.6184716018488501e+01
   7.5000000000000000e+02  -7.5718879720228401e+01
   7.5100000000000000e+02  -7.5995191422193002e+01
   7.5200000000000000e+02  -7.6269644940188002e+01
   7.5300000000000000e+02  -7.6191507392805306e+01
   7.5400000000000000e+02  -7.6032881153681004e+01
   7.5500000000000000e+02  -7.6011819834405998e+01
   7.5600000000000000e+02  -7.6356103780238698e+01
   7.5700000000000000e+02  -7.6358570701770802e+01
   7.5800000000000000e+02  -7.6116462953989696e+01
   7.5900000000000000e+02  -7.6015125709090697e+01
   7.6000000000000000e+02  -7.6119003617438295e+01
   7.6100000000000000e+02  -7.6456147539652903e+01
   7.6200000000000000e+02  -7.6580041551063900e+01
   7.6300000000000000e+02  -7.6381497140154394e+01
   7.6400000000000000e+02  -7.6481539078177093e+01
   7.6500000000000000e+02  -7.6238662940346799e+01
   7.6600000000000000e+02  -7.6094891867337694e+01
   7.6700000000000000e+02  -7.6578989514768594e+01
   7.6800000000000000e+02  -7.6452348990954505e+01
   7.6900000000000000e+02  -7.6627430609000399e+01
   7.7000000000000000e+02  -7.6372383234652105e+01
   7.7100000000000000e+02  -7.6338761800201297e+01
   7.7200000000000000e+02  -7.6580263213551405e+01
   7.7300000000000000e+02  -7.6788007123737202e+01
   7.7400000000000000e+02  -7.6889250866987894e+01
   7.7500000000000000e+02  -7.7105437292424895e+01
   7.7600000000000000e+02  -7.7176144980117300e+01
   7.7700000000000000e+02  -7.6752621615911494e+01
   7.7800000000000000e+02  -7.6463325022801001e+01
   7.7900000000000000e+02  -7.7005370373867606e+01
   7.8000000000000000e+02  -7.6714349718623396e+01
   7.8100000000000000e+02  -7.7321594128055494e+01
   7.8200000000000000e+02  -7.6748829016366798e+01
   7.8300000000000000e+02  -7.6711891077960104e+01
   7.8400000000000000e+02  -7.7033720755277002e+01
   7.8500000000000000e+02  -7.7426462040187204e+01
   7.8600000000000000e+02  -7.7615870948929995e+01
   7.8700000000000000e+02  -7.7793261688224803e+01
   7.8800000000000000e+02  -7.7615945462467394e+01
   7.8900000000000000e+02  -7.7545840507912700e+01
   7.9000000000000000e+02  -7.6979025567394999e+01
   7.9100000000000000e+02  -7.6880242312129397e+01
   7.9200000000000000e+02  -7.6673917323422202e+01
   7.9300000000000000e+02  -7.6809732480640506e+01
   7.9400000000000000e+02  -7.7388055383916793e+01
   7.9500000000000000e+02  -7.7294032176302906e+01
   7.9600000000000000e+02  -7.7430148789882693e+01
   7.9700000000000000e+02  -7.7818564295792001e+01
   7.9800000000000000e+02  -7.7241908626906095e+01
   7.9900000000000000e+02  -7.7719221501517893e+01
   8.0000000000000000e+02  -7.7442949288859893e+01
   8.0100000000000000e+02  -7.7478851597194506e+01
   8.0200000000000000e+02  -7.7679438235912400e+01
   8.0300000000000000e+02  -7.8011437926349004e+01
   8.0400000000000000e+02  -7.7968918278282501e+01
   8.0500000000000000e+02  -7.7607881099512696e+01
   8.0600000000000000e+02  -7.8019258222923796e+01
   8.0700000000000000e+02  -7.7996508552607807e+01
   8.0800000000000000e+02  -7.7714295788011597e+01
   8.0900000000000000e+02  -7.7711720426104193e+01
   8.1000000000000000e+02  -7.7469527072262096e+01
   8.1100000000000000e+02  -7.7419435630437306e+01
   8.1200000000000000e+02  -7.7427607497450595e+01
   8.1300000000000000e+02  -7.7029224816926501e+01
   8.1400000000000000e+02  -7.6718884725250405e+01
   8.1500000000000000e+02  -7.6362736846995702e+01
   8.1600000000000000e+02  -7.6518594864639695e+01
   8.1700000000000000e+02  -7.6352242277775005e+01
   8.1800000000000000e+02  -7.6372850826860102e+01
   8.1900000000000000e+02  -7.6300827481917906e+01
   8.2000000000000000e+02  -7.5881768456767503e+01
   8.2100000000000000e+02  -7.6266303280901795e+01
   8.2200000000000000e+02  -7.6333388866314607e+01
   8.2300000000000000e+02  -7.6371708584944898e+01
   8.2400000000000000e+02  -7.5780489616404097e+01
   8.2500000000000000e+02  -7.6175745703228003e+01
   8.2600000000000000e+02  -7.6279656419106104e+01
   8.2700000000000000e+02  -7.6086572371451894e+01
   8.2800000000000000e+02  -7.6202326873581697e+01
   8.2900000000000000e+02  -7.6195327135550002e+01
   8.3000000000000000e+02  -7.6485042742233901e+01
   8.3100000000000000e+02  -7.6466164627748597e+01
   8.3200000000000000e+02  -7.6229323872092806e+01
   8.3300000000000000e+02  -7.5951952448054598e+01
