  -1.0000000000000000e+02  -7.2284361768165198e+01
  -9.9000000000000000e+01  -7.2388392483030202e+01
  -9.8000000000000000e+01  -7.1904685590136907e+01
  -9.7000000000000000e+01  -7.2162282434900703e+01
  -9.6000000000000000e+01  -7.2538022804149193e+01
  -9.5000000000000000e+01  -7.2665543108243796e+01
  -9.4000000000000000e+01  -7.2448307944760202e+01
  -9.3000000000000000e+01  -7.2830154214236799e+01
  -9.2000000000000000e+01  -7.3292466109908602e+01
  -9.1000000000000000e+01  -7.3433954206424403e+01
  -9.0000000000000000e+01  -7.2640449821709595e+01
  -8.9000000000000000e+01  -7.2630592311021104e+01
  -8.8000000000000000e+01  -7.2265865011594997e+01
  -8.7000000000000000e+01  -7.2604590919052200e+01
  -8.6000000000000000e+01  -7.2942314418421105e+01
  -8.5000000000000000e+01  -7.2704552312263800e+01
  -8.4000000000000000e+01  -7.2882086943224095e+01
  -8.3000000000000000e+01  -7.3095515842921600e+01
  -8.2000000000000000e+01  -7.3151393828920405e+01
  -8.1000000000000000e+01  -7.3232884333970802e+01
  -8.0000000000000000e+01  -7.3273032219213107e+01
  -7.9000000000000000e+01  -7.3087652662382595e+01
  -7.8000000000000000e+01  -7.3335666660329807e+01
  -7.7000000000000000e+01  -7.3468011974777099e+01
  -7.6000000000000000e+01  -7.2790792889484095e+01
  -7.5000000000000000e+01  -7.2774579537395496e+01
  -7.4000000000000000e+01  -7.2339639212585695e+01
  -7.3000000000000000e+01  -7.2075227929914703e+01
  -7.2000000000000000e+01  -7.2339302846348403e+01
  -7.1000000000000000e+01  -7.2329867338467395e+01
  -7.0000000000000000e+01  -7.2460385780587799e+01
  -6.9000000000000000e+01  -7.2054580693948793e+01
  -6.8000000000000000e+01  -7.2526002467414102e+01
  -6.7000000000000000e+01  -7.2236241990026201e+01
  -6.6000000000000000e+01  -7.2481268656152594e+01
  -6.5000000000000000e+01  -7.2150528744417102e+01
  -6.4000000000000000e+01  -7.2150297157763802e+01
  -6.3000000000000000e+01  -7.1852762059863807e+01
  -6.2000000000000000e+01  -7.2383182990896401e+01
  -6.1000000000000000e+01  -7.1986532738958104e+01
  -6.0000000000000000e+01  -7.1988454083963902e+01
  -5.9000000000000000e+01  -7.1592527491796204e+01
  -5.8000000000000000e+01  -7.2082614928849594e+01
  -5.7000000000000000e+01  -7.1769239274283095e+01
  -5.6000000000000000e+01  -7.1535703777592502e+01
  -5.5000000000000000e+01  -7.1126373780042798e+01
  -5.4000000000000000e+01  -7.0731000300955898e+01
  -5.3000000000000000e+01  -7.0916890861472893e+01
  -5.2000000000000000e+01  -7.0711782728181404e+01
  -5.1000000000000000e+01  -7.0626475389993601e+01
  -5.0000000000000000e+01  -7.0975184812407704e+01
  -4.9000000000000000e+01  -7.0650201770914293e+01
  -4.8000000000000000e+01  -7.0537240161142705e+01
  -4.7000000000000000e+01  -7.0471992677640102e+01
  -4.6000000000000000e+01  -7.0510781827691403e+01
  -4.5000000000000000e+01  -7.0211235178554304e+01
  -4.4000000000000000e+01  -6.9652432343570595e+01
  -4.3000000000000000e+01  -6.9908788777159998e+01
  -4.2000000000000000e+01  -6.9689629661579005e+01
  -4.1000000000000000e+01  -6.9636098135817406e+01
  -4.0000000000000000e+01  -6.9531030862760403e+01
  -3.9000000000000000e+01  -6.9483011237892498e+01
  -3.8000000000000000e+01  -6.9275374718290806e+01
  -3.7000000000000000e+01  -6.9212219761245194e+01
  -3.6000000000000000e+01  -6.9178692668375007e+01
  -3.5000000000000000e+01  -6.9323974038892601e+01
  -3.4000000000000000e+01  -6.9243225479617706e+01
  -3.3000000000000000e+01  -6.9477396593885800e+01
  -3.2000000000000000e+01  -6.9847932841085907e+01
  -3.1000000000000000e+01  -6.9674083034445104e+01
  -3.0000000000000000e+01  -6.9281724210590795e+01
  -2.9000000000000000e+01  -6.8608061378743500e+01
  -2.8000000000000000e+01  -6.8462963708371205e+01
  -2.7000000000000000e+01  -6.8356119683279104e+01
  -2.6000000000000000e+01  -6.8523201291986894e+01
  -2.5000000000000000e+01  -6.8791405715722604e+01
  -2.4000000000000000e+01  -6.8740165820562595e+01
  -2.3000000000000000e+01  -6.8301359707210295e+01
  -2.2000000000000000e+01  -6.8071706374231098e+01
  -2.1000000000000000e+01  -6.7830668246961196e+01
  -2.0000000000000000e+01  -6.7999213082436199e+01
  -1.9000000000000000e+01  -6.7065026630285900e+01
  -1.8000000000000000e+01  -6.6970668031660907e+01
  -1.7000000000000000e+01  -6.7062077606562795e+01
  -1.6000000000000000e+01  -6.7027795448841502e+01
  -1.5000000000000000e+01  -6.7439199646355803e+01
  -1.4000000000000000e+01  -6.6931430626003504e+01
  -1.3000000000000000e+01  -6.6531716802578799e+01
  -1.2000000000000000e+01  -6.6400472624307696e+01
  -1.1000000000000000e+01  -6.6096628347839797e+01
  -1.0000000000000000e+01  -6.5829941291736503e+01
  -9.0000000000000000e+00  -6.4902772147521404e+01
  -8.0000000000000000e+00  -6.3902413117823599e+01
  -7.0000000000000000e+00  -6.3364766323987901e+01
  -6.0000000000000000e+00  -6.2515905315005497e+01
  -5.0000000000000000e+00  -6.1221787012269502e+01
  -4.0000000000000000e+00  -5.9885913822115199e+01
  -3.0000000000000000e+00  -5.7577529056051901e+01
  -2.0000000000000000e+00  -5.4225047140573103e+01
  -1.0000000000000000e+00  -4.5440763709272098e+01
   0.0000000000000000e+00  -1.4778810763542300e+01
   1.0000000000000000e+00   4.4762272375714103e+00
   2.0000000000000000e+00   1.6176907002806999e+01
   3.0000000000000000e+00   2.2216280770474000e+01
   4.0000000000000000e+00   2.5354202788003800e+01
   5.0000000000000000e+00   2.6439863189679699e+01
   6.0000000000000000e+00   2.7308343999468100e+01
   7.0000000000000000e+00   2.7762004964834400e+01
   8.0000000000000000e+00   2.8005331236073999e+01
   9.0000000000000000e+00   2.8047674117982101e+01
   1.0000000000000000e+01   2.8843174287284700e+01
   1.1000000000000000e+01   2.8823210045091699e+01
   1.2000000000000000e+01   2.9036160403172300e+01
   1.3000000000000000e+01   2.9316249656007301e+01
   1.4000000000000000e+01   2.9955849533614899e+01
   1.5000000000000000e+01   3.0237098392266901e+01
   1.6000000000000000e+01   3.0543630613757198e+01
   1.7000000000000000e+01   3.1383915480178700e+01
   1.8000000000000000e+01   3.1329191352234400e+01
   1.9000000000000000e+01   3.0991520048034001e+01
   2.0000000000000000e+01   3.1145163331194301e+01
   2.1000000000000000e+01   3.1256705071596102e+01
   2.2000000000000000e+01   3.1326393968494301e+01
   2.3000000000000000e+01   3.1437430434773901e+01
   2.4000000000000000e+01   3.0841108563056199e+01
   2.5000000000000000e+01   3.0407310605916098e+01
   2.6000000000000000e+01   3.0679758219796700e+01
   2.7000000000000000e+01   3.1327683195892401e+01
   2.8000000000000000e+01   3.1355235602378599e+01
   2.9000000000000000e+01   3.1542776973449602e+01
   3.0000000000000000e+01   3.1541632521736499e+01
   3.1000000000000000e+01   3.1480850341930701e+01
   3.2000000000000000e+01   3.1600500513929902e+01
   3.3000000000000000e+01   3.1582147196384501e+01
   3.4000000000000000e+01   3.2084212651691303e+01
   3.5000000000000000e+01   3.1913044775989601e+01
   3.6000000000000000e+01   3.1765250997124902e+01
   3.7000000000000000e+01   3.1717600411656800e+01
   3.8000000000000000e+01   3.1833938784732101e+01
   3.9000000000000000e+01   3.1674239793984299e+01
   4.0000000000000000e+01   3.1941483295838299e+01
   4.1000000000000000e+01   3.1728271440382098e+01
   4.2000000000000000e+01   3.1957306512099802e+01
   4.3000000000000000e+01   3.1717622258437501e+01
   4.4000000000000000e+01   3.1700731979465498e+01
   4.5000000000000000e+01   3.1788655508379499e+01
   4.6000000000000000e+01   3.2247225118624499e+01
   4.7000000000000000e+01   3.2217670618744897e+01
   4.8000000000000000e+01   3.2863982051167397e+01
   4.9000000000000000e+01   3.3319061600732503e+01
   5.0000000000000000e+01   3.3655752996772300e+01
   5.1000000000000000e+01   3.4049091630088498e+01
   5.2000000000000000e+01   3.4170658486078999e+01
   5.3000000000000000e+01   3.3625260601165699e+01
   5.4000000000000000e+01   3.3577709424469603e+01
   5.5000000000000000e+01   3.3002646086885498e+01
   5.6000000000000000e+01   3.3155451006206903e+01
   5.7000000000000000e+01   3.3536292175715502e+01
   5.8000000000000000e+01   3.4037713981933898e+01
   5.9000000000000000e+01   3.3846875584465501e+01
   6.0000000000000000e+01   3.4406739315403698e+01
   6.1000000000000000e+01   3.4267452804336401e+01
   6.2000000000000000e+01   3.4714692115231003e+01
   6.3000000000000000e+01   3.5191024054602501e+01
   6.4000000000000000e+01   3.5907513842702798e+01
   6.5000000000000000e+01   3.6242792671992099e+01
   6.6000000000000000e+01   3.6188726828114298e+01
   6.7000000000000000e+01   3.6044317468517100e+01
   6.8000000000000000e+01   3.6182247450729498e+01
   6.9000000000000000e+01   3.6364402591994001e+01
   7.0000000000000000e+01   3.6229273726541599e+01
   7.1000000000000000e+01   3.6631947151715998e+01
   7.2000000000000000e+01   3.6758761631266403e+01
   7.3000000000000000e+01   3.6460083672200803e+01
   7.4000000000000000e+01   3.6459927419650199e+01
   7.5000000000000000e+01   3.7010569377416999e+01
   7.6000000000000000e+01   3.6610114801792498e+01
   7.7000000000000000e+01   3.6604791041119903e+01
   7.8000000000000000e+01   3.6731162338498102e+01
   7.9000000000000000e+01   3.6613294762366699e+01
   8.0000000000000000e+01   3.6962144413104198e+01
   8.1000000000000000e+01   3.7379814684409901e+01
   8.2000000000000000e+01   3.7464835082575597e+01
   8.3000000000000000e+01   3.7997319651654202e+01
   8.4000000000000000e+01   3.8157545013487102e+01
   8.5000000000000000e+01   3.7711342530100801e+01
   8.6000000000000000e+01   3.7176622298740398e+01
   8.7000000000000000e+01   3.6692151953851699e+01
   8.8000000000000000e+01   3.6704292855779897e+01
   8.9000000000000000e+01   3.6971857546517398e+01
   9.0000000000000000e+01   3.6740810886067997e+01
   9.1000000000000000e+01   3.7207203136231300e+01
   9.2000000000000000e+01   3.7584977391643498e+01
   9.3000000000000000e+01   3.7954182801330703e+01
   9.4000000000000000e+01   3.8067556867415597e+01
   9.5000000000000000e+01   3.7808479815777702e+01
   9.6000000000000000e+01   3.7396550221697900e+01
   9.7000000000000000e+01   3.7289314569710399e+01
   9.8000000000000000e+01   3.6691954441390799e+01
   9.9000000000000000e+01   3.6212878174695099e+01
   1.0000000000000000e+02   3.5653452361962700e+01
   1.0100000000000000e+02   3.5740174957135899e+01
   1.0200000000000000e+02   3.5944214964250797e+01
   1.0300000000000000e+02   3.5944393373334897e+01
   1.0400000000000000e+02   3.6426842655611502e+01
   1.0500000000000000e+02   3.6291338485841003e+01
   1.0600000000000000e+02   3.6273817430165501e+01
   1.0700000000000000e+02   3.6252663089349298e+01
   1.0800000000000000e+02   3.5659030736129999e+01
   1.0900000000000000e+02   3.5598132011601798e+01
   1.1000000000000000e+02   3.5746120082908803e+01
   1.1100000000000000e+02   3.5709620058835000e+01
   1.1200000000000000e+02   3.5225126420439203e+01
   1.1300000000000000e+02   3.5324736444287304e+01
   1.1400000000000000e+02   3.5412272807099200e+01
   1.1500000000000000e+02   3.5475083665614903e+01
   1.1600000000000000e+02   3.5886030892314501e+01
   1.1700000000000000e+02   3.6085511906867502e+01
   1.1800000000000000e+02   3.6532312261597397e+01
   1.1900000000000000e+02   3.7075533164551800e+01
   1.2000000000000000e+02   3.6774275311871399e+01
   1.2100000000000000e+02   3.6862740765571900e+01
   1.2200000000000000e+02   3.7035182074781197e+01
   1.2300000000000000e+02   3.7401537675271001e+01
   1.2400000000000000e+02   3.7663733073696697e+01
   1.2500000000000000e+02   3.7801592625034999e+01
   1.2600000000000000e+02   3.7519385126371503e+01
   1.2700000000000000e+02   3.7695595752164600e+01
   1.2800000000000000e+02   3.7579376544852302e+01
   1.2900000000000000e+02   3.7522917087071399e+01
   1.3000000000000000e+02   3.7381721860336199e+01
   1.3100000000000000e+02   3.7326605032400202e+01
   1.3200000000000000e+02   3.7078368894325301e+01
   1.3300000000000000e+02   3.7468354323676799e+01
   1.3400000000000000e+02   3.7201872033041802e+01
   1.3500000000000000e+02   3.6776093024797298e+01
   1.3600000000000000e+02   3.7088889965462002e+01
   1.3700000000000000e+02   3.6999437850775202e+01
   1.3800000000000000e+02   3.7333715153290200e+01
   1.3900000000000000e+02   3.7072309595804803e+01
   1.4000000000000000e+02   3.7524691438550803e+01
   1.4100000000000000e+02   3.7185189693116598e+01
   1.4200000000000000e+02   3.6887979109983903e+01
   1.4300000000000000e+02   3.6838291460667598e+01
   1.4400000000000000e+02   3.7077098949214403e+01
   1.4500000000000000e+02   3.6881528199818199e+01
   1.4600000000000000e+02   3.7068828247433402e+01
   1.4700000000000000e+02   3.6495967971552197e+01
   1.4800000000000000e+02   3.6076976270205101e+01
   1.4900000000000000e+02   3.5787930109050500e+01
   1.5000000000000000e+02   3.5619346557950898e+01
   1.5100000000000000e+02   3.4973969422696698e+01
   1.5200000000000000e+02   3.5097167295108399e+01
   1.5300000000000000e+02   3.5200812299605097e+01
   1.5400000000000000e+02   3.5393182354427097e+01
   1.5500000000000000e+02   3.5636530714336203e+01
   1.5600000000000000e+02   3.5638523974917000e+01
   1.5700000000000000e+02   3.5352068573328197e+01
   1.5800000000000000e+02   3.5077045189664702e+01
   1.5900000000000000e+02   3.5010954838676199e+01
   1.6000000000000000e+02   3.5432441471919503e+01
   1.6100000000000000e+02   3.5346009801807000e+01
   1.6200000000000000e+02   3.5004554210581198e+01
   1.6300000000000000e+02   3.4631966435145301e+01
   1.6400000000000000e+02   3.4588977447858703e+01
   1.6500000000000000e+02   3.4057936897309098e+01
   1.6600000000000000e+02   3.4374312578226700e+01
   1.6700000000000000e+02   3.4864879363438497e+01
   1.6800000000000000e+02   3.4654434141190997e+01
   1.6900000000000000e+02   3.4675040922026099e+01
   1.7000000000000000e+02   3.4272482003510603e+01
   1.7100000000000000e+02   3.3921072387282400e+01
   1.7200000000000000e+02   3.3765041534524499e+01
   1.7300000000000000e+02   3.3592602665643703e+01
   1.7400000000000000e+02   3.3486380778140699e+01
   1.7500000000000000e+02   3.3382482074030001e+01
   1.7600000000000000e+02   3.2569017711465797e+01
   1.7700000000000000e+02   3.2929658628743702e+01
   1.7800000000000000e+02   3.3044957380167702e+01
   1.7900000000000000e+02   3.2705380020483602e+01
   1.8000000000000000e+02   3.3066502307769603e+01
   1.8100000000000000e+02   3.3364832065262199e+01
   1.8200000000000000e+02   3.2968048588421098e+01
   1.8300000000000000e+02   3.2716396480448303e+01
   1.8400000000000000e+02   3.2009453087438999e+01
   1.8500000000000000e+02   3.1827766747986200e+01
   1.8600000000000000e+02   3.1692087402649602e+01
   1.8700000000000000e+02   3.1984659724603802e+01
   1.8800000000000000e+02   3.2371457186260102e+01
   1.8900000000000000e+02   3.1642575902168499e+01
   1.9000000000000000e+02   3.1840620089682702e+01
   1.9100000000000000e+02   3.1749117546278399e+01
   1.9200000000000000e+02   3.1471591868572300e+01
   1.9300000000000000e+02   3.1133572041952199e+01
   1.9400000000000000e+02   3.1172403819540499e+01
   1.9500000000000000e+02   3.1038362386415699e+01
   1.9600000000000000e+02   3.1251332862696000e+01
   1.9700000000000000e+02   3.1064079041383199e+01
   1.9800000000000000e+02   3.0939036563642400e+01
   1.9900000000000000e+02   3.0999877213207199e+01
   2.0000000000000000e+02   3.0666813494892001e+01
   2.0100000000000000e+02   3.0770767321523799e+01
   2.0200000000000000e+02   3.0639165000777599e+01
   2.0300000000000000e+02   3.0406390330928399e+01
   2.0400000000000000e+02   3.0651340219559000e+01
   2.0500000000000000e+02   3.0806649644140300e+01
   2.0600000000000000e+02   3.0359411751829700e+01
   2.0700000000000000e+02   3.0012602036069101e+01
   2.0800000000000000e+02   3.0045881021803801e+01
   2.0900000000000000e+02   2.9944047578368998e+01
   2.1000000000000000e+02   3.0036380271556698e+01
   2.1100000000000000e+02   2.9869029885234600e+01
   2.1200000000000000e+02   2.9493623359745399e+01
   2.1300000000000000e+02   2.9236493248068701e+01
   2.1400000000000000e+02   2.9470130203674199e+01
   2.1500000000000000e+02   2.8992465923824199e+01
   2.1600000000000000e+02   2.9162777311966501e+01
   2.1700000000000000e+02   2.9376401433675198e+01
   2.1800000000000000e+02   2.9513065996593401e+01
   2.1900000000000000e+02   2.8986342685738599e+01
   2.2000000000000000e+02   2.9099808768406401e+01
   2.2100000000000000e+02   2.8258449655229100e+01
   2.2200000000000000e+02   2.8389255777751600e+01
   2.2300000000000000e+02   2.7938322091754198e+01
   2.2400000000000000e+02   2.7474442816353100e+01
   2.2500000000000000e+02   2.7467910795610798e+01
   2.2600000000000000e+02   2.7122013652153999e+01
   2.2700000000000000e+02   2.6832216488001901e+01
   2.2800000000000000e+02   2.6869466031589798e+01
   2.2900000000000000e+02   2.6653115154468001e+01
   2.3000000000000000e+02   2.6850888594817100e+01
   2.3100000000000000e+02   2.6851754576517401e+01
   2.3200000000000000e+02   2.6944801050200599e+01
   2.3300000000000000e+02   2.6497353579597000e+01
   2.3400000000000000e+02   2.6965807863771602e+01
   2.3500000000000000e+02   2.6866532976600102e+01
   2.3600000000000000e+02   2.6651616575535499e+01
   2.3700000000000000e+02   2.6272684179001601e+01
   2.3800000000000000e+02   2.5533293067692700e+01
   2.3900000000000000e+02   2.4870954790855102e+01
   2.4000000000000000e+02   2.4981811346322701e+01
   2.4100000000000000e+02   2.4884128673485499e+01
   2.4200000000000000e+02   2.4579602250562498e+01
   2.4300000000000000e+02   2.4016133016337399e+01
   2.4400000000000000e+02   2.3742377131733601e+01
   2.4500000000000000e+02   2.3607753870599801e+01
   2.4600000000000000e+02   2.3610676389912499e+01
   2.4700000000000000e+02   2.3573196449091299e+01
   2.4800000000000000e+02   2.3885233726088600e+01
   2.4900000000000000e+02   2.3457013572352601e+01
   2.5000000000000000e+02   2.4124440470405201e+01
   2.5100000000000000e+02   2.4344293924224601e+01
   2.5200000000000000e+02   2.4022726256634801e+01
   2.5300000000000000e+02   2.3756046720035901e+01
   2.5400000000000000e+02   2.3219586379567499e+01
   2.5500000000000000e+02   2.3453653583825101e+01
   2.5600000000000000e+02   2.3158408389279199e+01
   2.5700000000000000e+02   2.3160284598086001e+01
   2.5800000000000000e+02   2.2915505654772499e+01
   2.5900000000000000e+02   2.2710046561838698e+01
   2.6000000000000000e+02   2.2751114208739899e+01
   2.6100000000000000e+02   2.2699342636954501e+01
   2.6200000000000000e+02   2.2814746694216101e+01
   2.6300000000000000e+02   2.2609458213504599e+01
   2.6400000000000000e+02   2.2554281556304598e+01
   2.6500000000000000e+02   2.3004670419747502e+01
   2.6600000000000000e+02   2.2837345363504301e+01
   2.6700000000000000e+02   2.2387533156914099e+01
   2.6800000000000000e+02   2.2229849637899498e+01
   2.6900000000000000e+02   2.2276806428678100e+01
   2.7000000000000000e+02   2.2522399767481399e+01
   2.7100000000000000e+02   2.2085440110620301e+01
   2.7200000000000000e+02   2.2383657281401501e+01
   2.7300000000000000e+02   2.2346937951953201e+01
   2.7400000000000000e+02   2.2232607983214599e+01
   2.7500000000000000e+02   2.2119767949373799e+01
   2.7600000000000000e+02   2.2113898269861199e+01
   2.7700000000000000e+02   2.2084911111377998e+01
   2.7800000000000000e+02   2.1828386984895999e+01
   2.7900000000000000e+02   2.1466208319816200e+01
   2.8000000000000000e+02   2.1879585700329802e+01
   2.8100000000000000e+02   2.2090049002321901e+01
   2.8200000000000000e+02   2.1664217749997100e+01
   2.8300000000000000e+02   2.1324551053044601e+01
   2.8400000000000000e+02   2.1445768227599199e+01
   2.8500000000000000e+02   2.0879761039041501e+01
   2.8600000000000000e+02   2.0755039430690299e+01
   2.8700000000000000e+02   2.0833730673037799e+01
   2.8800000000000000e+02   2.1232412592173500e+01
   2.8900000000000000e+02   2.0740751518903298e+01
   2.9000000000000000e+02   2.0507733447054800e+01
   2.9100000000000000e+02   2.0699896252576099e+01
   2.9200000000000000e+02   2.0123354465401999e+01
   2.9300000000000000e+02   1.9975816678263300e+01
   2.9400000000000000e+02   1.9781930935576199e+01
   2.9500000000000000e+02   2.0176698908526699e+01
   2.9600000000000000e+02   1.9775344657479099e+01
   2.9700000000000000e+02   2.0216257523062801e+01
   2.9800000000000000e+02   1.9906279399503099e+01
   2.9900000000000000e+02   1.9600981930025000e+01
   3.0000000000000000e+02   1.8886817943308600e+01
   3.0100000000000000e+02   1.8215016800209000e+01
   3.0200000000000000e+02   1.8608090397079302e+01
   3.0300000000000000e+02   1.8699217456692502e+01
   3.0400000000000000e+02   1.8188169349979098e+01
   3.0500000000000000e+02   1.8284907200923701e+01
   3.0600000000000000e+02   1.8115013783254099e+01
   3.0700000000000000e+02   1.7677208771624500e+01
   3.0800000000000000e+02   1.7514469812135602e+01
   3.0900000000000000e+02   1.7118685093138900e+01
   3.1000000000000000e+02   1.7243998014438802e+01
   3.1100000000000000e+02   1.7338480687884299e+01
   3.1200000000000000e+02   1.7087018987352899e+01
   3.1300000000000000e+02   1.7219155866467300e+01
   3.1400000000000000e+02   1.6913639586847101e+01
   3.1500000000000000e+02   1.6537577163234001e+01
   3.1600000000000000e+02   1.6430288733936500e+01
   3.1700000000000000e+02   1.6288959206628000e+01
   3.1800000000000000e+02   1.6051361218227001e+01
   3.1900000000000000e+02   1.5404741042655001e+01
   3.2000000000000000e+02   1.5210312203893499e+01
   3.2100000000000000e+02   1.5069151977458800e+01
   3.2200000000000000e+02   1.4764978346157401e+01
   3.2300000000000000e+02   1.3851306236312601e+01
   3.2400000000000000e+02   1.3897882467620800e+01
   3.2500000000000000e+02   1.3698468514241300e+01
   3.2600000000000000e+02   1.3687253635844700e+01
   3.2700000000000000e+02   1.3033668114461401e+01
   3.2800000000000000e+02   1.2634769403599099e+01
   3.2900000000000000e+02   1.2912188355929899e+01
   3.3000000000000000e+02   1.2559532430192199e+01
   3.3100000000000000e+02   1.2835993641213600e+01
   3.3200000000000000e+02   1.3156758195002499e+01
   3.3300000000000000e+02   1.2581827209798400e+01
   3.3400000000000000e+02   1.2575804695090600e+01
   3.3500000000000000e+02   1.2274240222716200e+01
   3.3600000000000000e+02   1.1947124919579201e+01
   3.3700000000000000e+02   1.1630662565980201e+01
   3.3800000000000000e+02   1.1471098799004400e+01
   3.3900000000000000e+02   1.0815256656924900e+01
   3.4000000000000000e+02   1.0435968246819700e+01
   3.4100000000000000e+02   1.0296406259092100e+01
   3.4200000000000000e+02   1.0381732647407000e+01
   3.4300000000000000e+02   1.0400036771661700e+01
   3.4400000000000000e+02   1.0454977691879900e+01
   3.4500000000000000e+02   1.0128593163888400e+01
   3.4600000000000000e+02   1.0326644817521601e+01
   3.4700000000000000e+02   1.0572173475416101e+01
   3.4800000000000000e+02   1.0546230772777101e+01
   3.4900000000000000e+02   1.0187543870982900e+01
   3.5000000000000000e+02   9.8045583853820695e+00
   3.5100000000000000e+02   9.9267806838983894e+00
   3.5200000000000000e+02   9.5215459666178699e+00
   3.5300000000000000e+02   9.1607254070794806e+00
   3.5400000000000000e+02   9.0742108996892199e+00
   3.5500000000000000e+02   9.1108088326881909e+00
   3.5600000000000000e+02   8.3200479512076608e+00
   3.5700000000000000e+02   8.6201643315219805e+00
   3.5800000000000000e+02   8.5367557128694305e+00
   3.5900000000000000e+02   8.8478241192182097e+00
   3.6000000000000000e+02   8.7285897733975997e+00
   3.6100000000000000e+02   8.5565314388470100e+00
   3.6200000000000000e+02   8.8881811684904601e+00
   3.6300000000000000e+02   8.2077703305747995e+00
   3.6400000000000000e+02   8.4397724217021501e+00
   3.6500000000000000e+02   7.8007249537897696e+00
   3.6600000000000000e+02   7.9523407459431299e+00
   3.6700000000000000e+02   7.7584169513096501e+00
   3.6800000000000000e+02   7.9560990670400003e+00
   3.6900000000000000e+02   7.2571901622827601e+00
   3.7000000000000000e+02   6.5838893679217803e+00
   3.7100000000000000e+02   6.5645626493019300e+00
   3.7200000000000000e+02   6.7836546369045996e+00
   3.7300000000000000e+02   6.4841026227097203e+00
   3.7400000000000000e+02   6.6272275565281697e+00
   3.7500000000000000e+02   6.4161567876150203e+00
   3.7600000000000000e+02   6.3681864312934602e+00
   3.7700000000000000e+02   5.9020339613446904e+00
   3.7800000000000000e+02   5.3563982979917997e+00
   3.7900000000000000e+02   4.8945796365886602e+00
   3.8000000000000000e+02   4.5876083330067399e+00
   3.8100000000000000e+02   4.5548105604198401e+00
   3.8200000000000000e+02   4.1455607974070796e+00
   3.8300000000000000e+02   3.9956284006937102e+00
   3.8400000000000000e+02   3.4677064229946901e+00
   3.8500000000000000e+02   3.3787808890037301e+00
   3.8600000000000000e+02   2.7950026581347802e+00
   3.8700000000000000e+02   2.7618141930662299e+00
   3.8800000000000000e+02   2.0790124514282202e+00
   3.8900000000000000e+02   1.8440378148002901e+00
   3.9000000000000000e+02   2.0210799364085199e+00
   3.9100000000000000e+02   1.9956079345815201e+00
   3.9200000000000000e+02   1.7067065434689199e+00
   3.9300000000000000e+02   1.3639086945554599e+00
   3.9400000000000000e+02   1.0747962296602001e+00
   3.9500000000000000e+02   9.7301651716271598e-01
   3.9600000000000000e+02   9.9100507852552999e-01
   3.9700000000000000e+02   5.4964732551668705e-01
   3.9800000000000000e+02   4.2349887640669098e-01
   3.9900000000000000e+02   3.9127097101360703e-01
   4.0000000000000000e+02   5.4933591877556098e-01
   4.0100000000000000e+02   7.8752246247497895e-02
   4.0200000000000000e+02  -2.0851723325317900e-02
   4.0300000000000000e+02  -5.2955107219558595e-01
   4.0400000000000000e+02  -8.7136430084433503e-01
   4.0500000000000000e+02  -7.8087067716211900e-01
   4.0600000000000000e+02  -8.1438551743026599e-01
   4.0700000000000000e+02  -1.4157299721594900e+00
   4.0800000000000000e+02  -1.3895871640211299e+00
   4.0900000000000000e+02  -1.9213306349251400e+00
   4.1000000000000000e+02  -2.5551916397925898e+00
   4.1100000000000000e+02  -2.7893706530681799e+00
   4.1200000000000000e+02  -2.8532793894685402e+00
   4.1300000000000000e+02  -3.2306181131610701e+00
   4.1400000000000000e+02  -3.4681997710525301e+00
   4.1500000000000000e+02  -4.0622071250789897e+00
   4.1600000000000000e+02  -4.2042758897818802e+00
   4.1700000000000000e+02  -4.1374393729395500e+00
   4.1800000000000000e+02  -4.4605493196935004e+00
   4.1900000000000000e+02  -4.5752913260733203e+00
   4.2000000000000000e+02  -4.4512619499557404e+00
   4.2100000000000000e+02  -5.1188116352035804e+00
   4.2200000000000000e+02  -5.7222725255110598e+00
   4.2300000000000000e+02  -6.1685243957878999e+00
   4.2400000000000000e+02  -6.7053628791303304e+00
   4.2500000000000000e+02  -6.8702498537784997e+00
   4.2600000000000000e+02  -6.6319177505790696e+00
   4.2700000000000000e+02  -6.4895956202720502e+00
   4.2800000000000000e+02  -6.5375852455241796e+00
   4.2900000000000000e+02  -6.5365219988943997e+00
   4.3000000000000000e+02  -7.5605570882296602e+00
   4.3100000000000000e+02  -7.8137398024466203e+00
   4.3200000000000000e+02  -7.6692506943096497e+00
   4.3300000000000000e+02  -7.6936841800108100e+00
   4.3400000000000000e+02  -7.7864207577280302e+00
   4.3500000000000000e+02  -7.7680395258685904e+00
   4.3600000000000000e+02  -8.3687028450792607e+00
   4.3700000000000000e+02  -8.6595451993388206e+00
   4.3800000000000000e+02  -9.2819568151023208e+00
   4.3900000000000000e+02  -9.1232343485211107e+00
   4.4000000000000000e+02  -9.7407390153845803e+00
   4.4100000000000000e+02  -1.0194737916469800e+01
   4.4200000000000000e+02  -1.0966437982998400e+01
   4.4300000000000000e+02  -1.1278463729890801e+01
   4.4400000000000000e+02  -1.1518761149441399e+01
   4.4500000000000000e+02  -1.1719198225024700e+01
   4.4600000000000000e+02  -1.2223076247293200e+01
   4.4700000000000000e+02  -1.2653817569676701e+01
   4.4800000000000000e+02  -1.2835582009185300e+01
   4.4900000000000000e+02  -1.3226469410342700e+01
   4.5000000000000000e+02  -1.3930944792169701e+01
   4.5100000000000000e+02  -1.4027245355924901e+01
   4.5200000000000000e+02  -1.4492108874487000e+01
   4.5300000000000000e+02  -1.4519576879569600e+01
   4.5400000000000000e+02  -1.5277485067437899e+01
   4.5500000000000000e+02  -1.5811515881945800e+01
   4.5600000000000000e+02  -1.5974955812490901e+01
   4.5700000000000000e+02  -1.5732272439688000e+01
   4.5800000000000000e+02  -1.5950299882212599e+01
   4.5900000000000000e+02  -1.6991813405767800e+01
   4.6000000000000000e+02  -1.6576412414288200e+01
   4.6100000000000000e+02  -1.6828351309904299e+01
   4.6200000000000000e+02  -1.7396534159498898e+01
   4.6300000000000000e+02  -1.7502359709787999e+01
   4.6400000000000000e+02  -1.8007117284058300e+01
   4.6500000000000000e+02  -1.8145732173666900e+01
   4.6600000000000000e+02  -1.8528256861840799e+01
   4.6700000000000000e+02  -1.8271774483505201e+01
   4.6800000000000000e+02  -1.8805402985878398e+01
   4.6900000000000000e+02  -1.8734529075728702e+01
   4.7000000000000000e+02  -1.9095223661037402e+01
   4.7100000000000000e+02  -1.9534357846383699e+01
   4.7200000000000000e+02  -1.9986171328400999e+01
   4.7300000000000000e+02  -2.0606277546646901e+01
   4.7400000000000000e+02  -2.1388105976904701e+01
   4.7500000000000000e+02  -2.1827325301580000e+01
   4.7600000000000000e+02  -2.2622756021989300e+01
   4.7700000000000000e+02  -2.3045803157158300e+01
   4.7800000000000000e+02  -2.3323576927245600e+01
   4.7900000000000000e+02  -2.3898151620647500e+01
   4.8000000000000000e+02  -2.4146707904901501e+01
   4.8100000000000000e+02  -2.4193515660467700e+01
   4.8200000000000000e+02  -2.5073305465821200e+01
   4.8300000000000000e+02  -2.5303731791378802e+01
   4.8400000000000000e+02  -2.5381704604575202e+01
   4.8500000000000000e+02  -2.6072943113391300e+01
   4.8600000000000000e+02  -2.6659933927896699e+01
   4.8700000000000000e+02  -2.6396277538771798e+01
   4.8800000000000000e+02  -2.7124637707291502e+01
   4.8900000000000000e+02  -2.7235317720935100e+01
   4.9000000000000000e+02  -2.7025387138388901e+01
   4.9100000000000000e+02  -2.7518687687622499e+01
   4.9200000000000000e+02  -2.8212246135614400e+01
   4.9300000000000000e+02  -2.7942968788397000e+01
   4.9400000000000000e+02  -2.8644103609134699e+01
   4.9500000000000000e+02  -2.8963007366339500e+01
   4.9600000000000000e+02  -2.8519414414603801e+01
   4.9700000000000000e+02  -2.8601792676155299e+01
   4.9800000000000000e+02  -2.8610913486773800e+01
   4.9900000000000000e+02  -2.9080106158763400e+01
   5.0000000000000000e+02  -2.9691481456450301e+01
   5.0100000000000000e+02  -3.0327819998765900e+01
   5.0200000000000000e+02  -3.0934069685282399e+01
   5.0300000000000000e+02  -3.1432482585367701e+01
   5.0400000000000000e+02  -3.1866413590415799e+01
   5.0500000000000000e+02  -3.2416139541194198e+01
   5.0600000000000000e+02  -3.2900441674308297e+01
   5.0700000000000000e+02  -3.3232680220588200e+01
   5.0800000000000000e+02  -3.3893007852501903e+01
   5.0900000000000000e+02  -3.4271878662879097e+01
   5.1000000000000000e+02  -3.4717679604543299e+01
   5.1100000000000000e+02  -3.5268438825082598e+01
   5.1200000000000000e+02  -3.5454862566650000e+01
   5.1300000000000000e+02  -3.5646164908373002e+01
   5.1400000000000000e+02  -3.5764711375043298e+01
   5.1500000000000000e+02  -3.6922599625073502e+01
   5.1600000000000000e+02  -3.7288108337908902e+01
   5.1700000000000000e+02  -3.7572196442514098e+01
   5.1800000000000000e+02  -3.8740400990975203e+01
   5.1900000000000000e+02  -3.8946618023470201e+01
   5.2000000000000000e+02  -3.9378609243391701e+01
   5.2100000000000000e+02  -3.9301650043884699e+01
   5.2200000000000000e+02  -3.9848527934388500e+01
   5.2300000000000000e+02  -3.9923268828004097e+01
   5.2400000000000000e+02  -3.9965695798833899e+01
   5.2500000000000000e+02  -4.0085293432705299e+01
   5.2600000000000000e+02  -4.0320973188849898e+01
   5.2700000000000000e+02  -4.0526748190464303e+01
   5.2800000000000000e+02  -4.0921026664843900e+01
   5.2900000000000000e+02  -4.1146653743278499e+01
   5.3000000000000000e+02  -4.1726162482300197e+01
   5.3100000000000000e+02  -4.2361705046556096e+01
   5.3200000000000000e+02  -4.2419024834055300e+01
   5.3300000000000000e+02  -4.2498495506540102e+01
   5.3400000000000000e+02  -4.2582122155085102e+01
   5.3500000000000000e+02  -4.3301491451596803e+01
   5.3600000000000000e+02  -4.3650988929945200e+01
   5.3700000000000000e+02  -4.3651071191891297e+01
   5.3800000000000000e+02  -4.4326920822564297e+01
   5.3900000000000000e+02  -4.4683188460425399e+01
   5.4000000000000000e+02  -4.5436866924054797e+01
   5.4100000000000000e+02  -4.5605007591651500e+01
   5.4200000000000000e+02  -4.5804915728706497e+01
   5.4300000000000000e+02  -4.6057059554298000e+01
   5.4400000000000000e+02  -4.6069709014634903e+01
   5.4500000000000000e+02  -4.6173871321585700e+01
   5.4600000000000000e+02  -4.6794514633087701e+01
   5.4700000000000000e+02  -4.6700999610710099e+01
   5.4800000000000000e+02  -4.7209536120885097e+01
   5.4900000000000000e+02  -4.7653035607521900e+01
   5.5000000000000000e+02  -4.8173753474620000e+01
   5.5100000000000000e+02  -4.8317390045885297e+01
   5.5200000000000000e+02  -4.8852921895177097e+01
   5.5300000000000000e+02  -4.9154631648521502e+01
   5.5400000000000000e+02  -4.9300133861828201e+01
   5.5500000000000000e+02  -4.9712032585577397e+01
   5.5600000000000000e+02  -4.9882109918818102e+01
   5.5700000000000000e+02  -5.0088895318269003e+01
   5.5800000000000000e+02  -5.0465088604492003e+01
   5.5900000000000000e+02  -5.0869414637730600e+01
   5.6000000000000000e+02  -5.1336852435572801e+01
   5.6100000000000000e+02  -5.1999320025826997e+01
   5.6200000000000000e+02  -5.2403104949472898e+01
   5.6300000000000000e+02  -5.2737232049864303e+01
   5.6400000000000000e+02  -5.3107303177932998e+01
   5.6500000000000000e+02  -5.3448190582850600e+01
   5.6600000000000000e+02  -5.4044636757244199e+01
   5.6700000000000000e+02  -5.4612301204981897e+01
   5.6800000000000000e+02  -5.5084621418326101e+01
   5.6900000000000000e+02  -5.5137725433105501e+01
   5.7000000000000000e+02  -5.5473717811760402e+01
   5.7100000000000000e+02  -5.6190951191307398e+01
   5.7200000000000000e+02  -5.6266750512655499e+01
   5.7300000000000000e+02  -5.6871976169064901e+01
   5.7400000000000000e+02  -5.7099709109794802e+01
   5.7500000000000000e+02  -5.7467801204136300e+01
   5.7600000000000000e+02  -5.7394811196952098e+01
   5.7700000000000000e+02  -5.8089414461720999e+01
   5.7800000000000000e+02  -5.8909746534213703e+01
   5.7900000000000000e+02  -5.9284328936982099e+01
   5.8000000000000000e+02  -5.9934104175347002e+01
   5.8100000000000000e+02  -6.0214006368351399e+01
   5.8200000000000000e+02  -6.0833355196313597e+01
   5.8300000000000000e+02  -6.1549799640755502e+01
   5.8400000000000000e+02  -6.1831812063389201e+01
   5.8500000000000000e+02  -6.1723627643712398e+01
   5.8600000000000000e+02  -6.2137206010272102e+01
   5.8700000000000000e+02  -6.2702993116627297e+01
   5.8800000000000000e+02  -6.2859018328367597e+01
   5.8900000000000000e+02  -6.3320048921548299e+01
   5.9000000000000000e+02  -6.3703036802549498e+01
   5.9100000000000000e+02  -6.4052715594812895e+01
   5.9200000000000000e+02  -6.4754953640423196e+01
   5.9300000000000000e+02  -6.4739524502606997e+01
   5.9400000000000000e+02  -6.4708595402681496e+01
   5.9500000000000000e+02  -6.4671571713658295e+01
   5.9600000000000000e+02  -6.4840392457962096e+01
   5.9700000000000000e+02  -6.5601014113524300e+01
   5.9800000000000000e+02  -6.6005687468079898e+01
   5.9900000000000000e+02  -6.6515450222929303e+01
   6.0000000000000000e+02  -6.7311884298672197e+01
   6.0100000000000000e+02  -6.7542798030477300e+01
   6.0200000000000000e+02  -6.7526981480816602e+01
   6.0300000000000000e+02  -6.8595901229617098e+01
   6.0400000000000000e+02  -6.8420581188437097e+01
   6.0500000000000000e+02  -6.8788532363402197e+01
   6.0600000000000000e+02  -6.9725981457273605e+01
   6.0700000000000000e+02  -6.9844791471950899e+01
   6.0800000000000000e+02  -7.1005739528194198e+01
   6.0900000000000000e+02  -7.1374088328892796e+01
   6.1000000000000000e+02  -7.1999696409097695e+01
   6.1100000000000000e+02  -7.2470112336451095e+01
   6.1200000000000000e+02  -7.2496702990352105e+01
   6.1300000000000000e+02  -7.2636229686465100e+01
   6.1400000000000000e+02  -7.2561484038294296e+01
   6.1500000000000000e+02  -7.3219161678320404e+01
   6.1600000000000000e+02  -7.3638402926702994e+01
   6.1700000000000000e+02  -7.3717349352856999e+01
   6.1800000000000000e+02  -7.4251266475385506e+01
   6.1900000000000000e+02  -7.4398947636894505e+01
   6.2000000000000000e+02  -7.4671189419429197e+01
   6.2100000000000000e+02  -7.4220745963245093e+01
   6.2200000000000000e+02  -7.4514146431316107e+01
   6.2300000000000000e+02  -7.4397736170925000e+01
   6.2400000000000000e+02  -7.4794052233228200e+01
   6.2500000000000000e+02  -7.5004777164104496e+01
   6.2600000000000000e+02  -7.5037645175051395e+01
   6.2700000000000000e+02  -7.5159682686398398e+01
   6.2800000000000000e+02  -7.5426866249857696e+01
   6.2900000000000000e+02  -7.5081271999766201e+01
   6.3000000000000000e+02  -7.5149127406188796e+01
   6.3100000000000000e+02  -7.5273423729626003e+01
   6.3200000000000000e+02  -7.5157552122946498e+01
   6.3300000000000000e+02  -7.5781087785873098e+01
   6.3400000000000000e+02  -7.5727952277451294e+01
   6.3500000000000000e+02  -7.5832514052449497e+01
   6.3600000000000000e+02  -7.5980457860391894e+01
   6.3700000000000000e+02  -7.5853391026442694e+01
   6.3800000000000000e+02  -7.5696620847471905e+01
   6.3900000000000000e+02  -7.5978342812921596e+01
   6.4000000000000000e+02  -7.6159024353907498e+01
   6.4100000000000000e+02  -7.5745356555598505e+01
   6.4200000000000000e+02  -7.5922694858914198e+01
   6.4300000000000000e+02  -7.6208666270465599e+01
   6.4400000000000000e+02  -7.6157103277146803e+01
   6.4500000000000000e+02  -7.5856752771948706e+01
   6.4600000000000000e+02  -7.5472598447045200e+01
   6.4700000000000000e+02  -7.5463607077704395e+01
   6.4800000000000000e+02  -7.5603127131433098e+01
   6.4900000000000000e+02  -7.5425102160501098e+01
   6.5000000000000000e+02  -7.5773204009808495e+01
   6.5100000000000000e+02  -7.5612789852945397e+01
   6.5200000000000000e+02  -7.5808092724518104e+01
   6.5300000000000000e+02  -7.5547646259263203e+01
   6.5400000000000000e+02  -7.6053670688027694e+01
   6.5500000000000000e+02  -7.6165969754358997e+01
   6.5600000000000000e+02  -7.6257782884419100e+01
   6.5700000000000000e+02  -7.6228731589490806e+01
   6.5800000000000000e+02  -7.6615737495810507e+01
   6.5900000000000000e+02  -7.6789181168221404e+01
   6.6000000000000000e+02  -7.6670071893758106e+01
   6.6100000000000000e+02  -7.6848470941805303e+01
   6.6200000000000000e+02  -7.6930340706589504e+01
   6.6300000000000000e+02  -7.6842985887566002e+01
   6.6400000000000000e+02  -7.6520926973917497e+01
   6.6500000000000000e+02  -7.6828535381388804e+01
   6.6600000000000000e+02  -7.6540499597680395e+01
   6.6700000000000000e+02  -7.6668139077454200e+01
   6.6800000000000000e+02  -7.6421301931106896e+01
   6.6900000000000000e+02  -7.5727992091228998e+01
   6.7000000000000000e+02  -7.5829066333078003e+01
   6.7100000000000000e+02  -7.5318134650830004e+01
   6.7200000000000000e+02  -7.5808373937485001e+01
   6.7300000000000000e+02  -7.5891335827683903e+01
   6.7400000000000000e+02  -7.5853463556598896e+01
   6.7500000000000000e+02  -7.5762398845338893e+01
   6.7600000000000000e+02  -7.6121026267970805e+01
   6.7700000000000000e+02  -7.6045564129802997e+01
   6.7800000000000000e+02  -7.6198105444601197e+01
   6.7900000000000000e+02  -7.6216284853615903e+01
   6.8000000000000000e+02  -7.5920939060620000e+01
   6.8100000000000000e+02  -7.6558925988230499e+01
   6.8200000000000000e+02  -7.6455368127544403e+01
   6.8300000000000000e+02  -7.7011528289106806e+01
   6.8400000000000000e+02  -7.6689376563422897e+01
   6.8500000000000000e+02  -7.6716038071700098e+01
   6.8600000000000000e+02  -7.7014767709822394e+01
   6.8700000000000000e+02  -7.6899684880128206e+01
   6.8800000000000000e+02  -7.6658788574056700e+01
   6.8900000000000000e+02  -7.7154399434606503e+01
   6.9000000000000000e+02  -7.6997592864945702e+01
   6.9100000000000000e+02  -7.7022633767623105e+01
   6.9200000000000000e+02  -7.7277781306700405e+01
   6.9300000000000000e+02  -7.7631361446958806e+01
   6.9400000000000000e+02  -7.8072641866535307e+01
   6.9500000000000000e+02  -7.7806688956733495e+01
   6.9600000000000000e+02  -7.8106189218536102e+01
   6.9700000000000000e+02  -7.7976542104497995e+01
   6.9800000000000000e+02  -7.7780727680424206e+01
   6.9900000000000000e+02  -7.7819204269520895e+01
   7.0000000000000000e+02  -7.7666673950092303e+01
   7.0100000000000000e+02  -7.8285796382363799e+01
   7.0200000000000000e+02  -7.8256048776974396e+01
   7.0300000000000000e+02  -7.7896034910219797e+01
   7.0400000000000000e+02  -7.7956168099811293e+01
   7.0500000000000000e+02  -7.8025288769425899e+01
   7.0600000000000000e+02  -7.7885833815974294e+01
   7.0700000000000000e+02  -7.7972016732471104e+01
   7.0800000000000000e+02  -7.7620931992795093e+01
   7.0900000000000000e+02  -7.7676616498009096e+01
   7.1000000000000000e+02  -7.7751763040648896e+01
   7.1100000000000000e+02  -7.7222181604954400e+01
   7.1200000000000000e+02  -7.7943001526438096e+01
   7.1300000000000000e+02  -7.8134766461840599e+01
   7.1400000000000000e+02  -7.7722135776185596e+01
   7.1500000000000000e+02  -7.7095716940677903e+01
   7.1600000000000000e+02  -7.7209532370172298e+01
   7.1700000000000000e+02  -7.6949047358289803e+01
   7.1800000000000000e+02  -7.7095436177432305e+01
   7.1900000000000000e+02  -7.7284735635418301e+01
   7.2000000000000000e+02  -7.7258753343763800e+01
   7.2100000000000000e+02  -7.7521792672040803e+01
   7.2200000000000000e+02  -7.6880952620654696e+01
   7.2300000000000000e+02  -7.6727480793178501e+01
   7.2400000000000000e+02  -7.6320561605996502e+01
   7.2500000000000000e+02  -7.5679653991973893e+01
   7.2600000000000000e+02  -7.5706766472295996e+01
   7.2700000000000000e+02  -7.5578713218339402e+01
   7.2800000000000000e+02  -7.5474663935043395e+01
   7.2900000000000000e+02  -7.5555987207701406e+01
   7.3000000000000000e+02  -7.6175204952461797e+01
   7.3100000000000000e+02  -7.6457294864673003e+01
   7.3200000000000000e+02  -7.6309905231565097e+01
   7.3300000000000000e+02  -7.6254103343807401e+01
   7.3400000000000000e+02  -7.6183578603276999e+01
   7.3500000000000000e+02  -7.6180414340355995e+01
   7.3600000000000000e+02  -7.5775391008845901e+01
   7.3700000000000000e+02  -7.4940051371723300e+01
   7.3800000000000000e+02  -7.5259421876599603e+01
   7.3900000000000000e+02  -7.5419280322633298e+01
   7.4000000000000000e+02  -7.5255829772030395e+01
   7.4100000000000000e+02  -7.5475810692162000e+01
   7.4200000000000000e+02  -7.5115473439436499e+01
   7.4300000000000000e+02  -7.5220062591619595e+01
   7.4400000000000000e+02  -7.5157587343265405e+01
   7.4500000000000000e+02  -7.5228565605840998e+01
   7.4600000000000000e+02  -7.5156374001332907e+01
   7.4700000000000000e+02  -7.5319811507820702e+01
   7.4800000000000000e+02  -7.5754021064222201e+01
   7.4900000000000000e+02  -7.5614906717523496e+01
   7.5000000000000000e+02  -7.5832627943737805e+01
   7.5100000000000000e+02  -7.5470541463919702e+01
   7.5200000000000000e+02  -7.5404938962220996e+01
   7.5300000000000000e+02  -7.5201490055326005e+01
   7.5400000000000000e+02  -7.5325479165804396e+01
   7.5500000000000000e+02  -7.5454684931391895e+01
   7.5600000000000000e+02  -7.5572924210820503e+01
   7.5700000000000000e+02  -7.5673673957765999e+01
   7.5800000000000000e+02  -7.5744457133995596e+01
   7.5900000000000000e+02  -7.5659965739470806e+01
   7.6000000000000000e+02  -7.5615602122528600e+01
   7.6100000000000000e+02  -7.6008570013585697e+01
   7.6200000000000000e+02  -7.6085003778405706e+01
   7.6300000000000000e+02  -7.5989864202699096e+01
   7.6400000000000000e+02  -7.5990199185376994e+01
   7.6500000000000000e+02  -7.6362993150488606e+01
   7.6600000000000000e+02  -7.5967796286279906e+01
   7.6700000000000000e+02  -7.5882602254076701e+01
   7.6800000000000000e+02  -7.5666977354628898e+01
   7.6900000000000000e+02  -7.5218782308787894e+01
   7.7000000000000000e+02  -7.5090596465351197e+01
   7.7100000000000000e+02  -7.4857720005619896e+01
   7.7200000000000000e+02  -7.5131583127232602e+01
   7.7300000000000000e+02  -7.5126886623020894e+01
   7.7400000000000000e+02  -7.5529045174979004e+01
   7.7500000000000000e+02  -7.5357589330775497e+01
   7.7600000000000000e+02  -7.4991518662057899e+01
   7.7700000000000000e+02  -7.4910190521026195e+01
   7.7800000000000000e+02  -7.5686714972476494e+01
   7.7900000000000000e+02  -7.5365704212978500e+01
   7.8000000000000000e+02  -7.5673520186141701e+01
   7.8100000000000000e+02  -7.5051302081334299e+01
   7.8200000000000000e+02  -7.4843980276483904e+01
   7.8300000000000000e+02  -7.4872379994044294e+01
   7.8400000000000000e+02  -7.5034935108235999e+01
   7.8500000000000000e+02  -7.4715446949153304e+01
   7.8600000000000000e+02  -7.4944733249174803e+01
   7.8700000000000000e+02  -7.4878292745306396e+01
   7.8800000000000000e+02  -7.4853984773288403e+01
   7.8900000000000000e+02  -7.5167191968211696e+01
   7.9000000000000000e+02  -7.5617317809143003e+01
   7.9100000000000000e+02  -7.5614933648697104e+01
   7.9200000000000000e+02  -7.5514502389561997e+01
   7.9300000000000000e+02  -7.5688506556380105e+01
   7.9400000000000000e+02  -7.5646988782395795e+01
   7.9500000000000000e+02  -7.5604950549892393e+01
   7.9600000000000000e+02  -7.5675608403009406e+01
   7.9700000000000000e+02  -7.5767637708647499e+01
   7.9800000000000000e+02  -7.6167900769766305e+01
   7.9900000000000000e+02  -7.6090522396405106e+01
   8.0000000000000000e+02  -7.6473896680619106e+01
   8.0100000000000000e+02  -7.6607750965007696e+01
   8.0200000000000000e+02  -7.6726316944735004e+01
   8.0300000000000000e+02  -7.6433508367030498e+01
   8.0400000000000000e+02  -7.6467173494046094e+01
   8.0500000000000000e+02  -7.6786972403516799e+01
   8.0600000000000000e+02  -7.7320684284247605e+01
   8.0700000000000000e+02  -7.7104285388906504e+01
   8.0800000000000000e+02  -7.6836238508394501e+01
   8.0900000000000000e+02  -7.6227224505099301e+01
   8.1000000000000000e+02  -7.6470445730205100e+01
   8.1100000000000000e+02  -7.6077205848371605e+01
   8.1200000000000000e+02  -7.5953852738066800e+01
   8.1300000000000000e+02  -7.5741446913197294e+01
   8.1400000000000000e+02  -7.5420860486600901e+01
   8.1500000000000000e+02  -7.6154098221203199e+01
   8.1600000000000000e+02  -7.6170600647195897e+01
   8.1700000000000000e+02  -7.6440938519156902e+01
   8.1800000000000000e+02  -7.6475178443277997e+01
   8.1900000000000000e+02  -7.6207686285936106e+01
   8.2000000000000000e+02  -7.5574386091618294e+01
   8.2100000000000000e+02  -7.6041319474228004e+01
   8.2200000000000000e+02  -7.6568682845249398e+01
   8.2300000000000000e+02  -7.7049863650012597e+01
   8.2400000000000000e+02  -7.6970719746306997e+01
   8.2500000000000000e+02  -7.6670811126686402e+01
   8.2600000000000000e+02  -7.6697127371506696e+01
   8.2700000000000000e+02  -7.6552851499930796e+01
   8.2800000000000000e+02  -7.6874952150775798e+01
   8.2900000000000000e+02  -7.7084315102231599e+01
   8.3000000000000000e+02  -7.6918847206445903e+01
   8.3100000000000000e+02  -7.6717138670126801e+01
   8.3200000000000000e+02  -7.6852474706324699e+01
   8.3300000000000000e+02  -7.6908283386119393e+01
   8.3400000000000000e+02  -7.7046925690695005e+01
   8.3500000000000000e+02  -7.7401356254087005e+01
   8.3600000000000000e+02  -7.7839387702487002e+01
   8.3700000000000000e+02  -7.7716859538051196e+01
   8.3800000000000000e+02  -7.7604274511579604e+01
   8.3900000000000000e+02  -7.7558525211493304e+01
   8.4000000000000000e+02  -7.7525309607447198e+01
   8.4100000000000000e+02  -7.7809459840287900e+01
   8.4200000000000000e+02  -7.7673858629918499e+01
   8.4300000000000000e+02  -7.6823380277832300e+01
   8.4400000000000000e+02  -7.6617048106299507e+01
   8.4500000000000000e+02  -7.6668655546155605e+01
   8.4600000000000000e+02  -7.6510793554737305e+01
   8.4700000000000000e+02  -7.6296656363525400e+01
   8.4800000000000000e+02  -7.6618631046364598e+01
   8.4900000000000000e+02  -7.6589567067952203e+01
   8.5000000000000000e+02  -7.6613235963949506e+01
   8.5100000000000000e+02  -7.6854965220777004e+01
   8.5200000000000000e+02  -7.6326161001312400e+01
   8.5300000000000000e+02  -7.6590911270553093e+01
   8.5400000000000000e+02  -7.6664640498856599e+01
   8.5500000000000000e+02  -7.6632245643763994e+01
   8.5600000000000000e+02  -7.6733389456035795e+01
   8.5700000000000000e+02  -7.6423155243825903e+01
   8.5800000000000000e+02  -7.6778519899800997e+01
   8.5900000000000000e+02  -7.6715689057862406e+01
   8.6000000000000000e+02  -7.6595784152831797e+01
   8.6100000000000000e+02  -7.6155068422918205e+01
   8.6200000000000000e+02  -7.5841189333844099e+01
   8.6300000000000000e+02  -7.5873132406095706e+01
   8.6400000000000000e+02  -7.6368173498637901e+01
   8.6500000000000000e+02  -7.6663168939343393e+01
   8.6600000000000000e+02  -7.6839335501479397e+01
   8.6700000000000000e+02  -7.6839868927826402e+01
   8.6800000000000000e+02  -7.6830723632163995e+01
   8.6900000000000000e+02  -7.6551552243022599e+01
   8.7000000000000000e+02  -7.6634608869857004e+01
   8.7100000000000000e+02  -7.6464933472906395e+01
   8.7200000000000000e+02  -7.6820859284555894e+01
   8.7300000000000000e+02  -7.6620626241585697e+01
   8.7400000000000000e+02  -7.6318712339683302e+01
   8.7500000000000000e+02  -7.6330552640445802e+01
   8.7600000000000000e+02  -7.6576519963458793e+01
   8.7700000000000000e+02  -7.6336264145852795e+01
   8.7800000000000000e+02  -7.6536522886999194e+01
   8.7900000000000000e+02  -7.7070429614482507e+01
   8.8000000000000000e+02  -7.6862292222526193e+01
   8.8100000000000000e+02  -7.7207247761036498e+01
   8.8200000000000000e+02  -7.7024653454002006e+01
   8.8300000000000000e+02  -7.7090690769972198e+01
   8.8400000000000000e+02  -7.6734486624355299e+01
   8.8500000000000000e+02  -7.6390383199240304e+01
   8.8600000000000000e+02  -7.6284428960872006e+01
   8.8700000000000000e+02  -7.6275818264595699e+01
   8.8800000000000000e+02  -7.6304420697683895e+01
   8.8900000000000000e+02  -7.6293381434756697e+01
   8.9000000000000000e+02  -7.6217996942564000e+01
   8.9100000000000000e+02  -7.6047200161585494e+01
   8.9200000000000000e+02  -7.6318839575577101e+01
   8.9300000000000000e+02  -7.6373002224440000e+01
   8.9400000000000000e+02  -7.6428126157404094e+01
   8.9500000000000000e+02  -7.6643145108043896e+01
   8.9600000000000000e+02  -7.6504922989798501e+01
   8.9700000000000000e+02  -7.6910797468719494e+01
   8.9800000000000000e+02  -7.7621536489114604e+01
   8.9900000000000000e+02  -7.7747497388174295e+01
   9.0000000000000000e+02  -7.8240186545746795e+01
   9.0100000000000000e+02  -7.8114989474678694e+01
   9.0200000000000000e+02  -7.8084737205733006e+01
   9.0300000000000000e+02  -7.7566410628561201e+01
   9.0400000000000000e+02  -7.7878696811376102e+01
   9.0500000000000000e+02  -7.8018305881377302e+01
   9.0600000000000000e+02  -7.8003277755113103e+01
   9.0700000000000000e+02  -7.7912021298592293e+01
   9.0800000000000000e+02  -7.8066960687223201e+01
   9.0900000000000000e+02  -7.7794620722677607e+01
   9.1000000000000000e+02  -7.7096677185906501e+01
   9.1100000000000000e+02  -7.7199372193254206e+01
   9.1200000000000000e+02  -7.6682550238525906e+01
   9.1300000000000000e+02  -7.6754639531411897e+01
   9.1400000000000000e+02  -7.7308715461620494e+01
   9.1500000000000000e+02  -7.7115605937373800e+01
   9.1600000000000000e+02  -7.6877274248159694e+01
   9.1700000000000000e+02  -7.7082562693031605e+01
   9.1800000000000000e+02  -7.7227855818820700e+01
   9.1900000000000000e+02  -7.7039304788025703e+01
   9.2000000000000000e+02  -7.6796787832808405e+01
   9.2100000000000000e+02  -7.7151276288472005e+01
   9.2200000000000000e+02  -7.7083690619430698e+01
   9.2300000000000000e+02  -7.6469697545300704e+01
   9.2400000000000000e+02  -7.6682979858663899e+01
   9.2500000000000000e+02  -7.6276748204939807e+01
   9.2600000000000000e+02  -7.5482132374654498e+01
   9.2700000000000000e+02  -7.5673200077089206e+01
   9.2800000000000000e+02  -7.5967186178744598e+01
   9.2900000000000000e+02  -7.5480882583602906e+01
   9.3000000000000000e+02  -7.4978531923925502e+01
   9.3100000000000000e+02  -7.5047917530774797e+01
   9.3200000000000000e+02  -7.5518927333361702e+01
   9.3300000000000000e+02  -7.5406125734383195e+01
   9.3400000000000000e+02  -7.5646959933104100e+01
   9.3500000000000000e+02  -7.5357550496876598e+01
   9.3600000000000000e+02  -7.5393380478639799e+01
   9.3700000000000000e+02  -7.5851221240558203e+01
   9.3800000000000000e+02  -7.5782011464656804e+01
   9.3900000000000000e+02  -7.5782268555191294e+01
   9.4000000000000000e+02  -7.5437650922975394e+01
   9.4100000000000000e+02  -7.5480359720935795e+01
   9.4200000000000000e+02  -7.5144856208997496e+01
   9.4300000000000000e+02  -7.4763992372095998e+01
   9.4400000000000000e+02  -7.4893645881036306e+01
   9.4500000000000000e+02  -7.4235880500641002e+01
   9.4600000000000000e+02  -7.4398012256231496e+01
   9.4700000000000000e+02  -7.3820481239517505e+01
   9.4800000000000000e+02  -7.3711215134992898e+01
   9.4900000000000000e+02  -7.4235243666091705e+01
   9.5000000000000000e+02  -7.3916159730839198e+01
   9.5100000000000000e+02  -7.4002763272226304e+01
   9.5200000000000000e+02  -7.4085866616273506e+01
   9.5300000000000000e+02  -7.3946472562341398e+01
   9.5400000000000000e+02  -7.3933600020493301e+01
   9.5500000000000000e+02  -7.4254380887096701e+01
   9.5600000000000000e+02  -7.3781314868867796e+01
   9.5700000000000000e+02  -7.3875810567497297e+01
   9.5800000000000000e+02  -7.3796218850338406e+01
   9.5900000000000000e+02  -7.4080180588556800e+01
   9.6000000000000000e+02  -7.3794909214763805e+01
   9.6100000000000000e+02  -7.3483990593697499e+01
   9.6200000000000000e+02  -7.3594704271805995e+01
   9.6300000000000000e+02  -7.3805088608572305e+01
   9.6400000000000000e+02  -7.3391017164376606e+01
   9.6500000000000000e+02  -7.3649167543534105e+01
   9.6600000000000000e+02  -7.3101435914558607e+01
   9.6700000000000000e+02  -7.3486462269501899e+01
   9.6800000000000000e+02  -7.3537990871186693e+01
   9.6900000000000000e+02  -7.3782581735039898e+01
   9.7000000000000000e+02  -7.3530186666362596e+01
   9.7100000000000000e+02  -7.3634378678353400e+01
   9.7200000000000000e+02  -7.4052959709659206e+01
   9.7300000000000000e+02  -7.4003770393327599e+01
   9.7400000000000000e+02  -7.3938482663778203e+01
   9.7500000000000000e+02  -7.3544390094863601e+01
   9.7600000000000000e+02  -7.3311901865419699e+01
   9.7700000000000000e+02  -7.3773015820421406e+01
   9.7800000000000000e+02  -7.3834163922532099e+01
   9.7900000000000000e+02  -7.3529014841096398e+01
   9.8000000000000000e+02  -7.3173599917575302e+01
   9.8100000000000000e+02  -7.3395053550992102e+01
   9.8200000000000000e+02  -7.3431964680710394e+01
   9.8300000000000000e+02  -7.3586842601480996e+01
   9.8400000000000000e+02  -7.3124525776170202e+01
   9.8500000000000000e+02  -7.3167488317278597e+01
   9.8600000000000000e+02  -7.3003021059823396e+01
   9.8700000000000000e+02  -7.3378352350986006e+01
   9.8800000000000000e+02  -7.3825856478350502e+01
   9.8900000000000000e+02  -7.3414964543467605e+01
   9.9000000000000000e+02  -7.3680958013917504e+01
   9.9100000000000000e+02  -7.3788792320055293e+01
   9.9200000000000000e+02  -7.3347359860118999e+01
   9.9300000000000000e+02  -7.3485267813780894e+01
   9.9400000000000000e+02  -7.3989125869865305e+01
   9.9500000000000000e+02  -7.4112486774577803e+01
   9.9600000000000000e+02  -7.4347227948713595e+01
   9.9700000000000000e+02  -7.4273111463192095e+01
   9.9800000000000000e+02  -7.3920929756952404e+01
   9.9900000000000000e+02  -7.3926755728151704e+01
   1.0000000000000000e+03  -7.4053625493032499e+01
   1.0010000000000000e+03  -7.3480479218149398e+01
   1.0020000000000000e+03  -7.3356954984353095e+01
   1.0030000000000000e+03  -7.3637281015325598e+01
   1.0040000000000000e+03  -7.3768214848976399e+01
   1.0050000000000000e+03  -7.3706071120501704e+01
   1.0060000000000000e+03  -7.3929219263342006e+01
   1.0070000000000000e+03  -7.3976261412124700e+01
   1.0080000000000000e+03  -7.4153553421743197e+01
   1.0090000000000000e+03  -7.4623653532995306e+01
   1.0100000000000000e+03  -7.4743507035999997e+01
   1.0110000000000000e+03  -7.5052485499512599e+01
   1.0120000000000000e+03  -7.4802282605722198e+01
   1.0130000000000000e+03  -7.4704421904562395e+01
   1.0140000000000000e+03  -7.4388816105553204e+01
   1.0150000000000000e+03  -7.3915910472240000e+01
   1.0160000000000000e+03  -7.3583100829812395e+01
   1.0170000000000000e+03  -7.2970190214152296e+01
   1.0180000000000000e+03  -7.3087832068458297e+01
   1.0190000000000000e+03  -7.3169841115750600e+01
   1.0200000000000000e+03  -7.3527062343202900e+01
   1.0210000000000000e+03  -7.3428669725774299e+01
   1.0220000000000000e+03  -7.3440576311098496e+01
   1.0230000000000000e+03  -7.3450080079873104e+01
   1.0240000000000000e+03  -7.3588058973132803e+01
   1.0250000000000000e+03  -7.2914795873849400e+01
   1.0260000000000000e+03  -7.2911897320790601e+01
   1.0270000000000000e+03  -7.3262873198694606e+01
   1.0280000000000000e+03  -7.3638771176347205e+01
   1.0290000000000000e+03  -7.3544129597476299e+01
   1.0300000000000000e+03  -7.2977036945473500e+01
   1.0310000000000000e+03  -7.3736110642279797e+01
   1.0320000000000000e+03  -7.3670530901056694e+01
   1.0330000000000000e+03  -7.3805416714293500e+01
   1.0340000000000000e+03  -7.4346221962051601e+01
   1.0350000000000000e+03  -7.4399506520376406e+01
   1.0360000000000000e+03  -7.4679461015282399e+01
   1.0370000000000000e+03  -7.4904714688496597e+01
   1.0380000000000000e+03  -7.4982683065553303e+01
   1.0390000000000000e+03  -7.5105587097856002e+01
   1.0400000000000000e+03  -7.5117397324283004e+01
   1.0410000000000000e+03  -7.4871357669467599e+01
   1.0420000000000000e+03  -7.4976874822195597e+01
   1.0430000000000000e+03  -7.5206000377413403e+01
   1.0440000000000000e+03  -7.4938798733912805e+01
   1.0450000000000000e+03  -7.5254296228597894e+01
   1.0460000000000000e+03  -7.5446970975116400e+01
   1.0470000000000000e+03  -7.5521325412051695e+01
   1.0480000000000000e+03  -7.5955899852465194e+01
   1.0490000000000000e+03  -7.5593145882258995e+01
   1.0500000000000000e+03  -7.5783590031627497e+01
   1.0510000000000000e+03  -7.5521488336348995e+01
   1.0520000000000000e+03  -7.5477902440896798e+01
   1.0530000000000000e+03  -7.5047882441537297e+01
   1.0540000000000000e+03  -7.4861940771540603e+01
   1.0550000000000000e+03  -7.4411081436454694e+01
   1.0560000000000000e+03  -7.4693850140519203e+01
   1.0570000000000000e+03  -7.4022487998409005e+01
   1.0580000000000000e+03  -7.3686100350013106e+01
   1.0590000000000000e+03  -7.3555020568464798e+01
   1.0600000000000000e+03  -7.3301571235645994e+01
   1.0610000000000000e+03  -7.3317126830918596e+01
   1.0620000000000000e+03  -7.3595555033566399e+01
   1.0630000000000000e+03  -7.3664240825412193e+01
   1.0640000000000000e+03  -7.3271377996534000e+01
   1.0650000000000000e+03  -7.3880265614970995e+01
   1.0660000000000000e+03  -7.4204568095165797e+01
   1.0670000000000000e+03  -7.4572561879559501e+01
   1.0680000000000000e+03  -7.4343787735492100e+01
   1.0690000000000000e+03  -7.4298608462747893e+01
   1.0700000000000000e+03  -7.4269649210315507e+01
   1.0710000000000000e+03  -7.4044773039431703e+01
   1.0720000000000000e+03  -7.3940588293028398e+01
   1.0730000000000000e+03  -7.3584302833602806e+01
   1.0740000000000000e+03  -7.3677871701256393e+01
   1.0750000000000000e+03  -7.3524501311303396e+01
   1.0760000000000000e+03  -7.4161083868795998e+01
   1.0770000000000000e+03  -7.4124485744786895e+01
   1.0780000000000000e+03  -7.4158137119744396e+01
   1.0790000000000000e+03  -7.3454620559474407e+01
   1.0800000000000000e+03  -7.3626821426513303e+01
   1.0810000000000000e+03  -7.3430746913529106e+01
   1.0820000000000000e+03  -7.3702223243049005e+01
   1.0830000000000000e+03  -7.3767442985431501e+01
   1.0840000000000000e+03  -7.3667996240829893e+01
   1.0850000000000000e+03  -7.4213175745952498e+01
   1.0860000000000000e+03  -7.3903752239995001e+01
   1.0870000000000000e+03  -7.4012327400616400e+01
   1.0880000000000000e+03  -7.4413922679182704e+01
   1.0890000000000000e+03  -7.4292434527172006e+01
   1.0900000000000000e+03  -7.3887190578432197e+01
   1.0910000000000000e+03  -7.3830763328436703e+01
   1.0920000000000000e+03  -7.3981564415568499e+01
   1.0930000000000000e+03  -7.4209818373782298e+01
   1.0940000000000000e+03  -7.3876203742381094e+01
