  -1.0000000000000000e+02  -7.5439919857604707e+01
  -9.9000000000000000e+01  -7.5623420465503102e+01
  -9.8000000000000000e+01  -7.5514782007215203e+01
  -9.7000000000000000e+01  -7.5980353580513693e+01
  -9.6000000000000000e+01  -7.5860340839916304e+01
  -9.5000000000000000e+01  -7.5550053207219406e+01
  -9.4000000000000000e+01  -7.5564308546194695e+01
  -9.3000000000000000e+01  -7.5290986535702302e+01
  -9.2000000000000000e+01  -7.4881090371076894e+01
  -9.1000000000000000e+01  -7.4916686074033294e+01
  -9.0000000000000000e+01  -7.5157305990523398e+01
  -8.9000000000000000e+01  -7.4827319706426707e+01
  -8.8000000000000000e+01  -7.4422760949337700e+01
  -8.7000000000000000e+01  -7.4401215239879306e+01
  -8.6000000000000000e+01  -7.4038647669042106e+01
  -8.5000000000000000e+01  -7.3827265127149303e+01
  -8.4000000000000000e+01  -7.4005746134236205e+01
  -8.3000000000000000e+01  -7.4091569515165901e+01
  -8.2000000000000000e+01  -7.4129486256907200e+01
  -8.1000000000000000e+01  -7.4476887289675403e+01
  -8.0000000000000000e+01  -7.4191105705268896e+01
  -7.9000000000000000e+01  -7.4164558743426596e+01
  -7.8000000000000000e+01  -7.4165776359019802e+01
  -7.7000000000000000e+01  -7.4040657267755904e+01
  -7.6000000000000000e+01  -7.4057751290626200e+01
  -7.5000000000000000e+01  -7.4219074469765602e+01
  -7.4000000000000000e+01  -7.4508847614372101e+01
  -7.3000000000000000e+01  -7.4323526671236195e+01
  -7.2000000000000000e+01  -7.4743643422692301e+01
  -7.1000000000000000e+01  -7.4345437311254102e+01
  -7.0000000000000000e+01  -7.4526453231527498e+01
  -6.9000000000000000e+01  -7.4511059917023204e+01
  -6.8000000000000000e+01  -7.4470588694410495e+01
  -6.7000000000000000e+01  -7.4494819221032401e+01
  -6.6000000000000000e+01  -7.4459515942055603e+01
  -6.5000000000000000e+01  -7.4624569157830905e+01
  -6.4000000000000000e+01  -7.4572474760112200e+01
  -6.3000000000000000e+01  -7.4409270943311100e+01
  -6.2000000000000000e+01  -7.3873594604224706e+01
  -6.1000000000000000e+01  -7.4452026181310700e+01
  -6.0000000000000000e+01  -7.4445918389532096e+01
  -5.9000000000000000e+01  -7.4879769714474094e+01
  -5.8000000000000000e+01  -7.4784886967302796e+01
  -5.7000000000000000e+01  -7.4362087461831095e+01
  -5.6000000000000000e+01  -7.4237060197053594e+01
  -5.5000000000000000e+01  -7.4062304131071897e+01
  -5.4000000000000000e+01  -7.3626446569481104e+01
  -5.3000000000000000e+01  -7.3477791105756694e+01
  -5.2000000000000000e+01  -7.3608837445527399e+01
  -5.1000000000000000e+01  -7.3312377238869104e+01
  -5.0000000000000000e+01  -7.3116420547242697e+01
  -4.9000000000000000e+01  -7.2854036935517996e+01
  -4.8000000000000000e+01  -7.2772581555803100e+01
  -4.7000000000000000e+01  -7.2757681564562901e+01
  -4.6000000000000000e+01  -7.2346769215714900e+01
  -4.5000000000000000e+01  -7.2291966985042606e+01
  -4.4000000000000000e+01  -7.2044788933042994e+01
  -4.3000000000000000e+01  -7.2347998618154307e+01
  -4.2000000000000000e+01  -7.2216024165687600e+01
  -4.1000000000000000e+01  -7.2164732717875196e+01
  -4.0000000000000000e+01  -7.1756757496665898e+01
  -3.9000000000000000e+01  -7.1901383389355601e+01
  -3.8000000000000000e+01  -7.2069599527040793e+01
  -3.7000000000000000e+01  -7.2285940382362099e+01
  -3.6000000000000000e+01  -7.1929278568764403e+01
  -3.5000000000000000e+01  -7.1810618094749998e+01
  -3.4000000000000000e+01  -7.1740991654450895e+01
  -3.3000000000000000e+01  -7.1432269801484594e+01
  -3.2000000000000000e+01  -7.1022143061702096e+01
  -3.1000000000000000e+01  -7.0838020674493507e+01
  -3.0000000000000000e+01  -7.0115098410667201e+01
  -2.9000000000000000e+01  -7.0062572575799294e+01
  -2.8000000000000000e+01  -7.0307093454086797e+01
  -2.7000000000000000e+01  -7.0379026902385206e+01
  -2.6000000000000000e+01  -7.0342703495307106e+01
  -2.5000000000000000e+01  -7.0098228532101999e+01
  -2.4000000000000000e+01  -6.9524488355533293e+01
  -2.3000000000000000e+01  -6.9509339589201701e+01
  -2.2000000000000000e+01  -6.9061516980408697e+01
  -2.1000000000000000e+01  -6.8881265708983307e+01
  -2.0000000000000000e+01  -6.8677198114380403e+01
  -1.9000000000000000e+01  -6.8545557639842798e+01
  -1.8000000000000000e+01  -6.8147274992904102e+01
  -1.7000000000000000e+01  -6.8073263359703205e+01
  -1.6000000000000000e+01  -6.7835512107430603e+01
  -1.5000000000000000e+01  -6.6954884860693895e+01
  -1.4000000000000000e+01  -6.6380946527660697e+01
  -1.3000000000000000e+01  -6.5866699433471197e+01
  -1.2000000000000000e+01  -6.5038660790062906e+01
  -1.1000000000000000e+01  -6.5015400270112906e+01
  -1.0000000000000000e+01  -6.5018708183721898e+01
  -9.0000000000000000e+00  -6.4787100726074797e+01
  -8.0000000000000000e+00  -6.3687396531610403e+01
  -7.0000000000000000e+00  -6.2724222053488198e+01
  -6.0000000000000000e+00  -6.1734806316350202e+01
  -5.0000000000000000e+00  -6.0569786153964401e+01
  -4.0000000000000000e+00  -5.9553034770777799e+01
  -3.0000000000000000e+00  -5.7711751424554798e+01
  -2.0000000000000000e+00  -5.5065385350843101e+01
  -1.0000000000000000e+00  -4.8143295886964701e+01
   0.0000000000000000e+00  -2.2877012778053100e+01
   1.0000000000000000e+00  -5.9052869664048002e-01
   2.0000000000000000e+00   1.3093328940208600e+01
   3.0000000000000000e+00   1.9967223773996398e+01
   4.0000000000000000e+00   2.3586169113855600e+01
   5.0000000000000000e+00   2.5803427922604499e+01
   6.0000000000000000e+00   2.6938212433933700e+01
   7.0000000000000000e+00   2.6745944241598401e+01
   8.0000000000000000e+00   2.7106145322883400e+01
   9.0000000000000000e+00   2.6921787484415098e+01
   1.0000000000000000e+01   2.6990264496858899e+01
   1.1000000000000000e+01   2.7169568819633799e+01
   1.2000000000000000e+01   2.7668419243429099e+01
   1.3000000000000000e+01   2.8120289776442402e+01
   1.4000000000000000e+01   2.8547665697236500e+01
   1.5000000000000000e+01   2.8395980792991200e+01
   1.6000000000000000e+01   2.9411679874735999e+01
   1.7000000000000000e+01   2.9810933456091099e+01
   1.8000000000000000e+01   3.0259199389165602e+01
   1.9000000000000000e+01   3.0399352112828900e+01
   2.0000000000000000e+01   3.0667914054924800e+01
   2.1000000000000000e+01   3.0982064857882101e+01
   2.2000000000000000e+01   3.1137247985548601e+01
   2.3000000000000000e+01   3.1305982732868799e+01
   2.4000000000000000e+01   3.1547688015741102e+01
   2.5000000000000000e+01   3.1744832464252902e+01
   2.6000000000000000e+01   3.1684816247043400e+01
   2.7000000000000000e+01   3.1897349069774400e+01
   2.8000000000000000e+01   3.2075283690877399e+01
   2.9000000000000000e+01   3.1898799437992700e+01
   3.0000000000000000e+01   3.1733796155098901e+01
   3.1000000000000000e+01   3.1889020905355100e+01
   3.2000000000000000e+01   3.2000522254798099e+01
   3.3000000000000000e+01   3.2340900412462098e+01
   3.4000000000000000e+01   3.2325301590865003e+01
   3.5000000000000000e+01   3.2335263204459800e+01
   3.6000000000000000e+01   3.2225488667800597e+01
   3.7000000000000000e+01   3.2313040929858701e+01
   3.8000000000000000e+01   3.2092422306469103e+01
   3.9000000000000000e+01   3.2166155069174003e+01
   4.0000000000000000e+01   3.2005371702851399e+01
   4.1000000000000000e+01   3.2435135410900401e+01
   4.2000000000000000e+01   3.2452058337964203e+01
   4.3000000000000000e+01   3.2411169034351701e+01
   4.4000000000000000e+01   3.2748187829343500e+01
   4.5000000000000000e+01   3.2670793880371903e+01
   4.6000000000000000e+01   3.2550898802625198e+01
   4.7000000000000000e+01   3.2339939272745802e+01
   4.8000000000000000e+01   3.2138536704882100e+01
   4.9000000000000000e+01   3.2455551922244602e+01
   5.0000000000000000e+01   3.2836022440332201e+01
   5.1000000000000000e+01   3.3119466913025597e+01
   5.2000000000000000e+01   3.2988496998172998e+01
   5.3000000000000000e+01   3.2960484390862902e+01
   5.4000000000000000e+01   3.2943527657839802e+01
   5.5000000000000000e+01   3.3378261879923997e+01
   5.6000000000000000e+01   3.3544917559901400e+01
   5.7000000000000000e+01   3.3463551780482597e+01
   5.8000000000000000e+01   3.3465024116282997e+01
   5.9000000000000000e+01   3.3579104717576698e+01
   6.0000000000000000e+01   3.3442582572214000e+01
   6.1000000000000000e+01   3.3621752727968001e+01
   6.2000000000000000e+01   3.3879420560747398e+01
   6.3000000000000000e+01   3.3897212295259898e+01
   6.4000000000000000e+01   3.4132816114686300e+01
   6.5000000000000000e+01   3.4558567450209203e+01
   6.6000000000000000e+01   3.4643527381398400e+01
   6.7000000000000000e+01   3.4956577357055799e+01
   6.8000000000000000e+01   3.5425619562838698e+01
   6.9000000000000000e+01   3.5508224114248499e+01
   7.0000000000000000e+01   3.5226487047898303e+01
   7.1000000000000000e+01   3.5397286063050302e+01
   7.2000000000000000e+01   3.6271235522792601e+01
   7.3000000000000000e+01   3.6777520292109401e+01
   7.4000000000000000e+01   3.6691753942238300e+01
   7.5000000000000000e+01   3.7069638076281997e+01
   7.6000000000000000e+01   3.7129596555837900e+01
   7.7000000000000000e+01   3.7449440183931301e+01
   7.8000000000000000e+01   3.7031243399151201e+01
   7.9000000000000000e+01   3.6941558799236702e+01
   8.0000000000000000e+01   3.7448765668859103e+01
   8.1000000000000000e+01   3.7668070984380101e+01
   8.2000000000000000e+01   3.7671479554729601e+01
   8.3000000000000000e+01   3.7609749464543597e+01
   8.4000000000000000e+01   3.7628558755129603e+01
   8.5000000000000000e+01   3.7448015216285803e+01
   8.6000000000000000e+01   3.7593031405951898e+01
   8.7000000000000000e+01   3.7368362107662897e+01
   8.8000000000000000e+01   3.7602268080411200e+01
   8.9000000000000000e+01   3.7772039437458297e+01
   9.0000000000000000e+01   3.7898668359417002e+01
   9.1000000000000000e+01   3.7714327281053997e+01
   9.2000000000000000e+01   3.8008816712239998e+01
   9.3000000000000000e+01   3.7998972489524903e+01
   9.4000000000000000e+01   3.8167715373532801e+01
   9.5000000000000000e+01   3.8545420180156903e+01
   9.6000000000000000e+01   3.8463701343655103e+01
   9.7000000000000000e+01   3.7992253462211302e+01
   9.8000000000000000e+01   3.8101001854413298e+01
   9.9000000000000000e+01   3.8081851784849597e+01
   1.0000000000000000e+02   3.8259126674417701e+01
   1.0100000000000000e+02   3.8225044350652503e+01
   1.0200000000000000e+02   3.7857087154905301e+01
   1.0300000000000000e+02   3.8022068945959703e+01
   1.0400000000000000e+02   3.7940206801761903e+01
   1.0500000000000000e+02   3.7849041641138797e+01
   1.0600000000000000e+02   3.8339110272378797e+01
   1.0700000000000000e+02   3.8357642244729703e+01
   1.0800000000000000e+02   3.8336604999603900e+01
   1.0900000000000000e+02   3.7898268053465898e+01
   1.1000000000000000e+02   3.7735227544223903e+01
   1.1100000000000000e+02   3.7926120477155500e+01
   1.1200000000000000e+02   3.7354537734069801e+01
   1.1300000000000000e+02   3.7331813048936702e+01
   1.1400000000000000e+02   3.7128754172778102e+01
   1.1500000000000000e+02   3.7206847028669699e+01
   1.1600000000000000e+02   3.7005274657329998e+01
   1.1700000000000000e+02   3.7184350838655398e+01
   1.1800000000000000e+02   3.6710264129960400e+01
   1.1900000000000000e+02   3.6365807248325602e+01
   1.2000000000000000e+02   3.6474787540596800e+01
   1.2100000000000000e+02   3.6221665838567702e+01
   1.2200000000000000e+02   3.5983866245885700e+01
   1.2300000000000000e+02   3.5646063439842401e+01
   1.2400000000000000e+02   3.6340335699194497e+01
   1.2500000000000000e+02   3.6551643816771602e+01
   1.2600000000000000e+02   3.6558905548308999e+01
   1.2700000000000000e+02   3.6324308285154999e+01
   1.2800000000000000e+02   3.6132068210705000e+01
   1.2900000000000000e+02   3.5939772482051303e+01
   1.3000000000000000e+02   3.5855237561762401e+01
   1.3100000000000000e+02   3.5937074505046603e+01
   1.3200000000000000e+02   3.5841325159187598e+01
   1.3300000000000000e+02   3.5817956799470799e+01
   1.3400000000000000e+02   3.5713098100115701e+01
   1.3500000000000000e+02   3.4996872024323402e+01
   1.3600000000000000e+02   3.4962810383480900e+01
   1.3700000000000000e+02   3.5100099869372102e+01
   1.3800000000000000e+02   3.5010094633663101e+01
   1.3900000000000000e+02   3.5252309977535504e+01
   1.4000000000000000e+02   3.5337599522337797e+01
   1.4100000000000000e+02   3.5604124085957501e+01
   1.4200000000000000e+02   3.5183264814520903e+01
   1.4300000000000000e+02   3.5082808852288203e+01
   1.4400000000000000e+02   3.5301942254910202e+01
   1.4500000000000000e+02   3.5181637131102001e+01
   1.4600000000000000e+02   3.5592023695130699e+01
   1.4700000000000000e+02   3.5254216850066598e+01
   1.4800000000000000e+02   3.5386226151911401e+01
   1.4900000000000000e+02   3.5567453733792803e+01
   1.5000000000000000e+02   3.5255746814603299e+01
   1.5100000000000000e+02   3.5247107326590999e+01
   1.5200000000000000e+02   3.4786359021206799e+01
   1.5300000000000000e+02   3.4239902128556899e+01
   1.5400000000000000e+02   3.3931253033643500e+01
   1.5500000000000000e+02   3.3649787390582397e+01
   1.5600000000000000e+02   3.3848885102059597e+01
   1.5700000000000000e+02   3.3526511947470297e+01
   1.5800000000000000e+02   3.3458135248537303e+01
   1.5900000000000000e+02   3.3256315468447497e+01
   1.6000000000000000e+02   3.3368388384101799e+01
   1.6100000000000000e+02   3.3669852776394400e+01
   1.6200000000000000e+02   3.3396645649876099e+01
   1.6300000000000000e+02   3.3354868642180101e+01
   1.6400000000000000e+02   3.3614730987113496e+01
   1.6500000000000000e+02   3.3804024438144197e+01
   1.6600000000000000e+02   3.3898290443813998e+01
   1.6700000000000000e+02   3.3760912130819598e+01
   1.6800000000000000e+02   3.2968804649043797e+01
   1.6900000000000000e+02   3.2972353675527202e+01
   1.7000000000000000e+02   3.2850162882591697e+01
   1.7100000000000000e+02   3.2570730399217098e+01
   1.7200000000000000e+02   3.2650022592557100e+01
   1.7300000000000000e+02   3.2149766734212498e+01
   1.7400000000000000e+02   3.2123399313401400e+01
   1.7500000000000000e+02   3.1554591370224401e+01
   1.7600000000000000e+02   3.1620573317505201e+01
   1.7700000000000000e+02   3.1840351858326901e+01
   1.7800000000000000e+02   3.1941165383966101e+01
   1.7900000000000000e+02   3.2121566175787997e+01
   1.8000000000000000e+02   3.2019675057579498e+01
   1.8100000000000000e+02   3.1694487688579301e+01
   1.8200000000000000e+02   3.1325054261697101e+01
   1.8300000000000000e+02   3.0853617503442099e+01
   1.8400000000000000e+02   3.0278020315622800e+01
   1.8500000000000000e+02   2.9950698497059701e+01
   1.8600000000000000e+02   3.0197719049564402e+01
   1.8700000000000000e+02   2.9748784433143900e+01
   1.8800000000000000e+02   2.9866554710596802e+01
   1.8900000000000000e+02   2.9704771311291399e+01
   1.9000000000000000e+02   2.9630613177765500e+01
   1.9100000000000000e+02   3.0018969420494901e+01
   1.9200000000000000e+02   3.0026313286654901e+01
   1.9300000000000000e+02   2.9755262901876900e+01
   1.9400000000000000e+02   2.9832413853748101e+01
   1.9500000000000000e+02   2.9854071139478499e+01
   1.9600000000000000e+02   2.9748044906334300e+01
   1.9700000000000000e+02   2.9630760624663399e+01
   1.9800000000000000e+02   2.9558631141335901e+01
   1.9900000000000000e+02   2.9506814036022401e+01
   2.0000000000000000e+02   2.9116415112249999e+01
   2.0100000000000000e+02   2.8823314298358898e+01
   2.0200000000000000e+02   2.9493177026345901e+01
   2.0300000000000000e+02   2.9438804826243601e+01
   2.0400000000000000e+02   2.8914412669910998e+01
   2.0500000000000000e+02   2.8962929856578398e+01
   2.0600000000000000e+02   2.9068654702431900e+01
   2.0700000000000000e+02   2.9328795157235600e+01
   2.0800000000000000e+02   2.8080347183884498e+01
   2.0900000000000000e+02   2.7935911287771500e+01
   2.1000000000000000e+02   2.7910731003825401e+01
   2.1100000000000000e+02   2.7626160705453501e+01
   2.1200000000000000e+02   2.7220197749669200e+01
   2.1300000000000000e+02   2.6786884545637900e+01
   2.1400000000000000e+02   2.6727344696504598e+01
   2.1500000000000000e+02   2.6107895510815499e+01
   2.1600000000000000e+02   2.6321170091279200e+01
   2.1700000000000000e+02   2.6351483618916500e+01
   2.1800000000000000e+02   2.6277428001436100e+01
   2.1900000000000000e+02   2.6454293045956899e+01
   2.2000000000000000e+02   2.6463317717921900e+01
   2.2100000000000000e+02   2.6501750263556101e+01
   2.2200000000000000e+02   2.6420201627469101e+01
   2.2300000000000000e+02   2.6302779646965099e+01
   2.2400000000000000e+02   2.6433035225541001e+01
   2.2500000000000000e+02   2.6299672488535901e+01
   2.2600000000000000e+02   2.6303862073516900e+01
   2.2700000000000000e+02   2.6264381234992101e+01
   2.2800000000000000e+02   2.6583402240197600e+01
   2.2900000000000000e+02   2.6470075731969601e+01
   2.3000000000000000e+02   2.6059880484201400e+01
   2.3100000000000000e+02   2.5836055439534501e+01
   2.3200000000000000e+02   2.5531488817341199e+01
   2.3300000000000000e+02   2.5096318691784301e+01
   2.3400000000000000e+02   2.4643203621304298e+01
   2.3500000000000000e+02   2.4644784775756001e+01
   2.3600000000000000e+02   2.4916978964956201e+01
   2.3700000000000000e+02   2.4694134265382601e+01
   2.3800000000000000e+02   2.4233591005693000e+01
   2.3900000000000000e+02   2.4689455806331999e+01
   2.4000000000000000e+02   2.4703909190912999e+01
   2.4100000000000000e+02   2.4944533151160499e+01
   2.4200000000000000e+02   2.5244930401826000e+01
   2.4300000000000000e+02   2.4983270977114401e+01
   2.4400000000000000e+02   2.4801333911499601e+01
   2.4500000000000000e+02   2.5000857787914700e+01
   2.4600000000000000e+02   2.5084004482350000e+01
   2.4700000000000000e+02   2.4713639305086101e+01
   2.4800000000000000e+02   2.4060229028102398e+01
   2.4900000000000000e+02   2.3583632448765499e+01
   2.5000000000000000e+02   2.3637599834486899e+01
   2.5100000000000000e+02   2.3759804951983899e+01
   2.5200000000000000e+02   2.3756853211430201e+01
   2.5300000000000000e+02   2.4034135360819700e+01
   2.5400000000000000e+02   2.4242917964256499e+01
   2.5500000000000000e+02   2.3698364562691300e+01
   2.5600000000000000e+02   2.3013205002762302e+01
   2.5700000000000000e+02   2.2938974549390501e+01
   2.5800000000000000e+02   2.3221168879256101e+01
   2.5900000000000000e+02   2.2975209204893400e+01
   2.6000000000000000e+02   2.2850468047267501e+01
   2.6100000000000000e+02   2.2730249853005901e+01
   2.6200000000000000e+02   2.2696295569752301e+01
   2.6300000000000000e+02   2.2462683766617602e+01
   2.6400000000000000e+02   2.2329881990377100e+01
   2.6500000000000000e+02   2.2624873002436900e+01
   2.6600000000000000e+02   2.2781965051701999e+01
   2.6700000000000000e+02   2.3213113416248600e+01
   2.6800000000000000e+02   2.2539037274939101e+01
   2.6900000000000000e+02   2.2708585436108201e+01
   2.7000000000000000e+02   2.2693042346992801e+01
   2.7100000000000000e+02   2.2597680778702099e+01
   2.7200000000000000e+02   2.2813350653657800e+01
   2.7300000000000000e+02   2.2963723264429401e+01
   2.7400000000000000e+02   2.2736159952456600e+01
   2.7500000000000000e+02   2.2237093667408899e+01
   2.7600000000000000e+02   2.1566427938564200e+01
   2.7700000000000000e+02   2.1203009138255101e+01
   2.7800000000000000e+02   2.1387155285185401e+01
   2.7900000000000000e+02   2.2200024854538899e+01
   2.8000000000000000e+02   2.2163392053112901e+01
   2.8100000000000000e+02   2.2277899567102800e+01
   2.8200000000000000e+02   2.2496699171257401e+01
   2.8300000000000000e+02   2.2238519666973399e+01
   2.8400000000000000e+02   2.1939051297806099e+01
   2.8500000000000000e+02   2.1899928537557500e+01
   2.8600000000000000e+02   2.1932390601441899e+01
   2.8700000000000000e+02   2.1722771777070299e+01
   2.8800000000000000e+02   2.2175117863784099e+01
   2.8900000000000000e+02   2.2046324695675700e+01
   2.9000000000000000e+02   2.1662714864270800e+01
   2.9100000000000000e+02   2.1934951921665100e+01
   2.9200000000000000e+02   2.2077376174345400e+01
   2.9300000000000000e+02   2.2114918496576198e+01
   2.9400000000000000e+02   2.2227290352748700e+01
   2.9500000000000000e+02   2.2439321732876198e+01
   2.9600000000000000e+02   2.2190494820743201e+01
   2.9700000000000000e+02   2.1987583284964799e+01
   2.9800000000000000e+02   2.2403216784809601e+01
   2.9900000000000000e+02   2.2073818781792600e+01
   3.0000000000000000e+02   2.1530339172243501e+01
   3.0100000000000000e+02   2.1335168833205799e+01
   3.0200000000000000e+02   2.1044757591894701e+01
   3.0300000000000000e+02   2.1441224360167698e+01
   3.0400000000000000e+02   2.1396226695855500e+01
   3.0500000000000000e+02   2.0725212668789201e+01
   3.0600000000000000e+02   2.0682328747724000e+01
   3.0700000000000000e+02   2.0632449794949402e+01
   3.0800000000000000e+02   1.9963388324643098e+01
   3.0900000000000000e+02   1.9939100240437000e+01
   3.1000000000000000e+02   2.0236746418952201e+01
   3.1100000000000000e+02   2.0320989006829802e+01
   3.1200000000000000e+02   2.0527714988275399e+01
   3.1300000000000000e+02   2.0078456337993600e+01
   3.1400000000000000e+02   2.0190286915809800e+01
   3.1500000000000000e+02   1.9772378998269499e+01
   3.1600000000000000e+02   1.8942986255349201e+01
   3.1700000000000000e+02   1.8277550085549599e+01
   3.1800000000000000e+02   1.8303849527814499e+01
   3.1900000000000000e+02   1.8015626869362400e+01
   3.2000000000000000e+02   1.7698132201430699e+01
   3.2100000000000000e+02   1.6973027014082700e+01
   3.2200000000000000e+02   1.6489399326977299e+01
   3.2300000000000000e+02   1.6312195228442501e+01
   3.2400000000000000e+02   1.6289182577106001e+01
   3.2500000000000000e+02   1.6351196124417399e+01
   3.2600000000000000e+02   1.6513273354692100e+01
   3.2700000000000000e+02   1.6709425628367399e+01
   3.2800000000000000e+02   1.6113216877629501e+01
   3.2900000000000000e+02   1.5863357429340301e+01
   3.3000000000000000e+02   1.5767586691760000e+01
   3.3100000000000000e+02   1.5484763334863000e+01
   3.3200000000000000e+02   1.5763583617224400e+01
   3.3300000000000000e+02   1.5423167988544900e+01
   3.3400000000000000e+02   1.5430930275553800e+01
   3.3500000000000000e+02   1.5478123876497801e+01
   3.3600000000000000e+02   1.5240033342392101e+01
   3.3700000000000000e+02   1.5466225332701400e+01
   3.3800000000000000e+02   1.5187416386972300e+01
   3.3900000000000000e+02   1.4521704303878600e+01
   3.4000000000000000e+02   1.4690601099105301e+01
   3.4100000000000000e+02   1.4115862621686601e+01
   3.4200000000000000e+02   1.3719013451664701e+01
   3.4300000000000000e+02   1.3929949269564400e+01
   3.4400000000000000e+02   1.3844184856878501e+01
   3.4500000000000000e+02   1.3597422994693400e+01
   3.4600000000000000e+02   1.3090620028994399e+01
   3.4700000000000000e+02   1.2787451286016699e+01
   3.4800000000000000e+02   1.2830018650343600e+01
   3.4900000000000000e+02   1.2256030998440000e+01
   3.5000000000000000e+02   1.2020904520530500e+01
   3.5100000000000000e+02   1.1944314233334000e+01
   3.5200000000000000e+02   1.1852889622593301e+01
   3.5300000000000000e+02   1.1360281852330299e+01
   3.5400000000000000e+02   1.1092398326463400e+01
   3.5500000000000000e+02   1.1009780297777400e+01
   3.5600000000000000e+02   1.0499972160227200e+01
   3.5700000000000000e+02   1.0765769558087600e+01
   3.5800000000000000e+02   1.0879818391208600e+01
   3.5900000000000000e+02   1.0587519115749799e+01
   3.6000000000000000e+02   1.0873908714077301e+01
   3.6100000000000000e+02   1.0626433059200600e+01
   3.6200000000000000e+02   1.0368098518114101e+01
   3.6300000000000000e+02   9.9880085880362106e+00
   3.6400000000000000e+02   9.8595331968084299e+00
   3.6500000000000000e+02   9.9979525957048203e+00
   3.6600000000000000e+02   9.5145013968847394e+00
   3.6700000000000000e+02   9.5057708005794197e+00
   3.6800000000000000e+02   8.3980684180906895e+00
   3.6900000000000000e+02   8.3896015834465398e+00
   3.7000000000000000e+02   8.2837979458629896e+00
   3.7100000000000000e+02   8.3918534364237907e+00
   3.7200000000000000e+02   8.5739829675674706e+00
   3.7300000000000000e+02   8.0701081898627702e+00
   3.7400000000000000e+02   8.0147411233773997e+00
   3.7500000000000000e+02   7.6886435468383798e+00
   3.7600000000000000e+02   7.4584201542635604e+00
   3.7700000000000000e+02   7.5915651718093002e+00
   3.7800000000000000e+02   7.0830087560495496e+00
   3.7900000000000000e+02   7.0479185916011602e+00
   3.8000000000000000e+02   6.5077060299290199e+00
   3.8100000000000000e+02   6.2383546188127497e+00
   3.8200000000000000e+02   5.6834641203440297e+00
   3.8300000000000000e+02   6.0711571282269299e+00
   3.8400000000000000e+02   6.0554346040834401e+00
   3.8500000000000000e+02   5.8451987006329897e+00
   3.8600000000000000e+02   5.9017964065976001e+00
   3.8700000000000000e+02   5.4283216548630904e+00
   3.8800000000000000e+02   5.4084133891452204e+00
   3.8900000000000000e+02   5.1069893765064700e+00
   3.9000000000000000e+02   5.0321779880108402e+00
   3.9100000000000000e+02   4.9790197691894500e+00
   3.9200000000000000e+02   4.6256179017776899e+00
   3.9300000000000000e+02   4.6069509909844699e+00
   3.9400000000000000e+02   4.3098057634214504e+00
   3.9500000000000000e+02   4.1512821772106596e+00
   3.9600000000000000e+02   3.2185038070344301e+00
   3.9700000000000000e+02   3.0108379053382799e+00
   3.9800000000000000e+02   2.7001980607734799e+00
   3.9900000000000000e+02   2.3109237003917298e+00
   4.0000000000000000e+02   1.4779247971865399e+00
   4.0100000000000000e+02   1.3410215336515701e+00
   4.0200000000000000e+02   1.5239499654396900e+00
   4.0300000000000000e+02   1.4863316437132601e+00
   4.0400000000000000e+02   1.2230384874474001e+00
   4.0500000000000000e+02   7.3840387700023102e-01
   4.0600000000000000e+02   5.1836859947752600e-01
   4.0700000000000000e+02   4.3198607598714300e-01
   4.0800000000000000e+02   3.6260360417463700e-01
   4.0900000000000000e+02   4.7699405531700001e-01
   4.1000000000000000e+02   3.6600335516592603e-01
   4.1100000000000000e+02   2.9556002986295798e-01
   4.1200000000000000e+02   1.6356947145470799e-01
   4.1300000000000000e+02  -1.6116183537913700e-01
   4.1400000000000000e+02  -4.6343514844254202e-01
   4.1500000000000000e+02  -6.8007714947178000e-01
   4.1600000000000000e+02  -1.0263348225762201e+00
   4.1700000000000000e+02  -9.3269033997184403e-01
   4.1800000000000000e+02  -1.0826761848981801e+00
   4.1900000000000000e+02  -1.5165317951754900e+00
   4.2000000000000000e+02  -2.2283597384365299e+00
   4.2100000000000000e+02  -2.8889550124722398e+00
   4.2200000000000000e+02  -3.1428193036073901e+00
   4.2300000000000000e+02  -2.9526556206906100e+00
   4.2400000000000000e+02  -2.9838565004557100e+00
   4.2500000000000000e+02  -3.4598211261176801e+00
   4.2600000000000000e+02  -3.8442343783495199e+00
   4.2700000000000000e+02  -4.2240721004747304e+00
   4.2800000000000000e+02  -4.6938814609159296e+00
   4.2900000000000000e+02  -5.1131241387736699e+00
   4.3000000000000000e+02  -5.2398807122399402e+00
   4.3100000000000000e+02  -5.7583537311672401e+00
   4.3200000000000000e+02  -6.3254321088998404e+00
   4.3300000000000000e+02  -6.6629469863720496e+00
   4.3400000000000000e+02  -6.7867015045588097e+00
   4.3500000000000000e+02  -7.3655421114049799e+00
   4.3600000000000000e+02  -7.9914674044036103e+00
   4.3700000000000000e+02  -8.4708187521752407e+00
   4.3800000000000000e+02  -9.0218838420948906e+00
   4.3900000000000000e+02  -8.8740070796106902e+00
   4.4000000000000000e+02  -8.7898090705600698e+00
   4.4100000000000000e+02  -9.2194256333397799e+00
   4.4200000000000000e+02  -8.9703021407032999e+00
   4.4300000000000000e+02  -9.4225048313286699e+00
   4.4400000000000000e+02  -9.2219459177151997e+00
   4.4500000000000000e+02  -9.3611285661161894e+00
   4.4600000000000000e+02  -9.7104572411049901e+00
   4.4700000000000000e+02  -9.9964051556596996e+00
   4.4800000000000000e+02  -9.7946210957127295e+00
   4.4900000000000000e+02  -1.0050945345925101e+01
   4.5000000000000000e+02  -9.8551120118614701e+00
   4.5100000000000000e+02  -1.0157191826736900e+01
   4.5200000000000000e+02  -1.0897607114481699e+01
   4.5300000000000000e+02  -1.0900363679810001e+01
   4.5400000000000000e+02  -1.1484860339298899e+01
   4.5500000000000000e+02  -1.1115343256715100e+01
   4.5600000000000000e+02  -1.1060547500897300e+01
   4.5700000000000000e+02  -1.1630310999752700e+01
   4.5800000000000000e+02  -1.1882522255321900e+01
   4.5900000000000000e+02  -1.2114471822640400e+01
   4.6000000000000000e+02  -1.2524009609554501e+01
   4.6100000000000000e+02  -1.3042960563923200e+01
   4.6200000000000000e+02  -1.3737727961840200e+01
   4.6300000000000000e+02  -1.4165823749556800e+01
   4.6400000000000000e+02  -1.4884278847376301e+01
   4.6500000000000000e+02  -1.4628901245399000e+01
   4.6600000000000000e+02  -1.5027002570843599e+01
   4.6700000000000000e+02  -1.5244994366471300e+01
   4.6800000000000000e+02  -1.5489498609965000e+01
   4.6900000000000000e+02  -1.5903885441610200e+01
   4.7000000000000000e+02  -1.6358347749392699e+01
   4.7100000000000000e+02  -1.6657541509190601e+01
   4.7200000000000000e+02  -1.7061645513319601e+01
   4.7300000000000000e+02  -1.8317032291191300e+01
   4.7400000000000000e+02  -1.8791570095877098e+01
   4.7500000000000000e+02  -1.8837154173528099e+01
   4.7600000000000000e+02  -1.9213978739551401e+01
   4.7700000000000000e+02  -1.8784829939170500e+01
   4.7800000000000000e+02  -1.9124485317146501e+01
   4.7900000000000000e+02  -1.9902934167285501e+01
   4.8000000000000000e+02  -2.0616686829881601e+01
   4.8100000000000000e+02  -2.1021545792890901e+01
   4.8200000000000000e+02  -2.1240949734368499e+01
   4.8300000000000000e+02  -2.1421285457412999e+01
   4.8400000000000000e+02  -2.1996925573370898e+01
   4.8500000000000000e+02  -2.2749088543182900e+01
   4.8600000000000000e+02  -2.2872775990289899e+01
   4.8700000000000000e+02  -2.3207168524676600e+01
   4.8800000000000000e+02  -2.4107625197420600e+01
   4.8900000000000000e+02  -2.4927816924831799e+01
   4.9000000000000000e+02  -2.5230970671343101e+01
   4.9100000000000000e+02  -2.5344478713232899e+01
   4.9200000000000000e+02  -2.5831904777938000e+01
   4.9300000000000000e+02  -2.6123385543705400e+01
   4.9400000000000000e+02  -2.6056094517275898e+01
   4.9500000000000000e+02  -2.6070105283267800e+01
   4.9600000000000000e+02  -2.6371534377190500e+01
   4.9700000000000000e+02  -2.7221865195274098e+01
   4.9800000000000000e+02  -2.8183518602330100e+01
   4.9900000000000000e+02  -2.8676412902960401e+01
   5.0000000000000000e+02  -2.9368459428152299e+01
   5.0100000000000000e+02  -3.0084449869623700e+01
   5.0200000000000000e+02  -3.0854403064108599e+01
   5.0300000000000000e+02  -3.1206802602893902e+01
   5.0400000000000000e+02  -3.1867728518485499e+01
   5.0500000000000000e+02  -3.1949424957680101e+01
   5.0600000000000000e+02  -3.2830284350914503e+01
   5.0700000000000000e+02  -3.3230061467117800e+01
   5.0800000000000000e+02  -3.3596154333271102e+01
   5.0900000000000000e+02  -3.3952976070747397e+01
   5.1000000000000000e+02  -3.4538855258039099e+01
   5.1100000000000000e+02  -3.4862213483518197e+01
   5.1200000000000000e+02  -3.5212033474711198e+01
   5.1300000000000000e+02  -3.5780316801817200e+01
   5.1400000000000000e+02  -3.6095918856228899e+01
   5.1500000000000000e+02  -3.6579321237738498e+01
   5.1600000000000000e+02  -3.7505568337840600e+01
   5.1700000000000000e+02  -3.7554386711381603e+01
   5.1800000000000000e+02  -3.8626187784786403e+01
   5.1900000000000000e+02  -3.9179200254001003e+01
   5.2000000000000000e+02  -3.9921415339371897e+01
   5.2100000000000000e+02  -4.0319971904215798e+01
   5.2200000000000000e+02  -4.0810040647585097e+01
   5.2300000000000000e+02  -4.0856881849639798e+01
   5.2400000000000000e+02  -4.1304750935343598e+01
   5.2500000000000000e+02  -4.1250496224628797e+01
   5.2600000000000000e+02  -4.1830032006304400e+01
   5.2700000000000000e+02  -4.1823881849861699e+01
   5.2800000000000000e+02  -4.2618716742301800e+01
   5.2900000000000000e+02  -4.3444689094910601e+01
   5.3000000000000000e+02  -4.3609810803107699e+01
   5.3100000000000000e+02  -4.3522013061092899e+01
   5.3200000000000000e+02  -4.4060365280138498e+01
   5.3300000000000000e+02  -4.4496140558123500e+01
   5.3400000000000000e+02  -4.4862476169127802e+01
   5.3500000000000000e+02  -4.5471352554184300e+01
   5.3600000000000000e+02  -4.5985271533142203e+01
   5.3700000000000000e+02  -4.6745931227758398e+01
   5.3800000000000000e+02  -4.7622856935497303e+01
   5.3900000000000000e+02  -4.7534510692641597e+01
   5.4000000000000000e+02  -4.8084166876475798e+01
   5.4100000000000000e+02  -4.8416134442434398e+01
   5.4200000000000000e+02  -4.8296918073701100e+01
   5.4300000000000000e+02  -4.8752796473505001e+01
   5.4400000000000000e+02  -4.8625451783220200e+01
   5.4500000000000000e+02  -4.9071852385717598e+01
   5.4600000000000000e+02  -4.9635719975694897e+01
   5.4700000000000000e+02  -4.9887534071458496e+01
   5.4800000000000000e+02  -5.0095541393033599e+01
   5.4900000000000000e+02  -5.0345730505069497e+01
   5.5000000000000000e+02  -5.0721322263548998e+01
   5.5100000000000000e+02  -5.0664116244608799e+01
   5.5200000000000000e+02  -5.1045109334612398e+01
   5.5300000000000000e+02  -5.0698800365277798e+01
   5.5400000000000000e+02  -5.0714357941809297e+01
   5.5500000000000000e+02  -5.1356356391266701e+01
   5.5600000000000000e+02  -5.1589585256908798e+01
   5.5700000000000000e+02  -5.1918759615588698e+01
   5.5800000000000000e+02  -5.2583451802423902e+01
   5.5900000000000000e+02  -5.2551239548586501e+01
   5.6000000000000000e+02  -5.3470697026740403e+01
   5.6100000000000000e+02  -5.3578701656285197e+01
   5.6200000000000000e+02  -5.4043669027351697e+01
   5.6300000000000000e+02  -5.4353658970918403e+01
   5.6400000000000000e+02  -5.4333605162816099e+01
   5.6500000000000000e+02  -5.4400247974046202e+01
   5.6600000000000000e+02  -5.4547760111580502e+01
   5.6700000000000000e+02  -5.4810852523354598e+01
   5.6800000000000000e+02  -5.5614035403909398e+01
   5.6900000000000000e+02  -5.5747289152398899e+01
   5.7000000000000000e+02  -5.6248460130027603e+01
   5.7100000000000000e+02  -5.6444043000923699e+01
   5.7200000000000000e+02  -5.6927298973079701e+01
   5.7300000000000000e+02  -5.7273574707572998e+01
   5.7400000000000000e+02  -5.7907593566636699e+01
   5.7500000000000000e+02  -5.8205176954009502e+01
   5.7600000000000000e+02  -5.8911354241242599e+01
   5.7700000000000000e+02  -5.9115530304296399e+01
   5.7800000000000000e+02  -5.9592490204056297e+01
   5.7900000000000000e+02  -6.0340168286190497e+01
   5.8000000000000000e+02  -6.0300025257576699e+01
   5.8100000000000000e+02  -6.1225996030031602e+01
   5.8200000000000000e+02  -6.1505886059127398e+01
   5.8300000000000000e+02  -6.1385877992725497e+01
   5.8400000000000000e+02  -6.1678598797671100e+01
   5.8500000000000000e+02  -6.1847079514108700e+01
   5.8600000000000000e+02  -6.2597917489359403e+01
   5.8700000000000000e+02  -6.2950341721091498e+01
   5.8800000000000000e+02  -6.3264551326661000e+01
   5.8900000000000000e+02  -6.3654851075408601e+01
   5.9000000000000000e+02  -6.3907272692900897e+01
   5.9100000000000000e+02  -6.4754148577062395e+01
   5.9200000000000000e+02  -6.5631791926466605e+01
   5.9300000000000000e+02  -6.6137483265503306e+01
   5.9400000000000000e+02  -6.6308449289339904e+01
   5.9500000000000000e+02  -6.6775814134309996e+01
   5.9600000000000000e+02  -6.6835721569759201e+01
   5.9700000000000000e+02  -6.7333602857247996e+01
   5.9800000000000000e+02  -6.8155938215671398e+01
   5.9900000000000000e+02  -6.8327466304541900e+01
   6.0000000000000000e+02  -6.8676944857646006e+01
   6.0100000000000000e+02  -6.8879905371007794e+01
   6.0200000000000000e+02  -6.8950335543296106e+01
   6.0300000000000000e+02  -6.9162645709588801e+01
   6.0400000000000000e+02  -7.0054920745632003e+01
   6.0500000000000000e+02  -6.9874795568181298e+01
   6.0600000000000000e+02  -7.0397193115221995e+01
   6.0700000000000000e+02  -7.0734410502020907e+01
   6.0800000000000000e+02  -7.0804795357493703e+01
   6.0900000000000000e+02  -7.1097306106879998e+01
   6.1000000000000000e+02  -7.1440523439725297e+01
   6.1100000000000000e+02  -7.1940832267348895e+01
   6.1200000000000000e+02  -7.2156190115732500e+01
   6.1300000000000000e+02  -7.2765229834765506e+01
   6.1400000000000000e+02  -7.3688252368886097e+01
   6.1500000000000000e+02  -7.3538854805796007e+01
   6.1600000000000000e+02  -7.3514562400621500e+01
   6.1700000000000000e+02  -7.3260787142175900e+01
   6.1800000000000000e+02  -7.2829688773159404e+01
   6.1900000000000000e+02  -7.2601405089439595e+01
   6.2000000000000000e+02  -7.2709848809593595e+01
   6.2100000000000000e+02  -7.3084365870311899e+01
   6.2200000000000000e+02  -7.3250690601413098e+01
   6.2300000000000000e+02  -7.3098463282175004e+01
   6.2400000000000000e+02  -7.3247430199807994e+01
   6.2500000000000000e+02  -7.3631462851924098e+01
   6.2600000000000000e+02  -7.3786547231617803e+01
   6.2700000000000000e+02  -7.4218692268856699e+01
   6.2800000000000000e+02  -7.3780550243273794e+01
   6.2900000000000000e+02  -7.4136305224488297e+01
   6.3000000000000000e+02  -7.3979668281628307e+01
   6.3100000000000000e+02  -7.4256710708623899e+01
   6.3200000000000000e+02  -7.4209285383925405e+01
   6.3300000000000000e+02  -7.4586074605392298e+01
   6.3400000000000000e+02  -7.4767065532663494e+01
   6.3500000000000000e+02  -7.4895270452443597e+01
   6.3600000000000000e+02  -7.4775779461480298e+01
   6.3700000000000000e+02  -7.4990240267220400e+01
   6.3800000000000000e+02  -7.5076065561909502e+01
   6.3900000000000000e+02  -7.5240288905463899e+01
   6.4000000000000000e+02  -7.5412902269499796e+01
   6.4100000000000000e+02  -7.5671284746212393e+01
   6.4200000000000000e+02  -7.5892778790230395e+01
   6.4300000000000000e+02  -7.6131229214576294e+01
   6.4400000000000000e+02  -7.6199297550333597e+01
   6.4500000000000000e+02  -7.6659636727447094e+01
   6.4600000000000000e+02  -7.6975610775219593e+01
   6.4700000000000000e+02  -7.6851821215508295e+01
   6.4800000000000000e+02  -7.7303178672409999e+01
   6.4900000000000000e+02  -7.6942847916616998e+01
   6.5000000000000000e+02  -7.7161574533583405e+01
   6.5100000000000000e+02  -7.7028886576894806e+01
   6.5200000000000000e+02  -7.7087533627926007e+01
   6.5300000000000000e+02  -7.7113606028663895e+01
   6.5400000000000000e+02  -7.6818884337310806e+01
   6.5500000000000000e+02  -7.6911882367681201e+01
   6.5600000000000000e+02  -7.7133263080788197e+01
   6.5700000000000000e+02  -7.6861690863833303e+01
   6.5800000000000000e+02  -7.6954421707251996e+01
   6.5900000000000000e+02  -7.7113155214629700e+01
   6.6000000000000000e+02  -7.7653760106661295e+01
   6.6100000000000000e+02  -7.7903389624980406e+01
   6.6200000000000000e+02  -7.7974846779419707e+01
   6.6300000000000000e+02  -7.8100565736836899e+01
   6.6400000000000000e+02  -7.7541243157773593e+01
   6.6500000000000000e+02  -7.7821375462161399e+01
   6.6600000000000000e+02  -7.7376125619198902e+01
   6.6700000000000000e+02  -7.7463050130152794e+01
   6.6800000000000000e+02  -7.7329085673325096e+01
   6.6900000000000000e+02  -7.6852903173407199e+01
   6.7000000000000000e+02  -7.7231240260982602e+01
   6.7100000000000000e+02  -7.7109648314839404e+01
   6.7200000000000000e+02  -7.6607543563087503e+01
   6.7300000000000000e+02  -7.6427632117346107e+01
   6.7400000000000000e+02  -7.6082024787641700e+01
   6.7500000000000000e+02  -7.6538299451730197e+01
   6.7600000000000000e+02  -7.6942253599917095e+01
   6.7700000000000000e+02  -7.7056797326661595e+01
   6.7800000000000000e+02  -7.6963717722688102e+01
   6.7900000000000000e+02  -7.6826014210148699e+01
   6.8000000000000000e+02  -7.6811656140537494e+01
   6.8100000000000000e+02  -7.6785620210867506e+01
   6.8200000000000000e+02  -7.6800826765063505e+01
   6.8300000000000000e+02  -7.6708099322071007e+01
   6.8400000000000000e+02  -7.6648063654023204e+01
   6.8500000000000000e+02  -7.6838330409644996e+01
   6.8600000000000000e+02  -7.6738130846354395e+01
   6.8700000000000000e+02  -7.6388532817251402e+01
   6.8800000000000000e+02  -7.5922046283428102e+01
   6.8900000000000000e+02  -7.6282692411360898e+01
   6.9000000000000000e+02  -7.6485109066650494e+01
   6.9100000000000000e+02  -7.7030737104597407e+01
   6.9200000000000000e+02  -7.7345471953738894e+01
   6.9300000000000000e+02  -7.6947060365394606e+01
   6.9400000000000000e+02  -7.6578454803652406e+01
   6.9500000000000000e+02  -7.6898957301038706e+01
   6.9600000000000000e+02  -7.7282606806029193e+01
   6.9700000000000000e+02  -7.7195564243172299e+01
   6.9800000000000000e+02  -7.7568265276954705e+01
   6.9900000000000000e+02  -7.7585497544130405e+01
   7.0000000000000000e+02  -7.7334959786834801e+01
   7.0100000000000000e+02  -7.7614368457047405e+01
   7.0200000000000000e+02  -7.7500710414683098e+01
   7.0300000000000000e+02  -7.7679487207931601e+01
   7.0400000000000000e+02  -7.8446733105216396e+01
   7.0500000000000000e+02  -7.8183515078343802e+01
   7.0600000000000000e+02  -7.8745860430521603e+01
   7.0700000000000000e+02  -7.9006213070283195e+01
   7.0800000000000000e+02  -7.8571187377258298e+01
   7.0900000000000000e+02  -7.8125096613719094e+01
   7.1000000000000000e+02  -7.8170925568447203e+01
   7.1100000000000000e+02  -7.8071025199371803e+01
   7.1200000000000000e+02  -7.7911462473725393e+01
   7.1300000000000000e+02  -7.8178808949843599e+01
   7.1400000000000000e+02  -7.8082138296983601e+01
   7.1500000000000000e+02  -7.7889908008088199e+01
   7.1600000000000000e+02  -7.8117791793175499e+01
   7.1700000000000000e+02  -7.8064768440609797e+01
   7.1800000000000000e+02  -7.8089244427544500e+01
   7.1900000000000000e+02  -7.8203597320822695e+01
   7.2000000000000000e+02  -7.8356138693312303e+01
   7.2100000000000000e+02  -7.8181883587051701e+01
   7.2200000000000000e+02  -7.8118351238161495e+01
   7.2300000000000000e+02  -7.8306671592354107e+01
   7.2400000000000000e+02  -7.7930672143888998e+01
   7.2500000000000000e+02  -7.7878265344068893e+01
   7.2600000000000000e+02  -7.8288982897508404e+01
   7.2700000000000000e+02  -7.8450699455784303e+01
   7.2800000000000000e+02  -7.8571200350575396e+01
   7.2900000000000000e+02  -7.8738715669259093e+01
   7.3000000000000000e+02  -7.8677973033281802e+01
   7.3100000000000000e+02  -7.8674890435124297e+01
   7.3200000000000000e+02  -7.8635769158531801e+01
   7.3300000000000000e+02  -7.8563485777419103e+01
   7.3400000000000000e+02  -7.8503583533628301e+01
   7.3500000000000000e+02  -7.8571138210603095e+01
   7.3600000000000000e+02  -7.7933691875912999e+01
   7.3700000000000000e+02  -7.8056872709875293e+01
   7.3800000000000000e+02  -7.8612928163945497e+01
   7.3900000000000000e+02  -7.8545433731241801e+01
   7.4000000000000000e+02  -7.8199980572178205e+01
   7.4100000000000000e+02  -7.7920672366638001e+01
   7.4200000000000000e+02  -7.8275905160503797e+01
   7.4300000000000000e+02  -7.8408848313344393e+01
   7.4400000000000000e+02  -7.7919363478068206e+01
   7.4500000000000000e+02  -7.7745337666398498e+01
   7.4600000000000000e+02  -7.7661328343785698e+01
   7.4700000000000000e+02  -7.7549100354444505e+01
   7.4800000000000000e+02  -7.7914751350915097e+01
   7.4900000000000000e+02  -7.8025084897229107e+01
   7.5000000000000000e+02  -7.8418534245631307e+01
   7.5100000000000000e+02  -7.8614889026931195e+01
   7.5200000000000000e+02  -7.8220342147698005e+01
   7.5300000000000000e+02  -7.8070249616622604e+01
   7.5400000000000000e+02  -7.7751933477035095e+01
   7.5500000000000000e+02  -7.7137463038810097e+01
   7.5600000000000000e+02  -7.7194049886216007e+01
   7.5700000000000000e+02  -7.6891571525165304e+01
   7.5800000000000000e+02  -7.6766257034798201e+01
   7.5900000000000000e+02  -7.6771218787928902e+01
   7.6000000000000000e+02  -7.6799978405962705e+01
   7.6100000000000000e+02  -7.6862664010823593e+01
   7.6200000000000000e+02  -7.7090024106474004e+01
   7.6300000000000000e+02  -7.7054621987722598e+01
   7.6400000000000000e+02  -7.6453997458086803e+01
   7.6500000000000000e+02  -7.6340552413670494e+01
   7.6600000000000000e+02  -7.5985464792785706e+01
   7.6700000000000000e+02  -7.5723572476224007e+01
   7.6800000000000000e+02  -7.5421637449330603e+01
   7.6900000000000000e+02  -7.5663423987261694e+01
   7.7000000000000000e+02  -7.5003156911006400e+01
   7.7100000000000000e+02  -7.5127867815141599e+01
   7.7200000000000000e+02  -7.5292844736575802e+01
   7.7300000000000000e+02  -7.5307318482405194e+01
   7.7400000000000000e+02  -7.5859830035628804e+01
   7.7500000000000000e+02  -7.5931357429756901e+01
   7.7600000000000000e+02  -7.6125325976514603e+01
   7.7700000000000000e+02  -7.5949522811902298e+01
   7.7800000000000000e+02  -7.6222365116364401e+01
   7.7900000000000000e+02  -7.6358997735813503e+01
   7.8000000000000000e+02  -7.6700017636816000e+01
   7.8100000000000000e+02  -7.6826187330384002e+01
   7.8200000000000000e+02  -7.6793225149272104e+01
   7.8300000000000000e+02  -7.6696835140358104e+01
   7.8400000000000000e+02  -7.6632526190078906e+01
   7.8500000000000000e+02  -7.6889287175683194e+01
   7.8600000000000000e+02  -7.7079927417239801e+01
   7.8700000000000000e+02  -7.7289138022682906e+01
   7.8800000000000000e+02  -7.6591457860455506e+01
   7.8900000000000000e+02  -7.6830447060942205e+01
   7.9000000000000000e+02  -7.6459136784912005e+01
   7.9100000000000000e+02  -7.6492668196995695e+01
   7.9200000000000000e+02  -7.6316438326824198e+01
   7.9300000000000000e+02  -7.5726433164142307e+01
   7.9400000000000000e+02  -7.5779864477610204e+01
   7.9500000000000000e+02  -7.5857715245471397e+01
   7.9600000000000000e+02  -7.6337158837016403e+01
   7.9700000000000000e+02  -7.6441789623412404e+01
   7.9800000000000000e+02  -7.6537266527367805e+01
   7.9900000000000000e+02  -7.6582705296564896e+01
   8.0000000000000000e+02  -7.6215122988124307e+01
   8.0100000000000000e+02  -7.6105507028898003e+01
   8.0200000000000000e+02  -7.6555734651645807e+01
   8.0300000000000000e+02  -7.6741276115370994e+01
   8.0400000000000000e+02  -7.6826264908398201e+01
   8.0500000000000000e+02  -7.6827144183236300e+01
   8.0600000000000000e+02  -7.7023374870008297e+01
   8.0700000000000000e+02  -7.7003296481059195e+01
   8.0800000000000000e+02  -7.7061983728570596e+01
   8.0900000000000000e+02  -7.7178114267584903e+01
   8.1000000000000000e+02  -7.7336740983631103e+01
   8.1100000000000000e+02  -7.7263529362523400e+01
   8.1200000000000000e+02  -7.7637772365661903e+01
   8.1300000000000000e+02  -7.7745217998752196e+01
   8.1400000000000000e+02  -7.7704952595284198e+01
   8.1500000000000000e+02  -7.7665608186627495e+01
   8.1600000000000000e+02  -7.7830309602192500e+01
   8.1700000000000000e+02  -7.7335495604825297e+01
   8.1800000000000000e+02  -7.7708679298180101e+01
   8.1900000000000000e+02  -7.7808615372970706e+01
   8.2000000000000000e+02  -7.7854481441733697e+01
   8.2100000000000000e+02  -7.8205358274083906e+01
   8.2200000000000000e+02  -7.7936643687498801e+01
   8.2300000000000000e+02  -7.8186464269003906e+01
   8.2400000000000000e+02  -7.8063050812182297e+01
   8.2500000000000000e+02  -7.8359663021057997e+01
   8.2600000000000000e+02  -7.8783842399396207e+01
   8.2700000000000000e+02  -7.8883762562960200e+01
   8.2800000000000000e+02  -7.8468992228509407e+01
   8.2900000000000000e+02  -7.9128573519104606e+01
   8.3000000000000000e+02  -7.9168577100368907e+01
   8.3100000000000000e+02  -7.9040542132878500e+01
   8.3200000000000000e+02  -7.8779355167432001e+01
   8.3300000000000000e+02  -7.9131326477882396e+01
   8.3400000000000000e+02  -7.9205839799516497e+01
   8.3500000000000000e+02  -7.9172782516812106e+01
   8.3600000000000000e+02  -7.9186525307696300e+01
   8.3700000000000000e+02  -7.9472545252309601e+01
   8.3800000000000000e+02  -7.9465010011524100e+01
   8.3900000000000000e+02  -7.9077135506848407e+01
   8.4000000000000000e+02  -7.9426867286601393e+01
   8.4100000000000000e+02  -7.9169058925015193e+01
   8.4200000000000000e+02  -7.9372236676953193e+01
   8.4300000000000000e+02  -7.9354362629324498e+01
   8.4400000000000000e+02  -7.9325544829674996e+01
   8.4500000000000000e+02  -7.9505997748952794e+01
   8.4600000000000000e+02  -7.9995916274171194e+01
   8.4700000000000000e+02  -8.0177919191329494e+01
   8.4800000000000000e+02  -8.0113562830405598e+01
   8.4900000000000000e+02  -8.0428609295229407e+01
   8.5000000000000000e+02  -8.0467230975052203e+01
   8.5100000000000000e+02  -8.0570482888579406e+01
   8.5200000000000000e+02  -8.0538753997985495e+01
   8.5300000000000000e+02  -8.0047336094839906e+01
   8.5400000000000000e+02  -7.9335379785734403e+01
   8.5500000000000000e+02  -7.8925711407953600e+01
   8.5600000000000000e+02  -7.8477691362693804e+01
   8.5700000000000000e+02  -7.8159196707271093e+01
   8.5800000000000000e+02  -7.7944371800328796e+01
   8.5900000000000000e+02  -7.7354659466822000e+01
   8.6000000000000000e+02  -7.7559253951351394e+01
   8.6100000000000000e+02  -7.7475430386355995e+01
   8.6200000000000000e+02  -7.7331998323105196e+01
   8.6300000000000000e+02  -7.6953551571708502e+01
   8.6400000000000000e+02  -7.7251043161362503e+01
   8.6500000000000000e+02  -7.7328010803199206e+01
   8.6600000000000000e+02  -7.7580144400536796e+01
   8.6700000000000000e+02  -7.7648891617168402e+01
   8.6800000000000000e+02  -7.7788983586002999e+01
   8.6900000000000000e+02  -7.7586769901851397e+01
   8.7000000000000000e+02  -7.7173752725145107e+01
   8.7100000000000000e+02  -7.7326785946792398e+01
   8.7200000000000000e+02  -7.7319121942704498e+01
   8.7300000000000000e+02  -7.7238342838711105e+01
   8.7400000000000000e+02  -7.6639336865723095e+01
   8.7500000000000000e+02  -7.6615634444560001e+01
   8.7600000000000000e+02  -7.6327347785695807e+01
   8.7700000000000000e+02  -7.6169562786767401e+01
   8.7800000000000000e+02  -7.6122392428573804e+01
   8.7900000000000000e+02  -7.5548014262036205e+01
   8.8000000000000000e+02  -7.5962384866744202e+01
   8.8100000000000000e+02  -7.5899331192086606e+01
   8.8200000000000000e+02  -7.4736841017796394e+01
   8.8300000000000000e+02  -7.5228367079439195e+01
   8.8400000000000000e+02  -7.5456942894116807e+01
   8.8500000000000000e+02  -7.5016378468881200e+01
   8.8600000000000000e+02  -7.4888467480081005e+01
   8.8700000000000000e+02  -7.5274664826356400e+01
   8.8800000000000000e+02  -7.5338089797240897e+01
   8.8900000000000000e+02  -7.5334103366639695e+01
   8.9000000000000000e+02  -7.5677915147218499e+01
   8.9100000000000000e+02  -7.5983426479608397e+01
   8.9200000000000000e+02  -7.5916486795994004e+01
   8.9300000000000000e+02  -7.5351318384924099e+01
   8.9400000000000000e+02  -7.5235503514409899e+01
   8.9500000000000000e+02  -7.5242231493803303e+01
   8.9600000000000000e+02  -7.5291614024586593e+01
   8.9700000000000000e+02  -7.5639201139193403e+01
   8.9800000000000000e+02  -7.5857313513672395e+01
   8.9900000000000000e+02  -7.6131927334671403e+01
   9.0000000000000000e+02  -7.6407475123566101e+01
   9.0100000000000000e+02  -7.6120824775097105e+01
   9.0200000000000000e+02  -7.6345120013958194e+01
   9.0300000000000000e+02  -7.5887321701069496e+01
   9.0400000000000000e+02  -7.5839067045785896e+01
   9.0500000000000000e+02  -7.6060876929696903e+01
   9.0600000000000000e+02  -7.6126027908254599e+01
   9.0700000000000000e+02  -7.6336986349213802e+01
   9.0800000000000000e+02  -7.6288380454553106e+01
   9.0900000000000000e+02  -7.6084521899930095e+01
   9.1000000000000000e+02  -7.6076713058571798e+01
   9.1100000000000000e+02  -7.6524092022801995e+01
   9.1200000000000000e+02  -7.6492566479763099e+01
   9.1300000000000000e+02  -7.6322510396124898e+01
   9.1400000000000000e+02  -7.6226100100992397e+01
   9.1500000000000000e+02  -7.5613867926415196e+01
   9.1600000000000000e+02  -7.5843420050259695e+01
   9.1700000000000000e+02  -7.5530175583156193e+01
   9.1800000000000000e+02  -7.5066144053530905e+01
   9.1900000000000000e+02  -7.5144477320462997e+01
   9.2000000000000000e+02  -7.5026655060011294e+01
   9.2100000000000000e+02  -7.5017187775498698e+01
   9.2200000000000000e+02  -7.5356730613321204e+01
   9.2300000000000000e+02  -7.5395543761297603e+01
   9.2400000000000000e+02  -7.5211316920728393e+01
   9.2500000000000000e+02  -7.5354263790330407e+01
   9.2600000000000000e+02  -7.5129316302907498e+01
   9.2700000000000000e+02  -7.5278759737951106e+01
   9.2800000000000000e+02  -7.5074737164699300e+01
   9.2900000000000000e+02  -7.5078427888212801e+01
   9.3000000000000000e+02  -7.5144965932909898e+01
   9.3100000000000000e+02  -7.5629785915130896e+01
   9.3200000000000000e+02  -7.5545917512856406e+01
   9.3300000000000000e+02  -7.4935402857917893e+01
   9.3400000000000000e+02  -7.4768821736164696e+01
   9.3500000000000000e+02  -7.5309734690912506e+01
   9.3600000000000000e+02  -7.5792651640553402e+01
   9.3700000000000000e+02  -7.5632451177640604e+01
   9.3800000000000000e+02  -7.5844736443353597e+01
   9.3900000000000000e+02  -7.5804454786501594e+01
   9.4000000000000000e+02  -7.5719511292149207e+01
   9.4100000000000000e+02  -7.5885263972741797e+01
   9.4200000000000000e+02  -7.5365860641372393e+01
   9.4300000000000000e+02  -7.5586113060419507e+01
   9.4400000000000000e+02  -7.5535294787790903e+01
   9.4500000000000000e+02  -7.5014194661750395e+01
   9.4600000000000000e+02  -7.4567784718935798e+01
   9.4700000000000000e+02  -7.4768235002870398e+01
   9.4800000000000000e+02  -7.5039780268851302e+01
   9.4900000000000000e+02  -7.4476836774772096e+01
   9.5000000000000000e+02  -7.4554582135920000e+01
   9.5100000000000000e+02  -7.4274490475069399e+01
   9.5200000000000000e+02  -7.4117168747490595e+01
   9.5300000000000000e+02  -7.3669329532872993e+01
   9.5400000000000000e+02  -7.3784937779375099e+01
   9.5500000000000000e+02  -7.3792732884209798e+01
   9.5600000000000000e+02  -7.3964816110589993e+01
   9.5700000000000000e+02  -7.4312629302661307e+01
   9.5800000000000000e+02  -7.4824658968566197e+01
   9.5900000000000000e+02  -7.4578436565998103e+01
   9.6000000000000000e+02  -7.4458805425163405e+01
   9.6100000000000000e+02  -7.4524292010180005e+01
   9.6200000000000000e+02  -7.4221116836097806e+01
   9.6300000000000000e+02  -7.4050925508222704e+01
   9.6400000000000000e+02  -7.4513241319153394e+01
   9.6500000000000000e+02  -7.4577551068070903e+01
   9.6600000000000000e+02  -7.4509940695625005e+01
   9.6700000000000000e+02  -7.4726132913855494e+01
   9.6800000000000000e+02  -7.4135663463569799e+01
   9.6900000000000000e+02  -7.4174586364571596e+01
   9.7000000000000000e+02  -7.4372411554604895e+01
   9.7100000000000000e+02  -7.4586148554471194e+01
   9.7200000000000000e+02  -7.4648240982488005e+01
   9.7300000000000000e+02  -7.4550370459488803e+01
   9.7400000000000000e+02  -7.4038145390235499e+01
   9.7500000000000000e+02  -7.3948443015778594e+01
   9.7600000000000000e+02  -7.4079773810283996e+01
   9.7700000000000000e+02  -7.4298688915719694e+01
   9.7800000000000000e+02  -7.4096012314359498e+01
   9.7900000000000000e+02  -7.4073497919128300e+01
   9.8000000000000000e+02  -7.4147168493471497e+01
   9.8100000000000000e+02  -7.4035235543776295e+01
   9.8200000000000000e+02  -7.3966198362840103e+01
   9.8300000000000000e+02  -7.3376973029517202e+01
   9.8400000000000000e+02  -7.3690830413630906e+01
   9.8500000000000000e+02  -7.3670515351099098e+01
   9.8600000000000000e+02  -7.2908930894124595e+01
