  -1.0000000000000000e+02  -7.3312168299745593e+01
  -9.9000000000000000e+01  -7.3570230800337995e+01
  -9.8000000000000000e+01  -7.3700764618091398e+01
  -9.7000000000000000e+01  -7.3921747387180901e+01
  -9.6000000000000000e+01  -7.4066014873513296e+01
  -9.5000000000000000e+01  -7.4086622175556599e+01
  -9.4000000000000000e+01  -7.4507334582160595e+01
  -9.3000000000000000e+01  -7.4195810748201396e+01
  -9.2000000000000000e+01  -7.4430544406470702e+01
  -9.1000000000000000e+01  -7.4345827875958094e+01
  -9.0000000000000000e+01  -7.3908426820263699e+01
  -8.9000000000000000e+01  -7.4145761751042002e+01
  -8.8000000000000000e+01  -7.3590955729667897e+01
  -8.7000000000000000e+01  -7.3315885103364494e+01
  -8.6000000000000000e+01  -7.3469932240846504e+01
  -8.5000000000000000e+01  -7.3098454123910301e+01
  -8.4000000000000000e+01  -7.3616676408792102e+01
  -8.3000000000000000e+01  -7.3954446266371406e+01
  -8.2000000000000000e+01  -7.4114889850670707e+01
  -8.1000000000000000e+01  -7.3711169298174497e+01
  -8.0000000000000000e+01  -7.4044214877500394e+01
  -7.9000000000000000e+01  -7.4401302146589103e+01
  -7.8000000000000000e+01  -7.4100559523480499e+01
  -7.7000000000000000e+01  -7.3682644931054497e+01
  -7.6000000000000000e+01  -7.3739837673550497e+01
  -7.5000000000000000e+01  -7.3679897935985906e+01
  -7.4000000000000000e+01  -7.3842821525411395e+01
  -7.3000000000000000e+01  -7.4168851392051707e+01
  -7.2000000000000000e+01  -7.3872933481678601e+01
  -7.1000000000000000e+01  -7.4023608636114602e+01
  -7.0000000000000000e+01  -7.3558550981256303e+01
  -6.9000000000000000e+01  -7.3299932626034305e+01
  -6.8000000000000000e+01  -7.3640763054383896e+01
  -6.7000000000000000e+01  -7.3035929375007896e+01
  -6.6000000000000000e+01  -7.3273751228107002e+01
  -6.5000000000000000e+01  -7.3480831212947294e+01
  -6.4000000000000000e+01  -7.3407792977041098e+01
  -6.3000000000000000e+01  -7.3168617208333004e+01
  -6.2000000000000000e+01  -7.3319959554177800e+01
  -6.1000000000000000e+01  -7.2936882117367404e+01
  -6.0000000000000000e+01  -7.3411136901793697e+01
  -5.9000000000000000e+01  -7.3487697243116799e+01
  -5.8000000000000000e+01  -7.3145240696800698e+01
  -5.7000000000000000e+01  -7.3551931429878096e+01
  -5.6000000000000000e+01  -7.3337216522720396e+01
  -5.5000000000000000e+01  -7.3294956218873807e+01
  -5.4000000000000000e+01  -7.3131480926286898e+01
  -5.3000000000000000e+01  -7.2768641609976200e+01
  -5.2000000000000000e+01  -7.2330053721171197e+01
  -5.1000000000000000e+01  -7.1919009217871803e+01
  -5.0000000000000000e+01  -7.1923871859521697e+01
  -4.9000000000000000e+01  -7.1660806616381507e+01
  -4.8000000000000000e+01  -7.1760431643038402e+01
  -4.7000000000000000e+01  -7.1865544896445300e+01
  -4.6000000000000000e+01  -7.1609957790757306e+01
  -4.5000000000000000e+01  -7.1363327033533096e+01
  -4.4000000000000000e+01  -7.1161886469871007e+01
  -4.3000000000000000e+01  -7.0814779793278404e+01
  -4.2000000000000000e+01  -7.1135523339327804e+01
  -4.1000000000000000e+01  -7.1097387133977094e+01
  -4.0000000000000000e+01  -7.1453438122364503e+01
  -3.9000000000000000e+01  -7.1319582928053094e+01
  -3.8000000000000000e+01  -7.1176044177279195e+01
  -3.7000000000000000e+01  -7.1270542049829004e+01
  -3.6000000000000000e+01  -7.1016088257744798e+01
  -3.5000000000000000e+01  -7.0838217910834999e+01
  -3.4000000000000000e+01  -7.0408659205775194e+01
  -3.3000000000000000e+01  -7.0362854887485398e+01
  -3.2000000000000000e+01  -7.0382390192552293e+01
  -3.1000000000000000e+01  -7.0283216917262195e+01
  -3.0000000000000000e+01  -6.9912627994522097e+01
  -2.9000000000000000e+01  -6.9317425456462701e+01
  -2.8000000000000000e+01  -6.9499346999343004e+01
  -2.7000000000000000e+01  -6.8853050879386501e+01
  -2.6000000000000000e+01  -6.8636003875412300e+01
  -2.5000000000000000e+01  -6.8072694311314393e+01
  -2.4000000000000000e+01  -6.7622018073660001e+01
  -2.3000000000000000e+01  -6.7707230300419894e+01
  -2.2000000000000000e+01  -6.7798000342389798e+01
  -2.1000000000000000e+01  -6.7569756459665498e+01
  -2.0000000000000000e+01  -6.7857908657413802e+01
  -1.9000000000000000e+01  -6.7587728468517497e+01
  -1.8000000000000000e+01  -6.7008367457736398e+01
  -1.7000000000000000e+01  -6.6761124131871895e+01
  -1.6000000000000000e+01  -6.6271760085318206e+01
  -1.5000000000000000e+01  -6.5429691482108097e+01
  -1.4000000000000000e+01  -6.5363934310191297e+01
  -1.3000000000000000e+01  -6.5155090243498194e+01
  -1.2000000000000000e+01  -6.4906568389867203e+01
  -1.1000000000000000e+01  -6.4086371328126603e+01
  -1.0000000000000000e+01  -6.4050189790024405e+01
  -9.0000000000000000e+00  -6.3763213827981801e+01
  -8.0000000000000000e+00  -6.3244286561815301e+01
  -7.0000000000000000e+00  -6.2325438353966902e+01
  -6.0000000000000000e+00  -6.2043699281715398e+01
  -5.0000000000000000e+00  -6.0892011783495803e+01
  -4.0000000000000000e+00  -5.9677845560860803e+01
  -3.0000000000000000e+00  -5.7692860876205202e+01
  -2.0000000000000000e+00  -5.4047660774134997e+01
  -1.0000000000000000e+00  -4.4392624606873802e+01
   0.0000000000000000e+00  -1.3991812079257199e+01
   1.0000000000000000e+00   4.5810146343967499e+00
   2.0000000000000000e+00   1.6121433966996499e+01
   3.0000000000000000e+00   2.2348165908686799e+01
   4.0000000000000000e+00   2.5229331081024899e+01
   5.0000000000000000e+00   2.6417631770353101e+01
   6.0000000000000000e+00   2.6656134998057901e+01
   7.0000000000000000e+00   2.7192827753705199e+01
   8.0000000000000000e+00   2.7188859988699800e+01
   9.0000000000000000e+00   2.7291885350440300e+01
   1.0000000000000000e+01   2.7839800921929999e+01
   1.1000000000000000e+01   2.8077387964449400e+01
   1.2000000000000000e+01   2.8247988151797301e+01
   1.3000000000000000e+01   2.8800840340898599e+01
   1.4000000000000000e+01   2.9375146019230598e+01
   1.5000000000000000e+01   2.9679284652941700e+01
   1.6000000000000000e+01   2.9940346247886701e+01
   1.7000000000000000e+01   3.0236473640872699e+01
   1.8000000000000000e+01   3.0286581436364401e+01
   1.9000000000000000e+01   3.0479672454988201e+01
   2.0000000000000000e+01   3.0959578214318601e+01
   2.1000000000000000e+01   3.0751213765168700e+01
   2.2000000000000000e+01   3.0943260260393700e+01
   2.3000000000000000e+01   3.1346256543587799e+01
   2.4000000000000000e+01   3.1055242101825801e+01
   2.5000000000000000e+01   3.1154454120706902e+01
   2.6000000000000000e+01   3.1073989419842700e+01
   2.7000000000000000e+01   3.1139373478784599e+01
   2.8000000000000000e+01   3.1264842375009302e+01
   2.9000000000000000e+01   3.1176822232907799e+01
   3.0000000000000000e+01   3.1030175112545201e+01
   3.1000000000000000e+01   3.1356468375980100e+01
   3.2000000000000000e+01   3.1582004185250700e+01
   3.3000000000000000e+01   3.1608690888213001e+01
   3.4000000000000000e+01   3.1397563642193301e+01
   3.5000000000000000e+01   3.1653893729319201e+01
   3.6000000000000000e+01   3.1947107178589999e+01
   3.7000000000000000e+01   3.1584245540685600e+01
   3.8000000000000000e+01   3.1731060986171901e+01
   3.9000000000000000e+01   3.1659154445696100e+01
   4.0000000000000000e+01   3.2205245015339102e+01
   4.1000000000000000e+01   3.2345075644158598e+01
   4.2000000000000000e+01   3.2323273685662897e+01
   4.3000000000000000e+01   3.1979391058257502e+01
   4.4000000000000000e+01   3.2101156823400302e+01
   4.5000000000000000e+01   3.2756742675293800e+01
   4.6000000000000000e+01   3.3143749609848598e+01
   4.7000000000000000e+01   3.2519922688110299e+01
   4.8000000000000000e+01   3.2515538992111203e+01
   4.9000000000000000e+01   3.2686975511775699e+01
   5.0000000000000000e+01   3.2980773142382901e+01
   5.1000000000000000e+01   3.3027289509934803e+01
   5.2000000000000000e+01   3.3105716406092697e+01
   5.3000000000000000e+01   3.2983457823532802e+01
   5.4000000000000000e+01   3.3627040902626803e+01
   5.5000000000000000e+01   3.3754314980076003e+01
   5.6000000000000000e+01   3.4141972528600398e+01
   5.7000000000000000e+01   3.4042580553927003e+01
   5.8000000000000000e+01   3.3977742695679801e+01
   5.9000000000000000e+01   3.3866554184658803e+01
   6.0000000000000000e+01   3.4713230199786302e+01
   6.1000000000000000e+01   3.5365108031339801e+01
   6.2000000000000000e+01   3.5600197431931001e+01
   6.3000000000000000e+01   3.5529296688334298e+01
   6.4000000000000000e+01   3.5422428507790002e+01
   6.5000000000000000e+01   3.5602161607185003e+01
   6.6000000000000000e+01   3.6185368250195097e+01
   6.7000000000000000e+01   3.6160110706432100e+01
   6.8000000000000000e+01   3.6363276034743500e+01
   6.9000000000000000e+01   3.6356680658034399e+01
   7.0000000000000000e+01   3.6675491168277297e+01
   7.1000000000000000e+01   3.6929859404723402e+01
   7.2000000000000000e+01   3.6656965040594599e+01
   7.3000000000000000e+01   3.6239192501534497e+01
   7.4000000000000000e+01   3.6805492552613799e+01
   7.5000000000000000e+01   3.7001502307772199e+01
   7.6000000000000000e+01   3.7053728644566597e+01
   7.7000000000000000e+01   3.6732621107152397e+01
   7.8000000000000000e+01   3.6664092367994002e+01
   7.9000000000000000e+01   3.6773416496481701e+01
   8.0000000000000000e+01   3.6651276743667403e+01
   8.1000000000000000e+01   3.6597997499234502e+01
   8.2000000000000000e+01   3.6963954725174098e+01
   8.3000000000000000e+01   3.6882861547545097e+01
   8.4000000000000000e+01   3.6897572801317502e+01
   8.5000000000000000e+01   3.7315566785864803e+01
   8.6000000000000000e+01   3.7352005504918800e+01
   8.7000000000000000e+01   3.7442696004146697e+01
   8.8000000000000000e+01   3.7425596339100501e+01
   8.9000000000000000e+01   3.7210286158616398e+01
   9.0000000000000000e+01   3.6637010499879203e+01
   9.1000000000000000e+01   3.6706146204516799e+01
   9.2000000000000000e+01   3.6787746632026000e+01
   9.3000000000000000e+01   3.6739390387546599e+01
   9.4000000000000000e+01   3.6614825805754300e+01
   9.5000000000000000e+01   3.6777740684930897e+01
   9.6000000000000000e+01   3.6846452786422603e+01
   9.7000000000000000e+01   3.6881124906697998e+01
   9.8000000000000000e+01   3.6597045366014299e+01
   9.9000000000000000e+01   3.6116405196080699e+01
   1.0000000000000000e+02   3.6348247944909801e+01
   1.0100000000000000e+02   3.6212623834625496e+01
   1.0200000000000000e+02   3.6616410943802002e+01
   1.0300000000000000e+02   3.6890699926529798e+01
   1.0400000000000000e+02   3.6710405944972003e+01
   1.0500000000000000e+02   3.6420620850063898e+01
   1.0600000000000000e+02   3.6655813727635902e+01
   1.0700000000000000e+02   3.7157548702400597e+01
   1.0800000000000000e+02   3.6784572013198897e+01
   1.0900000000000000e+02   3.6264033220272403e+01
   1.1000000000000000e+02   3.5809105951443598e+01
   1.1100000000000000e+02   3.5467945136506799e+01
   1.1200000000000000e+02   3.5297520452212098e+01
   1.1300000000000000e+02   3.5318789509760997e+01
   1.1400000000000000e+02   3.5586073391455002e+01
   1.1500000000000000e+02   3.5356775498322399e+01
   1.1600000000000000e+02   3.5497270198080997e+01
   1.1700000000000000e+02   3.5477488825198797e+01
   1.1800000000000000e+02   3.5134920821018802e+01
   1.1900000000000000e+02   3.4621997729587100e+01
   1.2000000000000000e+02   3.4630045806608699e+01
   1.2100000000000000e+02   3.4891118646401097e+01
   1.2200000000000000e+02   3.5002256151801603e+01
   1.2300000000000000e+02   3.5648551927044899e+01
   1.2400000000000000e+02   3.5076003427662400e+01
   1.2500000000000000e+02   3.4869753236071098e+01
   1.2600000000000000e+02   3.4405118359154400e+01
   1.2700000000000000e+02   3.4396044332715903e+01
   1.2800000000000000e+02   3.4699786920008798e+01
   1.2900000000000000e+02   3.4553664870245498e+01
   1.3000000000000000e+02   3.4301007252335602e+01
   1.3100000000000000e+02   3.4269483951898103e+01
   1.3200000000000000e+02   3.4250774002214101e+01
   1.3300000000000000e+02   3.4396648199909002e+01
   1.3400000000000000e+02   3.4532406643973097e+01
   1.3500000000000000e+02   3.4641314688691203e+01
   1.3600000000000000e+02   3.4216088049028201e+01
   1.3700000000000000e+02   3.4182408942497098e+01
   1.3800000000000000e+02   3.3729634208712802e+01
   1.3900000000000000e+02   3.3023784926425400e+01
   1.4000000000000000e+02   3.2849422978021600e+01
   1.4100000000000000e+02   3.3198644013603101e+01
   1.4200000000000000e+02   3.3032781517133202e+01
   1.4300000000000000e+02   3.2542194658518397e+01
   1.4400000000000000e+02   3.2357263618738003e+01
   1.4500000000000000e+02   3.2338427298549398e+01
   1.4600000000000000e+02   3.2157514302169602e+01
   1.4700000000000000e+02   3.2153741427782698e+01
   1.4800000000000000e+02   3.2621831400017498e+01
   1.4900000000000000e+02   3.2732335211742701e+01
   1.5000000000000000e+02   3.2559690283530699e+01
   1.5100000000000000e+02   3.2735125590763602e+01
   1.5200000000000000e+02   3.2478434314660497e+01
   1.5300000000000000e+02   3.2333931916623598e+01
   1.5400000000000000e+02   3.1976216245447599e+01
   1.5500000000000000e+02   3.1713029441355701e+01
   1.5600000000000000e+02   3.1677994822376700e+01
   1.5700000000000000e+02   3.1664543982105499e+01
   1.5800000000000000e+02   3.1451086630746499e+01
   1.5900000000000000e+02   3.1637016118329701e+01
   1.6000000000000000e+02   3.1577579484928599e+01
   1.6100000000000000e+02   3.1305529547321800e+01
   1.6200000000000000e+02   3.0775993847462200e+01
   1.6300000000000000e+02   3.1026726219429602e+01
   1.6400000000000000e+02   3.1323662592061300e+01
   1.6500000000000000e+02   3.1608816040706600e+01
   1.6600000000000000e+02   3.1451174535990202e+01
   1.6700000000000000e+02   3.1777054768915701e+01
   1.6800000000000000e+02   3.2115296054510900e+01
   1.6900000000000000e+02   3.2479377423650703e+01
   1.7000000000000000e+02   3.2958932817792203e+01
   1.7100000000000000e+02   3.2623018674270298e+01
   1.7200000000000000e+02   3.2167454222156103e+01
   1.7300000000000000e+02   3.1852194094968400e+01
   1.7400000000000000e+02   3.1660472321135700e+01
   1.7500000000000000e+02   3.0775441601518200e+01
   1.7600000000000000e+02   3.0507734060991599e+01
   1.7700000000000000e+02   3.0441499966420501e+01
   1.7800000000000000e+02   3.0533027225960399e+01
   1.7900000000000000e+02   2.9934656118799101e+01
   1.8000000000000000e+02   2.9998070512580998e+01
   1.8100000000000000e+02   2.9277564133321999e+01
   1.8200000000000000e+02   2.9319932136564400e+01
   1.8300000000000000e+02   2.9545809383226398e+01
   1.8400000000000000e+02   2.9638321826490898e+01
   1.8500000000000000e+02   3.0109514772628000e+01
   1.8600000000000000e+02   3.0124993182904799e+01
   1.8700000000000000e+02   2.9837811801901200e+01
   1.8800000000000000e+02   2.9429740737352098e+01
   1.8900000000000000e+02   2.9977835230150401e+01
   1.9000000000000000e+02   2.9613314698183100e+01
   1.9100000000000000e+02   2.8982500567940001e+01
   1.9200000000000000e+02   2.8882306008833400e+01
   1.9300000000000000e+02   2.8800926514275400e+01
   1.9400000000000000e+02   2.9227621020517699e+01
   1.9500000000000000e+02   2.9038500263099600e+01
   1.9600000000000000e+02   2.8648896556905701e+01
   1.9700000000000000e+02   2.8959732082654099e+01
   1.9800000000000000e+02   2.8830576478891501e+01
   1.9900000000000000e+02   2.9097694239717200e+01
   2.0000000000000000e+02   2.8428812524753699e+01
   2.0100000000000000e+02   2.8198245708652401e+01
   2.0200000000000000e+02   2.7945877921072800e+01
   2.0300000000000000e+02   2.8152449355435401e+01
   2.0400000000000000e+02   2.8001986080876101e+01
   2.0500000000000000e+02   2.8003022862371001e+01
   2.0600000000000000e+02   2.8165657687895500e+01
   2.0700000000000000e+02   2.8396032761559500e+01
   2.0800000000000000e+02   2.8499131568664399e+01
   2.0900000000000000e+02   2.8471953071654401e+01
   2.1000000000000000e+02   2.8426610266620902e+01
   2.1100000000000000e+02   2.8609728322717601e+01
   2.1200000000000000e+02   2.8535263665081800e+01
   2.1300000000000000e+02   2.8632531952604200e+01
   2.1400000000000000e+02   2.8869222529813701e+01
   2.1500000000000000e+02   2.8910028545340499e+01
   2.1600000000000000e+02   2.9180651694906398e+01
   2.1700000000000000e+02   2.8409320435184199e+01
   2.1800000000000000e+02   2.7258374402388799e+01
   2.1900000000000000e+02   2.7764074494844500e+01
   2.2000000000000000e+02   2.7178268552640599e+01
   2.2100000000000000e+02   2.7326919279993099e+01
   2.2200000000000000e+02   2.7241905730378399e+01
   2.2300000000000000e+02   2.7393180942492599e+01
   2.2400000000000000e+02   2.7510393221038299e+01
   2.2500000000000000e+02   2.6932231836143700e+01
   2.2600000000000000e+02   2.6789892356897699e+01
   2.2700000000000000e+02   2.6211398098157300e+01
   2.2800000000000000e+02   2.6196369635551100e+01
   2.2900000000000000e+02   2.5876356841245698e+01
   2.3000000000000000e+02   2.5822321691158599e+01
   2.3100000000000000e+02   2.5959855942584198e+01
   2.3200000000000000e+02   2.5618240905000501e+01
   2.3300000000000000e+02   2.5399738914155900e+01
   2.3400000000000000e+02   2.5257367165559899e+01
   2.3500000000000000e+02   2.4931058304118299e+01
   2.3600000000000000e+02   2.5072716078940800e+01
   2.3700000000000000e+02   2.4895068621910301e+01
   2.3800000000000000e+02   2.4274190822983201e+01
   2.3900000000000000e+02   2.3673020200548201e+01
   2.4000000000000000e+02   2.3838673709404500e+01
   2.4100000000000000e+02   2.3318801772615000e+01
   2.4200000000000000e+02   2.3405334326642802e+01
   2.4300000000000000e+02   2.3354096157600900e+01
   2.4400000000000000e+02   2.3463201545901999e+01
   2.4500000000000000e+02   2.3630363716365501e+01
   2.4600000000000000e+02   2.3272197951100999e+01
   2.4700000000000000e+02   2.3075826220529901e+01
   2.4800000000000000e+02   2.3018797347805400e+01
   2.4900000000000000e+02   2.2968581055587599e+01
   2.5000000000000000e+02   2.2792559935306201e+01
   2.5100000000000000e+02   2.2267381964543201e+01
   2.5200000000000000e+02   2.2273093927967199e+01
   2.5300000000000000e+02   2.1953571318486201e+01
   2.5400000000000000e+02   2.1508560748149499e+01
   2.5500000000000000e+02   2.1274656645074501e+01
   2.5600000000000000e+02   2.1251453101384399e+01
   2.5700000000000000e+02   2.1361446730508199e+01
   2.5800000000000000e+02   2.1308753239327199e+01
   2.5900000000000000e+02   2.0825786616643800e+01
   2.6000000000000000e+02   2.1197424170031901e+01
   2.6100000000000000e+02   2.1204314991417800e+01
   2.6200000000000000e+02   2.1316684191598899e+01
   2.6300000000000000e+02   2.0971694628477699e+01
   2.6400000000000000e+02   2.1104029695074701e+01
   2.6500000000000000e+02   2.0692780604309000e+01
   2.6600000000000000e+02   2.0857684219694299e+01
   2.6700000000000000e+02   2.0885853212773700e+01
   2.6800000000000000e+02   2.1006352131699700e+01
   2.6900000000000000e+02   2.0606839669467899e+01
   2.7000000000000000e+02   2.0735150645681902e+01
   2.7100000000000000e+02   2.1038243784178100e+01
   2.7200000000000000e+02   2.0765554387243402e+01
   2.7300000000000000e+02   2.0845290093111299e+01
   2.7400000000000000e+02   2.0739965078325600e+01
   2.7500000000000000e+02   2.0411836139167001e+01
   2.7600000000000000e+02   1.9905976006027299e+01
   2.7700000000000000e+02   1.9651172012687301e+01
   2.7800000000000000e+02   1.9143162078640302e+01
   2.7900000000000000e+02   1.9621578373280400e+01
   2.8000000000000000e+02   1.9334537909963199e+01
   2.8100000000000000e+02   1.9327771545589801e+01
   2.8200000000000000e+02   1.8814243804613000e+01
   2.8300000000000000e+02   1.8574214928215000e+01
   2.8400000000000000e+02   1.8253708739939199e+01
   2.8500000000000000e+02   1.7991515055089799e+01
   2.8600000000000000e+02   1.7138712038662199e+01
   2.8700000000000000e+02   1.6522497523066299e+01
   2.8800000000000000e+02   1.6198315726864202e+01
   2.8900000000000000e+02   1.6253776313645101e+01
   2.9000000000000000e+02   1.6097413096406701e+01
   2.9100000000000000e+02   1.5857811952454600e+01
   2.9200000000000000e+02   1.6222168953819899e+01
   2.9300000000000000e+02   1.5926109237669101e+01
   2.9400000000000000e+02   1.6075131030819499e+01
   2.9500000000000000e+02   1.5554232466749999e+01
   2.9600000000000000e+02   1.5192718145041500e+01
   2.9700000000000000e+02   1.5526258110909300e+01
   2.9800000000000000e+02   1.5429814118760200e+01
   2.9900000000000000e+02   1.5276695297095500e+01
   3.0000000000000000e+02   1.4970602604298300e+01
   3.0100000000000000e+02   1.4451042962031300e+01
   3.0200000000000000e+02   1.4366805569399800e+01
   3.0300000000000000e+02   1.4188117302388701e+01
   3.0400000000000000e+02   1.4338260063031900e+01
   3.0500000000000000e+02   1.3972307256991000e+01
   3.0600000000000000e+02   1.3938825975717300e+01
   3.0700000000000000e+02   1.3650356182051100e+01
   3.0800000000000000e+02   1.3311404628613900e+01
   3.0900000000000000e+02   1.3419953705750300e+01
   3.1000000000000000e+02   1.3582151767334601e+01
   3.1100000000000000e+02   1.2992210854588500e+01
   3.1200000000000000e+02   1.2990942933167000e+01
   3.1300000000000000e+02   1.2696969953608800e+01
   3.1400000000000000e+02   1.2502614979246299e+01
   3.1500000000000000e+02   1.2114615047684500e+01
   3.1600000000000000e+02   1.1915763516664100e+01
   3.1700000000000000e+02   1.1713556190566200e+01
   3.1800000000000000e+02   1.1655721622753200e+01
   3.1900000000000000e+02   1.1867142520453701e+01
   3.2000000000000000e+02   1.1688016906913900e+01
   3.2100000000000000e+02   1.1153498681935501e+01
   3.2200000000000000e+02   1.0697252671471700e+01
   3.2300000000000000e+02   1.0537321058238900e+01
   3.2400000000000000e+02   1.0879197784849900e+01
   3.2500000000000000e+02   1.0317191750512100e+01
   3.2600000000000000e+02   1.0104735921920000e+01
   3.2700000000000000e+02   1.0100344601288700e+01
   3.2800000000000000e+02   1.0033583354132400e+01
   3.2900000000000000e+02   1.0100301799452000e+01
   3.3000000000000000e+02   9.6480410621357500e+00
   3.3100000000000000e+02   9.2140489385979603e+00
   3.3200000000000000e+02   8.7354598516601705e+00
   3.3300000000000000e+02   8.1216972829343508e+00
   3.3400000000000000e+02   8.0962468670801098e+00
   3.3500000000000000e+02   8.2615067912095892e+00
   3.3600000000000000e+02   7.9770744617288898e+00
   3.3700000000000000e+02   7.6568134933626100e+00
   3.3800000000000000e+02   8.0155803871434994e+00
   3.3900000000000000e+02   8.1689797386427596e+00
   3.4000000000000000e+02   7.9157220569946602e+00
   3.4100000000000000e+02   7.8483467064184298e+00
   3.4200000000000000e+02   8.4406531712294406e+00
   3.4300000000000000e+02   8.6569428406724906e+00
   3.4400000000000000e+02   8.1327778100903494e+00
   3.4500000000000000e+02   8.4832435374369002e+00
   3.4600000000000000e+02   8.6939168089916095e+00
   3.4700000000000000e+02   8.6945968692846805e+00
   3.4800000000000000e+02   8.6500321793472406e+00
   3.4900000000000000e+02   8.6217210783114400e+00
   3.5000000000000000e+02   8.5135389211040593e+00
   3.5100000000000000e+02   8.1360196925394703e+00
   3.5200000000000000e+02   8.0402544087146399e+00
   3.5300000000000000e+02   7.4995192213851398e+00
   3.5400000000000000e+02   7.4630197308483499e+00
   3.5500000000000000e+02   7.2941716307717801e+00
   3.5600000000000000e+02   6.5799328473829002e+00
   3.5700000000000000e+02   6.9129580428513702e+00
   3.5800000000000000e+02   6.2651410943308399e+00
   3.5900000000000000e+02   6.1381824414966104e+00
   3.6000000000000000e+02   5.6511419531383398e+00
   3.6100000000000000e+02   6.0609399395359702e+00
   3.6200000000000000e+02   6.1231583180249300e+00
   3.6300000000000000e+02   6.2006140844467099e+00
   3.6400000000000000e+02   6.1849021505298998e+00
   3.6500000000000000e+02   5.8079654939689904e+00
   3.6600000000000000e+02   5.2695319822064199e+00
   3.6700000000000000e+02   4.9796863054167604e+00
   3.6800000000000000e+02   4.7692669274063304e+00
   3.6900000000000000e+02   4.3890632493881601e+00
   3.7000000000000000e+02   4.0373622096656501e+00
   3.7100000000000000e+02   3.8869571136321599e+00
   3.7200000000000000e+02   3.5338138937119599e+00
   3.7300000000000000e+02   3.7174630813282401e+00
   3.7400000000000000e+02   2.7722595953021898e+00
   3.7500000000000000e+02   2.7054221548808299e+00
   3.7600000000000000e+02   2.4943508204639402e+00
   3.7700000000000000e+02   1.8277296081661401e+00
   3.7800000000000000e+02   1.3329783963239801e+00
   3.7900000000000000e+02   1.1329011030124301e+00
   3.8000000000000000e+02   7.8577057327435296e-01
   3.8100000000000000e+02   9.4269922630337200e-01
   3.8200000000000000e+02   7.4515503694207696e-01
   3.8300000000000000e+02   4.0293794215650602e-01
   3.8400000000000000e+02   2.0595627083865600e-02
   3.8500000000000000e+02   1.6123809559898800e-01
   3.8600000000000000e+02   6.4441215374041005e-01
   3.8700000000000000e+02   4.1101462217120299e-01
   3.8800000000000000e+02  -3.7847836876529701e-03
   3.8900000000000000e+02  -4.3301648376558699e-01
   3.9000000000000000e+02  -8.0958111926193699e-01
   3.9100000000000000e+02  -1.2015379714566701e+00
   3.9200000000000000e+02  -1.4093479847704400e+00
   3.9300000000000000e+02  -1.6016562963830201e+00
   3.9400000000000000e+02  -2.5311292564151402e+00
   3.9500000000000000e+02  -2.6665166655597701e+00
   3.9600000000000000e+02  -3.4872031555335501e+00
   3.9700000000000000e+02  -4.0511220019320398e+00
   3.9800000000000000e+02  -3.8765594290728398e+00
   3.9900000000000000e+02  -4.3488998911086796e+00
   4.0000000000000000e+02  -4.3791882016049097e+00
   4.0100000000000000e+02  -4.6376571415099797e+00
   4.0200000000000000e+02  -5.0257429326771996e+00
   4.0300000000000000e+02  -5.3061822567170402e+00
   4.0400000000000000e+02  -5.7201513580629300e+00
   4.0500000000000000e+02  -5.7857540581837803e+00
   4.0600000000000000e+02  -6.0805494009138004e+00
   4.0700000000000000e+02  -6.2409190540114503e+00
   4.0800000000000000e+02  -6.4031478920431697e+00
   4.0900000000000000e+02  -6.4435860263520297e+00
   4.1000000000000000e+02  -6.4048567234093499e+00
   4.1100000000000000e+02  -6.4785966838085800e+00
   4.1200000000000000e+02  -6.3216325680589298e+00
   4.1300000000000000e+02  -6.5763082472153096e+00
   4.1400000000000000e+02  -7.0139316069908002e+00
   4.1500000000000000e+02  -7.2227090971674297e+00
   4.1600000000000000e+02  -6.8210280111801103e+00
   4.1700000000000000e+02  -6.6654468195183600e+00
   4.1800000000000000e+02  -7.1180456384330304e+00
   4.1900000000000000e+02  -7.5927886574133296e+00
   4.2000000000000000e+02  -7.4881203523271997e+00
   4.2100000000000000e+02  -7.3957758219284404e+00
   4.2200000000000000e+02  -7.7707943364740704e+00
   4.2300000000000000e+02  -7.7966000340300097e+00
   4.2400000000000000e+02  -7.9705667500447399e+00
   4.2500000000000000e+02  -8.3023115630939195e+00
   4.2600000000000000e+02  -8.8171345452935999e+00
   4.2700000000000000e+02  -9.2494882013471003e+00
   4.2800000000000000e+02  -9.6814475251089096e+00
   4.2900000000000000e+02  -1.0176462266506899e+01
   4.3000000000000000e+02  -1.0660010525220100e+01
   4.3100000000000000e+02  -1.1029081703950901e+01
   4.3200000000000000e+02  -1.1417442737709500e+01
   4.3300000000000000e+02  -1.1762933707853300e+01
   4.3400000000000000e+02  -1.1795167610707400e+01
   4.3500000000000000e+02  -1.2396993783383399e+01
   4.3600000000000000e+02  -1.2603044989413100e+01
   4.3700000000000000e+02  -1.3132026104961300e+01
   4.3800000000000000e+02  -1.3610558354686900e+01
   4.3900000000000000e+02  -1.3784697085127100e+01
   4.4000000000000000e+02  -1.4567616463370600e+01
   4.4100000000000000e+02  -1.4724668805301899e+01
   4.4200000000000000e+02  -1.4253657767917501e+01
   4.4300000000000000e+02  -1.4724094062093100e+01
   4.4400000000000000e+02  -1.5167044180946100e+01
   4.4500000000000000e+02  -1.5287250282263599e+01
   4.4600000000000000e+02  -1.5379086723033700e+01
   4.4700000000000000e+02  -1.6274471855393099e+01
   4.4800000000000000e+02  -1.6984543076501200e+01
   4.4900000000000000e+02  -1.7580197925245400e+01
   4.5000000000000000e+02  -1.8178993446761101e+01
   4.5100000000000000e+02  -1.8357330748888600e+01
   4.5200000000000000e+02  -1.8867678679937800e+01
   4.5300000000000000e+02  -1.9306268965678900e+01
   4.5400000000000000e+02  -1.9607468665553601e+01
   4.5500000000000000e+02  -2.0008853953276201e+01
   4.5600000000000000e+02  -1.9912552400964199e+01
   4.5700000000000000e+02  -2.0422450922051901e+01
   4.5800000000000000e+02  -2.1247393681475501e+01
   4.5900000000000000e+02  -2.2032381672975198e+01
   4.6000000000000000e+02  -2.2239992611102000e+01
   4.6100000000000000e+02  -2.2730324063411000e+01
   4.6200000000000000e+02  -2.3234317199008601e+01
   4.6300000000000000e+02  -2.2944379177874001e+01
   4.6400000000000000e+02  -2.2933336158608501e+01
   4.6500000000000000e+02  -2.2715028579165899e+01
   4.6600000000000000e+02  -2.3597399809706701e+01
   4.6700000000000000e+02  -2.3854971509351799e+01
   4.6800000000000000e+02  -2.4159910418963101e+01
   4.6900000000000000e+02  -2.4312078149681899e+01
   4.7000000000000000e+02  -2.4495030398211501e+01
   4.7100000000000000e+02  -2.4537513079720799e+01
   4.7200000000000000e+02  -2.4705258903994700e+01
   4.7300000000000000e+02  -2.5049658138424800e+01
   4.7400000000000000e+02  -2.5545936278700001e+01
   4.7500000000000000e+02  -2.5520411620946099e+01
   4.7600000000000000e+02  -2.5966111434925299e+01
   4.7700000000000000e+02  -2.6455682761612401e+01
   4.7800000000000000e+02  -2.6721253212166701e+01
   4.7900000000000000e+02  -2.6913257912801100e+01
   4.8000000000000000e+02  -2.6974129698332501e+01
   4.8100000000000000e+02  -2.7108471029078299e+01
   4.8200000000000000e+02  -2.7914307853194298e+01
   4.8300000000000000e+02  -2.8184717745989300e+01
   4.8400000000000000e+02  -2.8586836355502800e+01
   4.8500000000000000e+02  -2.9135102174262901e+01
   4.8600000000000000e+02  -2.9173470656862300e+01
   4.8700000000000000e+02  -2.9630696128632000e+01
   4.8800000000000000e+02  -2.9811654599193101e+01
   4.8900000000000000e+02  -3.0311862304793799e+01
   4.9000000000000000e+02  -3.0832438985044000e+01
   4.9100000000000000e+02  -3.1081800604810098e+01
   4.9200000000000000e+02  -3.1550229572610299e+01
   4.9300000000000000e+02  -3.2505045809949401e+01
   4.9400000000000000e+02  -3.2580108602893397e+01
   4.9500000000000000e+02  -3.1908261331227202e+01
   4.9600000000000000e+02  -3.2433711749956402e+01
   4.9700000000000000e+02  -3.2085353718894197e+01
   4.9800000000000000e+02  -3.2353364403043102e+01
   4.9900000000000000e+02  -3.2892428072244400e+01
   5.0000000000000000e+02  -3.3543497423010301e+01
   5.0100000000000000e+02  -3.3405405702051098e+01
   5.0200000000000000e+02  -3.3630583670331603e+01
   5.0300000000000000e+02  -3.4876079566003497e+01
   5.0400000000000000e+02  -3.5589708081043597e+01
   5.0500000000000000e+02  -3.6132099840190101e+01
   5.0600000000000000e+02  -3.6089753658714898e+01
   5.0700000000000000e+02  -3.7124255565135897e+01
   5.0800000000000000e+02  -3.6983218775418202e+01
   5.0900000000000000e+02  -3.7535502263904903e+01
   5.1000000000000000e+02  -3.8019861876485400e+01
   5.1100000000000000e+02  -3.8817644476170301e+01
   5.1200000000000000e+02  -3.8582453642560900e+01
   5.1300000000000000e+02  -3.9374084895687702e+01
   5.1400000000000000e+02  -3.9378399928583299e+01
   5.1500000000000000e+02  -4.0020523818725501e+01
   5.1600000000000000e+02  -4.0258759647293097e+01
   5.1700000000000000e+02  -4.1183491461239697e+01
   5.1800000000000000e+02  -4.1438508278281397e+01
   5.1900000000000000e+02  -4.1971769317222702e+01
   5.2000000000000000e+02  -4.2488714308598098e+01
   5.2100000000000000e+02  -4.3136823344624901e+01
   5.2200000000000000e+02  -4.3069441100486102e+01
   5.2300000000000000e+02  -4.2977487009336102e+01
   5.2400000000000000e+02  -4.2994300587008802e+01
   5.2500000000000000e+02  -4.3356254213407603e+01
   5.2600000000000000e+02  -4.4067067258807803e+01
   5.2700000000000000e+02  -4.3664388763237802e+01
   5.2800000000000000e+02  -4.4087660936538498e+01
   5.2900000000000000e+02  -4.4143460377700599e+01
   5.3000000000000000e+02  -4.4653433195650699e+01
   5.3100000000000000e+02  -4.4857382833702800e+01
   5.3200000000000000e+02  -4.5521011775711202e+01
   5.3300000000000000e+02  -4.5512182432301103e+01
   5.3400000000000000e+02  -4.6353652517727497e+01
   5.3500000000000000e+02  -4.6845424881528302e+01
   5.3600000000000000e+02  -4.7275755299982798e+01
   5.3700000000000000e+02  -4.7340599412970498e+01
   5.3800000000000000e+02  -4.7499705820143902e+01
   5.3900000000000000e+02  -4.7816576426171501e+01
   5.4000000000000000e+02  -4.7665075617684700e+01
   5.4100000000000000e+02  -4.7729478975339198e+01
   5.4200000000000000e+02  -4.7658195080105997e+01
   5.4300000000000000e+02  -4.7595404389110897e+01
   5.4400000000000000e+02  -4.8086767517861098e+01
   5.4500000000000000e+02  -4.8621372749784598e+01
   5.4600000000000000e+02  -4.9171312350531203e+01
   5.4700000000000000e+02  -4.9207645011118800e+01
   5.4800000000000000e+02  -4.9236326758274700e+01
   5.4900000000000000e+02  -5.0115887763192902e+01
   5.5000000000000000e+02  -5.0841215417692702e+01
   5.5100000000000000e+02  -5.1008137673905502e+01
   5.5200000000000000e+02  -5.1242855836387001e+01
   5.5300000000000000e+02  -5.1540637753305703e+01
   5.5400000000000000e+02  -5.1887948425138298e+01
   5.5500000000000000e+02  -5.2053292833152099e+01
   5.5600000000000000e+02  -5.1986997087768003e+01
   5.5700000000000000e+02  -5.2055560870173203e+01
   5.5800000000000000e+02  -5.2721378059349000e+01
   5.5900000000000000e+02  -5.3135382593378502e+01
   5.6000000000000000e+02  -5.3499070818370598e+01
   5.6100000000000000e+02  -5.4111126377481099e+01
   5.6200000000000000e+02  -5.4489571284747598e+01
   5.6300000000000000e+02  -5.4543296871347202e+01
   5.6400000000000000e+02  -5.5359611982564701e+01
   5.6500000000000000e+02  -5.5702642711138097e+01
   5.6600000000000000e+02  -5.5707143371100102e+01
   5.6700000000000000e+02  -5.6403041812200101e+01
   5.6800000000000000e+02  -5.6623867317706697e+01
   5.6900000000000000e+02  -5.6695523789069703e+01
   5.7000000000000000e+02  -5.7303568216100103e+01
   5.7100000000000000e+02  -5.7845296172655502e+01
   5.7200000000000000e+02  -5.8434225484638702e+01
   5.7300000000000000e+02  -5.8863807331297700e+01
   5.7400000000000000e+02  -5.9213149494214903e+01
   5.7500000000000000e+02  -5.9310703800022701e+01
   5.7600000000000000e+02  -5.9988276312043901e+01
   5.7700000000000000e+02  -6.0565763649712203e+01
   5.7800000000000000e+02  -6.1311122043176901e+01
   5.7900000000000000e+02  -6.1567580341904403e+01
   5.8000000000000000e+02  -6.1826661711070699e+01
   5.8100000000000000e+02  -6.2056707131718497e+01
   5.8200000000000000e+02  -6.2203223902691100e+01
   5.8300000000000000e+02  -6.2285229097354502e+01
   5.8400000000000000e+02  -6.2948384365558198e+01
   5.8500000000000000e+02  -6.3679446967281798e+01
   5.8600000000000000e+02  -6.4574713435895902e+01
   5.8700000000000000e+02  -6.4714855035931294e+01
   5.8800000000000000e+02  -6.4979229122943906e+01
   5.8900000000000000e+02  -6.5313759004897094e+01
   5.9000000000000000e+02  -6.5823352187451505e+01
   5.9100000000000000e+02  -6.6136682113643005e+01
   5.9200000000000000e+02  -6.6378086415929104e+01
   5.9300000000000000e+02  -6.6803368562079598e+01
   5.9400000000000000e+02  -6.6819079508260700e+01
   5.9500000000000000e+02  -6.6883434964442998e+01
   5.9600000000000000e+02  -6.7583867883985604e+01
   5.9700000000000000e+02  -6.7721490013290193e+01
   5.9800000000000000e+02  -6.8324178617805401e+01
   5.9900000000000000e+02  -6.8434751902035003e+01
   6.0000000000000000e+02  -6.9173164106759202e+01
   6.0100000000000000e+02  -6.9376712583093195e+01
   6.0200000000000000e+02  -6.9779984957912205e+01
   6.0300000000000000e+02  -7.0134253609285693e+01
   6.0400000000000000e+02  -7.0972030376820101e+01
   6.0500000000000000e+02  -7.1574411956263006e+01
   6.0600000000000000e+02  -7.2037231280358696e+01
   6.0700000000000000e+02  -7.2395147892030593e+01
   6.0800000000000000e+02  -7.2671427174151802e+01
   6.0900000000000000e+02  -7.2914996861506694e+01
   6.1000000000000000e+02  -7.2603178781193805e+01
   6.1100000000000000e+02  -7.2838778367836994e+01
   6.1200000000000000e+02  -7.3458301409356196e+01
   6.1300000000000000e+02  -7.3695150515018597e+01
   6.1400000000000000e+02  -7.3962573227047201e+01
   6.1500000000000000e+02  -7.3442903565633799e+01
   6.1600000000000000e+02  -7.3827694128741101e+01
   6.1700000000000000e+02  -7.4479162422041398e+01
   6.1800000000000000e+02  -7.4461580331586504e+01
   6.1900000000000000e+02  -7.4708724401877305e+01
   6.2000000000000000e+02  -7.5124864006332800e+01
   6.2100000000000000e+02  -7.4913695474401393e+01
   6.2200000000000000e+02  -7.4556521383739906e+01
   6.2300000000000000e+02  -7.4647859946099800e+01
   6.2400000000000000e+02  -7.4335442330471096e+01
   6.2500000000000000e+02  -7.4479345114617999e+01
   6.2600000000000000e+02  -7.4732560451621595e+01
   6.2700000000000000e+02  -7.5106221321369404e+01
   6.2800000000000000e+02  -7.5191070084849798e+01
   6.2900000000000000e+02  -7.5103582124029401e+01
   6.3000000000000000e+02  -7.5379751819261799e+01
   6.3100000000000000e+02  -7.5612876907612701e+01
   6.3200000000000000e+02  -7.5583085210807397e+01
   6.3300000000000000e+02  -7.5735054070879301e+01
   6.3400000000000000e+02  -7.5989869558416601e+01
   6.3500000000000000e+02  -7.6180318686691507e+01
   6.3600000000000000e+02  -7.6180549499933306e+01
   6.3700000000000000e+02  -7.6570410322357901e+01
   6.3800000000000000e+02  -7.6707266187373804e+01
   6.3900000000000000e+02  -7.7121493071983394e+01
   6.4000000000000000e+02  -7.6851476187495507e+01
   6.4100000000000000e+02  -7.6459026412871395e+01
   6.4200000000000000e+02  -7.6307375097610901e+01
   6.4300000000000000e+02  -7.6164177322237904e+01
   6.4400000000000000e+02  -7.6384610599637895e+01
   6.4500000000000000e+02  -7.6586653109021995e+01
   6.4600000000000000e+02  -7.6522746723324701e+01
   6.4700000000000000e+02  -7.6728410753418203e+01
   6.4800000000000000e+02  -7.6869454719727898e+01
   6.4900000000000000e+02  -7.6858090223442801e+01
   6.5000000000000000e+02  -7.6831456141108404e+01
   6.5100000000000000e+02  -7.6855135807881993e+01
   6.5200000000000000e+02  -7.6897213080260002e+01
   6.5300000000000000e+02  -7.6762116056738705e+01
   6.5400000000000000e+02  -7.6905586824249099e+01
   6.5500000000000000e+02  -7.7139354335924395e+01
   6.5600000000000000e+02  -7.7055442642285499e+01
   6.5700000000000000e+02  -7.7152240697272603e+01
   6.5800000000000000e+02  -7.7476460767826197e+01
   6.5900000000000000e+02  -7.7696289099335601e+01
   6.6000000000000000e+02  -7.7840051489949104e+01
   6.6100000000000000e+02  -7.7391791401311593e+01
   6.6200000000000000e+02  -7.7157697460924496e+01
   6.6300000000000000e+02  -7.6648882918932202e+01
   6.6400000000000000e+02  -7.6484057555520906e+01
   6.6500000000000000e+02  -7.7103115230156206e+01
   6.6600000000000000e+02  -7.7212177037911701e+01
   6.6700000000000000e+02  -7.7019006927166302e+01
   6.6800000000000000e+02  -7.6881637422860507e+01
   6.6900000000000000e+02  -7.6564671168970904e+01
   6.7000000000000000e+02  -7.6760766892975099e+01
   6.7100000000000000e+02  -7.6821391396622104e+01
   6.7200000000000000e+02  -7.6366943645448998e+01
   6.7300000000000000e+02  -7.6308166419432894e+01
   6.7400000000000000e+02  -7.6267926471087193e+01
   6.7500000000000000e+02  -7.6477164130962294e+01
   6.7600000000000000e+02  -7.6837009856536000e+01
   6.7700000000000000e+02  -7.6781491403719201e+01
   6.7800000000000000e+02  -7.6649336594757997e+01
   6.7900000000000000e+02  -7.7016461395077698e+01
   6.8000000000000000e+02  -7.7157914540068901e+01
   6.8100000000000000e+02  -7.7376916495446295e+01
   6.8200000000000000e+02  -7.7461192987505001e+01
   6.8300000000000000e+02  -7.7775718365829903e+01
   6.8400000000000000e+02  -7.7746688180028897e+01
   6.8500000000000000e+02  -7.7273002923065107e+01
   6.8600000000000000e+02  -7.7664280760423097e+01
   6.8700000000000000e+02  -7.7958680363788602e+01
   6.8800000000000000e+02  -7.8258429034634602e+01
   6.8900000000000000e+02  -7.8123539037447202e+01
   6.9000000000000000e+02  -7.7790540126531496e+01
   6.9100000000000000e+02  -7.7561010300246195e+01
   6.9200000000000000e+02  -7.7313522654127794e+01
   6.9300000000000000e+02  -7.7518435154042606e+01
   6.9400000000000000e+02  -7.7514109273152897e+01
   6.9500000000000000e+02  -7.7608590852591902e+01
   6.9600000000000000e+02  -7.7755628923179501e+01
   6.9700000000000000e+02  -7.7560937123387703e+01
   6.9800000000000000e+02  -7.7403569856038800e+01
   6.9900000000000000e+02  -7.7580971323593900e+01
   7.0000000000000000e+02  -7.7755935144187703e+01
   7.0100000000000000e+02  -7.7875453855379504e+01
   7.0200000000000000e+02  -7.7564963540993602e+01
   7.0300000000000000e+02  -7.7925369287050202e+01
   7.0400000000000000e+02  -7.8137910625880494e+01
   7.0500000000000000e+02  -7.7896259959317007e+01
   7.0600000000000000e+02  -7.7697865784673397e+01
   7.0700000000000000e+02  -7.7904054801360402e+01
   7.0800000000000000e+02  -7.7849422136051899e+01
   7.0900000000000000e+02  -7.8100320009214798e+01
   7.1000000000000000e+02  -7.7971810463281003e+01
   7.1100000000000000e+02  -7.8229443730449304e+01
   7.1200000000000000e+02  -7.7859155253509002e+01
   7.1300000000000000e+02  -7.7480589501398200e+01
   7.1400000000000000e+02  -7.6944506515666902e+01
   7.1500000000000000e+02  -7.6840181626562597e+01
   7.1600000000000000e+02  -7.7002171815432902e+01
   7.1700000000000000e+02  -7.6399067493340496e+01
   7.1800000000000000e+02  -7.6641630623428000e+01
   7.1900000000000000e+02  -7.6708980071967105e+01
   7.2000000000000000e+02  -7.6448474504563805e+01
   7.2100000000000000e+02  -7.6937418570550605e+01
   7.2200000000000000e+02  -7.7042253451631098e+01
   7.2300000000000000e+02  -7.6905244393896098e+01
   7.2400000000000000e+02  -7.6901627438192605e+01
   7.2500000000000000e+02  -7.6696699842701307e+01
   7.2600000000000000e+02  -7.6194684276966996e+01
   7.2700000000000000e+02  -7.6110185191071494e+01
   7.2800000000000000e+02  -7.6367031709533293e+01
   7.2900000000000000e+02  -7.6518104358142807e+01
   7.3000000000000000e+02  -7.6255903608821797e+01
   7.3100000000000000e+02  -7.6295112566034604e+01
   7.3200000000000000e+02  -7.6468724049516496e+01
   7.3300000000000000e+02  -7.6141879565948798e+01
   7.3400000000000000e+02  -7.6411536031552899e+01
   7.3500000000000000e+02  -7.6132306996459903e+01
   7.3600000000000000e+02  -7.6225120967785898e+01
   7.3700000000000000e+02  -7.5866648486124902e+01
   7.3800000000000000e+02  -7.5971034209084294e+01
   7.3900000000000000e+02  -7.5657375524237196e+01
   7.4000000000000000e+02  -7.5991943322333498e+01
   7.4100000000000000e+02  -7.5713751161426302e+01
   7.4200000000000000e+02  -7.5810877759146905e+01
   7.4300000000000000e+02  -7.5689901283270700e+01
   7.4400000000000000e+02  -7.4862129720485996e+01
   7.4500000000000000e+02  -7.4881444270942296e+01
   7.4600000000000000e+02  -7.4886801236975103e+01
   7.4700000000000000e+02  -7.4983619153917900e+01
   7.4800000000000000e+02  -7.5010478836113407e+01
   7.4900000000000000e+02  -7.4929621587646594e+01
   7.5000000000000000e+02  -7.5523854505415997e+01
   7.5100000000000000e+02  -7.5988681464602493e+01
   7.5200000000000000e+02  -7.5796392940748206e+01
   7.5300000000000000e+02  -7.5931951647840606e+01
   7.5400000000000000e+02  -7.5984205750927501e+01
   7.5500000000000000e+02  -7.6234483997497605e+01
   7.5600000000000000e+02  -7.5826917783215706e+01
   7.5700000000000000e+02  -7.5648849996245403e+01
   7.5800000000000000e+02  -7.5439356483990096e+01
   7.5900000000000000e+02  -7.5563847010188098e+01
   7.6000000000000000e+02  -7.5484858229455398e+01
   7.6100000000000000e+02  -7.5300556261276398e+01
   7.6200000000000000e+02  -7.5184123250583298e+01
   7.6300000000000000e+02  -7.5073653428547800e+01
   7.6400000000000000e+02  -7.5998547503992100e+01
   7.6500000000000000e+02  -7.5926262094294998e+01
   7.6600000000000000e+02  -7.5701164300217300e+01
   7.6700000000000000e+02  -7.6292144341630703e+01
   7.6800000000000000e+02  -7.6083571882423897e+01
   7.6900000000000000e+02  -7.5929917184398704e+01
   7.7000000000000000e+02  -7.6136257595828397e+01
   7.7100000000000000e+02  -7.6226668866795606e+01
   7.7200000000000000e+02  -7.6171906599861700e+01
   7.7300000000000000e+02  -7.6183688797726802e+01
   7.7400000000000000e+02  -7.6113538618642806e+01
   7.7500000000000000e+02  -7.6323512359790499e+01
   7.7600000000000000e+02  -7.6496075785175407e+01
   7.7700000000000000e+02  -7.6084723457469295e+01
   7.7800000000000000e+02  -7.5462080787591503e+01
   7.7900000000000000e+02  -7.5773559780173500e+01
   7.8000000000000000e+02  -7.5535521718950093e+01
   7.8100000000000000e+02  -7.5476294064975306e+01
   7.8200000000000000e+02  -7.5633134288047103e+01
   7.8300000000000000e+02  -7.5775667423866494e+01
   7.8400000000000000e+02  -7.5417476313889594e+01
   7.8500000000000000e+02  -7.5761125205246302e+01
   7.8600000000000000e+02  -7.5996639149334598e+01
   7.8700000000000000e+02  -7.5792722673249500e+01
   7.8800000000000000e+02  -7.5930031112013396e+01
   7.8900000000000000e+02  -7.5942283470087901e+01
   7.9000000000000000e+02  -7.6138703556260594e+01
   7.9100000000000000e+02  -7.6716884650509698e+01
   7.9200000000000000e+02  -7.6783790918122506e+01
   7.9300000000000000e+02  -7.6402216024906593e+01
   7.9400000000000000e+02  -7.6593579913209297e+01
   7.9500000000000000e+02  -7.6357853014778101e+01
   7.9600000000000000e+02  -7.6706369517153604e+01
   7.9700000000000000e+02  -7.5783589939786197e+01
   7.9800000000000000e+02  -7.5643512250496201e+01
   7.9900000000000000e+02  -7.5911272059947393e+01
   8.0000000000000000e+02  -7.6510661050645297e+01
   8.0100000000000000e+02  -7.6423045508015207e+01
   8.0200000000000000e+02  -7.6559320876056503e+01
   8.0300000000000000e+02  -7.6138364555175002e+01
   8.0400000000000000e+02  -7.6452592024096802e+01
   8.0500000000000000e+02  -7.6130447404424800e+01
   8.0600000000000000e+02  -7.5254218769261101e+01
   8.0700000000000000e+02  -7.5140671837835399e+01
   8.0800000000000000e+02  -7.5378023485307807e+01
   8.0900000000000000e+02  -7.5338021225792303e+01
   8.1000000000000000e+02  -7.5557136797660803e+01
   8.1100000000000000e+02  -7.5336541543015599e+01
   8.1200000000000000e+02  -7.5263031625836504e+01
   8.1300000000000000e+02  -7.5289126910628298e+01
   8.1400000000000000e+02  -7.5201521603238405e+01
   8.1500000000000000e+02  -7.5583115996240295e+01
   8.1600000000000000e+02  -7.5502703741387094e+01
   8.1700000000000000e+02  -7.5456445302005406e+01
   8.1800000000000000e+02  -7.5841103640509800e+01
   8.1900000000000000e+02  -7.6281598770554794e+01
   8.2000000000000000e+02  -7.6119927037549999e+01
   8.2100000000000000e+02  -7.5959405285613698e+01
   8.2200000000000000e+02  -7.5692953785355698e+01
   8.2300000000000000e+02  -7.5824333580110107e+01
   8.2400000000000000e+02  -7.5623646292090100e+01
   8.2500000000000000e+02  -7.5291846737829403e+01
   8.2600000000000000e+02  -7.5881562052814203e+01
   8.2700000000000000e+02  -7.5582680544321306e+01
   8.2800000000000000e+02  -7.5161213980325201e+01
   8.2900000000000000e+02  -7.4775217513638296e+01
   8.3000000000000000e+02  -7.4363974632259698e+01
   8.3100000000000000e+02  -7.4589191936563793e+01
   8.3200000000000000e+02  -7.4497477646727503e+01
   8.3300000000000000e+02  -7.4857170965117106e+01
   8.3400000000000000e+02  -7.4515449576702594e+01
   8.3500000000000000e+02  -7.4496841781238103e+01
   8.3600000000000000e+02  -7.4213073940949201e+01
   8.3700000000000000e+02  -7.4400230354918605e+01
   8.3800000000000000e+02  -7.3948528358884005e+01
   8.3900000000000000e+02  -7.4210849119366500e+01
   8.4000000000000000e+02  -7.4336732917996898e+01
   8.4100000000000000e+02  -7.4255006020408899e+01
   8.4200000000000000e+02  -7.4303075831005998e+01
   8.4300000000000000e+02  -7.3505095789986896e+01
   8.4400000000000000e+02  -7.2969390312283707e+01
   8.4500000000000000e+02  -7.3188122012635802e+01
   8.4600000000000000e+02  -7.2924009912029803e+01
   8.4700000000000000e+02  -7.3198173275273106e+01
   8.4800000000000000e+02  -7.3228785568374306e+01
   8.4900000000000000e+02  -7.3842504984887995e+01
   8.5000000000000000e+02  -7.4087803579446899e+01
   8.5100000000000000e+02  -7.4369581940888096e+01
   8.5200000000000000e+02  -7.4864826050036200e+01
   8.5300000000000000e+02  -7.4903717596754404e+01
   8.5400000000000000e+02  -7.4726880115453000e+01
   8.5500000000000000e+02  -7.4621818184397497e+01
   8.5600000000000000e+02  -7.4152146005941006e+01
   8.5700000000000000e+02  -7.3802665530688500e+01
   8.5800000000000000e+02  -7.4262452988751093e+01
   8.5900000000000000e+02  -7.4654567506817301e+01
   8.6000000000000000e+02  -7.4341049121613807e+01
   8.6100000000000000e+02  -7.3857120261226100e+01
   8.6200000000000000e+02  -7.4350408141203602e+01
   8.6300000000000000e+02  -7.4225126607365397e+01
   8.6400000000000000e+02  -7.3782582565031205e+01
   8.6500000000000000e+02  -7.3986288692287303e+01
   8.6600000000000000e+02  -7.4003546493000599e+01
   8.6700000000000000e+02  -7.4014446146957695e+01
   8.6800000000000000e+02  -7.3357733378582196e+01
   8.6900000000000000e+02  -7.3320971291681801e+01
   8.7000000000000000e+02  -7.3282748776782000e+01
   8.7100000000000000e+02  -7.3310077594185103e+01
   8.7200000000000000e+02  -7.3178716368150205e+01
   8.7300000000000000e+02  -7.3156427367565996e+01
   8.7400000000000000e+02  -7.2757028098236702e+01
   8.7500000000000000e+02  -7.2951246654997604e+01
   8.7600000000000000e+02  -7.3354959195535798e+01
   8.7700000000000000e+02  -7.3350836772774500e+01
   8.7800000000000000e+02  -7.3174237647433202e+01
   8.7900000000000000e+02  -7.3676836462774503e+01
   8.8000000000000000e+02  -7.3962122259663502e+01
   8.8100000000000000e+02  -7.3794988556009201e+01
   8.8200000000000000e+02  -7.3857387409768705e+01
   8.8300000000000000e+02  -7.3946965385075899e+01
   8.8400000000000000e+02  -7.3923922009324102e+01
   8.8500000000000000e+02  -7.4206959209892403e+01
   8.8600000000000000e+02  -7.4277802674393399e+01
   8.8700000000000000e+02  -7.4534105724076795e+01
   8.8800000000000000e+02  -7.4701744833984904e+01
   8.8900000000000000e+02  -7.4651154515358797e+01
   8.9000000000000000e+02  -7.4787000587015598e+01
   8.9100000000000000e+02  -7.4874192143966098e+01
   8.9200000000000000e+02  -7.4796842623802902e+01
   8.9300000000000000e+02  -7.4825176963584497e+01
   8.9400000000000000e+02  -7.5098045375795806e+01
   8.9500000000000000e+02  -7.5231987942211006e+01
   8.9600000000000000e+02  -7.5522668432624997e+01
   8.9700000000000000e+02  -7.5169155248904701e+01
   8.9800000000000000e+02  -7.5201429092798804e+01
   8.9900000000000000e+02  -7.5168640494952896e+01
   9.0000000000000000e+02  -7.5455923091854004e+01
   9.0100000000000000e+02  -7.5614836000824596e+01
   9.0200000000000000e+02  -7.5620598836054597e+01
   9.0300000000000000e+02  -7.5875141720685804e+01
   9.0400000000000000e+02  -7.6357366381523093e+01
   9.0500000000000000e+02  -7.6496568148312207e+01
   9.0600000000000000e+02  -7.6730666109177207e+01
   9.0700000000000000e+02  -7.6740496659468803e+01
   9.0800000000000000e+02  -7.6321700205501799e+01
   9.0900000000000000e+02  -7.5899560835382005e+01
   9.1000000000000000e+02  -7.5972843969341099e+01
   9.1100000000000000e+02  -7.5574513013334993e+01
   9.1200000000000000e+02  -7.5940808827039803e+01
   9.1300000000000000e+02  -7.5669117710964301e+01
   9.1400000000000000e+02  -7.5662766813070206e+01
   9.1500000000000000e+02  -7.5562557175492501e+01
   9.1600000000000000e+02  -7.5535791110742593e+01
   9.1700000000000000e+02  -7.5441100590511198e+01
   9.1800000000000000e+02  -7.5605006424842301e+01
   9.1900000000000000e+02  -7.5683991920644402e+01
   9.2000000000000000e+02  -7.5367377675195698e+01
   9.2100000000000000e+02  -7.5255904953773197e+01
   9.2200000000000000e+02  -7.5329783800887995e+01
   9.2300000000000000e+02  -7.5191291571400797e+01
   9.2400000000000000e+02  -7.4363928212152501e+01
   9.2500000000000000e+02  -7.4135807060072395e+01
   9.2600000000000000e+02  -7.4026829505850500e+01
   9.2700000000000000e+02  -7.4246347065942302e+01
   9.2800000000000000e+02  -7.4455992331961795e+01
   9.2900000000000000e+02  -7.4810856490215698e+01
   9.3000000000000000e+02  -7.4798104489625402e+01
   9.3100000000000000e+02  -7.4468266356944696e+01
   9.3200000000000000e+02  -7.3938414207571100e+01
   9.3300000000000000e+02  -7.3737437514172100e+01
   9.3400000000000000e+02  -7.3307528922464797e+01
   9.3500000000000000e+02  -7.3288548741987697e+01
   9.3600000000000000e+02  -7.3411332192484707e+01
   9.3700000000000000e+02  -7.3485249900788403e+01
   9.3800000000000000e+02  -7.3614717316241794e+01
   9.3900000000000000e+02  -7.3266021860185006e+01
   9.4000000000000000e+02  -7.3159534325522600e+01
   9.4100000000000000e+02  -7.3099260422973103e+01
   9.4200000000000000e+02  -7.3173944133726593e+01
   9.4300000000000000e+02  -7.3451192048105796e+01
   9.4400000000000000e+02  -7.3626095228003706e+01
   9.4500000000000000e+02  -7.3643780757163398e+01
   9.4600000000000000e+02  -7.3361492074588099e+01
   9.4700000000000000e+02  -7.3423324669709302e+01
   9.4800000000000000e+02  -7.3648101994359294e+01
   9.4900000000000000e+02  -7.3107034489579405e+01
   9.5000000000000000e+02  -7.3376541575546398e+01
   9.5100000000000000e+02  -7.3002778762618902e+01
   9.5200000000000000e+02  -7.3224142214689707e+01
   9.5300000000000000e+02  -7.2563901922037203e+01
   9.5400000000000000e+02  -7.2094330817303202e+01
   9.5500000000000000e+02  -7.1554753000861297e+01
   9.5600000000000000e+02  -7.1513769757513799e+01
   9.5700000000000000e+02  -7.1315029304767407e+01
   9.5800000000000000e+02  -7.1574267238811203e+01
   9.5900000000000000e+02  -7.1538544696166795e+01
   9.6000000000000000e+02  -7.1371780227119501e+01
   9.6100000000000000e+02  -7.1366629404130606e+01
   9.6200000000000000e+02  -7.1350480032782400e+01
   9.6300000000000000e+02  -7.1459867440896502e+01
   9.6400000000000000e+02  -7.0935702420124699e+01
   9.6500000000000000e+02  -7.0931573175387797e+01
   9.6600000000000000e+02  -7.0613520875641697e+01
   9.6700000000000000e+02  -7.0783503991436106e+01
   9.6800000000000000e+02  -7.0842407987433702e+01
   9.6900000000000000e+02  -7.1160085287959504e+01
   9.7000000000000000e+02  -7.1350133869069495e+01
   9.7100000000000000e+02  -7.1712311588347305e+01
   9.7200000000000000e+02  -7.2126001841595894e+01
   9.7300000000000000e+02  -7.2060538300621900e+01
   9.7400000000000000e+02  -7.1870122969087703e+01
   9.7500000000000000e+02  -7.1758123874693396e+01
   9.7600000000000000e+02  -7.2425464396835807e+01
   9.7700000000000000e+02  -7.2089147850038998e+01
   9.7800000000000000e+02  -7.2129687668465294e+01
   9.7900000000000000e+02  -7.2543708858887300e+01
   9.8000000000000000e+02  -7.2460373287960493e+01
   9.8100000000000000e+02  -7.2426312975928397e+01
   9.8200000000000000e+02  -7.3104725432325694e+01
   9.8300000000000000e+02  -7.2545454644054203e+01
   9.8400000000000000e+02  -7.2738444189213894e+01
   9.8500000000000000e+02  -7.2848992393856406e+01
   9.8600000000000000e+02  -7.2504191462104203e+01
   9.8700000000000000e+02  -7.2485979734099303e+01
   9.8800000000000000e+02  -7.2524943330695194e+01
   9.8900000000000000e+02  -7.2376955749842296e+01
   9.9000000000000000e+02  -7.2315174823080895e+01
   9.9100000000000000e+02  -7.2398226603775299e+01
   9.9200000000000000e+02  -7.2390618806188400e+01
   9.9300000000000000e+02  -7.2421464113022097e+01
   9.9400000000000000e+02  -7.2283535436123501e+01
   9.9500000000000000e+02  -7.2064567369285299e+01
   9.9600000000000000e+02  -7.2292065728022195e+01
   9.9700000000000000e+02  -7.2215422205135894e+01
   9.9800000000000000e+02  -7.2095016952220902e+01
   9.9900000000000000e+02  -7.2080331660551806e+01
   1.0000000000000000e+03  -7.1887137596773101e+01
   1.0010000000000000e+03  -7.2269938853493699e+01
   1.0020000000000000e+03  -7.2581741808621999e+01
   1.0030000000000000e+03  -7.2838692999182996e+01
   1.0040000000000000e+03  -7.2946221756952994e+01
   1.0050000000000000e+03  -7.3419674338818893e+01
   1.0060000000000000e+03  -7.3282383698625594e+01
   1.0070000000000000e+03  -7.3334464132658596e+01
   1.0080000000000000e+03  -7.3723753970731096e+01
   1.0090000000000000e+03  -7.4263575317750195e+01
   1.0100000000000000e+03  -7.4367794260277805e+01
   1.0110000000000000e+03  -7.4751384527402905e+01
   1.0120000000000000e+03  -7.4846742153557400e+01
   1.0130000000000000e+03  -7.4713951418768403e+01
   1.0140000000000000e+03  -7.4577578883459196e+01
   1.0150000000000000e+03  -7.5240047949622493e+01
   1.0160000000000000e+03  -7.5441723895517498e+01
   1.0170000000000000e+03  -7.5461195592205200e+01
   1.0180000000000000e+03  -7.5568629083119504e+01
   1.0190000000000000e+03  -7.5994648443912297e+01
   1.0200000000000000e+03  -7.5756214702276594e+01
   1.0210000000000000e+03  -7.5874683259770407e+01
   1.0220000000000000e+03  -7.5649283926420793e+01
   1.0230000000000000e+03  -7.5642864627333793e+01
   1.0240000000000000e+03  -7.6260539526336501e+01
   1.0250000000000000e+03  -7.5997711003423802e+01
   1.0260000000000000e+03  -7.6013390786053904e+01
   1.0270000000000000e+03  -7.6082740041109901e+01
   1.0280000000000000e+03  -7.6151653503155103e+01
   1.0290000000000000e+03  -7.6588490466245105e+01
   1.0300000000000000e+03  -7.6199863495076599e+01
   1.0310000000000000e+03  -7.5672320626486396e+01
   1.0320000000000000e+03  -7.5659995339150399e+01
   1.0330000000000000e+03  -7.5704407245062399e+01
   1.0340000000000000e+03  -7.5476857750593993e+01
   1.0350000000000000e+03  -7.4635195136374506e+01
   1.0360000000000000e+03  -7.4278523258199797e+01
   1.0370000000000000e+03  -7.3802861219636995e+01
   1.0380000000000000e+03  -7.3710779660306798e+01
   1.0390000000000000e+03  -7.3685393068850999e+01
   1.0400000000000000e+03  -7.3889681437806701e+01
   1.0410000000000000e+03  -7.3532829253494697e+01
   1.0420000000000000e+03  -7.3550484399081199e+01
